178087660.2576614618 358293.6684272215
178879480.9922780395 470479.8515893221
183695874.3270416260 795329.0886688232
183868370.7547504306 803610.1047286987
187460531.1961180270 921332.0565185547
180574016.3824516833 629320.6162192470
180811547.1531656086 646247.7819436193
183357300.3271891475 786134.8966674805
187336625.9341084063 920679.0440673828
178966742.0287092328 482144.2647539377
179063755.5114361346 482271.6591635942
183325643.4033597112 784874.2422714233
188228024.0603384078 939929.5456542969
191720439.5678604841 987526.3613281250
183741042.2119906545 798138.7493209839
189389867.5593327284 964098.4140625000
191169617.7079518437 983742.0522460938
178080393.7336933911 357236.8829336111
187718764.8213936687 930106.9239501953
177542824.8698672354 275367.1690112352
178035774.1423553228 356186.3947816957
181117330.5277604461 664299.2800900042
183556601.9675586820 792002.5083389282
178676284.9472977221 445002.4467366487
178899188.3536373377 472873.6540070772
184088186.1609493494 810243.8232345581
187918187.6352826655 935487.9079589844
187822474.7384623885 932746.7901611328
188017582.1074993908 936573.3588867188
187639810.6151717603 929801.2764892578
192193378.6981053948 993811.7109375000
192825333.2453708351 995194.8540039062
178119476.3780360818 358993.6983276550
184229750.0271486044 811686.1849441528
191750273.0173278153 988393.8354492188
193049784.8430472612 995719.3461914062
187251964.4923461080 913992.9302978516
188139613.7592310309 939298.5715332031
192177351.9832926095 993219.7016601562
191935343.4856666327 990132.7065429688
198472026.6485123038 1011850.4306640625
178774443.4144098163 457183.4682103395
177537723.6196691692 274586.8155434728
178888744.7675260901 471288.0522810221
184153226.4829164147 810728.2027740479
187847269.2040115595 933828.7344970703
192147536.9750501513 992265.2016601562
177522952.1070735157 267802.8416042030
177543043.3898661435 276947.7953230739
181035865.8382930458 660933.6201394200
189389312.1588612497 963911.0898437500
191773878.3063768148 989680.9643554688
191673532.9602138698 986757.9541015625
191938596.7385066748 990654.6411132812
183939417.3223466873 806103.2853927612
187134938.3055293560 907454.5745849609
191969255.7567645311 992178.0610351562
177626077.3449175060 283011.7353467345
179076269.2908944190 486638.2430158854
180286844.5526010990 606415.0880820400
184011468.2830197811 807719.7306060791
177457273.3212783039 255445.1938885748
177507338.9729413390 266788.8702487648
191906233.8493609726 989744.2070312500
179116914.9103475213 491865.2578702821
178942999.4519610405 479156.2252904177
180692401.0835132301 636916.1320205331
183774795.3988422155 801493.9940338135
189402986.7870745659 966020.9458007812
183926989.6120407581 805999.1529693604
181066654.6724780798 662712.8269650042
180945302.1453714371 656203.5873635411
178348208.3185336888 359862.5917473380
183403629.9108186364 786263.1885604858
192480559.4673436880 994572.5708007812
177455233.3626588881 255273.0289565623
178132367.6549316347 359191.9581426252
178914716.6894826591 474039.5514780283
183286395.2533283830 783405.2256698608
183769163.0827611089 801000.0201568604
187318289.8966822326 916935.5548095703
189248546.7858484387 960858.8911132812
198320549.3318022490 1011850.0771484375
198540337.4590106010 1011962.4013671875
177733949.9102084935 304595.3751027435
177693865.5259167552 294891.0220644921
177763949.1340890527 304725.0918302089
178033652.8114426732 350948.6538153756
187306928.4381674528 914699.3992919922
177780371.1682245433 306910.9341290444
177639521.1110081077 291410.7704782337
191694972.4796254337 987040.9042968750
177924520.7021830678 336874.2480611727
177914760.9218616784 332597.9280034229
180831364.6361783445 647663.9680855870
191964364.8107055724 991569.3803710938
191424357.8697462976 986533.6997070312
178824211.3536224961 464888.1654669046
180276055.2173051536 603472.7782485134
180877799.5231644213 651721.4838479161
192118707.2657290101 992185.7084960938
178002707.7411593795 349770.4603339303
178724452.4174965024 453524.3175588846
177987853.0633976758 348421.9510407373
177958772.3551085591 345850.3150697816
197955290.9962809384 1011179.6269531250
190661012.9941279888 981580.8041992188
190455530.8236987293 979113.6879882812
183552108.7705830932 791256.1648178101
188233465.8552775681 940200.5917968750
190296803.5086605251 978586.6547851562
183193243.9469060302 776249.0831718445
190029675.9717033803 975372.8154296875
189332743.4198541343 963558.5859375000
190820043.5491347313 981738.0922851562
182803812.8181647658 758912.6706123352
183225729.6030563712 779620.5719718933
180961482.8693983853 656634.1488869786
190041760.4497442842 975515.2597656250
180743086.8510078192 640194.7360299230
177860707.3795082867 324876.1849517822
178800229.0926632583 462309.6320501566
183063169.9525269270 771243.6967449188
181197021.4411951900 668974.3003536761
178795620.9312392473 461146.5306135416
183551247.8046692014 791247.7344512939
190825298.2404719889 982198.6489257812
177730018.4228237271 296352.5435239673
187180172.0127230883 912692.7463378906
177655310.9211178124 293354.2655151039
177585127.3936030269 279273.0873973221
189894413.7743299305 972661.3500976562
190177328.0768775642 975942.3842773438
177610389.3995963633 282692.9536488652
180318839.6294040978 607475.3007285243
180326400.6146449149 607937.6839072353
181182947.6432479918 668389.6458787918
187314167.1139476597 915235.9348144531
187213588.9165898263 912801.6063232422
180391766.6088706851 613684.6723105556
191060816.5243518353 983530.8793945312
181234488.2124362588 670629.0268291533
183274097.4845182896 781849.8685112000
190871273.7598029673 982844.2778320312
180344557.8894648254 612775.2543418056
183274218.7629281878 782607.9066581726
189294045.4414858222 962938.8842773438
197940543.7633546293 1010915.8369140625
180746051.6792236865 640544.9904397130
190621623.6531149149 981215.3149414062
189511769.0509504676 967149.1723632812
188347563.7883638740 941833.1020507812
178710534.7952206135 448953.3326917887
189518877.4380724132 968201.8076171875
188029934.2732491195 937626.1342773438
188282889.3037719727 941453.4340820312
197612430.7004522681 1009425.8100585938
180265677.3670524359 603429.5828040689
185463792.5716872215 854557.0182189941
185361031.5292711258 851421.8585510254
183766386.9163892865 799409.5824089050
185559508.6018499732 858889.1812133789
188296950.4892885089 941670.5581054688
190208419.7834413350 977441.3569335938
189998814.7449552715 974495.0664062500
181131483.6575214267 666530.0930817723
191363700.9721353650 983743.4125976562
187839907.0528256297 932800.0283203125
185529794.9643995166 857284.7311096191
185279527.4199603796 850769.2721252441
189824627.4667489529 972087.4995117188
197625679.4549587965 1010179.2900390625
183538044.1522996426 790800.3325157166
198013296.5213916004 1011480.6406250000
185429952.3211889267 851442.6595764160
197872738.3947413862 1010545.6435546875
189706378.5789634883 970888.8383789062
189739441.5298780501 971273.9687500000
185227138.2562350035 848884.1856994629
184929705.7647459507 836982.8392639160
188050827.1590907276 937812.6494140625
180457969.9012293816 621487.3099143154
180419124.9366208911 618196.0948264247
185059161.4572663307 842465.0903625488
189643133.8678863943 970373.2534179688
197999635.9440586269 1011210.5195312500
181062326.2335293293 660987.1198762059
185443917.9917314053 852390.7087707520
180722072.6273058057 639295.6116378456
188347628.7004345953 942707.0629882812
184914024.4574407339 834847.1577453613
185221910.4897667766 848182.2810363770
180840369.9469667077 649521.8124611974
180854658.5677422285 649540.3046486974
184957714.1897595525 839556.2002258301
189251979.1095259190 961582.2871093750
189176967.9595490694 958161.7136230469
183123925.9388735294 773417.5431709290
184915798.2749020457 836242.8564758301
197543689.1128984988 1009132.2519531250
180514264.6841174960 623575.8179709560
180532275.6025110781 624486.4966818935
182596009.2667236924 743079.1388592720
188509620.9559426308 944511.4433593750
188672328.6680909693 947306.9716796875
197212712.9052662551 1005623.4775390625
197346323.3369154036 1008037.4052734375
178664714.5146172643 441338.0284849405
178658955.7696102560 438302.3439146280
188742475.6139211059 948680.4082031250
177818164.8452546895 308322.2470250428
180684697.8878751397 635632.9654166347
188716283.5480758846 948158.0366210938
197213377.3990665972 1005747.5576171875
196868548.1428978741 1005581.1396484375
188481175.7605144382 944415.7890625000
197348670.5037800670 1008448.3242187500
188619927.7813391089 946008.0908203125
188521289.2977008224 944752.7568359375
197262299.3881489933 1007212.6259765625
183007658.2305350304 768406.0436592102
178723968.9889967144 450674.3597227335
178764868.4232089221 454099.9987608194
182746948.2584870458 753504.8617134094
196715973.3296256661 1004359.6347656250
182503011.4746422470 740501.7699170113
196386925.7920575142 1003088.8984375000
188997212.7183630466 951368.0258789062
182862904.8190695047 760113.8739814758
196750509.1149659157 1004440.9101562500
182600639.1335720420 745695.1595044136
182742631.4992753267 753421.5104489326
196551816.0562989116 1003516.7353515625
182642625.7622371316 749316.5110058784
184716032.4333903193 828835.4322814941
182931746.9396923184 763718.7802314758
184773334.0575339794 830810.5470275879
178552862.5370254815 396698.6908364818
182696380.5547737479 751309.6148877144
179698575.5691294968 527015.9228923172
179568401.4674715102 518244.4934971631
179601156.4794589579 518799.4015388191
182642032.1680529714 748486.0755827427
179546980.1245839596 517032.3773231208
178423677.8896482289 377644.5758767650
179618477.7787641287 525369.7759678662
179478239.1719459593 515304.1352195553
179662407.4647476971 525610.0273728073
179411203.8029467463 502524.2920427024
178524342.7707084119 390625.0125222728
181705575.5486836433 675379.6533961296
181746710.1703743339 688628.6094508171
181895782.8658369780 691628.6745753288
179430204.1542270482 507785.1326188743
178493295.3888797760 385547.7387033030
179371409.3729805648 500914.4854020774
178494885.7489070892 386373.3646611571
178597273.5170142651 397282.6078286693
178454688.1828358173 384325.2796121165
179326317.4896680117 495283.5051927269
181796821.1745165586 690860.0310206413
178363162.1856715381 363197.6608529612
195798079.4261448979 999281.6689453125
178400816.8851423562 372999.6603646800
196216471.6686297655 1000743.4619140625
178416391.3472619951 373189.6929572127
196266232.2925812006 1000834.1611328125
182028987.3374742270 705169.5439753532
196120889.6114819646 1000591.1367187500
196267210.4740189016 1000991.3618164062
182001573.3873120546 704258.6036372185
184459055.2430456281 815707.3447875977
184435253.8830181360 813500.1946716309
184362218.9175345898 812750.7464599609
195972174.8810204864 1000120.9941406250
179315361.0833475888 492884.7053880394
196298728.5980865657 1001513.7792968750
182146769.6940487623 710681.7305345535
182174331.9877030253 713333.0134935379
195759356.7275976837 997482.0205078125
182087828.8410128951 706079.4315843582
182232216.3529073000 717899.2039232254
186966857.1099997163 877007.2690124512
186867653.9070692956 876241.2099304199
182418715.2887217999 725321.9445266724
186797516.2330599129 873572.5135498047
186997641.4697247744 878585.7944335938
186862146.5665707588 874259.0649108887
180015663.8461425006 538617.0305882141
182435717.6153652668 726692.0298538208
180048152.9666047990 546508.3841038391
180171748.2707102895 557187.7424868389
180001697.0440630913 536949.7579745098
180072855.5329654813 548340.3274477764
186855092.8077412546 873850.2601318359
186632488.5718897283 866291.7678833008
186656900.0608857572 866308.3520202637
186401273.6566700637 859561.6744079590
186417746.8083671927 860651.0455017090
180212154.3775467277 558029.8206270977
