191923433.8767965436 988662.0688476562
177906888.4208869934 332975.8148345947
179108700.9715367258 484155.4368940592
180921423.2059826553 652997.6312971115
182772947.8072787523 754292.9022870064
183073304.3103647828 769580.9577865601
185184172.8389584422 842677.2646484375
185380965.3692137003 850257.8094482422
189146498.7034664154 954700.3916015625
191893704.7332144976 988600.7944335938
185326388.2070348263 846807.3987426758
180832285.5331133306 642583.0716775060
180977761.3479317725 653184.6504318677
185236077.6295894384 843659.1379699707
184957714.1897595525 839556.2002258301
192348864.0755248666 989841.2343750000
192683341.6928004920 992438.8046875000
180984378.8213346601 655731.0258401036
180889650.3520138264 650297.2561835647
189461705.2454948723 964349.2255859375
189820108.9012457132 970264.1499023438
189398782.2868208885 963153.3048095703
190122553.9792172313 972929.9511718750
189403954.8971374929 963268.6367187500
181106285.0880059302 657976.4818347096
180880221.3816371262 649760.1357033849
180861838.1936955452 649552.8817971349
189646004.8876836002 969817.0424804688
189525763.7291760445 966558.8354492188
189974881.4547629952 972483.5932617188
189599619.3592312038 967752.0732421875
191867343.4354035258 988413.8212890625
192997584.3317353427 993210.6269531250
188460859.3156429529 943625.8608398438
189875572.2744493783 971122.6337890625
189681249.6355571747 970183.6474609375
189544052.7699349523 967569.1396484375
192602292.6992924511 991575.0175781250
192535565.8057187796 991212.8271484375
192644393.5036848485 992317.2519531250
177706296.6060603559 279445.3908666670
177662870.6410229206 268154.5309881270
177992399.9365577400 336312.6491833366
189251979.1095259190 961582.2871093750
198216240.3159834743 1011287.5019531250
183544803.2023138404 785419.0409393311
187918651.4341379106 928310.8806152344
189176967.9595490694 958161.7136230469
189429371.1670744717 963807.0473632812
183123925.9388735294 773417.5431709290
197805771.9347034991 1009697.4326171875
177703362.2126104236 273848.7712471337
183304397.1277622581 779311.3476181030
184915798.2749020457 836242.8564758301
198019179.7735859156 1011032.8798828125
188364322.7236828506 940999.9824218750
189462912.1090855002 965563.2792968750
180474388.1054262817 617769.3779956943
188282118.8861644864 939380.9819335938
189514089.9366155863 965653.0644531250
177900790.3991650045 320550.3595309556
177985472.4070333540 333197.0425985954
180446483.1662550867 612605.0909499824
180324258.3217874765 603849.2519935018
187990874.7554528713 931721.6337890625
178695131.9279603660 444767.5291563272
181231925.5802932680 662584.3238327503
188713176.1968473494 947745.4716796875
178291211.4379691184 347443.6768589020
178108736.1133379340 346932.3928566575
178033345.8161474466 345127.1015105844
177690144.9046018422 269825.0507758373
189366826.1888938546 961737.4838867188
177645264.6506401300 261672.1597383732
177986665.7401968241 335576.4657993317
180637549.0363171101 627924.3365461826
181126029.0671919286 662485.9135738909
182833605.0705431104 758430.0818066597
189440046.4206705391 963865.7099609375
178023442.1853828132 338165.3101487458
183647415.3881612420 790029.5220718384
197979907.9051060379 1009780.1767578125
183435809.9408314228 784601.5073394775
197543689.1128984988 1009132.2519531250
178683010.6436835527 442834.7292906046
181285014.9285584688 664692.7100538015
183111408.5375062227 771355.0640907288
180514264.6841174960 623575.8179709560
177850800.8118301630 308719.0424428284
180532275.6025110781 624486.4966818935
182596009.2667236924 743079.1388592720
188056329.6292549670 933361.5788574219
188509620.9559426308 944511.4433593750
188672328.6680909693 947306.9716796875
197687630.4598655999 1009625.5566406250
178129261.4069810808 347062.6431252304
178065043.2090659142 346029.5661002100
181039942.6355203092 656451.0494991839
183489231.5157159567 785318.8838119507
192555035.4002231359 991560.5839843750
177933550.1360276043 332982.8487945199
178304659.0504564047 347639.4868895058
177873536.1185502112 320550.1269078553
180772944.9732009768 640336.5301139003
180755299.3728994429 639636.2911002284
183402859.7025638223 782883.2450256348
197212712.9052662551 1005623.4775390625
180838751.0743458569 645586.8793331683
197346323.3369154036 1008037.4052734375
197540221.6229840517 1008600.0068359375
178683490.5298477709 444121.1458555460
180553722.4888951182 625352.6110465175
192398060.0522716045 990750.4931640625
178664714.5146172643 441338.0284849405
178658955.7696102560 438302.3439146280
180628770.1606902182 626771.1529166347
192367932.8840460479 990428.3994140625
183336149.2716341615 781207.0826110840
188742475.6139211059 948680.4082031250
177818164.8452546895 308322.2470250428
180740137.3374485373 636567.1905142909
180684697.8878751397 635632.9654166347
177816501.1183812320 294460.9329069881
180831489.7707565129 642580.3795706874
188716283.5480758846 948158.0366210938
197213377.3990665972 1005747.5576171875
196868548.1428978741 1005581.1396484375
187863502.5493392944 926980.2669677734
188481175.7605144382 944415.7890625000
183332629.3079668283 781119.3286361694
197348670.5037800670 1008448.3242187500
188053853.2857769430 933317.8071289062
188400007.3676728308 941188.3808593750
188619927.7813391089 946008.0908203125
183272314.0873454809 778181.2635498047
188521289.2977008224 944752.7568359375
197262299.3881489933 1007212.6259765625
180832346.3763546050 643298.0681361801
183007658.2305350304 768406.0436592102
188074124.1517855227 934409.6899414062
188352313.8605767787 939930.5786132812
192393962.4869125187 990690.6728515625
183568503.3523958921 789171.7529525757
178860898.0874201655 462494.2570005655
177764720.7180822492 290384.1942000091
177870669.2829807997 312180.2214682102
178723968.9889967144 450674.3597227335
188156119.7070579827 936923.6000976562
178764868.4232089221 454099.9987608194
177753114.1371556818 284696.3032231629
177746518.4307073951 283982.9203695953
178748293.9577701390 452715.7682920694
192155702.6197711229 989069.4379882812
178880269.7140508592 466232.2963472605
192180122.4504488409 989649.5791015625
191729802.3611697555 985556.3242187500
177787516.5439642966 293969.5279186070
179033910.2064581513 480668.1490637064
180380640.2286053598 606946.5319207758
191847360.5021234155 987018.5048828125
182746948.2584870458 753504.8617134094
178908725.5120025873 466377.9294039011
180602067.4529830217 625952.7619275695
188401126.1743250191 941293.5688476562
178921119.0461903214 473483.2714449167
179128574.8676112890 486727.3625312492
185329618.2507306337 847837.3617248535
191763450.0224241912 986353.8144531250
177774197.3965734243 290696.0646100342
185244475.9784147739 846490.7107543945
188437687.6961031854 942407.0410156250
183609555.1948588490 789469.6619682312
196715973.3296256661 1004359.6347656250
191578922.7696795166 984283.6464843750
183310614.9819638729 779638.7466773987
177870344.8854790032 312044.8253135979
183239708.2209244370 777299.0106697083
182812004.2623745799 756010.0146064758
191153647.7131391466 980782.5229492188
177816901.7637219131 300838.9419827759
191827711.5902602077 986642.6474609375
182503011.4746422470 740501.7699170113
191527514.4634562433 982334.6938476562
177802175.9025616050 294220.3521289265
178970604.9795760512 476180.1721397087
196386925.7920575142 1003088.8984375000
188997212.7183630466 951368.0258789062
185297660.3184239268 846789.0649719238
191521528.8410769105 981920.4038085938
178908993.6596800387 468221.6757417365
182862904.8190695047 760113.8739814758
196750509.1149659157 1004440.9101562500
191284223.6746957898 980913.4399414062
182600639.1335720420 745695.1595044136
182742631.4992753267 753421.5104489326
178798648.4758403301 456124.5923095390
196551816.0562989116 1003516.7353515625
182642625.7622371316 749316.5110058784
191292509.8119826615 981423.3510742188
191011638.8383478820 978626.8310546875
185481815.6320664287 850518.6206970215
190955537.5541740060 978303.8076171875
184716032.4333903193 828835.4322814941
179608881.0764848292 519092.9363064468
182931746.9396923184 763718.7802314758
184773334.0575339794 830810.5470275879
190599993.0993891656 974369.1713867188
184248831.4874332547 808176.7343597412
178552862.5370254815 396698.6908364818
179712944.7550052106 530106.8252923191
182696380.5547737479 751309.6148877144
179698575.5691294968 527015.9228923172
179568401.4674715102 518244.4934971631
179601156.4794589579 518799.4015388191
182642032.1680529714 748486.0755827427
179546980.1245839596 517032.3773231208
178423677.8896482289 377644.5758767650
179618477.7787641287 525369.7759678662
179478239.1719459593 515304.1352195553
179662407.4647476971 525610.0273728073
179411203.8029467463 502524.2920427024
178524342.7707084119 390625.0125222728
181705575.5486836433 675379.6533961296
181746710.1703743339 688628.6094508171
183972399.4872389436 800346.9123077393
181895782.8658369780 691628.6745753288
179430204.1542270482 507785.1326188743
190791552.3620982170 976492.0458984375
178493295.3888797760 385547.7387033030
179371409.3729805648 500914.4854020774
190771471.4244170785 976406.8378906250
178494885.7489070892 386373.3646611571
178597273.5170142651 397282.6078286693
179298272.8216089010 490383.8459496200
178454688.1828358173 384325.2796121165
179326317.4896680117 495283.5051927269
190584418.9462228119 973790.0361328125
179279285.1611858308 487784.2067286670
181796821.1745165586 690860.0310206413
178363162.1856715381 363197.6608529612
195798079.4261448979 999281.6689453125
178400816.8851423562 372999.6603646800
196216471.6686297655 1000743.4619140625
178416391.3472619951 373189.6929572127
196266232.2925812006 1000834.1611328125
179292607.5702486038 488279.0454625785
182028987.3374742270 705169.5439753532
196120889.6114819646 1000591.1367187500
196267210.4740189016 1000991.3618164062
182001573.3873120546 704258.6036372185
184459055.2430456281 815707.3447875977
184435253.8830181360 813500.1946716309
184362218.9175345898 812750.7464599609
195972174.8810204864 1000120.9941406250
179315361.0833475888 492884.7053880394
184256182.5619382858 809027.4309234619
196298728.5980865657 1001513.7792968750
184287517.3698608279 810786.4358520508
184148321.4079443216 804714.5554962158
184012440.3577383757 801194.0784454346
182146769.6940487623 710681.7305345535
182174331.9877030253 713333.0134935379
183932308.1915398836 797529.8749542236
178322440.5332389474 347923.1812084145
178347359.1663244963 348729.6012714333
178343120.2596494555 348376.0465442855
180321764.4170445204 571774.9365316078
180295599.0370389223 570246.9970479652
195759356.7275976837 997482.0205078125
182087828.8410128951 706079.4315843582
182232216.3529073000 717899.2039232254
187226800.3477508426 884916.0502929688
186966857.1099997163 877007.2690124512
186867653.9070692956 876241.2099304199
187137693.8150932491 880697.7885131836
182418715.2887217999 725321.9445266724
186797516.2330599129 873572.5135498047
186997641.4697247744 878585.7944335938
186862146.5665707588 874259.0649108887
180015663.8461425006 538617.0305882141
182435717.6153652668 726692.0298538208
180048152.9666047990 546508.3841038391
180171748.2707102895 557187.7424868389
180001697.0440630913 536949.7579745098
180072855.5329654813 548340.3274477764
186855092.8077412546 873850.2601318359
180291693.4071296453 562180.4486408874
186632488.5718897283 866291.7678833008
195377993.0015572309 993766.7060546875
186656900.0608857572 866308.3520202637
186401273.6566700637 859561.6744079590
186417746.8083671927 860651.0455017090
186220732.3852695525 852531.7195739746
180212154.3775467277 558029.8206270977
186341841.1777603626 858486.5955505371
180283879.0091341436 560106.4007052227
186316923.7881772518 855727.3189697266
195337011.7433400750 993600.5263671875
180293385.6024036407 562414.1214013740
180295546.7342317104 562524.8386925876
