178013554.2626943588 373612.2024973626
187583832.0418051779 936454.6936035156
188116580.0824160278 952806.2153320312
189159007.9388689101 971440.3837890625
189270455.4797637463 972974.0683593750
193189632.8526825309 1001454.7011718750
178028087.7175939083 377676.8277070224
178010844.9117569327 366212.1506945789
178294528.5226691067 377760.0711476505
180000875.0853283107 590764.7453353849
178004532.9721917808 365715.5624034202
178814821.2776152194 475463.1087017655
184304075.9320830107 826860.8502502441
186815892.0008861721 919426.7474365234
187943455.9735039771 948508.6855468750
189545608.1457505822 974341.6166992188
180065877.1749719083 599391.4498955011
177991152.4734154046 365638.0399009287
177946057.5864899158 365370.0200389177
180118843.9776891172 600394.7046976089
180054434.1776612997 598961.0582015958
177830463.6054152548 352040.5224617422
177892007.6737161279 354522.3646313846
177964594.2013964355 365604.8598805815
177832149.6439954937 353142.0394866168
192460103.0834272206 997803.8388671875
178879489.9452597797 486295.4715500474
187859415.2846155167 944259.5610351562
187814217.4137096703 939702.8151855469
188618237.9155973196 962095.6611328125
178937400.9509776831 491384.9993057847
177331922.1009213924 224223.3201267570
187789912.9997643232 939402.8514404297
186906653.2193202674 922391.0540771484
186901472.2632785738 920157.7501220703
199252873.2315222025 1015836.2734375000
179980127.3173170686 589330.1253707852
187815854.8203387260 941404.5354003906
178788305.4611753821 468398.9807129502
184250778.6804524660 823292.3686828613
184025381.4658797383 816595.2700500488
189574822.6007986069 975301.2944335938
190252321.3108628392 981707.5888671875
193191375.7062054873 1001635.7626953125
186478463.5799097121 903841.2882080078
188793440.5194135010 965997.0727539062
186891167.1018457711 919983.8243408203
187702718.6062980890 937960.2969970703
184182831.0878067017 822090.3063049316
191984435.6970827579 993751.4531250000
177529438.7314720452 290888.5153263211
177801224.2296839356 341717.4831677750
177728765.4697040319 329252.5472185910
186629663.6891585290 911502.5570068359
190494776.0510568619 984590.0195312500
193153399.0495440066 1000890.1787109375
177429273.1169057190 267496.3999999613
177635662.9690055251 312426.5233353078
177497800.6060089767 277878.8312221020
190232892.3042619526 981515.4965820312
177814279.1103607714 341789.5602158010
186764495.5100114942 917681.5611572266
186539230.0487119853 910153.3092041016
184032516.3094908595 816673.2962951660
190766603.9155442417 985435.9179687500
192219271.0892062783 996842.9370117188
181200056.4386530817 676678.0842088647
188474830.2129923701 960396.6489257812
193043815.0461692810 1000360.0302734375
177390027.9386092424 257442.7225472182
179934393.8775655925 586300.0921872258
178758619.2635751367 466021.9711914659
183848168.8110691905 807983.4244995117
198799902.6810137331 1014816.1318359375
199130774.3527392745 1015359.0839843750
188952841.7683848739 968854.1210937500
178708894.5130206048 464688.1846542954
178736069.1450938880 465389.3353882432
181466895.6525157094 696362.6219448037
189234687.3725772798 972708.9726562500
191806840.8211815357 993263.3579101562
188088766.5310227275 951031.8896484375
198940968.3477344811 1014866.0517578125
186748192.2627548873 916728.6734619141
178770253.1491068900 467044.8894043565
193465169.6093128920 1002206.9560546875
190095910.6601528823 980364.1606445312
180219794.2668097317 608441.4163759053
190617916.6580744088 985394.6552734375
184110972.7173770070 820466.2353820801
190283701.8225158155 983343.3544921875
177523610.1795672774 289754.8248239458
178883414.0276105702 486808.8082275987
186344869.7613439560 898585.5908508301
177716917.5650919378 323834.1411053501
188892066.3069205880 967662.5336914062
188995869.1842841208 968995.9033203125
180143421.2344532907 601945.6207015958
180172918.9519242346 603612.3039215055
188827031.5049836636 966521.9926757812
177670166.5313029587 312566.5199017060
179261519.8885994554 521545.3054562807
186270528.2542767525 892083.9233703613
191055575.1964043379 988017.0878906250
177699769.9037767351 322856.2166946828
179117372.9952904880 510830.5566464067
187005062.2340419292 922631.5452880859
190834458.3102927208 986017.6748046875
193442634.5755679309 1001906.1093750000
184235521.3356664181 822347.6024169922
188948281.9677672386 968188.6435546875
191236512.8837273419 988540.7500000000
181675707.2801486254 705986.9207881875
186518372.0287376940 908112.0884094238
191272002.1633467674 988769.4628906250
184170511.0143912435 820726.7436828613
188984221.5079930127 968901.4614257812
190930965.6342094839 987727.4140625000
181542464.3556523025 699657.5228237100
184265858.0410495400 823900.9770812988
181604869.9377050698 700509.3631710000
192053668.1821265221 995056.9252929688
179139361.2195212245 512172.7426014543
183984699.6764738560 815003.6715393066
183924724.9569939971 814062.8465881348
193285979.9402898550 1001773.0566406250
189029843.7312052250 969521.2099609375
191860235.6444876790 993591.5576171875
177464457.0182835162 276961.8900685012
181152546.3021245301 674356.1823839135
177386206.0446209908 246453.5990562886
181509463.3492103815 697971.1532129333
181639876.3448323905 703029.1582607217
192081894.0931525230 995708.7631835938
181504579.1572889090 697371.0857509561
179113233.4386950731 510607.4127331376
181462443.4820190966 696197.7772182412
177362278.2240558267 238365.5898545235
179204666.5590446293 517444.2778225541
188555013.8615266979 961156.2856445312
186854876.0034240484 919822.1925048828
177370338.5382476449 245624.7580674142
177732176.8229437172 330590.0405152738
179078569.6527575850 508550.4256497025
186700424.2165171206 914285.4776611328
177349217.3752814829 227013.1681262255
188707306.9923079908 965569.3149414062
188581229.2939724922 961472.2333984375
188223499.6342114806 953610.0239257812
190547866.3652026653 984683.8867187500
188619770.6420786083 963397.3261718750
191586549.7068251669 990239.4096679688
177671740.5173533261 320023.4979712367
187987547.1693097949 949271.0551757812
188326599.0404872894 956910.5356445312
188284023.6695122719 956175.1948242188
181348583.8762211204 687910.5331224389
181419701.7547685802 691473.2148388363
177350250.1134726703 234287.7040715665
198799677.0484187007 1014269.3759765625
186506514.6390503943 905839.4367675781
193078095.2806006372 1000715.4970703125
177736614.3509344757 331751.4889304042
181428198.3600957096 691514.9348558374
177823047.5724970400 344406.1776615083
179881337.9378867745 580032.6298873868
187878377.3594313264 944271.5234375000
187098486.3794654310 924874.5584716797
192004584.3541767597 994911.8862304688
177589202.6121932864 298717.3276692592
178935705.6116143763 490459.7363281846
180001197.7130029500 592972.2042282071
187573269.1547317803 935189.6042480469
198592082.0115437210 1013235.5908203125
178969764.9257316589 496432.2415562272
198695954.4211589098 1013851.7871093750
177365485.9999661744 243296.2539363205
181210237.1225723624 676996.3603929467
180353688.0765616000 619914.8516767081
180685923.4443732202 638589.4081456717
198488134.7349163294 1013136.8164062500
190057069.6318452358 979442.9907226562
177678160.9822943509 321111.1896468364
178827841.7418417931 479193.9897461534
190158231.4860592186 980868.2041015625
178985005.2159516811 497774.4815197587
190169282.5239751339 981159.7187500000
189952012.2637683451 978069.9184570312
177747471.9061843753 332387.2240336239
178815973.3255275488 478557.0419922471
177453313.1412853301 273433.2134728134
198730490.2064991593 1013915.2373046875
187256015.9959209859 928968.4035644531
179001104.5942361057 498079.0894775987
180603394.9112837017 632899.6654146161
177614138.0756095648 308898.5116292201
180332611.2027314901 615232.3564956632
192903466.5591498613 999493.9697265625
179915349.6569081545 583474.8354080167
181401038.9273961186 689679.1201776452
191662660.7120645046 991600.8833007812
177412416.2002970278 261957.4370487928
181309430.8188730478 685842.2103685327
178887818.7466854751 488131.6608620286
192904252.3480024040 999681.5253906250
183652910.1683082581 801017.9140014648
180591741.2817522585 632814.7526672330
180046245.1386543512 594113.2571914640
180046559.3372998238 595231.8709609952
180620457.6289634705 633222.1777618375
191758603.6410475075 992355.1098632812
180349480.5916447639 616573.1725128141
180449009.1886409521 625532.1064727750
192798087.5599761903 999303.2021484375
180240216.0755714178 609790.1957443204
187604137.1043651700 936863.1215820312
192671224.8495881855 998169.1835937500
197805123.1006014645 1011707.3369140625
183504658.6961312890 795970.2949829102
187540023.8170098364 934837.1983642578
187273136.1963187456 929302.7727050781
197691730.3196588159 1011309.2412109375
183595804.4729200006 798857.1036834717
191628630.6175272465 990540.2866210938
197408826.1979525089 1010171.3886718750
198434939.7337027192 1012477.1005859375
197174862.4854126275 1007717.2685546875
181050290.3069089353 663826.4741106033
181074150.7274481356 665955.5686366484
197050994.4707663655 1007461.7607421875
197219754.1106957197 1008732.0390625000
197570160.5662648678 1010938.6523437500
183255692.7537332177 782464.9812622070
183371802.3278217316 788969.3574829102
197222550.8306436837 1009226.1455078125
190842033.3349546492 986107.9736328125
197292732.1040316820 1009672.2812500000
190870509.1523045301 986325.3847656250
197615011.1007875800 1010991.9824218750
182589495.2681910992 746385.7675857544
198165050.5462693274 1011918.6093750000
177581883.6501054466 290904.1027789116
183414587.5107381940 789784.3323593140
178763995.4528938234 466272.8020592034
191532468.1128203273 989706.5449218750
180961746.3841592073 657418.9568477869
181112238.7002658844 668930.8019151688
178676284.9472977221 445002.4467366487
183286395.2533283830 783405.2256698608
180831364.6361783445 647663.9680855870
180877799.5231644213 651721.4838479161
183225729.6030563712 779620.5719718933
180743086.8510078192 640194.7360299230
183063169.9525269270 771243.6967449188
183274218.7629281878 782607.9066581726
180746051.6792236865 640544.9904397130
185361031.5292711258 851421.8585510254
185559508.6018499732 858889.1812133789
185529794.9643995166 857284.7311096191
185279527.4199603796 850769.2721252441
185429952.3211889267 851442.6595764160
185227138.2562350035 848884.1856994629
184929705.7647459507 836982.8392639160
185059161.4572663307 842465.0903625488
185443917.9917314053 852390.7087707520
180722072.6273058057 639295.6116378456
184914024.4574407339 834847.1577453613
185221910.4897667766 848182.2810363770
180840369.9469667077 649521.8124611974
184957714.1897595525 839556.2002258301
183123925.9388735294 773417.5431709290
184915798.2749020457 836242.8564758301
178664714.5146172643 441338.0284849405
178658955.7696102560 438302.3439146280
196868548.1428978741 1005581.1396484375
183007658.2305350304 768406.0436592102
182746948.2584870458 753504.8617134094
182503011.4746422470 740501.7699170113
196750509.1149659157 1004440.9101562500
182742631.4992753267 753421.5104489326
196551816.0562989116 1003516.7353515625
182642625.7622371316 749316.5110058784
184716032.4333903193 828835.4322814941
182931746.9396923184 763718.7802314758
184773334.0575339794 830810.5470275879
182696380.5547737479 751309.6148877144
179698575.5691294968 527015.9228923172
182642032.1680529714 748486.0755827427
179618477.7787641287 525369.7759678662
179662407.4647476971 525610.0273728073
178524342.7707084119 390625.0125222728
178493295.3888797760 385547.7387033030
178494885.7489070892 386373.3646611571
178597273.5170142651 397282.6078286693
178454688.1828358173 384325.2796121165
182146769.6940487623 710681.7305345535
182174331.9877030253 713333.0134935379
182232216.3529073000 717899.2039232254
182418715.2887217999 725321.9445266724
182435717.6153652668 726692.0298538208
