176524117.5330022871 76709.8707885742
152908888.9966340661 27224.7916864213
154732926.1187768579 34115.6109557915
154314739.4127612710 32505.7577758599
169616893.1310913563 69243.8088035583
174127636.4260127842 76094.4222412109
151599994.6115260720 14914.4938926747
152070529.2107309699 22995.8611461390
154540467.2288259864 33529.2894149590
156997010.2313165665 40997.1669384670
163989963.4281872809 57902.6609354534
169746658.4178122282 69297.7392196655
170423426.4927696586 70566.5067291260
151726632.2696141005 19199.0255763013
161701157.7233604789 52719.2169433311
169966872.8277291059 69434.6166687012
169980972.5041940212 69513.6611557007
169816607.3073676825 69305.0435943604
170031901.1513655186 70131.2144012451
174548040.0243884027 76549.9938354492
161565749.2622948587 52715.0824490264
170395163.6381050348 70398.6352081299
175039098.8005204499 76643.5144653320
170835679.0498633981 71224.4425201416
152538700.4940947890 25570.1420652326
170523851.3915423751 71027.7435455322
170723828.3737334609 71209.4234752655
170254520.3651562929 70348.2241730690
162800948.5975002348 55276.8159501844
176077855.0976116359 76706.5975341797
170570815.5143396854 71070.6742005348
171679506.4365084767 72769.6196899414
152157197.7949249744 23046.6069563292
159222714.8272261620 47111.5604741126
167744666.4205109775 65501.7920427695
170839681.6329172254 71353.9627361298
163901303.6300323009 57746.6112276830
174136974.8670558035 76262.7204589844
152618093.8499963284 26312.8621209916
152589161.3541999459 25729.9900045637
152744226.9176474810 26561.3572190646
163980977.4673576951 57869.6736652174
167541814.0618161261 64956.1843214408
173718383.8929747343 75768.9448089600
152205122.0646026731 23869.2166636828
153894346.5694732070 31343.6640785132
160114916.9107357562 49086.7583336011
167603950.2271511853 65023.6737165824
174794892.6260802448 76597.2260131836
151767740.2666315436 20001.8907798138
152807240.8688691854 26689.1742891502
152714456.4085596204 26547.0526324566
167710281.0854685605 65046.5633650199
171456750.7958667874 72456.8505501747
173619911.0942043364 75578.9495697021
152665321.4857264161 26426.5877371076
152958677.6998357177 27421.0999713987
167420218.1042407453 64785.7291593924
167811738.3074209392 65652.7820539847
168305228.4801355302 66454.4354277030
174291948.0708232224 76465.5425415039
152544964.5042924881 25617.0556432642
159388919.5446883440 47638.0882225242
171025392.7057094574 71800.3072185516
152012040.5513290763 22060.1645865369
174585152.9780116975 76562.5023803711
152798922.8024318218 26618.2672881521
157256055.0966572165 41663.0166591920
159374984.0547853708 47611.9968219008
171146824.2251944542 71967.4824371338
171977851.9026684761 73098.8029785156
171404488.2900340557 72230.3583297729
156837461.5706734061 40747.5037914943
163837307.1765265465 57419.8871481114
171569732.1519832015 72699.1962890625
171779866.6381080151 72868.8554534912
163447691.6157505810 56952.0723224201
167393328.1981545389 64708.0333769834
151835097.4835367203 20842.9993221965
156864077.1057793498 40771.9946533870
163406824.0256759822 56766.4500709095
167486143.3216967881 64921.0682020560
171552951.1070663929 72664.5640487671
154724916.9560270905 34054.6810677368
152457713.1641053557 24967.7126298770
159030069.2149712443 46781.4236407485
151638885.1340830326 16611.8964027012
151717719.5887838006 18325.6800010409
152433098.2773350477 24815.3844928779
172040602.1092466712 73292.1982269287
159356907.4277477860 47514.0348818507
172175767.7551665306 73536.6408233643
172361659.7450094223 73611.4413833618
152397339.0735867023 24035.8337960973
151914482.7789904475 21754.6950669866
152192161.1007864475 23703.9144329466
172247287.8417585492 73573.3912582397
151961024.0042833686 21930.8345676493
172089407.3195986152 73431.5851821899
172537295.8888660669 74093.8516006470
172926067.9473446012 74421.9696273804
172676233.1423752308 74095.3791885376
160862119.5010195076 50939.9289184287
172826852.8415772319 74192.4870529175
152314993.3276965618 23978.1015476622
163918450.1181720793 57864.0013446435
151863832.8231984973 21016.7416129690
152034701.5678353310 22816.5088352598
157277157.1099249125 41717.3508206438
162974014.7766520083 55888.1774774541
151796597.6226956844 20129.4421016369
163063423.6625767648 56037.5139380016
174368549.8909406960 76492.9010009766
172978524.9420040250 74708.3045578003
157281527.5518261194 41769.7095486354
156881140.6703190804 40857.7799832057
168525027.9393682182 66651.4443235770
168095820.5433859229 66067.2971047759
174291812.3567656577 76327.0614624023
156300623.0558255911 39034.0762452316
151852916.1533774137 20981.9486189466
154145848.0012494922 32127.5828590784
168118561.4692040980 66151.1200590506
173326512.4650670290 75233.6834793091
154201625.9017167687 32342.3696472663
163110516.5152423978 56214.9513892755
163590854.3399948776 57078.9377280101
151803781.2305441499 20842.7655015569
173190101.3024616241 74943.6231689453
151773147.8266213536 20033.0947578158
173909570.6261285543 76035.3368530273
151737874.4511744380 19936.7950713839
153931743.7215914726 31430.9851265345
173515824.2208813429 75509.9579315186
175815561.5629408658 76686.6945190430
174154320.0071383417 76276.9790649414
173296542.2649400532 74962.3511352539
159374741.5055978298 47557.7151543330
160113996.7284942567 49053.6002525464
162990466.2795608640 55891.5002652772
155410237.1758641005 36021.8853114657
153812642.1500444412 30691.0179001354
163794952.3769475520 57290.8421364650
160879923.3756226301 51026.3460110649
168589779.2820634544 66873.7255501747
161550249.8470986187 52626.6333955750
153203461.4153512120 27571.1789495181
163258192.1484090388 56258.5385928669
161191778.9292585254 51903.9442624077
155293228.3567364812 35544.5422745310
168972396.6215730608 67537.9589419365
160604440.3973595202 50481.3274933472
153978270.1950450540 31560.9798066821
163415606.6301488280 56785.1696306982
163013568.9435436428 56034.7362189807
168913982.9517001212 67369.8371844292
161880883.3431198895 53394.1864048392
161808216.0549184382 52780.9460783675
174971516.3304864168 76617.3348999023
160157417.8815006018 49111.7667819094
161987930.7880931795 53524.5937430710
161988092.3110358715 53527.9579146579
161425624.7016927898 52490.1406964287
161457395.1507587433 52610.4664183334
153997904.5418891907 31622.2826411743
160163962.8542736173 49114.9418890309
162641374.2499305010 54914.6388145008
159312383.3186500669 47428.6503710952
153793367.9251463413 30601.9641410522
151605893.4751485586 15091.6375799415
153181473.7293593287 27517.4292546939
156538741.1491551399 39725.0768624973
175718913.8057496250 76677.0685424805
160016780.5382137299 49009.0218413472
160959285.4855704010 51091.2504605278
151620868.4526550174 15733.8122194068
151580336.8286548853 14738.3935019424
151625941.1755128503 15797.0077522633
153763196.7323376536 30444.7138030548
160188966.3213583827 49574.8281868976
157161498.4196099043 41593.6679033469
176007338.7447858751 76705.3630371094
160106272.3022527397 49033.2357887402
151609976.1515367627 15095.9922657249
158632816.3356112838 45352.1360888686
156547149.5042667985 39769.8087724876
153141265.4139828682 27509.3277796470
162812172.9937839508 55357.6429328546
151664018.5899605155 16686.2494457951
153877346.1532764435 30710.3530757446
169198842.7921184599 67851.0666613579
153891645.2393583059 30780.7764766235
158660007.4240513444 45359.6933382309
158534111.0479875803 45247.3813739028
159578850.4549571872 48008.1192978397
168817737.7421981394 67204.4044375420
154522238.4836837649 33393.6298788395
159905221.3160852194 48751.4024298023
159140176.9162621796 46974.0758537799
175443700.0972034335 76646.8474121094
154641859.3684854507 33607.4356589876
168515703.7590244114 66484.4357867241
161008560.1933834851 51543.9486481324
160966896.5094231069 51232.3243659958
175562969.9144303799 76661.6672973633
169202366.9337777793 67971.4255709648
151704263.3405239582 17490.1920397030
168845265.8540795147 67300.4402880669
168442744.7255193293 66460.3856730461
175478689.5153179765 76658.6314697266
160607213.3551057279 50627.7962364331
160563684.8257440031 50447.5805229321
154318974.3267271519 32644.9088288620
154385295.4245780110 32714.3562623337
159522831.9014385939 47869.0708293151
157102649.0510081649 41414.4885744285
158935648.0295862556 46378.8706547767
159518089.3467045426 47842.4844844546
158577257.8778662086 45327.2779394463
160524777.2033141553 50093.0773703381
155148784.2689653635 35248.9360600319
160548066.3728419244 50116.2453636304
160282880.8981663287 49778.0952595845
160410110.7629038393 49929.1807621121
151677363.6930477023 16725.4478007173
159109255.4421185255 46926.3320727553
159805433.9982656837 48689.1321050953
159435797.0680958033 47746.5256045070
162912355.1183464825 55489.5553292856
162947701.2722665071 55515.9040732898
168831616.6802533567 67233.4119563103
162710561.3600211442 55240.3816294298
158496076.1097984314 45144.8364062514
162330270.9640629590 54277.7657542743
158765332.2286993265 46014.4025073256
158420834.5106759667 45029.0126160048
162371960.8933011889 54342.8853683721
162326251.1193318367 54245.5907935724
158406999.3436475396 44698.3406641893
162226418.9290136993 54121.3749932870
162158656.1458654702 53554.2165765390
161917176.1427801847 53424.7772607431
161393727.2850623727 52231.2112489194
155022699.1366354227 34612.4471343663
158225248.3694824576 44237.6411059164
154849836.7129147649 34337.0064946022
158174223.7779956460 44179.7236421965
156831337.0082901120 40681.7383379173
157783022.7177397609 43267.7940767668
161873344.7703269422 53205.3630094156
157588088.5169730783 42555.4128613528
157518735.4689275026 42467.4261113089
156700821.6494389176 40200.0432528900
156356726.8542823195 39101.3800084041
156631702.8410011530 40009.2022818970
155178762.2479292154 35321.8873656001
157379865.8568125367 41884.9187792363
154902744.8954185843 34432.5778588038
156730634.0387742519 40258.8586979732
157996458.6081992388 43580.3415868183
156514814.8650472760 39411.8403129028
166203891.4835999906 60980.3413622677
157844205.2116565704 43330.6784398457
166027300.7958678305 60939.1983969510
157841846.1817212105 43321.6189525202
165442963.6429167986 59773.6606376078
165486756.0587816834 59829.8443119824
166316443.8024528325 61350.3955986407
166340164.7287483215 61444.9333579447
166328089.5580985546 61409.6260764506
165546456.9283752739 60032.1916964352
153724704.2766169906 29033.0024247579
166463883.5183050931 61730.2113783658
166967344.1430194974 62559.7812891807
153671259.1971030831 28819.9202809744
157578648.9058126807 42524.9718865231
157426329.7321977019 42127.2493816242
153686140.7257648706 28858.0217418894
166379579.8969070315 61548.4803951886
165999652.7187302709 60842.1756304651
153707925.4662883282 28986.4515850991
153655703.7788084149 28318.9834912270
167089013.4442588389 62734.7336597200
167085206.0087973177 62665.7999811321
166510570.9189105928 61754.5888689905
165507324.7310035527 59930.2460650355
165327282.0701268911 59276.4787248522
165330958.5217899382 59359.8476365954
155724993.4810106158 36330.7346152626
165126100.3362728357 59106.8195604235
155761054.9330604672 36503.2796515785
155700746.1727969050 36293.4582022987
165071473.7989833057 58679.3216672065
155973848.4408641458 37290.6092368513
156081791.9231824875 37447.8758450113
156224443.3943453431 38105.6326761805
164794428.8171010911 58235.1174628735
165006641.0081478357 58335.2301490307
155929130.9962702990 37198.2126980387
164656615.1699069142 58135.3674323559
