124508.9628102281 115699.1417303882
124986.2569967544 114083.5232780791
127690.9240537368 116183.8272660810
120690.6093180175 118122.5694088519
124508.9628102281 115860.7035756191
124986.2569967544 114406.6469685409
121804.2957532456 114729.7706590028
124508.9628102281 115376.0180399264
124986.2569967544 114245.0851233100
120849.7073801930 118445.6930993137
120372.4131936667 117476.3220279282
120372.4131936667 117314.7601826973
119895.1190071403 112144.7811353082
120849.7073801930 118607.2549445446
119736.0209449649 112952.5903614627
127213.6298672105 115376.0180399264
126577.2376185088 113760.3995876173
127531.8259915614 116830.0746470046
119736.0209449649 112467.9048257700
126895.4337428596 116506.9509565428

124508.9628102281 115699.1417303882
124986.2569967544 114083.5232780791
127690.9240537368 116183.8272660810
120690.6093180175 118122.5694088519
124508.9628102281 115860.7035756191
124986.2569967544 114406.6469685409
121804.2957532456 114729.7706590028
122599.7860641228 113275.7140519246
124986.2569967544 114245.0851233100
120849.7073801930 118445.6930993137
120372.4131936667 117476.3220279282
120372.4131936667 117314.7601826973
119895.1190071403 112144.7811353082
120849.7073801930 118607.2549445446
119736.0209449649 112952.5903614627
127213.6298672105 115376.0180399264
126577.2376185088 113760.3995876173
127531.8259915614 116830.0746470046
120849.7073801930 115376.0180399264
126895.4337428596 116506.9509565428

124508.9628102281 115699.1417303882
124986.2569967544 114083.5232780791
127690.9240537368 116183.8272660810
120690.6093180175 118122.5694088519
124508.9628102281 115860.7035756191
124986.2569967544 114406.6469685409
121804.2957532456 114729.7706590028
122599.7860641228 113275.7140519246
124986.2569967544 114245.0851233100
120849.7073801930 118445.6930993137
120372.4131936667 117476.3220279282
120372.4131936667 117314.7601826973
119895.1190071403 112144.7811353082
120849.7073801930 118607.2549445446
119736.0209449649 112952.5903614627
127213.6298672105 115376.0180399264
126577.2376185088 113760.3995876173
127531.8259915614 116830.0746470046
119736.0209449649 112467.9048257700
126895.4337428596 116506.9509565428

121486.0996288947 114568.2088137719
121804.2957532456 113760.3995876173
121804.2957532456 114729.7706590028
121804.2957532456 114406.6469685409
121804.2957532456 115052.8943494646
121645.1976910702 114729.7706590028
121645.1976910702 114568.2088137719
121486.0996288947 114891.3325042337
121645.1976910702 114406.6469685409
121804.2957532456 113921.9614328482
121645.1976910702 114891.3325042337
121804.2957532456 114083.5232780791
121486.0996288947 114729.7706590028
121804.2957532456 114891.3325042337
121327.0015667193 114891.3325042337
121486.0996288947 114406.6469685409
121804.2957532456 114568.2088137719
121645.1976910702 114245.0851233100
121486.0996288947 114245.0851233100
121804.2957532456 114245.0851233100

121486.0996288947 114568.2088137719
121645.1976910702 113921.9614328482
121804.2957532456 114729.7706590028
121804.2957532456 114406.6469685409
121804.2957532456 115052.8943494646
121645.1976910702 114729.7706590028
121645.1976910702 114568.2088137719
121486.0996288947 114891.3325042337
121645.1976910702 114406.6469685409
121804.2957532456 113921.9614328482
121645.1976910702 114891.3325042337
121804.2957532456 114083.5232780791
121486.0996288947 114729.7706590028
121804.2957532456 114891.3325042337
121327.0015667193 114891.3325042337
121486.0996288947 114406.6469685409
121804.2957532456 114568.2088137719
121645.1976910702 114245.0851233100
121486.0996288947 114245.0851233100
121804.2957532456 114245.0851233100

121486.0996288947 114568.2088137719
121327.0015667193 114729.7706590028
121804.2957532456 114729.7706590028
121804.2957532456 114406.6469685409
121804.2957532456 115052.8943494646
121645.1976910702 114729.7706590028
121645.1976910702 114568.2088137719
121486.0996288947 114891.3325042337
121645.1976910702 114406.6469685409
121804.2957532456 113921.9614328482
121645.1976910702 114891.3325042337
121804.2957532456 114083.5232780791
121486.0996288947 114729.7706590028
121804.2957532456 114891.3325042337
121804.2957532456 113760.3995876173
121486.0996288947 114406.6469685409
121804.2957532456 114568.2088137719
121645.1976910702 114245.0851233100
121486.0996288947 114245.0851233100
121804.2957532456 114245.0851233100

121486.0996288947 114568.2088137719
121327.0015667193 114729.7706590028
121804.2957532456 114729.7706590028
121804.2957532456 114406.6469685409
121804.2957532456 113760.3995876173
121645.1976910702 114729.7706590028
121645.1976910702 114568.2088137719
121486.0996288947 114891.3325042337
121645.1976910702 114406.6469685409
121804.2957532456 113921.9614328482
121645.1976910702 114891.3325042337
121804.2957532456 114083.5232780791
121486.0996288947 114729.7706590028
121804.2957532456 114891.3325042337
121327.0015667193 114891.3325042337
121486.0996288947 114406.6469685409
121804.2957532456 114568.2088137719
121645.1976910702 114245.0851233100
121486.0996288947 114245.0851233100
121804.2957532456 114245.0851233100

121486.0996288947 114568.2088137719
121327.0015667193 114729.7706590028
121804.2957532456 114729.7706590028
121804.2957532456 114406.6469685409
121804.2957532456 115052.8943494646
121645.1976910702 114729.7706590028
121645.1976910702 114568.2088137719
121486.0996288947 114891.3325042337
121645.1976910702 114406.6469685409
121804.2957532456 113921.9614328482
121645.1976910702 114891.3325042337
121804.2957532456 114083.5232780791
121486.0996288947 114729.7706590028
121804.2957532456 114891.3325042337
121327.0015667193 114891.3325042337
121486.0996288947 114406.6469685409
121804.2957532456 114568.2088137719
121804.2957532456 113760.3995876173
121486.0996288947 114245.0851233100
121804.2957532456 114245.0851233100

121486.0996288947 114568.2088137719
121327.0015667193 114729.7706590028
121804.2957532456 114729.7706590028
121804.2957532456 114406.6469685409
121804.2957532456 115052.8943494646
121645.1976910702 114729.7706590028
121645.1976910702 114568.2088137719
121486.0996288947 114891.3325042337
121645.1976910702 114406.6469685409
121804.2957532456 113921.9614328482
121645.1976910702 114891.3325042337
121804.2957532456 114083.5232780791
121486.0996288947 114729.7706590028
121804.2957532456 114891.3325042337
121327.0015667193 114891.3325042337
121486.0996288947 114406.6469685409
121804.2957532456 114568.2088137719
121645.1976910702 114245.0851233100
121486.0996288947 114245.0851233100
121804.2957532456 114245.0851233100

121486.0996288947 114568.2088137719
121327.0015667193 114729.7706590028
121804.2957532456 114729.7706590028
121804.2957532456 114406.6469685409
121645.1976910702 113921.9614328482
121645.1976910702 114729.7706590028
121645.1976910702 114568.2088137719
121486.0996288947 114891.3325042337
121645.1976910702 114406.6469685409
121804.2957532456 113921.9614328482
121645.1976910702 114891.3325042337
121804.2957532456 114083.5232780791
121486.0996288947 114729.7706590028
121804.2957532456 114891.3325042337
121327.0015667193 114891.3325042337
121486.0996288947 114406.6469685409
121804.2957532456 114568.2088137719
121645.1976910702 114245.0851233100
121486.0996288947 114245.0851233100
121804.2957532456 114245.0851233100

121486.0996288947 114568.2088137719
124508.9628102281 115376.0180399264
121804.2957532456 114729.7706590028
121804.2957532456 114406.6469685409
121645.1976910702 113921.9614328482
121645.1976910702 114729.7706590028
121645.1976910702 114568.2088137719
121486.0996288947 114891.3325042337
121645.1976910702 114406.6469685409
121804.2957532456 113921.9614328482
121645.1976910702 114891.3325042337
121486.0996288947 114245.0851233100
121486.0996288947 114729.7706590028
121804.2957532456 114891.3325042337
121327.0015667193 114891.3325042337
121486.0996288947 114406.6469685409
121804.2957532456 114568.2088137719
121645.1976910702 114245.0851233100
121804.2957532456 115052.8943494646
121804.2957532456 114245.0851233100

121486.0996288947 114568.2088137719
124668.0608724035 115376.0180399264
121804.2957532456 114729.7706590028
121804.2957532456 114406.6469685409
121645.1976910702 113921.9614328482
120849.7073801930 118607.2549445446
121645.1976910702 114568.2088137719
121486.0996288947 114891.3325042337
121645.1976910702 114406.6469685409
121963.3938154210 114729.7706590028
121645.1976910702 114891.3325042337
121486.0996288947 114245.0851233100
121486.0996288947 114729.7706590028
121804.2957532456 114891.3325042337
127054.5318050351 116668.5128017737
121486.0996288947 114406.6469685409
121804.2957532456 114568.2088137719
121645.1976910702 114245.0851233100
121804.2957532456 115052.8943494646
121804.2957532456 114245.0851233100

121486.0996288947 114568.2088137719
124668.0608724035 115376.0180399264
121804.2957532456 114729.7706590028
121804.2957532456 114406.6469685409
121645.1976910702 113921.9614328482
121645.1976910702 114729.7706590028
121645.1976910702 114568.2088137719
121486.0996288947 114891.3325042337
121645.1976910702 114406.6469685409
121963.3938154210 114729.7706590028
121645.1976910702 114891.3325042337
121486.0996288947 114245.0851233100
121486.0996288947 114729.7706590028
121804.2957532456 114891.3325042337
127054.5318050351 116668.5128017737
121486.0996288947 114406.6469685409
121804.2957532456 114568.2088137719
121645.1976910702 114245.0851233100
120849.7073801930 117961.0075636210
121804.2957532456 114245.0851233100

121486.0996288947 114568.2088137719
124668.0608724035 115376.0180399264
121804.2957532456 114729.7706590028
121804.2957532456 114406.6469685409
121645.1976910702 113921.9614328482
121645.1976910702 114729.7706590028
121645.1976910702 114568.2088137719
121486.0996288947 114891.3325042337
121645.1976910702 114406.6469685409
121963.3938154210 114729.7706590028
121645.1976910702 114891.3325042337
121486.0996288947 114245.0851233100
121486.0996288947 114729.7706590028
121804.2957532456 114891.3325042337
127054.5318050351 116668.5128017737
121486.0996288947 114406.6469685409
121804.2957532456 114568.2088137719
121645.1976910702 114245.0851233100
121804.2957532456 115052.8943494646
121804.2957532456 114245.0851233100

121486.0996288947 114568.2088137719
124668.0608724035 115376.0180399264
121804.2957532456 114729.7706590028
121804.2957532456 114406.6469685409
121645.1976910702 113921.9614328482
121645.1976910702 114729.7706590028
121645.1976910702 114568.2088137719
121486.0996288947 114891.3325042337
121804.2957532456 113437.2758971555
121963.3938154210 114729.7706590028
121645.1976910702 114891.3325042337
121486.0996288947 114245.0851233100
121486.0996288947 114729.7706590028
121804.2957532456 114891.3325042337
121645.1976910702 113760.3995876173
121804.2957532456 113921.9614328482
121804.2957532456 114568.2088137719
121645.1976910702 114245.0851233100
121804.2957532456 115052.8943494646
121804.2957532456 114245.0851233100

121486.0996288947 114568.2088137719
124668.0608724035 115376.0180399264
121804.2957532456 114729.7706590028
121804.2957532456 114406.6469685409
121645.1976910702 113921.9614328482
121645.1976910702 114729.7706590028
121645.1976910702 114568.2088137719
121486.0996288947 114891.3325042337
121645.1976910702 114406.6469685409
121963.3938154210 114729.7706590028
121645.1976910702 114891.3325042337
121486.0996288947 114245.0851233100
121486.0996288947 114729.7706590028
121804.2957532456 114891.3325042337
127213.6298672105 116345.3891113118
121804.2957532456 113921.9614328482
121804.2957532456 114568.2088137719
121645.1976910702 114245.0851233100
121804.2957532456 115052.8943494646
121486.0996288947 114406.6469685409

121486.0996288947 114568.2088137719
124668.0608724035 115376.0180399264
121804.2957532456 114729.7706590028
121486.0996288947 114245.0851233100
121645.1976910702 113921.9614328482
121645.1976910702 114729.7706590028
121645.1976910702 114568.2088137719
121486.0996288947 114891.3325042337
121645.1976910702 114406.6469685409
121963.3938154210 114729.7706590028
121645.1976910702 114891.3325042337
121486.0996288947 113598.8377423864
121486.0996288947 114729.7706590028
122122.4918775965 114406.6469685409
121645.1976910702 113275.7140519246
121804.2957532456 113921.9614328482
121804.2957532456 114568.2088137719
121645.1976910702 114245.0851233100
121804.2957532456 115052.8943494646
121486.0996288947 114406.6469685409

121486.0996288947 114568.2088137719
124668.0608724035 115376.0180399264
121804.2957532456 114729.7706590028
121486.0996288947 114245.0851233100
126895.4337428596 116345.3891113118
121645.1976910702 114729.7706590028
121645.1976910702 114568.2088137719
121486.0996288947 114891.3325042337
121645.1976910702 114406.6469685409
121963.3938154210 114729.7706590028
121645.1976910702 114891.3325042337
121486.0996288947 113598.8377423864
121486.0996288947 114729.7706590028
122122.4918775965 114406.6469685409
126895.4337428596 115214.4561946955
121804.2957532456 113921.9614328482
121804.2957532456 114568.2088137719
121645.1976910702 114245.0851233100
121804.2957532456 115052.8943494646
121486.0996288947 114406.6469685409

121486.0996288947 114568.2088137719
126895.4337428596 116345.3891113118
127372.7279293860 116668.5128017737
124668.0608724035 115860.7035756191
124827.1589345789 115537.5798851573
121804.2957532456 114891.3325042337
121645.1976910702 114568.2088137719
121963.3938154210 114083.5232780791
121645.1976910702 114406.6469685409
122122.4918775965 114568.2088137719
121645.1976910702 114891.3325042337
121486.0996288947 113598.8377423864
121645.1976910702 113921.9614328482
122122.4918775965 114406.6469685409
121327.0015667193 114568.2088137719
121645.1976910702 113598.8377423864
121804.2957532456 114568.2088137719
121327.0015667193 114406.6469685409
126736.3356806842 113598.8377423864
121486.0996288947 114406.6469685409

121486.0996288947 114568.2088137719
126895.4337428596 116345.3891113118
127372.7279293860 116668.5128017737
124668.0608724035 115860.7035756191
124827.1589345789 115537.5798851573
121804.2957532456 114891.3325042337
121645.1976910702 114568.2088137719
121963.3938154210 114083.5232780791
121645.1976910702 114406.6469685409
122122.4918775965 114568.2088137719
121645.1976910702 114891.3325042337
120690.6093180175 115376.0180399264
121645.1976910702 113921.9614328482
122122.4918775965 114406.6469685409
121327.0015667193 114568.2088137719
121645.1976910702 113598.8377423864
121804.2957532456 114568.2088137719
121327.0015667193 114406.6469685409
121804.2957532456 115052.8943494646
121486.0996288947 114406.6469685409

121486.0996288947 114568.2088137719
126895.4337428596 116345.3891113118
127372.7279293860 116668.5128017737
124668.0608724035 115860.7035756191
124827.1589345789 115537.5798851573
121804.2957532456 114891.3325042337
121645.1976910702 114568.2088137719
121963.3938154210 114083.5232780791
121645.1976910702 114406.6469685409
122122.4918775965 114568.2088137719
121645.1976910702 114891.3325042337
121486.0996288947 113598.8377423864
121645.1976910702 113921.9614328482
122122.4918775965 113275.7140519246
121327.0015667193 114568.2088137719
121645.1976910702 113598.8377423864
121804.2957532456 114568.2088137719
121327.0015667193 114406.6469685409
121804.2957532456 115052.8943494646
121486.0996288947 114406.6469685409

121486.0996288947 114568.2088137719
126895.4337428596 116345.3891113118
127372.7279293860 116668.5128017737
124668.0608724035 115860.7035756191
124827.1589345789 115537.5798851573
124668.0608724035 115052.8943494646
121645.1976910702 114568.2088137719
121963.3938154210 114083.5232780791
121645.1976910702 114406.6469685409
122122.4918775965 114568.2088137719
121645.1976910702 114891.3325042337
121486.0996288947 113598.8377423864
121645.1976910702 113921.9614328482
122122.4918775965 114406.6469685409
121327.0015667193 114568.2088137719
121645.1976910702 113598.8377423864
121804.2957532456 114568.2088137719
121327.0015667193 114406.6469685409
121804.2957532456 115052.8943494646
121645.1976910702 112952.5903614627

121486.0996288947 114568.2088137719
126895.4337428596 116345.3891113118
127372.7279293860 116668.5128017737
124668.0608724035 115860.7035756191
124827.1589345789 115537.5798851573
121804.2957532456 114891.3325042337
121645.1976910702 114568.2088137719
121963.3938154210 114083.5232780791
121645.1976910702 114406.6469685409
122122.4918775965 114568.2088137719
121645.1976910702 114891.3325042337
124827.1589345789 112952.5903614627
121645.1976910702 113921.9614328482
122122.4918775965 114406.6469685409
121327.0015667193 114568.2088137719
121645.1976910702 113598.8377423864
121804.2957532456 114568.2088137719
121327.0015667193 114406.6469685409
121804.2957532456 115052.8943494646
121645.1976910702 112952.5903614627

121486.0996288947 114568.2088137719
126895.4337428596 116345.3891113118
127372.7279293860 116668.5128017737
124668.0608724035 115860.7035756191
124827.1589345789 115537.5798851573
121804.2957532456 114891.3325042337
121645.1976910702 114568.2088137719
121963.3938154210 114083.5232780791
121645.1976910702 114406.6469685409
122122.4918775965 114568.2088137719
121645.1976910702 114891.3325042337
121486.0996288947 113598.8377423864
121645.1976910702 113921.9614328482
122122.4918775965 114406.6469685409
121327.0015667193 114568.2088137719
126259.0414941579 113114.1522066937
121804.2957532456 114568.2088137719
121327.0015667193 114406.6469685409
121804.2957532456 115052.8943494646
121645.1976910702 112952.5903614627

121486.0996288947 114568.2088137719
126895.4337428596 116345.3891113118
127372.7279293860 116668.5128017737
124668.0608724035 115860.7035756191
124827.1589345789 115537.5798851573
121804.2957532456 114891.3325042337
121645.1976910702 114568.2088137719
121963.3938154210 114083.5232780791
121645.1976910702 114406.6469685409
122122.4918775965 114568.2088137719
119576.9228827895 115376.0180399264
121486.0996288947 113598.8377423864
121645.1976910702 113921.9614328482
122122.4918775965 114406.6469685409
121327.0015667193 114568.2088137719
121645.1976910702 113598.8377423864
121804.2957532456 114568.2088137719
121327.0015667193 114406.6469685409
121804.2957532456 115052.8943494646
121645.1976910702 112952.5903614627

121486.0996288947 114568.2088137719
126895.4337428596 116345.3891113118
127372.7279293860 116668.5128017737
124668.0608724035 115860.7035756191
124827.1589345789 115537.5798851573
121804.2957532456 114891.3325042337
121645.1976910702 114568.2088137719
121963.3938154210 114083.5232780791
121645.1976910702 114406.6469685409
122122.4918775965 114568.2088137719
121645.1976910702 114891.3325042337
121486.0996288947 113598.8377423864
121645.1976910702 113921.9614328482
122122.4918775965 114406.6469685409
121327.0015667193 114568.2088137719
121645.1976910702 113598.8377423864
121804.2957532456 114568.2088137719
121327.0015667193 114406.6469685409
121804.2957532456 115052.8943494646
121645.1976910702 112952.5903614627

121804.2957532456 114406.6469685409
126895.4337428596 116345.3891113118
127372.7279293860 116668.5128017737
124668.0608724035 115860.7035756191
124827.1589345789 115537.5798851573
121804.2957532456 114891.3325042337
121645.1976910702 114568.2088137719
120690.6093180175 117637.8838731591
121645.1976910702 114406.6469685409
122122.4918775965 114568.2088137719
121645.1976910702 114891.3325042337
121486.0996288947 113598.8377423864
121645.1976910702 113921.9614328482
122122.4918775965 114406.6469685409
121327.0015667193 114568.2088137719
121645.1976910702 113598.8377423864
121804.2957532456 114568.2088137719
121327.0015667193 114406.6469685409
121804.2957532456 115052.8943494646
121645.1976910702 112952.5903614627

124508.9628102281 115860.7035756191
122281.5899397719 114245.0851233100
127372.7279293860 116668.5128017737
124668.0608724035 115860.7035756191
124827.1589345789 115537.5798851573
126259.0414941579 114245.0851233100
121804.2957532456 113437.2758971555
120849.7073801930 117476.3220279282
124508.9628102281 115537.5798851573
127531.8259915614 116830.0746470046
121645.1976910702 114891.3325042337
120690.6093180175 116830.0746470046
127054.5318050351 116668.5128017737
122122.4918775965 114406.6469685409
126736.3356806842 116183.8272660810
127372.7279293860 114891.3325042337
126418.1395563333 115214.4561946955
122440.6880019474 113921.9614328482
124349.8647480526 114891.3325042337
121008.8054423684 114406.6469685409

124508.9628102281 115860.7035756191
122281.5899397719 114245.0851233100
127372.7279293860 116668.5128017737
124668.0608724035 115860.7035756191
124827.1589345789 115537.5798851573
126259.0414941579 114245.0851233100
121804.2957532456 113437.2758971555
120849.7073801930 117476.3220279282
124508.9628102281 115537.5798851573
120690.6093180175 116345.3891113118
121645.1976910702 114891.3325042337
120690.6093180175 116830.0746470046
127054.5318050351 116668.5128017737
122122.4918775965 114406.6469685409
126736.3356806842 116183.8272660810
124986.2569967544 116022.2654208500
126418.1395563333 115214.4561946955
122440.6880019474 113921.9614328482
124349.8647480526 114891.3325042337
121008.8054423684 114406.6469685409

124508.9628102281 115860.7035756191
122281.5899397719 114245.0851233100
127372.7279293860 116668.5128017737
124668.0608724035 115860.7035756191
124827.1589345789 115537.5798851573
126259.0414941579 114245.0851233100
121804.2957532456 113437.2758971555
120849.7073801930 117476.3220279282
121008.8054423684 114245.0851233100
127531.8259915614 116830.0746470046
121645.1976910702 114891.3325042337
120690.6093180175 116830.0746470046
127054.5318050351 116668.5128017737
122122.4918775965 114406.6469685409
126736.3356806842 116183.8272660810
124986.2569967544 116022.2654208500
126418.1395563333 115214.4561946955
122440.6880019474 113921.9614328482
124349.8647480526 114891.3325042337
121008.8054423684 114406.6469685409

124508.9628102281 115860.7035756191
122281.5899397719 114245.0851233100
127372.7279293860 116668.5128017737
124668.0608724035 115860.7035756191
124827.1589345789 115537.5798851573
126259.0414941579 114245.0851233100
121804.2957532456 113437.2758971555
120849.7073801930 117476.3220279282
121008.8054423684 112952.5903614627
127531.8259915614 116830.0746470046
121645.1976910702 114891.3325042337
120690.6093180175 116830.0746470046
124827.1589345789 115376.0180399264
122122.4918775965 114406.6469685409
126736.3356806842 116183.8272660810
124986.2569967544 116022.2654208500
126418.1395563333 115214.4561946955
122440.6880019474 113921.9614328482
124349.8647480526 114891.3325042337
121008.8054423684 114406.6469685409

124508.9628102281 115860.7035756191
122281.5899397719 114245.0851233100
119736.0209449649 115052.8943494646
124668.0608724035 115860.7035756191
124827.1589345789 115537.5798851573
126259.0414941579 114245.0851233100
121804.2957532456 113437.2758971555
120849.7073801930 117476.3220279282
124508.9628102281 115537.5798851573
119417.8248206140 112629.4666710009
121486.0996288947 113437.2758971555
120690.6093180175 116830.0746470046
124827.1589345789 115376.0180399264
122122.4918775965 114406.6469685409
126736.3356806842 116183.8272660810
119258.7267584386 113114.1522066937
126418.1395563333 115214.4561946955
122440.6880019474 113921.9614328482
124349.8647480526 114891.3325042337
121008.8054423684 114406.6469685409

