41600679.4197964370 234141.5197753906
43355827.7734832391 310139.6127929688
43543577.5775265768 312915.1469726562
43445965.1694306433 312530.3354492188
43981882.5823002979 325172.8789062500
41508569.4158063978 229310.6917724609
43828839.1608514562 318954.0068359375
43882035.8739725128 319801.0708007812
43915756.9864325598 322367.8002929688
43570356.5603954121 317358.9545898438
42946716.9759801999 297592.1293945312
44841427.4466435388 338767.1162109375
43136075.8271776661 303821.6154785156
42890223.3059094623 297369.7358398438
42568604.8536597714 285742.2827148438
44695229.4534977376 338213.3886718750
40885597.2444936335 173465.1921386719
41442627.8926659226 225623.7918701172
41484674.0972008109 227191.4667968750
43555740.6344446465 313832.1909179688
43610972.9560756907 317513.1850585938
42389186.2230868563 277424.0034179688
42337803.2372853532 274222.0395507812
44464309.9152735099 334881.9599609375
41539837.5031800717 229878.4788818359
41404752.3240330368 221647.6169433594
42247092.5844457597 267273.5202636719
43389966.1863953844 310436.9125976562
43554496.7773102000 313244.9340820312
44641159.2071481645 336906.2412109375
44211811.1848398075 328673.0800781250
43160447.2411626652 306614.8149414062
41420540.0434861928 223576.0809326172
44995501.3175260127 343621.4628906250
40859529.7580337822 172199.3428955078
43660872.0930834040 318273.6064453125
45147476.4865837395 347439.0371093750
45329815.2332526147 348630.5634765625
43214217.8439159021 307520.6987304688
41553728.1746012419 232534.3535156250
41690241.9998597503 239340.1386718750
43299972.8789663985 308268.1059570312
42196252.9747262150 265723.1914062500
45555618.6131999493 350717.5566406250
40965716.6192357466 181455.0303955078
41607916.8913158625 235607.6900634766
41341681.6813232303 214148.1040039062
41200492.8433117121 207351.3581542969
42167123.1797177866 264155.0590820312
42548592.9398816600 281555.4116210938
44879593.1508621052 341300.7529296875
43088400.5691061243 301973.4907226562
40934654.9091067538 180661.2331542969
45548752.3803696781 350427.2480468750
41253330.8662474155 207902.0012207031
41344768.1432470977 214270.0893554688
42999397.0070411190 299353.5449218750
42195313.0004492700 265535.4875488281
45145117.1032880023 345039.2265625000
42555318.9970819801 282569.0288085938
43345909.6578166410 308297.6435546875
45061916.8951048553 343953.4316406250
42310408.9308051467 271796.5039062500
40920098.3243989646 180602.4665527344
41564418.5136972070 233045.5234375000
42764807.7591410652 291075.1206054688
41356680.3812119663 220953.8891601562
42249550.6586157084 269092.2631835938
41255623.0688130856 209302.0885009766
42693526.5382444188 286139.5825195312
42254447.0411814377 270618.2182617188
44664856.1000862867 337186.7324218750
42410473.1767370924 277925.3979492188
42380681.9187106416 274840.3120117188
42696815.4107071683 290563.9506835938
40754074.6287785396 160312.9898681641
45078397.6263037473 344885.5312500000
40618164.0572461784 137439.5422363281
42417029.1795772389 278936.4975585938
43007275.5371711701 299370.7607421875
43261626.7327876464 307521.2065429688
45366164.5641940981 350304.0644531250
40553435.4308794588 123821.7797851562
41658264.3735293597 236684.2640380859
43016334.5034006760 301067.6069335938
40733286.7941124439 154031.7491455078
41870745.7450896055 244920.6303710938
40787961.5315164849 160689.5081787109
43072094.9049271569 301528.1694335938
41764609.0001953691 240294.9737548828
44402570.3454845324 330653.8730468750
42825122.2875573263 293535.5668945312
40631872.8126524761 138533.9836425781
42965071.5278486013 298533.6269531250
44254642.5811083987 329138.0078125000
41016653.6539078727 187245.6672363281
45447658.4136551619 350319.5068359375
42036857.2560378611 254324.0437011719
44156080.6301783845 327823.9404296875
40716693.3860159293 150254.2937011719
41318116.9060115814 213580.3168945312
41979158.3342684954 253284.6801757812
40672718.2277472615 146380.7960205078
41163422.1612131372 199848.4193115234
41956964.3584562764 248262.9516601562
41886923.0686036870 248042.2268066406
42536717.2291374579 280184.8476562500
41084616.1571614519 192951.3936767578
40848107.3997124955 169893.5184326172
40794801.3423519954 166487.6673583984
44684725.7545644566 337212.3427734375
41277619.6179311126 211201.3010253906
41035461.2154359147 187841.5054931641
42155962.1418805793 260091.7675781250
41177071.1450032517 201581.5157470703
41096984.2779961526 197583.9382324219
41080939.7826033607 190210.3659667969
40968446.9597346336 183058.4514160156
41192767.7916326076 202897.0910644531
41336478.6358427703 213878.7263183594
40822293.1296292841 167947.0698242188
45621987.2045274228 350802.3681640625
42077823.8867286369 258278.1257324219
41169669.1943402290 201395.8294677734
41116696.4427677765 199268.4196777344
42163462.1572511718 260386.1386718750
40734232.7759868130 157884.3244628906
41314246.5099900216 211795.9652099609
42099570.4279265180 259626.6688232422
41125128.6252380013 199624.1240234375
40970661.8405430615 183728.6239013672
45746295.4531376362 351174.6552734375
40999831.6431910321 185919.6188964844
40725750.2311697602 152592.8485107422
40844694.2847779766 168852.3395996094
41047672.9020265192 189279.7282714844
40971601.5531616881 185651.0568847656
41094825.9067609534 194838.9876708984
42125440.9735855982 260078.0166015625
44141353.2974673584 326681.0434570312
40561545.8915723488 125272.8903808594
44415472.6192087904 331918.7734375000
42013622.9164725542 254195.6218261719
40688463.2959865853 149993.3948974609
40676505.2725311965 146391.3770751953
41869828.7480119243 242049.1044921875
40598063.5798862651 126672.8603515625
42097514.2274587378 259579.2954101562
40851545.8939660490 171531.8634033203
40680226.0600488484 148990.6374511719
44979513.6618391275 341765.7539062500
41975380.1394862384 252205.7231445312
40561134.1550663188 123907.2165527344
41864699.1400312334 241698.3803710938
44621142.8017181978 335882.2197265625
40552321.7822257504 123533.3486328125
44475198.2042839304 335356.8798828125
44278393.5918578580 330200.7343750000
44844482.6710697934 340789.5830078125
40654681.7455600947 138689.6333007812
44770981.6261375174 338430.5986328125
44429120.2353576943 334494.9677734375
44575011.9446962550 335466.7001953125
43879000.2389364466 319428.1235351562
44064836.2685084864 326111.9233398438
40552869.2367888615 123681.4759521484
40629329.2552544177 137788.0181884766
40609487.4024626911 135678.3764648438
40661945.5081349835 141320.2897949219
40544211.3215328604 121749.9620361328
40606332.8090356365 132462.9626464844
40582482.1762255877 126087.3532714844
40603510.4017583355 129209.9601440430
