40952219.3209191859 181276.0991210938
43848798.9032274261 326756.9667968750
42160442.5540635660 269836.9853515625
42265016.7196623385 273644.9829101562
42233004.6259012222 273199.4477539062
43666801.7656602114 322836.7851562500
40638553.3646010160 139643.5195312500
44941632.5318097621 347727.8701171875
41709403.5066459030 244602.8032226562
42028789.2844838649 261353.8134765625
40648662.6811030284 139729.1728515625
41641130.1629333496 239745.3417968750
41886837.9549905956 253074.5593261719
42279338.2403239757 273794.2846679688
42049282.3821861297 263395.7270507812
41934203.0394379497 257561.6743164062
42069082.2513207942 264659.4750976562
41681368.3631490320 243586.2838134766
42243018.6378792822 273618.0737304688
41192672.6770080402 206218.0180664062
41952322.6178718209 260950.2290039062
44735900.3850692436 343498.2792968750
42481555.9371232837 284880.4848632812
41799870.2050992846 250061.2741699219
40564473.8536428511 125328.5010986328
42784208.5391075611 294995.1684570312
41753752.8389545381 247793.5096435547
41538730.4790941775 231957.4365234375
42716757.7615488246 291273.7421875000
43994224.5701160058 327953.7041015625
43475064.5480499491 316916.4394531250
43349016.7688639313 315032.5937500000
41089282.1007181928 197843.6070556641
40816130.6239837781 168676.4602050781
40697687.4053331837 152150.0319824219
42572427.4790578336 287906.6464843750
40804152.2269434407 166810.5325927734
43599553.5582494587 321775.0439453125
41850967.8571270555 252506.7722167969
41601584.9476611167 236780.4986572266
41522294.2521581948 230740.6885986328
42773262.5239938647 294712.4316406250
42763200.7545153052 293993.0292968750
44291483.6806177422 336578.4140625000
42739273.8917612284 293965.0244140625
44328673.4811417386 337019.3906250000
41076968.8484030515 195192.7039794922
41573372.8495141715 236212.7115478516
41890033.7178938389 254046.2917480469
42612923.5379386246 288335.6547851562
42955043.6053328961 302121.3466796875
41533705.6387800574 231411.5937500000
43179321.8893105090 308395.8994140625
42431644.0104143992 280651.3374023438
40778638.4539853334 161908.4040527344
42565317.4285312891 286619.4570312500
43881042.9274750873 327272.2006835938
41908153.2963276953 257434.8464355469
43669841.0862982124 323033.6210937500
41084323.3051387221 195471.6700439453
42645871.9595594406 289889.4785156250
45319701.5368610620 350717.5566406250
41660363.6085111052 242190.8398437500
44013895.8857263252 329512.9233398438
42464600.1991784945 284285.6479492188
45147758.0354590639 348028.9355468750
44229069.8609013706 336271.9833984375
44193599.4483264685 335193.0263671875
40876378.5635648221 173475.7071533203
44868192.1636447608 344470.0117187500
40786690.8816591054 164428.9329833984
41599191.9497624636 236449.0093994141
42390494.2462585047 279795.4443359375
43382438.0996286571 315146.6914062500
44003143.8202912658 328387.2412109375
45141888.4483063892 347912.2841796875
42475813.3319585174 284287.1093750000
43831851.8686222136 326713.8676757812
43584128.9726348445 321207.2568359375
40918724.9378950819 180179.9886474609
44181607.3415871114 334373.5615234375
43952604.5447460935 327923.7192382812
43557672.6281429231 317615.0878906250
42292641.2479279041 276823.8281250000
40943634.5461400896 181145.3260498047
40839754.4749136269 169628.9455566406
42340926.2925508991 277991.0327148438
44917246.8021061271 345601.0576171875
42616873.1095940322 288349.9589843750
42231814.2933740318 272546.7949218750
44722410.5609491095 342930.4921875000
42447583.2419291735 283629.6132812500
41291872.4770721421 212651.6169433594
41177896.4897792712 202974.7780761719
42097490.1065849140 267104.9731445312
42184813.9680485651 272036.4291992188
40911987.8637060747 178543.7321777344
41478643.9816840738 227883.3437500000
43012427.6979217082 304371.6708984375
41148439.1810672134 199915.5820312500
44406447.8201214746 338971.9277343750
41775041.8959619552 249159.4351806641
43203930.5027968809 309542.8671875000
41632175.7552556992 238679.5162353516
41221455.4320093989 207775.2506103516
43111287.4051686898 307232.0083007812
41564254.3830025941 233652.0346679688
40732117.9716305435 155248.7042236328
40920645.7789620757 180849.2794189453
41633318.8110453337 239580.5886230469
43263546.0170498043 310060.0458984375
41414632.8073482215 226006.4020996094
44839272.5221141875 344132.6328125000
41384607.1273388267 221338.1378173828
43631930.8437967971 321954.6640625000
41087878.6372805834 195557.0546875000
44009564.3210980520 329466.1982421875
45169459.5772778094 348700.0927734375
41007815.5072587654 186455.2233886719
43067581.9072299078 305965.4057617188
40618711.5118092895 137835.0135498047
41336723.7952383012 215122.1842041016
43451293.2141123116 316786.2255859375
43419129.9473457187 316072.1669921875
45137562.6663350612 347847.4023437500
43651425.4074534327 322325.6152343750
43249015.7009626329 309599.4833984375
44569634.1439828351 342451.4462890625
41116226.4334323779 198440.8092041016
44634909.2020920888 342566.5986328125
43508019.3897659481 317002.7324218750
45179522.9978572726 350304.0644531250
43394495.5101836920 316038.8183593750
44126690.9858325198 332166.1425781250
40744965.6312380880 158143.1771240234
43007071.0376741663 303528.0532226562
45228409.2366159931 350427.2480468750
41470594.6969719380 227627.1562500000
44379314.4459063932 338071.0322265625
42089027.0659535825 264905.5292968750
42838144.4049681351 297592.1293945312
43867553.1033549458 326761.0307617188
41152850.5220835730 200401.6783447266
42642684.3646179363 288361.1967773438
45271925.9124058336 350580.2246093750
41629620.0911579877 237797.0180664062
45207816.6249461249 350319.5068359375
43091653.6402135864 306515.9833984375
41060499.3457168341 194977.0900878906
41306322.2657365650 214361.2259521484
41023240.0928733796 192352.8078613281
44879785.5841374248 345261.0468750000
40963985.1186712235 183728.8078613281
44006333.3066765741 328955.0283203125
41831154.0694980174 250238.3922119141
41264720.0916144550 211011.0902099609
40812262.6876363382 168146.5483398438
40745513.0858011916 158389.9899902344
41491679.8679431081 228237.8659667969
42697049.9407512620 290803.3129882812
44561201.9615126103 341064.1943359375
41353904.0296525061 215742.2545166016
44610521.2206846848 342465.7021484375
44215580.0367812291 335760.8134765625
42899386.6981784925 298394.5336914062
41295283.8429731727 214295.7435302734
40731078.1825597584 154788.2493896484
42920127.8282211050 300879.7944335938
41551190.3483563215 231966.5664062500
43816324.5692235455 325991.8500976562
40903184.4336777404 178238.0086669922
44458588.8061340824 339155.0781250000
44032732.8652876839 331598.3554687500
41059951.8911537230 194776.0323486328
43127008.8222243860 307584.6157226562
43388449.9154182896 315509.0771484375
43274369.1067157537 311082.3867187500
41013084.6649579629 186797.7736816406
40598629.7739768624 126730.3132324219
41608407.5986815244 237229.2309570312
41834602.5948397368 251580.3562011719
43120304.8895735368 307362.2221679688
40886144.6990567446 173712.0050048828
41286440.3547656685 212435.4722900391
43292488.6851496175 313321.7685546875
41652819.5421099216 240531.8354492188
42966809.4030849263 303118.1420898438
40963129.1097967252 181668.5689697266
41244554.5980268121 210370.0675048828
42784373.8022149056 295734.7690429688
40795348.7969151065 166734.4802246094
43528714.3726060018 317358.9545898438
40943087.0915769786 180898.5131835938
40697139.9507700726 151754.5606689453
40579161.6944412589 126280.8425292969
41501569.8101359010 229310.6917724609
40705952.3236106411 152849.0020751953
41488286.2456818670 228117.8488769531
41551978.1698709726 233158.2631835938
41434430.7149073482 226080.8906250000
40570358.2644129172 126155.9221191406
41442667.9508450925 227270.8560791016
40626976.4300867468 138533.9836425781
40815583.1694206670 168429.6473388672
41224864.2572967112 209421.5906982422
41400742.1359270662 223478.2506103516
40859529.7580337822 172199.3428955078
41200492.8433117121 207351.3581542969
40920098.3243989646 180602.4665527344
41356680.3812119663 220953.8891601562
42696815.4107071683 290563.9506835938
40754074.6287785396 160312.9898681641
40618164.0572461784 137439.5422363281
40553435.4308794588 123821.7797851562
41016653.6539078727 187245.6672363281
40672718.2277472615 146380.7960205078
40848107.3997124955 169893.5184326172
40794801.3423519954 166487.6673583984
41277619.6179311126 211201.3010253906
41177071.1450032517 201581.5157470703
45621987.2045274228 350802.3681640625
41169669.1943402290 201395.8294677734
41116696.4427677765 199268.4196777344
40734232.7759868130 157884.3244628906
41125128.6252380013 199624.1240234375
45746295.4531376362 351174.6552734375
40999831.6431910321 185919.6188964844
40971601.5531616881 185651.0568847656
40561545.8915723488 125272.8903808594
40688463.2959865853 149993.3948974609
40676505.2725311965 146391.3770751953
40598063.5798862651 126672.8603515625
40851545.8939660490 171531.8634033203
40680226.0600488484 148990.6374511719
40561134.1550663188 123907.2165527344
40552321.7822257504 123533.3486328125
40552869.2367888615 123681.4759521484
40609487.4024626911 135678.3764648438
40661945.5081349835 141320.2897949219
40544211.3215328604 121749.9620361328
40606332.8090356365 132462.9626464844
40603510.4017583355 129209.9601440430
