40963129.1097967252 181668.5689697266
41307341.7102097124 213816.6147460938
41869731.7316934466 249941.9311523438
43074478.0504641458 301750.5629882812
43219840.3628159091 307685.5795898438
44609248.4647149816 337635.1425781250
44264082.1299931929 335193.0263671875
41499324.6684452593 228180.4931640625
42954264.1841584221 298342.4453125000
41661353.9545421898 240524.1301269531
41737528.4278023541 243108.6263427734
41341055.3598344103 214687.1973876953
43101468.3095004931 304367.6645507812
41244554.5980268121 210370.0675048828
42679631.6041669175 288928.9838867188
43123866.3232089132 305716.0175781250
42976976.8570434526 300556.4370117188
45223796.7425672486 347786.6894531250
44142233.7019062117 329423.0214843750
43191913.6166890562 306712.8129882812
42784373.8022149056 295734.7690429688
43724177.4597358555 322265.2817382812
45269136.0879663080 350304.0644531250
43846465.3663792983 323476.1362304688
43504491.9322991371 314287.3999023438
41085026.2545407563 193733.9953613281
44836156.0087642446 343498.2792968750
40795348.7969151065 166734.4802246094
41834381.4709603935 246630.5845947266
41615769.4779159874 236302.8411865234
42043186.8445399702 255029.0844726562
43370809.5881595388 313764.2836914062
42749937.8333452418 291535.6831054688
44478642.1172201484 337016.8886718750
41082458.6832325310 193010.4418945312
44449100.0106826648 335940.4335937500
41948309.9726202786 253603.7774658203
41898559.7881330550 252238.5854492188
43559431.4001271352 317513.1850585938
41717520.0130361319 241554.4357910156
42548254.2811286375 283627.9243164062
40840640.3691417798 168852.3395996094
43528714.3726060018 317358.9545898438
45365853.4165442660 350358.1054687500
42225376.7085865363 269516.6484375000
42846826.3652226850 296358.6362304688
44653308.9812127054 340611.5595703125
41527309.4401879907 230596.5242919922
44090190.8006669506 328898.4111328125
44041599.7489225790 327518.7431640625
40943087.0915769786 180898.5131835938
42495887.6739505529 279509.1347656250
43323539.2687793151 309196.6577148438
40697139.9507700726 151754.5606689453
42653656.2950509116 287432.0312500000
43320291.4538432583 308598.6240234375
45055725.8775584921 345261.0468750000
41291772.7772323340 211904.2932128906
41500366.8726144433 228213.5002441406
45509799.1969071403 350717.5566406250
40579161.6944412589 126280.8425292969
41501569.8101359010 229310.6917724609
43345781.6042203233 310139.6127929688
41620313.0855581611 236763.9443359375
42295609.4579207897 270697.6533203125
42329081.3172975406 273648.3647460938
40705952.3236106411 152849.0020751953
43315020.7617466524 308300.4848632812
41059302.3283991441 192352.8078613281
41488286.2456818670 228117.8488769531
44757597.0114467815 342566.5986328125
42921491.6789631844 297592.1293945312
41551978.1698709726 233158.2631835938
40914213.9136288986 174083.6956787109
41639675.6860551983 237797.0180664062
44262233.8211560100 333805.7744140625
43506069.1658940464 316053.8798828125
41434430.7149073482 226080.8906250000
40570358.2644129172 126155.9221191406
41442667.9508450925 227270.8560791016
40626976.4300867468 138533.9836425781
43906432.3991238549 325991.8500976562
40815583.1694206670 168429.6473388672
40968170.2672200352 181850.8360595703
45451413.3373467326 350580.2246093750
40655423.3100896329 139644.9156494141
44017179.9197163358 326281.4165039062
42732920.8760959283 290886.2739257812
42505973.7854410335 280610.7045898438
42097760.8721413165 261516.9155273438
41224864.2572967112 209421.5906982422
43363960.0848687515 310553.1694335938
44185019.1877295151 331096.8408203125
42507030.8545450196 282245.6713867188
45443805.4636395723 350427.2480468750
44897796.5306207165 344009.4492187500
43492828.7335903570 314272.1928710938
41400742.1359270662 223478.2506103516
41335571.8002390563 213942.7192382812
41600679.4197964370 234141.5197753906
42890223.3059094623 297369.7358398438
42568604.8536597714 285742.2827148438
40885597.2444936335 173465.1921386719
42389186.2230868563 277424.0034179688
42337803.2372853532 274222.0395507812
43160447.2411626652 306614.8149414062
41420540.0434861928 223576.0809326172
40859529.7580337822 172199.3428955078
43660872.0930834040 318273.6064453125
45147476.4865837395 347439.0371093750
43214217.8439159021 307520.6987304688
43299972.8789663985 308268.1059570312
42196252.9747262150 265723.1914062500
41607916.8913158625 235607.6900634766
41200492.8433117121 207351.3581542969
42167123.1797177866 264155.0590820312
43088400.5691061243 301973.4907226562
40934654.9091067538 180661.2331542969
42195313.0004492700 265535.4875488281
42310408.9308051467 271796.5039062500
40920098.3243989646 180602.4665527344
41356680.3812119663 220953.8891601562
42254447.0411814377 270618.2182617188
42410473.1767370924 277925.3979492188
42380681.9187106416 274840.3120117188
42696815.4107071683 290563.9506835938
40754074.6287785396 160312.9898681641
40618164.0572461784 137439.5422363281
42417029.1795772389 278936.4975585938
40553435.4308794588 123821.7797851562
43016334.5034006760 301067.6069335938
40733286.7941124439 154031.7491455078
40787961.5315164849 160689.5081787109
43072094.9049271569 301528.1694335938
42965071.5278486013 298533.6269531250
41016653.6539078727 187245.6672363281
42036857.2560378611 254324.0437011719
40672718.2277472615 146380.7960205078
41163422.1612131372 199848.4193115234
40848107.3997124955 169893.5184326172
40794801.3423519954 166487.6673583984
41277619.6179311126 211201.3010253906
41035461.2154359147 187841.5054931641
41177071.1450032517 201581.5157470703
41096984.2779961526 197583.9382324219
40968446.9597346336 183058.4514160156
41192767.7916326076 202897.0910644531
45621987.2045274228 350802.3681640625
42077823.8867286369 258278.1257324219
41169669.1943402290 201395.8294677734
41116696.4427677765 199268.4196777344
40734232.7759868130 157884.3244628906
41125128.6252380013 199624.1240234375
40970661.8405430615 183728.6239013672
45746295.4531376362 351174.6552734375
40999831.6431910321 185919.6188964844
41047672.9020265192 189279.7282714844
40971601.5531616881 185651.0568847656
41094825.9067609534 194838.9876708984
40561545.8915723488 125272.8903808594
42013622.9164725542 254195.6218261719
40688463.2959865853 149993.3948974609
40676505.2725311965 146391.3770751953
40598063.5798862651 126672.8603515625
42097514.2274587378 259579.2954101562
40851545.8939660490 171531.8634033203
40680226.0600488484 148990.6374511719
40561134.1550663188 123907.2165527344
40552321.7822257504 123533.3486328125
40654681.7455600947 138689.6333007812
40552869.2367888615 123681.4759521484
40609487.4024626911 135678.3764648438
40661945.5081349835 141320.2897949219
40544211.3215328604 121749.9620361328
40606332.8090356365 132462.9626464844
40603510.4017583355 129209.9601440430
