42965706.7819003835 301528.1694335938
40618711.5118092895 137835.0135498047
41336723.7952383012 215122.1842041016
43451293.2141123116 316786.2255859375
41758256.3645948768 244724.6086425781
43419129.9473457187 316072.1669921875
45137562.6663350612 347847.4023437500
43651425.4074534327 322325.6152343750
43249015.7009626329 309599.4833984375
44569634.1439828351 342451.4462890625
41116226.4334323779 198440.8092041016
41647383.6377351433 239340.1386718750
40732684.1657211408 155071.9592285156
44243810.1268105730 336271.9833984375
41010096.0558192953 186133.9357910156
44634909.2020920888 342566.5986328125
43014893.6507902294 303767.5512695312
41590162.5606342107 235607.6900634766
42084162.4857022613 263350.0310058594
44378489.4388604239 336508.2207031250
43508019.3897659481 317002.7324218750
45179522.9978572726 350304.0644531250
41947178.9079871625 256544.2458496094
43394495.5101836920 316038.8183593750
44126690.9858325198 332166.1425781250
40744965.6312380880 158143.1771240234
43007071.0376741663 303528.0532226562
44446957.1707369313 338452.5781250000
45228409.2366159931 350427.2480468750
41470594.6969719380 227627.1562500000
44379314.4459063932 338071.0322265625
42089027.0659535825 264905.5292968750
42838144.4049681351 297592.1293945312
43867553.1033549458 326761.0307617188
40779376.7567373887 160759.0653076172
41152850.5220835730 200401.6783447266
43631981.2061436251 321757.8281250000
42642684.3646179363 288361.1967773438
45271925.9124058336 350580.2246093750
41179696.7507143244 202974.7780761719
41629620.0911579877 237797.0180664062
45207816.6249461249 350319.5068359375
43091653.6402135864 306515.9833984375
45097788.0883044824 347727.8701171875
44425840.8268396929 338172.0869140625
41060499.3457168341 194977.0900878906
41306322.2657365650 214361.2259521484
41751409.6530016214 244384.3355712891
43627818.6952113211 317990.6035156250
41023240.0928733796 192352.8078613281
42462717.0131404176 279985.5832519531
44879785.5841374248 345261.0468750000
40963985.1186712235 183728.8078613281
44006333.3066765741 328955.0283203125
41831154.0694980174 250238.3922119141
40791417.0518560112 163733.2952880859
41264720.0916144550 211011.0902099609
40812262.6876363382 168146.5483398438
43070447.2396122888 304693.6767578125
40745513.0858011916 158389.9899902344
41491679.8679431081 228237.8659667969
43974791.5107126608 327442.5341796875
42697049.9407512620 290803.3129882812
45432146.4825571179 350717.5566406250
44971503.5183800012 345299.0234375000
44561201.9615126103 341064.1943359375
40648115.2265399173 139224.1832275391
41353904.0296525061 215742.2545166016
44610521.2206846848 342465.7021484375
44215580.0367812291 335760.8134765625
41572278.3800552785 233400.8681640625
42899386.6981784925 298394.5336914062
40957460.6437705234 181276.0991210938
41859585.2998573333 251646.0322265625
42777019.3454792276 293684.2390136719
45036555.9954309762 347586.6894531250
41295283.8429731727 214295.7435302734
42051735.5886662453 261859.1823730469
41996308.4980380386 258497.8068847656
43688362.7767360508 323033.6210937500
40731078.1825597584 154788.2493896484
42957441.8646620288 301290.0004882812
41578948.8297843784 233506.0859375000
42920127.8282211050 300879.7944335938
43624444.7982004583 317793.7675781250
43979337.0367734507 327819.4541015625
41551190.3483563215 231966.5664062500
40786197.9695717767 160999.8314208984
41782196.0373578668 249159.4351806641
43816324.5692235455 325991.8500976562
40903184.4336777404 178238.0086669922
44458588.8061340824 339155.0781250000
43082504.6501673311 305585.8037109375
44032732.8652876839 331598.3554687500
41059951.8911537230 194776.0323486328
44200155.4511666223 335193.0263671875
44793030.0181732997 343498.2792968750
40948875.8689914197 181145.3260498047
41543632.5215248615 231007.0726318359
42546418.5282063633 282248.7233886719
42774284.7426939160 292117.0131835938
43127008.8222243860 307584.6157226562
43388449.9154182896 315509.0771484375
43274369.1067157537 311082.3867187500
45031123.0909166336 346190.0439453125
42448866.3998984098 279368.0634765625
41013084.6649579629 186797.7736816406
41391360.6266519576 221079.9936523438
40598629.7739768624 126730.3132324219
41608407.5986815244 237229.2309570312
41834602.5948397368 251580.3562011719
43477745.7826280370 316916.4394531250
43120304.8895735368 307362.2221679688
41892270.8487379253 252538.4916992188
41675862.5526737869 241868.0561523438
43195112.2735971436 307685.5795898438
43205164.8236859739 309412.6533203125
40886144.6990567446 173712.0050048828
41479751.8332495987 227823.1738281250
42636683.5733725503 286417.8315429688
41602411.1823748499 236684.2640380859
41286440.3547656685 212435.4722900391
41896818.5806944072 253210.3544921875
43292488.6851496175 313321.7685546875
41652819.5421099216 240531.8354492188
42966809.4030849263 303118.1420898438
40963129.1097967252 181668.5689697266
41737528.4278023541 243108.6263427734
41244554.5980268121 210370.0675048828
42679631.6041669175 288928.9838867188
42784373.8022149056 295734.7690429688
40795348.7969151065 166734.4802246094
43370809.5881595388 313764.2836914062
42749937.8333452418 291535.6831054688
43559431.4001271352 317513.1850585938
42548254.2811286375 283627.9243164062
40840640.3691417798 168852.3395996094
43528714.3726060018 317358.9545898438
42225376.7085865363 269516.6484375000
41527309.4401879907 230596.5242919922
40943087.0915769786 180898.5131835938
40697139.9507700726 151754.5606689453
40579161.6944412589 126280.8425292969
41501569.8101359010 229310.6917724609
42295609.4579207897 270697.6533203125
42329081.3172975406 273648.3647460938
40705952.3236106411 152849.0020751953
41488286.2456818670 228117.8488769531
41551978.1698709726 233158.2631835938
41434430.7149073482 226080.8906250000
40570358.2644129172 126155.9221191406
41442667.9508450925 227270.8560791016
40626976.4300867468 138533.9836425781
40815583.1694206670 168429.6473388672
40655423.3100896329 139644.9156494141
42732920.8760959283 290886.2739257812
42505973.7854410335 280610.7045898438
41224864.2572967112 209421.5906982422
42507030.8545450196 282245.6713867188
41400742.1359270662 223478.2506103516
42568604.8536597714 285742.2827148438
40885597.2444936335 173465.1921386719
42389186.2230868563 277424.0034179688
42337803.2372853532 274222.0395507812
41420540.0434861928 223576.0809326172
40859529.7580337822 172199.3428955078
42196252.9747262150 265723.1914062500
41200492.8433117121 207351.3581542969
40934654.9091067538 180661.2331542969
42195313.0004492700 265535.4875488281
42310408.9308051467 271796.5039062500
40920098.3243989646 180602.4665527344
41356680.3812119663 220953.8891601562
42254447.0411814377 270618.2182617188
42410473.1767370924 277925.3979492188
42380681.9187106416 274840.3120117188
42696815.4107071683 290563.9506835938
40754074.6287785396 160312.9898681641
40618164.0572461784 137439.5422363281
42417029.1795772389 278936.4975585938
40553435.4308794588 123821.7797851562
41016653.6539078727 187245.6672363281
40672718.2277472615 146380.7960205078
40848107.3997124955 169893.5184326172
40794801.3423519954 166487.6673583984
41277619.6179311126 211201.3010253906
41177071.1450032517 201581.5157470703
41096984.2779961526 197583.9382324219
45621987.2045274228 350802.3681640625
41169669.1943402290 201395.8294677734
41116696.4427677765 199268.4196777344
40734232.7759868130 157884.3244628906
41125128.6252380013 199624.1240234375
45746295.4531376362 351174.6552734375
40999831.6431910321 185919.6188964844
40971601.5531616881 185651.0568847656
40561545.8915723488 125272.8903808594
40688463.2959865853 149993.3948974609
40676505.2725311965 146391.3770751953
40598063.5798862651 126672.8603515625
40851545.8939660490 171531.8634033203
40680226.0600488484 148990.6374511719
40561134.1550663188 123907.2165527344
40552321.7822257504 123533.3486328125
40552869.2367888615 123681.4759521484
40609487.4024626911 135678.3764648438
40661945.5081349835 141320.2897949219
40544211.3215328604 121749.9620361328
40606332.8090356365 132462.9626464844
40603510.4017583355 129209.9601440430
