177394320.6311541498 535588.5484619141
178694843.3144959211 789693.9976196289
178726936.6694637537 791541.9993286133
183805756.1692116857 1199209.7832031250
183571742.2840583920 1185872.1064453125
192607439.8394326270 1407659.3271484375
180774954.3446270823 1000561.5665283203
189546028.4475779831 1388274.4111328125
183624726.6389874518 1189054.9169921875
177414621.2245364487 544652.0211791992
187970016.8137066662 1357482.1328125000
190386711.2134089172 1398164.8916015625
192667599.1189872921 1408142.4521484375
178633180.1548086703 789186.6372680664
190737263.1716780961 1399598.0205078125
192515824.1652411520 1407637.6542968750
178612422.8968075514 780718.1365356445
178576682.7634367645 780026.5527343750
180487830.6369562745 977917.1508789062
183552823.9795524478 1185233.6591796875
184147178.8051977158 1211174.5410156250
183703913.6789443493 1193119.9311523438
178621769.8672782481 782526.6802978516
180216744.4649652541 949738.1115722656
185244684.1883015931 1263580.6445312500
187798548.4991555214 1354997.1650390625
192870264.6296223402 1408274.5722656250
185122408.7623465061 1260275.4199218750
189662433.3104364276 1390914.8720703125
191172957.7899932265 1402386.5556640625
182034619.2469279766 1090403.8022460938
185359757.1354473233 1268033.8281250000
178546546.8430531323 776635.1238403320
178733657.3087043464 795332.7478027344
186299954.5210858881 1302962.3310546875
188069384.8047649860 1362584.7128906250
189745401.8745294511 1391350.1494140625
192944250.7791959047 1408306.9267578125
183728276.0341740847 1194773.1640625000
184283433.0672535598 1220861.5385742188
177517074.4141397476 566768.2618408203
180562143.0253346562 982544.8547363281
187821031.2653241456 1357304.7373046875
196580214.5509685576 1412783.3281250000
177299948.0225224197 494913.9327392578
178897572.5147584677 807149.0534667969
185171722.9610824585 1260915.0380859375
186679583.8745313287 1322375.5830078125
180007579.9270956516 934958.8718261719
183662105.0404295623 1192950.0107421875
196653682.3235356510 1413443.2324218750
177504181.7967300713 565225.2796630859
184060783.8682876527 1210082.6381835938
187804633.2445800602 1357131.4599609375
189555038.0285993516 1388526.1142578125
189643754.6049513519 1389900.6650390625
184272785.2599619925 1220321.2006835938
177741137.0471790731 627128.3078002930
182115978.0130856931 1097595.1992187500
197969733.6293295920 1415417.9160156250
183621379.6226660907 1187440.8242187500
192380514.1029692292 1407626.4560546875
184158994.7819339037 1217332.4038085938
188756081.1913475394 1375309.4755859375
189467802.2562107444 1386653.2011718750
177352979.8286190331 526247.2131347656
178532407.0615866780 771025.5151977539
178453889.0869379342 758389.7246704102
197901177.8347032964 1415372.0585937500
185251218.3555137515 1266017.3671875000
188657506.8522680700 1372988.3398437500
178409069.3109569550 752021.8450317383
183536638.6002108753 1182245.2297363281
183917770.1216475368 1203846.2324218750
196128389.1361750066 1411232.5537109375
177449849.5604826510 557663.6417236328
186961091.8482864499 1332433.2968750000
188587902.1390338242 1371303.2968750000
183688920.8666891456 1193032.4501953125
184270197.9918359816 1219956.4506835938
188345961.2283044755 1365581.4980468750
183978248.4837687910 1208317.0629882812
185516643.7317651808 1272332.7963867188
188450858.6252641678 1369957.4228515625
191056904.5318019390 1402014.7187500000
186459020.9003451467 1313869.0449218750
188139797.1330521107 1363523.0986328125
177774414.6576803923 630005.1946411133
186901714.5984612107 1331159.8378906250
191138440.0183854401 1402155.8173828125
185015281.7862942219 1254288.8691406250
190968187.3205258846 1400988.3886718750
188242262.1254182458 1364413.2705078125
177323160.1609357297 497947.7766113281
177348334.2732975781 522880.3987426758
180404353.8757248223 974678.1545410156
192329797.4081940353 1407292.9804687500
179882919.3654426634 923474.5676269531
187557397.8099732995 1349440.3027343750
182225759.7522161305 1104813.5898437500
179949013.1969790459 929598.8625488281
183780496.4125682414 1196851.0092773438
185172323.0828095078 1263058.2626953125
189531436.9726057053 1387141.4882812500
177332802.1491531730 520881.8338623047
186916226.3094498217 1332230.3916015625
196532380.0646929443 1412140.4609375000
186439732.2179501653 1311789.0371093750
178485637.3787351549 764687.6248168945
186547641.5359502733 1317231.1757812500
183448945.1120465696 1171562.5261230469
186579302.6836162210 1319961.9062500000
185464996.1866876185 1271720.1694335938
196800136.6487821639 1414290.0546875000
191595060.3090453148 1403638.5878906250
177325466.7481231689 511879.8753662109
192178506.9231366217 1407027.1933593750
196324722.5150436461 1411963.9736328125
177809750.9322853982 640363.9598999023
186827327.6003272831 1328158.4941406250
186856814.5354895592 1329758.9912109375
196655014.7531113625 1413489.4316406250
185553063.1803709269 1273830.1972656250
185043015.5823906660 1255059.8076171875
185697390.3996719420 1273920.8789062500
191993268.4068187773 1406067.3066406250
187292300.2124167383 1342387.9208984375
178360116.4983242154 741964.1030883789
186986950.2191102803 1334418.2421875000
189375457.4076760709 1384619.3691406250
191706647.2277347744 1404138.2812500000
187615671.9160069823 1350620.3330078125
191731901.3562324345 1404698.1621093750
196844876.5559917390 1414343.9140625000
196892733.0312538147 1414388.0283203125
178523359.8921319842 768881.8171997070
183472537.6901084483 1175860.4257812500
191903909.0486205220 1405621.2148437500
177336920.3917289674 521383.6104736328
180338977.5008076429 967443.7058105469
188370386.8236254156 1367052.9492187500
191910429.3804858923 1405719.0791015625
177925003.2001100481 643776.4810180664
178870774.7827299833 805216.7359619141
181764712.5144141018 1073807.8142089844
181743051.8375479579 1072121.1416015625
180710186.7479254901 999905.6125488281
177474743.7083272338 559712.5009155273
180382333.7264620066 972254.6818847656
180653080.3526368737 993252.9924316406
180943000.3637028933 1014908.2263183594
186971135.8982661068 1333109.0566406250
177740604.6431916356 626794.4235229492
180353626.3949909210 970862.4543457031
191498640.3850962818 1403204.9326171875
181821533.9048445821 1077323.5700683594
189335620.1775338054 1382514.5166015625
181152977.2562838197 1021429.2687988281
197066867.9796280265 1414403.9990234375
180834220.4476478398 1007611.1975097656
180995966.5281802118 1019678.7456054688
189535720.7816744447 1387977.1855468750
190903552.4787206948 1400487.8779296875
181036054.9490017593 1020913.5653076172
181793728.7177339494 1076590.5124511719
184859199.8641846776 1246658.9790039062
178386054.3853410184 746535.9041137695
180810849.7769451141 1004998.3581542969
180936428.8961294293 1013150.1706542969
189529068.8884308636 1387085.5009765625
197305216.3182798624 1414492.4375000000
180990792.0441311300 1016864.8308105469
184683965.1479423940 1239140.6059570312
190933594.2155973613 1400645.0693359375
180248045.5241437852 960803.5642089844
177838928.0160968602 641493.9567260742
184781952.5385364592 1244991.1235351562
184762997.7480142415 1244917.1127929688
187982979.5476966202 1359237.2832031250
184880064.4126258492 1248598.4394531250
188042536.5966374278 1359874.5537109375
188052549.1843387187 1361031.2636718750
180562328.9033545554 986090.8479003906
184757649.9249441922 1243712.9179687500
184508436.7544997334 1228753.8374023438
184646080.3116633296 1238237.5791015625
187520127.1212559938 1347576.2285156250
184511717.1287225187 1229395.9711914062
184558433.2419453561 1233886.5327148438
177376248.0297247469 535147.6699218750
190080596.0972593725 1395162.7724609375
177726231.0636324584 625734.8587036133
197859356.3320368230 1415182.3945312500
189863781.0206191242 1393399.8017578125
184453657.2728941739 1228181.2705078125
184345907.8641823530 1224007.8051757812
189868750.9832726419 1393497.3183593750
184355116.4462290108 1224107.5288085938
177370945.2458044291 530152.5843505859
187446171.4447388351 1346156.0927734375
197628382.1212885678 1414693.3007812500
178351145.0677953959 740298.7986450195
178256683.5202247202 724267.2963256836
197576164.6436849535 1414615.0556640625
179993341.2475816011 934813.7512207031
197516266.8534755707 1414607.1865234375
177658819.9147724211 608060.4910278320
180155485.8764323890 949634.8437500000
187626658.8052215874 1350913.2734375000
178272600.2363761365 724832.9201049805
181783171.7400074303 1074071.8706054688
181922897.1877707541 1084886.9726562500
177604516.8217822611 593103.0232543945
180519457.5224843323 982544.7883300781
187748321.9653305411 1352894.4824218750
178282850.5249797404 725920.3500366211
179915878.4698242843 923850.1125488281
180578206.1695600450 988219.2995605469
177363993.2676106691 529427.2681274414
190650564.7991016805 1398914.8466796875
178320883.4541126490 736756.4552612305
177692208.0038539767 615501.3751831055
177663315.1120908856 612126.9221801758
190350330.1206400990 1397125.3154296875
190278090.2453915477 1396468.1142578125
190228269.6017976701 1396357.1503906250
177622638.8752137423 601197.4160766602
187677857.4141559601 1352433.4599609375
189173367.0980125070 1379995.3535156250
181973829.2208750546 1088707.4838867188
177359057.8490149677 528776.4848632812
179958102.2888155282 930623.4992675781
189232256.3553026915 1381541.2119140625
189465559.1006076038 1386106.1093750000
177649310.4496288896 603106.2859497070
182486672.6244631112 1113189.8793945312
177596447.2644750476 592002.5496215820
189428003.0808925033 1385879.8134765625
181993646.1630549729 1088866.4331054688
182405340.5009385049 1110081.7326660156
182537052.2557981312 1116278.9582519531
177581923.9391756952 582383.5798950195
182751133.0533849001 1122947.1860351562
182724768.0705320537 1121955.1403808594
182368011.8191779554 1107944.9250488281
182378923.9988150597 1108827.8020019531
182392972.8755500615 1110010.6633300781
182522980.9165303707 1116225.2629394531
179282423.6141105294 833543.4371337891
182609354.2336821556 1121141.5131835938
182331138.2745830119 1107617.9865722656
181707482.0633656979 1066958.3095703125
177533631.0891648829 573591.8152465820
179270553.5577336848 833517.5593261719
179287438.0109795332 834019.3426513672
179334879.3296832442 835303.3641357422
179289426.3155737519 834140.5594482422
186134311.4510975778 1290038.6259765625
179048796.8936430514 818480.9180908203
179125138.9584980309 825190.9286499023
186248275.7099303901 1294205.8632812500
179209996.0232479274 831419.7678222656
179017810.3465098143 809608.4997558594
179103584.1692214012 822289.4136352539
181642368.4720536768 1061394.6047363281
179090099.0937613845 820075.1348266602
179151849.5422526896 829719.3590698242
179018380.2677561343 814724.1189575195
186254602.9542822838 1294330.0234375000
186091473.0156233311 1286786.8120117188
181688498.9398739040 1064336.8767089844
177565520.2923959494 575705.1907348633
181668973.8863404393 1062614.7258300781
178135833.7690114975 682380.4660644531
178181100.9610007405 694392.5878906250
181400891.8380527496 1037251.0412597656
181306252.0887537003 1031730.4304199219
178123620.5358055234 680380.5585937500
178003109.2497998178 650343.4827880859
177953158.7309758663 647576.4874267578
178032394.6010168791 655048.4027099609
177914847.6695147753 642257.2132568359
181515410.7640151680 1046211.1330566406
181499590.2076336443 1043563.4772949219
181417278.4674114585 1039794.2839355469
181251546.0504700541 1026392.8215332031
181264329.6484005749 1028167.9782714844
178168985.6208452284 692535.9855957031
178252523.9222626686 706332.0617675781
178143127.9032797217 685156.3967285156
178161510.5881114900 690166.2512207031
177950850.3594352603 643949.9365844727
178084639.6499096453 668861.7534790039
178067898.2985769808 662346.7212524414
178073009.2603012919 664111.7483520508
185827695.8209694624 1274881.0493164062
179877364.6200286150 895473.6975097656
179851383.2625244558 894398.6831054688
185945388.7388365567 1277961.2026367188
179847033.6870738268 836749.4746093750
