189120301.9229097962 1374409.1308593750
177668256.7757101655 585299.5315551758
177685973.7995597422 589744.1487426758
178997093.5054988563 799639.9500122070
180560861.9402828813 975849.7971191406
184192397.2158372104 1207994.0590820312
184466215.0422192812 1220984.6147460938
184667421.2386487424 1228613.2880859375
191162692.2168377936 1395911.6621093750
191769474.0588289499 1400576.2080078125
191830578.7125140131 1401447.3095703125
179191375.0698456466 823263.2844848633
180556993.0268039405 975722.5798339844
181689424.5231090784 1065531.1550292969
181860695.2864205837 1072566.3095703125
184178311.4736303091 1202276.6088867188
184353341.5675547123 1216657.4907226562
184745673.9678618610 1232074.4243164062
190137348.6957663596 1385436.2050781250
191545976.9522552788 1400203.0126953125
193227151.3051962554 1405382.9091796875
177642825.3174340129 582919.5025024414
180435875.7558437288 962880.5187988281
183777843.4882400036 1185159.3759765625
184228404.1642827392 1209068.5175781250
184536211.4008111358 1225522.1469726562
184303466.9170694053 1211558.1655273438
191239624.0052654445 1397698.3310546875
196476902.0062903762 1409380.0810546875
177607180.7691554427 576831.8872680664
180443292.2711356282 963762.3127441406
184219675.7244540155 1208298.2988281250
191184183.1161748767 1397336.7099609375
192727352.5788000822 1404090.6230468750
177769187.3622806370 602371.5640258789
184724845.6397753954 1230866.1386718750
187908267.9573996365 1342860.2226562500
191373498.4702353477 1398323.9199218750
180683654.5996263027 986305.4383544922
184315642.6570466459 1214134.4409179688
187851356.1803624630 1342372.3437500000
189574325.1018569767 1382017.0175781250
191289747.1315554678 1398291.5302734375
180618086.8522889912 980403.5554199219
183864962.4977842569 1190969.2875976562
196555810.1518921256 1411157.9580078125
178283130.7078808546 709852.8033447266
178292527.0953006148 716562.2340087891
180506165.0639150143 973065.1099853516
180383945.2017430067 960169.2980957031
181843386.1414773762 1070844.2453613281
181875021.5880916715 1072616.2556152344
184610375.2581175864 1227759.1757812500
187951063.5763294101 1344028.1728515625
189452973.5245239437 1381493.6806640625
189167366.5412520170 1375799.8486328125
190386714.8589523137 1390017.1621093750
177773699.0106544495 604573.7366333008
184496002.1036058962 1222223.6889648438
180578859.7228437066 978710.3996582031
181781170.0515395999 1067902.6784667969
181750829.1456815600 1067495.8271484375
181877743.4116885066 1074208.3720703125
184575906.7637795806 1225633.9238281250
187432409.0184752941 1332512.4824218750
178548567.3281550407 740203.6176757812
178467297.4530651867 736599.8981933594
178462607.1840588748 735235.6760253906
180643700.3889540136 983736.2012939453
180459772.2257743478 970129.6853027344
181559515.2178678215 1048061.1794433594
188825604.1081494391 1363980.7412109375
196302575.3268033266 1409017.7714843750
184402332.4900892675 1219620.9335937500
177718429.7397697866 595628.5576782227
177732170.1553154886 601943.9912719727
185044841.2459280193 1243680.2075195312
177778519.9073216617 610617.3294067383
178523484.8035589755 739313.5656738281
180821238.2708193362 993174.7465820312
181022934.0357005000 995983.7218017578
183968638.3635768294 1196242.4223632812
183945494.9422486722 1195556.6225585938
185470411.6333669126 1258653.6640625000
192303142.9410358369 1403117.5195312500
193898945.6177156866 1407489.9140625000
177844193.9688424468 623151.3718872070
189333985.5212619305 1380020.6572265625
178230356.3952832222 695174.0686035156
180738187.9017196298 987855.9433593750
185283145.9525293112 1252267.8920898438
185419491.8628809452 1256960.7592773438
187660508.5871848166 1337457.2675781250
190221694.5384511948 1386627.2998046875
180871363.1386061907 995561.7353515625
180844051.3457209766 994321.4060058594
178110363.3573542237 678619.9495849609
185336409.4991073310 1252638.7124023438
192541533.5873009861 1403889.4150390625
191382970.6397108734 1398807.2275390625
178135833.7690114975 682380.4660644531
178350578.7745466232 723807.4992675781
185103806.7286136150 1247268.1713867188
193524733.1111676693 1406787.7304687500
177844274.0279867649 624396.0487670898
180753518.1696732342 989028.6605224609
189528383.6571474373 1381859.4443359375
190453051.7792793512 1391259.2900390625
177814829.7943236232 616961.5668945312
177819196.1441988051 622772.7564086914
180514435.2403914034 973806.8195800781
181580827.6620583534 1055146.4255371094
190929402.7108952999 1394901.5244140625
197119552.0637410283 1412060.2968750000
180331960.0151298642 954988.3630371094
177880328.8749595881 632525.4918212891
177797789.5751294494 616011.7608642578
178181100.9610007405 694392.5878906250
184013902.6655685008 1198087.8959960938
185025576.4092841148 1241766.5063476562
189524513.9012542665 1381676.7812500000
189707314.8862353265 1383334.7695312500
190750249.8257622123 1392808.7646484375
179192283.0009987652 824483.0417480469
180326935.4767221212 950639.3443603516
181374067.5540396869 1035497.0437011719
184104618.5489751995 1201224.9477539062
187684603.7861810625 1338904.9746093750
190359848.9908501208 1389161.7910156250
190488590.8714265525 1391817.6386718750
181435362.9786245227 1042381.4440917969
189354080.6234713197 1380105.0039062500
192199881.5698784590 1402905.2119140625
181400891.8380527496 1037251.0412597656
190090697.8576709628 1384521.1679687500
197178513.7792949975 1412164.2949218750
178424501.8999570906 729597.8496093750
180298027.4765823483 949288.6765136719
189825138.3171039820 1383730.8242187500
189911812.4771076143 1384036.2060546875
188843045.4457028508 1366780.3251953125
196631463.6037824750 1411488.7099609375
178403931.1394115984 727284.7929687500
196197306.2977872491 1408244.9101562500
179067524.3773197234 812296.3611450195
181306252.0887537003 1031730.4304199219
192144463.9481708109 1402508.0205078125
177895352.5170284510 634234.9116210938
177850952.9841757715 627973.3829345703
178123620.5358055234 680380.5585937500
192053484.3948471844 1401864.8730468750
178003109.2497998178 650343.4827880859
187579087.6652106643 1335555.1894531250
190447445.6616247594 1390110.9199218750
192157931.5920344293 1402693.4501953125
177953158.7309758663 647576.4874267578
196452708.2055575252 1409376.7607421875
185189029.9357131720 1250002.8374023438
193875003.5829834938 1407408.4501953125
179551260.3759163916 824560.3958129883
177930163.8979005814 642448.3941650391
178032394.6010168791 655048.4027099609
177914847.6695147753 642257.2132568359
178447131.6633090377 733879.2668457031
180271316.0198598504 946033.0792236328
184051733.4978857934 1199300.5439453125
186152253.9018475413 1286082.3159179688
188594894.1068311334 1361485.7519531250
181515410.7640151680 1046211.1330566406
181499590.2076336443 1043563.4772949219
190809423.2715716958 1393471.2041015625
196733885.3864046335 1411556.3271484375
179055044.2679537237 811439.4296264648
179111803.3726876676 819030.2725219727
181417278.4674114585 1039794.2839355469
196891182.5762842894 1411582.9072265625
181225354.1905051768 1017848.9108886719
187294198.2639808357 1327479.8959960938
181251546.0504700541 1026392.8215332031
181264329.6484005749 1028167.9782714844
193036297.2276245058 1404607.1650390625
188843490.5381231904 1368197.3798828125
193806370.3525124192 1407328.5791015625
179157967.4269478917 822815.3679809570
179009226.6110391021 807828.8010864258
193307425.8465081155 1406349.9785156250
188828811.1453681886 1366158.3847656250
188686974.1869308650 1363788.5830078125
188961390.0269046426 1370181.4462890625
193463403.7653909624 1406583.1289062500
178168985.6208452284 692535.9855957031
178341544.8617156446 720161.5554199219
178252523.9222626686 706332.0617675781
187090972.1660383046 1321560.8559570312
193417994.9132442474 1406461.9091796875
192958887.2723003328 1404339.1640625000
182248704.3332592249 1090137.5249023438
191695310.5434175432 1400240.2500000000
193131609.3535567820 1405344.8574218750
179056835.5150864124 811825.3557739258
182361102.0937088430 1097839.9433593750
182395013.7987731099 1098800.8266601562
192696183.3521481454 1404029.8779296875
187094543.9951063991 1322872.8452148438
196954623.9184653163 1411609.7539062500
186784872.8839419484 1310351.4062500000
193145529.6142164767 1405356.3310546875
179081101.5864075124 813129.0590209961
182504969.0423719287 1101585.7260742188
182152017.8196957707 1087045.9096679688
178240692.2239269018 703601.2209472656
178921848.6957779229 792066.1541137695
180350084.8007585406 956463.9273681641
185180491.6811539531 1248477.8979492188
178143127.9032797217 685156.3967285156
178938818.1891279519 799286.1526489258
180206667.2434762120 931571.8918457031
192662645.1330988407 1403988.1435546875
186818449.8880999684 1311992.4887695312
178161510.5881114900 690166.2512207031
179006453.3309392333 804698.6555175781
188280584.2034873366 1353995.2412109375
187225428.5009015799 1325518.7875976562
187155905.0692856610 1324036.2778320312
178919916.7744704187 791826.2551879883
188507878.4014051259 1357817.5683593750
188275565.4552268684 1352857.6591796875
188541827.2250693738 1360239.6884765625
190846859.6856887937 1394737.0009765625
178802371.6576840580 778328.2294311523
188412807.4338835478 1356183.8574218750
178673967.8352371156 758393.6620483398
178694389.2366027534 759132.9703979492
178708528.7219274342 768149.1640014648
188670840.0129907429 1361571.5556640625
190757611.5628219545 1392849.2402343750
188584869.0405960083 1360252.7001953125
177950850.3594352603 643949.9365844727
178653184.6397988796 758042.1021118164
190955000.1673463285 1394917.6718750000
196501001.2715067863 1410218.8095703125
188436249.9905644655 1356470.7968750000
178777986.3131106794 774945.3347778320
178084639.6499096453 668861.7534790039
182318638.1152842045 1094356.7202148438
190333013.5359300673 1386964.8398437500
182887005.9987780750 1101614.0756835938
182112077.4818153679 1083295.8061523438
178067898.2985769808 662346.7212524414
178073009.2603012919 664111.7483520508
182257704.9936865270 1091713.4150390625
184916874.9339759350 1236742.5747070312
178738062.1883371472 771509.0620727539
187320493.4125136435 1327797.4394531250
178838232.8660925627 784760.9534301758
185792574.3043884039 1270204.9477539062
182137135.7225172222 1083827.6611328125
187654857.1615334451 1337200.3969726562
178788988.7865231335 776430.7303466797
186606937.0987089872 1303958.6777343750
186541395.8486765623 1301307.1464843750
188409956.7408408225 1355861.9794921875
186628324.0779321790 1305873.4931640625
186593869.6277243197 1302391.8447265625
186554218.8764960766 1301550.2480468750
185614839.0882710516 1264401.3916015625
190348526.5625967681 1386997.2558593750
188247306.0716527998 1351211.5234375000
188095984.4436559081 1348157.5078125000
185827695.8209694624 1274881.0493164062
179848306.1907745898 892233.3441162109
185658202.2115081847 1266990.3466796875
180243007.2838376164 934069.0178222656
179928754.0433905125 907426.8210449219
179877364.6200286150 895473.6975097656
179912531.8973004222 904570.7126464844
186758256.3455007076 1308913.5371093750
180180081.2305982113 931552.2534179688
179987785.6353124976 911682.0478515625
180244040.6593891978 938040.9035644531
185725248.0165790319 1267609.0000000000
179851383.2625244558 894398.6831054688
186294148.2803446949 1291612.4614257812
186184606.6187636554 1287820.8627929688
186156190.9954180121 1286667.6660156250
186259328.0390065014 1291486.1723632812
180151593.4601595402 928849.6330566406
180115014.0379168391 927182.7385253906
180015281.1347314715 915572.6110839844
185945388.7388365567 1277961.2026367188
186032767.8117666245 1281790.5854492188
179970506.3048363328 911085.5148925781
185412800.1098583043 1253594.2807617188
185583982.0355604291 1261626.8798828125
185635320.0717014968 1265204.8476562500
181071943.7860361338 999559.5136718750
179825338.5266709030 830482.4698486328
179826004.4778501987 831976.5977783203
179847033.6870738268 836749.4746093750
179781189.7953572273 826958.6433105469
