177624604.0785656869 587946.9066772461
180959814.2086748481 1005973.2229003906
181977555.9073597193 1081531.5825195312
185074404.3414498866 1242760.3061523438
186536222.3708026409 1301911.7529296875
186409633.4719868004 1299188.1708984375
187995878.4782213569 1352927.9096679688
177618951.7914639115 584932.0647583008
177808885.8045389652 614138.3121948242
178399668.5472000241 732356.0565185547
180235863.8792307377 950326.7286376953
182075185.8680887222 1087264.8630371094
182021720.7124370039 1083825.5939941406
182538614.0299966335 1104875.6755371094
186240853.7357774675 1290378.0712890625
192241155.9269973040 1404023.3378906250
197655471.9063260853 1413885.5781250000
185002112.8872598708 1242651.0571289062
188366059.2739214301 1363286.5166015625
178636931.9471906722 743656.5072021484
180213615.9389166534 945706.2008056641
180544835.9733810127 977989.2246093750
189494221.1230802536 1384604.7304687500
190332231.6864683628 1392292.8193359375
177691239.0807196200 598606.2102661133
180253828.3968772888 952248.5352783203
185098589.2784624994 1247875.9340820312
186329030.8335360289 1296250.5883789062
189992681.7570191026 1389925.1552734375
190062457.8260350227 1391249.0410156250
188089788.0589701533 1356600.6318359375
179012335.5897016823 809411.7068481445
180577760.6081236601 981214.6367187500
184191329.6086005867 1208038.5932617188
188070288.6311473548 1355262.9267578125
188211084.0300898850 1359529.4394531250
188240981.4469620883 1360430.3642578125
188211632.0650415123 1360405.4169921875
189219353.1045423448 1381319.2138671875
179287438.0109795332 834019.3426513672
182422335.9991532862 1102622.4443359375
184949007.7974582016 1242183.3334960938
187670280.1615531147 1340135.5302734375
189554982.5173120499 1385456.7988281250
189621378.1738433838 1386834.7412109375
197031142.2464575171 1412165.9550781250
197375662.1363490820 1413500.2431640625
177724053.4961757362 605990.1414184570
177715680.0071093738 601053.0480346680
178453663.8093868196 738978.6441650391
182798376.8701091409 1105291.2246093750
190036055.5534471869 1390079.7275390625
192137846.5577431321 1403894.4296875000
192128147.3818198144 1403838.6074218750
177529028.9764866531 565314.3240356445
179334879.3296832442 835303.3641357422
179201290.0735493302 831275.8477783203
187799123.7784212232 1346220.7685546875
189907959.8423565328 1389434.5947265625
180199184.6753797829 943708.3936767578
188051139.8580958545 1353293.6748046875
190231077.4744449854 1391594.9765625000
189897149.0442983210 1389100.6943359375
191124946.1224678755 1396810.3007812500
193462796.8274738789 1407030.5292968750
180153537.2362437546 942018.0465087891
189796449.7491397262 1388800.9248046875
179289426.3155737519 834140.5594482422
187979938.8984381258 1352105.0937500000
188468106.7369174659 1364906.1269531250
179285454.9461886287 832966.9196777344
184003711.7855881751 1199953.6777343750
186978754.0674776733 1317897.2045898438
192379067.5378539860 1404496.8466796875
177435331.0008085072 534721.7993774414
178460434.7851442099 740524.7584228516
184268680.9100387692 1212284.2285156250
177393882.7209175229 525897.5007324219
177542718.7954341173 568018.9807739258
179252360.1474982798 831596.1149902344
186134311.4510975778 1290038.6259765625
188649129.5647874177 1367838.9638671875
189582093.7957913280 1386336.4580078125
178344215.3596640229 722041.5743408203
178439345.2370914519 738677.1363525391
178525294.2015968561 742986.2747802734
179048796.8936430514 818480.9180908203
179125138.9584980309 825190.9286499023
187047421.3710967302 1318891.9399414062
191660624.2039844990 1401776.2744140625
178940145.4345560968 804571.7995605469
191425349.1443878114 1400463.6015625000
182349351.0458799899 1100044.1354980469
186248275.7099303901 1294205.8632812500
189344734.3282190561 1382429.5830078125
177365106.5509615541 504653.8640136719
178475503.8372820020 740959.5700683594
188497083.2343106568 1365151.8515625000
188571773.9159218669 1366378.9794921875
177647653.8242464066 592709.0298461914
186079536.8798790276 1286224.3823242188
191599576.7050761282 1401246.9296875000
192057786.3575433493 1402879.6640625000
189053120.6988637447 1376337.7324218750
197271570.8964861333 1412441.5683593750
178369686.6598595679 728699.5385742188
189348970.1214776635 1382770.3789062500
178427004.9584418535 735442.3565673828
179002864.0986794829 808390.6765747070
179209996.0232479274 831419.7678222656
189547770.0179570913 1385372.6083984375
180285781.6951588988 957335.6915283203
184152405.2165166736 1206723.5410156250
189564168.0387011468 1385580.7812500000
177477237.8826535046 553794.3004760742
177663347.0999443233 597857.8601684570
191516854.5107635260 1400683.0595703125
192259670.1288723350 1404213.8095703125
180550406.1901146173 978749.3349609375
181102086.0067328513 1008383.6801757812
181795747.2500178814 1072990.7263183594
177413540.3200078905 530982.5413208008
179017810.3465098143 809608.4997558594
186359367.2122718692 1297973.8173828125
180785034.2296406329 995602.0629882812
186020302.5289177895 1279602.5244140625
180847035.6161802709 1001606.6484375000
180456237.2531124055 970036.7207031250
181616018.2725669742 1053494.2521972656
184902620.6916912496 1240372.7348632812
187569296.4413653016 1336591.9316406250
188862029.2098650932 1371433.0839843750
179103584.1692214012 822289.4136352539
180469066.9870827496 971315.0063476562
187315812.6681691408 1328386.0097656250
194084406.1914710402 1407497.0849609375
189550292.8160289824 1385416.6611328125
180461243.7483159602 970483.2781982422
180349918.8093714714 961495.4140625000
189409575.1455445290 1383220.5585937500
184084150.3161632717 1201606.4633789062
180425846.7527068853 969724.6342773438
181642368.4720536768 1061394.6047363281
182154893.4948035777 1093483.1081542969
186587576.3795113862 1303150.3417968750
177384259.3864117861 523047.5764160156
189263595.9582602978 1381444.5878906250
197177047.7936085761 1412322.9013671875
177741490.0519650280 611312.9414672852
179090099.0937613845 820075.1348266602
177450972.7885885239 539994.0353393555
179151849.5422526896 829719.3590698242
182238903.4665537477 1098105.9733886719
182100088.6254689395 1090043.9621582031
189208833.4012600482 1379254.4785156250
177473607.5056021512 545232.4694213867
179018380.2677561343 814724.1189575195
191228021.0543132424 1397896.9863281250
191267051.6392053962 1399471.1855468750
177608669.1166127324 579308.3515014648
177513447.4683267176 564487.2109985352
177487363.4290223420 558566.8460083008
180490984.1801028252 974066.9477539062
192239360.1338513196 1403912.3955078125
191749988.3604117036 1401857.3085937500
180843757.6341877878 998665.2370605469
180810739.9168717861 997896.5107421875
177378862.4743817449 519614.3687744141
180709428.0425671935 992044.8437500000
177418728.2978172302 534286.5610351562
186254602.9542822838 1294330.0234375000
186091473.0156233311 1286786.8120117188
180688400.5978274345 988627.8242187500
181688498.9398739040 1064336.8767089844
189058294.1259549856 1376882.6972656250
178268161.5001107454 712289.3726806641
181864394.0716704726 1076596.9724121094
181728847.6239460409 1066518.0266113281
177475241.1022254825 552849.2219848633
181704178.4630435109 1064756.5383300781
177628245.9124462903 588449.7962036133
180528780.6273858547 976044.7045898438
191797759.8917102516 1401944.7714843750
177565520.2923959494 575705.1907348633
178225736.9407866001 705709.0335693359
186731031.1407366395 1310085.8276367188
181668973.8863404393 1062614.7258300781
180625983.4426276982 985327.4238281250
177504397.6917284429 563143.9646606445
184468092.6407367587 1222932.0463867188
178265940.0654523969 708170.5490112305
183742988.6797667444 1179378.0253906250
187349449.4578901231 1329580.4736328125
184443110.0620469153 1221153.3618164062
196474451.9060363173 1410973.2324218750
184353341.5675547123 1216657.4907226562
193227151.3051962554 1405382.9091796875
183777843.4882400036 1185159.3759765625
184536211.4008111358 1225522.1469726562
180683654.5996263027 986305.4383544922
183864962.4977842569 1190969.2875976562
196555810.1518921256 1411157.9580078125
178292527.0953006148 716562.2340087891
184610375.2581175864 1227759.1757812500
181750829.1456815600 1067495.8271484375
187432409.0184752941 1332512.4824218750
180459772.2257743478 970129.6853027344
196302575.3268033266 1409017.7714843750
184402332.4900892675 1219620.9335937500
183968638.3635768294 1196242.4223632812
183945494.9422486722 1195556.6225585938
193898945.6177156866 1407489.9140625000
185419491.8628809452 1256960.7592773438
178110363.3573542237 678619.9495849609
185336409.4991073310 1252638.7124023438
178135833.7690114975 682380.4660644531
177844274.0279867649 624396.0487670898
177819196.1441988051 622772.7564086914
178181100.9610007405 694392.5878906250
190750249.8257622123 1392808.7646484375
181400891.8380527496 1037251.0412597656
196631463.6037824750 1411488.7099609375
196197306.2977872491 1408244.9101562500
181306252.0887537003 1031730.4304199219
177895352.5170284510 634234.9116210938
177850952.9841757715 627973.3829345703
178123620.5358055234 680380.5585937500
178003109.2497998178 650343.4827880859
177953158.7309758663 647576.4874267578
196452708.2055575252 1409376.7607421875
185189029.9357131720 1250002.8374023438
193875003.5829834938 1407408.4501953125
177930163.8979005814 642448.3941650391
178032394.6010168791 655048.4027099609
177914847.6695147753 642257.2132568359
181515410.7640151680 1046211.1330566406
181499590.2076336443 1043563.4772949219
190809423.2715716958 1393471.2041015625
196733885.3864046335 1411556.3271484375
181417278.4674114585 1039794.2839355469
196891182.5762842894 1411582.9072265625
181225354.1905051768 1017848.9108886719
181251546.0504700541 1026392.8215332031
181264329.6484005749 1028167.9782714844
193036297.2276245058 1404607.1650390625
193806370.3525124192 1407328.5791015625
193307425.8465081155 1406349.9785156250
178168985.6208452284 692535.9855957031
178252523.9222626686 706332.0617675781
187090972.1660383046 1321560.8559570312
193417994.9132442474 1406461.9091796875
193131609.3535567820 1405344.8574218750
187094543.9951063991 1322872.8452148438
196954623.9184653163 1411609.7539062500
186784872.8839419484 1310351.4062500000
193145529.6142164767 1405356.3310546875
178921848.6957779229 792066.1541137695
185180491.6811539531 1248477.8979492188
178143127.9032797217 685156.3967285156
186818449.8880999684 1311992.4887695312
178161510.5881114900 690166.2512207031
187155905.0692856610 1324036.2778320312
178919916.7744704187 791826.2551879883
190846859.6856887937 1394737.0009765625
178802371.6576840580 778328.2294311523
178673967.8352371156 758393.6620483398
178694389.2366027534 759132.9703979492
178708528.7219274342 768149.1640014648
190757611.5628219545 1392849.2402343750
177950850.3594352603 643949.9365844727
178653184.6397988796 758042.1021118164
190955000.1673463285 1394917.6718750000
178777986.3131106794 774945.3347778320
178084639.6499096453 668861.7534790039
178067898.2985769808 662346.7212524414
178073009.2603012919 664111.7483520508
178738062.1883371472 771509.0620727539
178838232.8660925627 784760.9534301758
178788988.7865231335 776430.7303466797
186606937.0987089872 1303958.6777343750
186628324.0779321790 1305873.4931640625
185614839.0882710516 1264401.3916015625
185827695.8209694624 1274881.0493164062
185658202.2115081847 1266990.3466796875
179928754.0433905125 907426.8210449219
179877364.6200286150 895473.6975097656
179912531.8973004222 904570.7126464844
179987785.6353124976 911682.0478515625
185725248.0165790319 1267609.0000000000
179851383.2625244558 894398.6831054688
180151593.4601595402 928849.6330566406
180115014.0379168391 927182.7385253906
180015281.1347314715 915572.6110839844
185945388.7388365567 1277961.2026367188
186032767.8117666245 1281790.5854492188
179970506.3048363328 911085.5148925781
185412800.1098583043 1253594.2807617188
185583982.0355604291 1261626.8798828125
185635320.0717014968 1265204.8476562500
179847033.6870738268 836749.4746093750
