184716646.6082252562 2169235.2192382812
184694728.5825183094 2158375.1684570312
187172733.0134375989 2497910.6699218750
187106157.1074231863 2490205.7744140625
195368150.2550870776 2796878.8085937500
198619170.6677139699 2837450.9140625000
199190660.0898159146 2840709.5683593750
199177167.0137723982 2840292.7343750000
203039235.8956378698 2854958.3828125000
184577387.2771293223 2136693.8876953125
184989624.3073369861 2225139.5263671875
199526816.5717788935 2841886.1582031250
185700361.1344987750 2334810.8857421875
185609903.9325829744 2322132.2900390625
185918127.2485792339 2355094.9931640625
185546209.0886539817 2316104.4267578125
185653791.3673364520 2334215.4160156250
203246930.0312062502 2856683.4375000000
202756087.4120495021 2854346.5722656250
204462605.1506371498 2858328.7402343750
195321057.3528320789 2796135.7890625000
184705465.2259561718 2159059.0502929688
187113121.5479001105 2492350.1796875000
184261697.3944324851 2009479.8149414062
191584001.6217730045 2724624.1738281250
199396205.8111733794 2840947.4570312500
215986174.8220449090 2861655.4628906250
189082811.2105377913 2626208.3398437500
184951657.4517113566 2215010.0996093750
185456710.0752898157 2307314.5000000000
188030718.5303860903 2566694.0117187500
197322464.5697337985 2824289.0527343750
194332685.6250804663 2784827.7558593750
184384941.7103559077 2071830.7622070312
184597448.2152556777 2141060.4389648438
198965081.9858544469 2839272.8398437500
185497456.8492749631 2309197.3164062500
198360829.7609837949 2832435.0585937500
204539290.8373619914 2858590.7441406250
194770785.6648945808 2790317.8222656250
204912358.3990701437 2858927.1855468750
187783682.8494686186 2550214.1523437500
191696812.0526655912 2727765.1132812500
198403847.9455668926 2833632.3242187500
187127887.7679539323 2495506.0390625000
198407430.7709418535 2834363.1015625000
188231255.7872195542 2571274.0039062500
189338518.3780841231 2636533.2490234375
198907255.3907609582 2838883.6621093750
199025617.2959747314 2839869.2734375000
202983288.8205469549 2854639.6191406250
186363826.8930364549 2407026.1445312500
184631794.9008262753 2149115.5834960938
194294594.2998965979 2784102.1640625000
194424952.5904278457 2786369.0273437500
189030741.2248925567 2622500.3173828125
191847212.5973199308 2730624.7968750000
185081802.5042633712 2234711.3085937500
185451527.5850656927 2301747.4990234375
187165495.7602006197 2497005.4394531250
190692150.7648493052 2694516.8300781250
189058427.8574895859 2624111.6181640625
191462564.1403359771 2721151.0273437500
190712282.0114113688 2697730.8945312500
191230219.6866824031 2712451.6445312500
198393470.7010763288 2832852.4472656250
198388723.7256338000 2832722.9433593750
194295461.3528053761 2784624.6015625000
198694323.2597262263 2837502.7636718750
189380382.2982112169 2638264.2861328125
184248022.1060496569 2005822.3774414062
212346326.0422686934 2861419.8574218750
184192352.5473631024 1976896.3266601562
191549759.8338069320 2724388.1796875000
198781276.8797934055 2838776.0253906250
194062663.3922539353 2779244.3886718750
189023676.6586040854 2622211.3906250000
191509766.4718722105 2721732.9511718750
211747567.2882371545 2860380.9023437500
185512115.2477754653 2315380.3798828125
198398788.4748230875 2832918.1035156250
185779897.8930288851 2347021.7265625000
184210139.9679799974 1988075.1157226562
184245766.8934233487 2002577.8208007812
203760111.5222800374 2857141.7929687500
189573193.7451837659 2646021.3378906250
185702663.9619188011 2338033.4892578125
185063061.1507926285 2233400.2519531250
187361303.8564412594 2516330.3251953125
187990182.3529488146 2565263.1914062500
203915197.4427106977 2857622.1621093750
189638753.9086788893 2646130.5048828125
194060027.2543728650 2778157.1113281250
187217682.7751355469 2504284.3828125000
184262730.3667957187 2012840.0795898438
185847414.2946552336 2354028.0068359375
203754575.4190885127 2856900.9355468750
188156772.6020572484 2569934.1562500000
193647211.6482797265 2769319.0742187500
194116240.0853117704 2781005.6699218750
198083688.3273393810 2831443.3164062500
203872579.6386779249 2857543.1699218750
190887166.0649777651 2703796.6621093750
193999096.3702833951 2776909.0625000000
191402099.8157637417 2720290.6074218750
197996907.4303986430 2830789.4648437500
204315394.0237998962 2858282.2167968750
186300235.9776635468 2402627.5947265625
184210318.1653371751 1990076.1616210938
204266234.0107847750 2858209.3632812500
186243585.4170964360 2397226.7070312500
191065449.9038971961 2707914.5937500000
193835139.5542773902 2775789.2382812500
194354246.2454192936 2784878.0839843750
204025167.6685931385 2857986.8789062500
190932072.4858607948 2705613.3144531250
186346088.3131093383 2405068.8964843750
184275815.7489827573 2014802.2495117188
185420410.5440483987 2299660.5986328125
189183125.2976174355 2631303.8964843750
185103965.5778134763 2246462.5771484375
194205284.6162261665 2782051.8789062500
186479158.5152032673 2411969.7929687500
191628285.8511363268 2725788.6914062500
190781451.4502351582 2700105.0781250000
189461573.2236574292 2643878.2548828125
197228804.7836194634 2823772.0722656250
199886925.5640806556 2842288.3261718750
197881764.7006152868 2830516.7441406250
200304762.4536141455 2843848.2226562500
200167022.3130273223 2843018.4140625000
184397203.7272004783 2081364.8745117188
185356788.8468034863 2287407.1748046875
189959030.7701609731 2646556.5087890625
192777433.1186195910 2749347.1171875000
187966369.5251358747 2563520.1289062500
193812538.2940700948 2774111.9687500000
203937401.2874552608 2857757.2031250000
189764144.7653483152 2646437.1064453125
184313436.1511743367 2037558.6484375000
187845089.1165693998 2554379.3828125000
189241611.4955196977 2634542.8388671875
184669340.7763963342 2152545.8139648438
186203354.4179424942 2393967.5771484375
200202143.8210143149 2843230.2128906250
199723509.0064072013 2841971.4550781250
184683035.8996078372 2155123.1137695312
184320864.7029777169 2040797.1162109375
184592429.0886501968 2139713.8696289062
184216991.0976632833 1994214.3735351562
188072155.3178979754 2567215.3193359375
185214704.9188944399 2263343.1464843750
191337398.6597383320 2717184.3164062500
184331781.3641637266 2047224.5253906250
185629762.7149165273 2327970.0332031250
215727607.2211287022 2861590.8261718750
189443945.2768524289 2642209.8095703125
189348026.2752688527 2637089.1093750000
197385068.2957174182 2825009.6308593750
184243892.3389151692 1999753.5083007812
197575008.3752947450 2827876.7636718750
188140309.7355969846 2568445.5078125000
191498543.6604661047 2721298.0878906250
185030865.9924174547 2232899.2226562500
184201227.3746465743 1983952.1147460938
189330255.3864160776 2635807.2949218750
184341928.9270320833 2052527.8339843750
184523056.2768724561 2112515.4018554688
191140436.5934245586 2710638.5800781250
184544661.4526022673 2125134.1186523438
185326558.3436984718 2279026.6679687500
184383327.3804713786 2058118.9140625000
185733248.5095318556 2338440.7968750000
185751800.3234510720 2343557.2431640625
184300990.2046689689 2036726.4404296875
185337465.7327116430 2285187.8847656250
193367911.4004886448 2765347.8789062500
185357053.8312776089 2288555.1650390625
185238991.7469627857 2264695.5610351562
189200435.9175739884 2632452.6630859375
185743146.1804080606 2342272.3300781250
184292751.0263701379 2025903.3476562500
192844111.5345493853 2753201.7988281250
192783416.6113790274 2752418.9042968750
193446223.0492646396 2766451.9589843750
184528194.8648697734 2122379.3364257812
212201563.5262675285 2860420.6464843750
187940923.7068543434 2561408.3466796875
185099881.0324177146 2243263.4130859375
184334086.5530200303 2047515.5029296875
190500397.0916070342 2689096.4892578125
212545887.4285505414 2861430.9023437500
186193243.8789655268 2392486.3564453125
184443497.9492658675 2093414.0932617188
184568204.8718110323 2132185.4555664062
184408727.0583541691 2086026.7827148438
185391805.8523244858 2292747.1093750000
185292657.0941524804 2278435.9746093750
184622842.0062608421 2142939.9379882812
184298364.0258367360 2031714.1093750000
196332873.2029650509 2807986.7968750000
190173297.0548862219 2672130.4882812500
190629590.9334329665 2692711.7929687500
184458801.7345044315 2095582.5498046875
184548439.0706541836 2126828.8735351562
213754451.8001685739 2861439.5410156250
186007033.9698921442 2367457.6015625000
184775531.3425709605 2174814.6079101562
190433949.8175182343 2685152.4472656250
212266170.1363707185 2860684.6679687500
187142420.3140518963 2495896.0830078125
187812990.6783354580 2552786.3574218750
187821186.6935920715 2553126.9414062500
196356920.9906361103 2809167.7636718750
196574671.1195096672 2812419.5742187500
188896020.1680043042 2613839.4189453125
185201079.2248030305 2255351.6455078125
186094785.5186837018 2381043.6914062500
196432960.0053293109 2809382.8066406250
200700521.1851152182 2843987.0371093750
188952864.1349181533 2616395.5957031250
185257858.6677742004 2268606.8837890625
188866661.4789119661 2610684.2714843750
185205120.0704786181 2260483.9287109375
185151369.3654861748 2252240.4306640625
185088163.1805060804 2240677.2998046875
184441691.5198760033 2090873.1489257812
190780953.2044898868 2698995.3359375000
187793361.4879957139 2552694.7773437500
192044951.7556892037 2731793.9980468750
184840952.2134952545 2185712.7934570312
196679774.7112700343 2814967.7500000000
196558401.3280652165 2811716.1679687500
188953275.9516674578 2618601.7207031250
192680845.6968047619 2748747.4414062500
196586736.2270599902 2813488.6230468750
193047160.0418808162 2757289.6230468750
192415257.3686772585 2743492.0546875000
192644642.3354292512 2747951.0703125000
192163463.8447311819 2733640.4101562500
186048658.7418079972 2372690.1445312500
184433604.0985690653 2089071.7055664062
185975343.6246209145 2363996.3701171875
193018692.2279655635 2756741.6328125000
186012736.8156367540 2367708.0644531250
184482404.6811786890 2104323.6186523438
200783684.3377976120 2844822.2675781250
186035883.9369673729 2370539.0449218750
187700192.0738265812 2545969.1289062500
191252676.3390095234 2712912.7031250000
192907698.7820396721 2754846.5390625000
186063447.5223801434 2378101.3417968750
192798314.4794161022 2752627.3164062500
190564767.1400053799 2689631.9970703125
190601062.5571737587 2691717.5869140625
200059554.0335752070 2842455.1191406250
184495394.2480767667 2108218.3295898438
184950974.9315193295 2207051.2822265625
184878356.0642358363 2189598.9169921875
187411510.3521564901 2522239.1572265625
184934716.6328080297 2203230.5830078125
187384165.8397450149 2520165.0097656250
184950387.5032971799 2204903.8427734375
184871817.6187037230 2188934.6699218750
187451097.0011913180 2524381.1064453125
184894825.2901544571 2197421.3349609375
184869154.7712081671 2188854.7207031250
184815404.0662157238 2180611.2226562500
187453160.7297494411 2525753.3554687500
187432999.2541946173 2523365.9326171875
187496882.0884522796 2530321.2070312500
188579747.8544336259 2592833.9179687500
188720589.8425761163 2602717.6552734375
188496899.8454181850 2586396.8466796875
188623645.7471327782 2595116.1416015625
188563700.5865769684 2589350.4980468750
188630544.6127443612 2596232.0322265625
202568199.0074056089 2849954.6113281250
192543706.6106599867 2745607.5820312500
192306673.8896323144 2738604.1152343750
195988867.2783895731 2802296.9882812500
202002746.4853895903 2847545.2070312500
195978750.3632739484 2801544.0507812500
196175504.5791797936 2804577.3183593750
195897362.9012446702 2800907.0761718750
195863813.6073528528 2800697.5820312500
195944509.3296511471 2801427.4882812500
202326614.1990139186 2847849.1542968750
188478655.2487724125 2576750.6376953125
202411829.5926139653 2847912.4570312500
188484124.6674666703 2579636.8769531250
187088596.5539056063 2477572.6083984375
201871539.2070218921 2846159.4824218750
187068083.1176495552 2469185.0966796875
187043098.3114942610 2459860.7382812500
186963617.2562035024 2456301.0058593750
187049671.3230609596 2466029.8652343750
187076048.8647636771 2469461.8896484375
187038039.4294403195 2458623.4980468750
