188814078.9908172190 2605633.9072265625
190990425.8319178522 2700689.0019531250
192141164.3969168961 2732961.0742187500
184877001.6061031520 2184913.4223632812
187547542.5857301056 2530436.6435546875
189018907.4720915854 2613464.3750000000
190641130.6263927817 2689198.2431640625
191933002.6873471439 2731818.4199218750
193835620.9469599426 2767901.4707031250
203511085.8899707794 2851917.0722656250
184731699.0526545644 2160138.5932617188
193456865.3731302321 2763829.9511718750
190685519.8997232318 2691678.6191406250
198285037.9122791290 2828367.2675781250
200148749.5292042792 2842701.4531250000
184385198.2288904190 2006692.5122070312
190859173.8908568621 2698657.7675781250
191283543.9873193502 2708345.0253906250
198324343.3180828989 2829501.0644531250
191567226.3125278652 2721389.5234375000
184531661.2720061839 2108819.8959960938
184850816.6428663135 2184028.8203125000
191077151.5624862611 2705042.4023437500
191111892.7726550102 2707472.6464843750
192845956.1315687895 2751908.9570312500
199168357.7904227376 2835391.2128906250
204045704.3735700548 2852594.3554687500
185111316.8281393349 2203091.0810546875
190822737.7629160285 2693758.6582031250
193583281.9527503252 2765496.6621093750
203781855.5470062792 2852438.6269531250
215760021.8191732466 2857525.0117187500
184460707.3884553313 2079636.3559570312
184916866.3398203552 2190864.2255859375
184951452.6704279482 2200747.7197265625
184469341.7134045064 2089043.6723632812
193030517.1121623516 2754102.9570312500
186243722.8579148948 2387932.4326171875
186410397.9019809663 2396611.6953125000
186702424.5058138371 2397148.8964843750
186198266.5826637447 2379092.7412109375
187445256.3649215102 2519518.6826171875
192723118.5641272068 2749499.4609375000
184796536.0468884110 2175527.8168945312
184829242.9835102856 2177444.5219726562
192900754.8706537187 2753228.8105468750
190774235.5943982303 2692687.6054687500
191499609.2685286701 2719121.5722656250
193427483.7068404257 2762824.2519531250
186188791.4868675470 2378659.0058593750
186198532.5037653148 2384428.2666015625
186152296.5969341695 2378360.7011718750
211156734.9578891993 2856851.2480468750
184609294.3261305392 2130081.0629882812
184738907.6438424289 2165133.2573242188
190672359.2345233560 2690115.8056640625
198500344.1319339871 2830405.9667968750
184710286.6337345243 2158281.7553710938
193217598.1110545695 2759628.7382812500
198644161.9503668249 2833158.8183593750
186112989.9925837517 2375854.7021484375
192858638.8665859997 2752040.8281250000
184536531.7440187037 2110393.3012695312
186089210.0808991194 2370958.4042968750
187483703.6451349556 2525904.5957031250
187544190.2609309852 2529544.4667968750
211036847.8277863264 2856825.0078125000
184411014.0229389668 2015212.9951171875
187426617.2194347084 2517699.7910156250
187482767.8687919378 2522896.1464843750
195571647.0921650827 2795165.6230468750
184562388.4161570668 2116094.7270507812
187521858.6898865700 2529520.0693359375
188720589.8425761163 2602717.6552734375
189034086.1826274097 2614409.9267578125
188605169.0453419685 2592639.8076171875
188496899.8454181850 2586396.8466796875
188786336.8632570505 2604342.9619140625
203531837.4360022247 2851992.9531250000
184539711.1844875216 2111659.5209960938
188623645.7471327782 2595116.1416015625
184542992.9628894329 2113905.6469726562
184770198.7387253642 2165731.8149414062
188563700.5865769684 2589350.4980468750
188630544.6127443612 2596232.0322265625
200483377.7649042010 2843376.9375000000
186110948.8272418082 2371709.8710937500
188597226.7287842333 2590548.6425781250
184497488.0735930800 2096143.9965820312
190878506.4837669432 2699028.8222656250
192455701.0755357444 2742397.3359375000
198704445.5951313078 2833450.0566406250
196904500.1331307888 2810863.2734375000
187961661.0654597580 2551790.7207031250
192766162.8126364350 2751484.3847656250
211441383.0923097134 2857509.2890625000
200600012.2597530484 2843423.5449218750
184425356.7510011792 2021240.1782226562
187955848.8198835254 2550481.0898437500
184403776.4001508057 2014638.7968750000
184563302.1583342552 2118581.6743164062
187881569.2351416647 2546604.8251953125
187780319.9873806834 2543679.7910156250
193378987.7547936141 2761874.8906250000
210796088.4818657637 2856573.9980468750
187159360.6004006267 2488307.9755859375
192407620.2099609375 2740668.3027343750
212699584.4243369102 2857519.3554687500
202490040.7442883849 2848407.5976562500
188106777.6607581973 2552036.4853515625
184359679.0332049131 1988198.9770507812
193075198.7819269598 2757035.8808593750
198362817.9518755078 2830111.6933593750
199423564.7813626230 2839027.0703125000
184374547.1853623688 2004173.2470703125
184506025.2187738121 2105306.1625976562
195603782.3476520181 2796292.1093750000
186085310.1772046685 2367916.2988281250
199909211.4912323952 2841695.3320312500
196966878.7042824030 2811040.0097656250
184689850.4846195877 2151636.4282226562
197919520.3564465940 2819055.6132812500
187222212.6915845871 2497429.4550781250
200286113.9840459228 2842956.5097656250
184419322.2061127424 2015977.2387695312
192659119.6554369032 2747736.5039062500
184526546.0340520144 2108610.2202148438
192867093.7053724825 2752376.4062500000
192492570.9827914238 2743330.6191406250
184354478.1796794534 1988090.6914062500
202919173.4231090546 2850561.2988281250
184427035.0488021672 2022495.4418945312
186001724.7949159145 2356347.5791015625
194187475.8590773344 2772268.1894531250
199953281.4855987430 2841697.5429687500
202568199.0074056089 2849954.6113281250
193789218.1643485725 2765927.3046875000
184564171.7996999621 2124589.3217773438
192512667.9398613870 2743970.3671875000
192502252.6678974330 2743735.6875000000
197963158.6255560219 2823463.2910156250
187233238.0499224961 2497607.1210937500
202997338.8221139908 2851176.2187500000
197859004.5324599445 2817412.6982421875
186088240.3716553152 2370439.4082031250
185897176.9760734439 2342164.1113281250
186009298.0602126718 2362207.1738281250
192543706.6106599867 2745607.5820312500
184831204.7591423392 2179029.2475585938
196388429.9362050295 2806584.1953125000
198275785.4022202790 2827414.1054687500
184366608.9146734476 1993985.8032226562
191546014.8593149483 2721069.4472656250
193841172.3689008057 2767919.1660156250
195808374.2267028689 2799430.9355468750
185953798.9299994409 2349703.4521484375
198024884.9394392371 2825818.3789062500
203248397.4379877448 2851417.7539062500
184719720.1593197882 2159875.7739257812
185911527.3797670901 2348088.0351562500
203148366.2733982801 2851357.8613281250
184615739.5333614349 2136048.9184570312
185183404.3634509146 2209178.0356445312
185164286.5593111217 2205488.6831054688
203452560.5807599425 2851667.6738281250
184931061.2488724589 2192617.3989257812
191760575.0893023014 2726422.6347656250
191860728.6206962466 2727287.8828125000
192306673.8896323144 2738604.1152343750
194054073.2004997432 2770380.6406250000
199321350.6325811148 2837654.5039062500
194176335.5539636910 2771868.0742187500
184685502.8377721906 2145992.1323242188
184671694.7136760950 2145448.4458007812
184670013.3894675076 2144652.3989257812
184639671.7658520937 2142056.1713867188
203109160.4949294031 2851279.8476562500
191712747.9893076718 2725543.4570312500
195988867.2783895731 2802296.9882812500
194277759.5532360971 2772467.6582031250
196328282.9586769938 2806299.6582031250
184613836.6939752400 2131542.2788085938
202002746.4853895903 2847545.2070312500
199793109.6905298531 2840463.0175781250
195978750.3632739484 2801544.0507812500
185954243.5535746515 2350793.1093750000
196719714.7815796137 2810151.8398437500
198301553.1191224754 2828395.2695312500
196308565.0697997808 2806233.7890625000
198850008.6301387250 2834497.8085937500
211317616.8517019451 2856925.3652343750
199571222.2604230046 2839846.0781250000
185974860.1407175958 2352984.5498046875
199605823.7977846861 2839939.6425781250
196175504.5791797936 2804577.3183593750
195897362.9012446702 2800907.0761718750
191590387.5802331269 2722306.1523437500
189229811.8319776058 2619449.0273437500
189066516.9346256852 2615253.9882812500
201819419.2972187400 2844697.7910156250
189163932.6476943791 2617517.9384765625
189345216.4977772236 2625846.7500000000
198483633.1071305275 2830362.2851562500
189438247.2038804293 2627323.4667968750
185858302.3092375994 2340322.3457031250
195863813.6073528528 2800697.5820312500
201858015.9227647185 2844745.7050781250
198969643.3373882771 2835038.7792968750
189348926.3715429008 2626540.1181640625
195944509.3296511471 2801427.4882812500
198508151.3883895278 2830804.9863281250
185850897.0630776882 2338252.1699218750
199756255.7469132543 2839972.0156250000
189122280.6845335066 2617417.3740234375
187310924.8644775152 2502073.8623046875
198427916.5657691061 2830289.4726562500
198990943.9274177551 2835220.6445312500
202326614.1990139186 2847849.1542968750
185880378.2718829811 2340846.6816406250
198571091.0608868003 2831174.8710937500
197183092.0599719286 2811302.4472656250
197286235.3527919948 2812771.2851562500
197083052.3717369139 2811253.7402343750
190607904.4320791066 2682013.2958984375
191480491.0290792286 2718486.7675781250
188478655.2487724125 2576750.6376953125
185122275.1439256966 2203632.3583984375
190999098.7596119344 2702142.4218750000
191192292.8642506897 2707911.2753906250
187374405.6246317327 2510270.9638671875
191103618.8706434965 2706282.4062500000
191362486.7203586698 2715249.4628906250
185835426.8482831120 2333377.3671875000
185686164.3677691519 2304188.6533203125
185725965.2220798731 2315418.4462890625
191431194.9618203640 2716286.7558593750
202411829.5926139653 2847912.4570312500
188484124.6674666703 2579636.8769531250
191915432.4431378245 2728656.8378906250
185785936.0362080336 2324185.5458984375
191402257.4785396159 2716105.0644531250
187124270.5494211912 2480929.2285156250
185776141.9770203233 2322770.9345703125
195119904.2153666914 2786045.4667968750
185776250.7117657661 2323769.1708984375
187088596.5539056063 2477572.6083984375
194915976.4215460122 2782713.2753906250
188113897.5163541436 2554318.4462890625
201707549.2076459229 2844292.1660156250
201871539.2070218921 2846159.4824218750
188192014.6108607054 2561575.6591796875
188288347.5642088354 2564777.2226562500
188327620.7778064907 2566641.7998046875
187068083.1176495552 2469185.0966796875
188191082.3218249679 2558698.2216796875
187133571.1141192913 2482610.0576171875
187204585.7215693295 2490821.4091796875
185685423.0246233642 2302809.4238281250
195261054.3622260392 2787914.1035156250
188247587.9550402164 2564343.5771484375
194857707.0485427380 2782251.8378906250
185720378.9531046748 2310441.0439453125
185714724.5408230722 2308393.0595703125
188163047.2596840560 2557114.0283203125
195051432.1863017976 2785328.7421875000
194783118.2127983570 2780908.2656250000
187043098.3114942610 2459860.7382812500
194729130.6341389716 2778977.6738281250
188133534.4407001734 2554839.5976562500
194501882.6360078454 2772885.7548828125
210099346.2731602788 2853378.0214843750
194435658.7446626425 2772714.3496093750
185627585.2990665138 2277640.4140625000
185683082.2543824315 2288529.8906250000
185632667.4108013511 2279462.3623046875
186963617.2562035024 2456301.0058593750
185656744.0161437690 2287034.7812500000
190555818.5904600024 2668494.2802734375
185601976.2138722837 2273284.6005859375
210405971.8661268651 2854058.4414062500
187049671.3230609596 2466029.8652343750
187076048.8647636771 2469461.8896484375
185648431.1338180602 2286565.7304687500
190592987.3627021611 2670667.1162109375
185343906.8017977476 2212919.6494140625
185413596.3125783503 2226077.4492187500
201672743.2269343436 2844197.3710937500
194707406.2450799942 2777496.1191406250
185435397.1567352116 2229923.0078125000
185601408.9559904635 2257471.5009765625
185467680.7274242640 2236544.3652343750
185500012.1598178744 2238027.2900390625
185456629.9520941973 2235641.5644531250
185428348.8857432306 2227776.0146484375
187038039.4294403195 2458623.4980468750
185392620.8263107240 2217382.7373046875
185512316.7628860474 2243466.8085937500
185507087.2285104990 2241562.2138671875
185503983.8106142879 2241304.4667968750
185558674.3544824421 2249524.3212890625
