185247102.0621120334 2185204.7128906250
185308254.8104118705 2201293.0791015625
186340136.7296735644 2351010.8945312500
188907871.0458300710 2589191.3525390625
189293444.1762435436 2604860.2832031250
190662229.6970116794 2674509.8515625000
192735358.2329980433 2734119.4101562500
199489641.6188967526 2832770.9511718750
200739135.9070104957 2840141.8476562500
202442574.6074667275 2845949.4921875000
185203072.8683818579 2183400.4501953125
185262217.6872597337 2188849.2158203125
185286940.6335726380 2189743.1386718750
185292343.9617399275 2190224.5517578125
187157385.4903412163 2472891.3691406250
187378036.1916500628 2502014.7382812500
194671147.8337569535 2774984.3535156250
194669271.8060286343 2774422.8945312500
200908430.5087034106 2841828.5957031250
189061306.2928870618 2594535.0058593750
185247635.8334874213 2185349.9169921875
186059098.1531324387 2332761.2646484375
186170835.9660443366 2343622.1650390625
188912909.0557149947 2592405.4169921875
190613502.3333167434 2671781.6367187500
190842772.5844741166 2682092.3281250000
190727435.0779661536 2680056.3251953125
194296977.4316701591 2768681.4863281250
196106892.4263331592 2794308.1425781250
202150139.0309607983 2845278.5898437500
185297302.7859175801 2200431.2109375000
185543922.1261762381 2248576.3945312500
186081557.9519416392 2333397.4853515625
186582789.4407736659 2351990.4726562500
186251648.0250859261 2345075.9824218750
190646765.6868938208 2671996.5615234375
190771966.9589913487 2681873.8164062500
199916504.2458304763 2836451.8808593750
200243420.7666766346 2838627.2089843750
200481641.3914883733 2839175.1347656250
185389750.0049943328 2216038.6044921875
185573161.4157981575 2251556.1171875000
187298137.9055201411 2495745.4951171875
187213565.9511163831 2485469.1230468750
187865221.1926383674 2528075.3320312500
188851038.2225108743 2585618.7626953125
194041146.6999199390 2763251.4218750000
195180680.1762618423 2783184.3632812500
199492012.6561691761 2833009.2929687500
185365888.8026658893 2215226.7138671875
186002830.0709412098 2330402.3398437500
186141410.4456450045 2338153.0048828125
187452561.8870135844 2507153.5527343750
191521602.0886609852 2706362.9648437500
192502276.2095314264 2731015.1230468750
195057603.5227189362 2781868.8027343750
194754674.3961517513 2777966.2011718750
195303544.7901261747 2783720.6621093750
198816723.5541798770 2826332.8945312500
199747569.4501500726 2836385.4609375000
210509732.7418076098 2853897.2148437500
190572865.1771726310 2663507.0820312500
200160949.8707730174 2838087.7265625000
199949163.6202387512 2837326.4570312500
187514315.6407064199 2512033.9541015625
187668119.2664616108 2521378.2197265625
188843785.0978785157 2585563.2080078125
190691051.4286309481 2678620.7578125000
190868663.3138520718 2683107.1562500000
195015444.6719873548 2780606.4199218750
198957493.5684596896 2829107.5976562500
198747266.9312459826 2824772.1015625000
210417925.4374914467 2853334.3457031250
185408889.2902012169 2218715.8632812500
185343906.8017977476 2212919.6494140625
185959252.7266684771 2319549.4208984375
186045742.0787945092 2330615.1904296875
187761032.7177183032 2526483.3076171875
198955036.6687200665 2827694.7714843750
199554464.8040329814 2833701.4218750000
199592660.9941090345 2833919.9824218750
199597723.6608631313 2834277.3105468750
186106877.1410430372 2334485.7490234375
185953047.3705759943 2318696.4726562500
199537951.7890025079 2833466.1132812500
199606491.2987518907 2835445.8476562500
201839103.8756863475 2844322.3164062500
187159674.2726759315 2478702.0830078125
187196946.9807388783 2483875.8164062500
187268912.8025141656 2493580.0527343750
196506359.0537505746 2800406.7363281250
196639289.2343770862 2802665.3281250000
198703404.0478031039 2824638.7812500000
201198529.5217339993 2842552.2265625000
209872666.3678691387 2850201.4609375000
185413596.3125783503 2226077.4492187500
187598707.7861506939 2515349.5537109375
194823353.6462125480 2778811.3652343750
199354410.6495642662 2831108.7949218750
201454930.7423261702 2842813.3574218750
185342629.0407196283 2208749.2285156250
185339800.8419845402 2207218.3378906250
185814857.7428692877 2300598.0039062500
192418731.4790772796 2728092.0117187500
194562581.7067094445 2773461.4316406250
202264057.0029606223 2845325.4375000000
194448924.9739072323 2772312.3652343750
196421436.8867273927 2799801.5097656250
199113693.6301631331 2830383.5273437500
185869930.4106998742 2310752.1718750000
185947870.4899226427 2317816.7792968750
191873199.6733671725 2716909.9804687500
194776545.1127033532 2778562.9160156250
201934670.4909717441 2844695.3125000000
190964229.6329108775 2686429.1796875000
191156376.7805954218 2692360.6484375000
195249953.8162098229 2783216.0527343750
196570728.9362874925 2801624.5527343750
199086692.2891433835 2830229.5097656250
210001926.0359100699 2851896.4960937500
202098442.5235382915 2844871.5722656250
201886624.5022880733 2844540.4199218750
201672743.2269343436 2844197.3710937500
190892719.1076674759 2685961.2207031250
195118483.7165333927 2783025.8710937500
199267495.1723868549 2830437.7578125000
185574260.4101973474 2251944.6113281250
185523631.2449066937 2247376.6962890625
187922332.5289947093 2529218.7519531250
198476620.0097917616 2822354.1406250000
198845618.0490774512 2827477.6933593750
186002152.2739105225 2329665.9218750000
185891664.7578802407 2312657.5117187500
187484184.2812331021 2509714.4169921875
188872045.8635270298 2588429.7304687500
189022566.1106481552 2593194.6162109375
191348368.7478748262 2700467.7060546875
191356083.4166274369 2701823.1376953125
194598434.9490183294 2773542.4609375000
194640945.2557101250 2774258.8144531250
209971616.9752123952 2850335.2714843750
191294480.2163635790 2696471.8906250000
191197542.4986030161 2695872.4667968750
185334055.5340192020 2207058.3281250000
185447907.3335650861 2231872.7285156250
187662293.7442105114 2520761.2558593750
191408359.4067590535 2703399.6494140625
194269940.3940674067 2767765.6621093750
194599884.3192697763 2774081.1484375000
196420585.3839102089 2799103.6660156250
185962053.8505914211 2322386.4824218750
185476008.0736965239 2237232.9257812500
185582519.1797981858 2254089.4902343750
185908316.2148225605 2317680.7402343750
189068649.8641189635 2597305.0341796875
191316074.3984669149 2697458.4814453125
191473228.9475373030 2704642.3603515625
194160431.2454054356 2767142.2675781250
187818946.4226621389 2528056.2167968750
191444069.9366069734 2704622.7197265625
194707406.2450799942 2777496.1191406250
196737562.5302639604 2803645.0507812500
194469093.2061415315 2772345.3925781250
185324662.1677757800 2204514.8066406250
187533617.6749897003 2513267.2900390625
188833410.7927438617 2585272.7695312500
196269427.5868415236 2798582.3613281250
185517473.7909195721 2245073.7148437500
196187127.6531564295 2795630.0722656250
209995086.8541698456 2850751.2890625000
191616493.5094144642 2710488.0048828125
188820126.6135865748 2585018.3271484375
191747945.3379177153 2714477.5351562500
192289887.4182397425 2726012.0058593750
194524230.0088692605 2773039.7246093750
195800634.4894576967 2792320.0546875000
187724064.3393695354 2521911.5996093750
187439026.7439722419 2502802.1728515625
187653500.5030968487 2518164.1552734375
185294629.6267281175 2190768.6660156250
186120760.2526463568 2335054.0888671875
187232271.9680007696 2487586.5742187500
188774625.9001299739 2584294.4873046875
192219358.4703029692 2724574.4531250000
193897527.8767217994 2758833.1660156250
195743455.5306332707 2790751.5078125000
209999274.6345821619 2851795.5507812500
185435397.1567352116 2229923.0078125000
187235630.1759361327 2487803.1611328125
192493248.2260170579 2730773.3046875000
194351238.0727696717 2769452.3652343750
192667890.6549201906 2731101.9980468750
193931402.2684958577 2760485.8242187500
196063365.4651668668 2793575.3750000000
185292549.9932368398 2190256.2763671875
185601408.9559904635 2257471.5009765625
188574441.8931996822 2569732.9384765625
199298634.4270620048 2830480.4863281250
185467680.7274242640 2236544.3652343750
185500012.1598178744 2238027.2900390625
185456629.9520941973 2235641.5644531250
185428348.8857432306 2227776.0146484375
187332736.5640540123 2496930.2656250000
192368800.2164152265 2727965.0019531250
195981793.4949364066 2793404.6875000000
195700842.5884062946 2790240.8222656250
188490752.9486736059 2563325.0361328125
191922666.5062579215 2717480.1054687500
194380354.0154997408 2770626.9824218750
194019831.4959905744 2762880.8105468750
195758866.6723145843 2790768.4375000000
188495086.0380870998 2563421.1513671875
192352700.8635027707 2727504.8847656250
210292591.6205916703 2852323.4570312500
187255318.3670859337 2488439.8212890625
186000114.2005696893 2322762.5996093750
187337208.7147880197 2496938.7060546875
187317104.8087784648 2496554.3916015625
195940755.2318521142 2793257.7929687500
185768106.9465908408 2281341.8330078125
185786359.7911402285 2289365.6181640625
188629489.5909726322 2573932.2851562500
191330489.5108192563 2698777.1484375000
193733065.3421594203 2754893.7763671875
195404877.0552648902 2786767.0820312500
187038039.4294403195 2458623.4980468750
188732930.7846269608 2579486.4169921875
188495832.4383017421 2563502.3115234375
187651337.7496197522 2515570.8339843750
188622524.6721759439 2572495.8974609375
193829643.2594731450 2758290.4501953125
185392620.8263107240 2217382.7373046875
187104957.3915719688 2466952.3125000000
192489791.5642571151 2729842.3789062500
192152480.8349051476 2724267.5800781250
192422255.6672748327 2729506.7851562500
195350665.0971485972 2784692.2500000000
195681488.1301262379 2789081.4863281250
185512316.7628860474 2243466.8085937500
185507087.2285104990 2241562.2138671875
185503983.8106142879 2241304.4667968750
192255899.3365725279 2725354.4863281250
199309283.4441305101 2830805.0566406250
185628386.4878268242 2262168.3095703125
185558674.3544824421 2249524.3212890625
192081777.8314720094 2722117.1816406250
192063894.9815971553 2720633.9843750000
191826645.0673530102 2715512.2812500000
195936746.0136835277 2792966.1074218750
185704522.9090526700 2269134.8574218750
188583324.1167463958 2571375.4873046875
209694205.9115777314 2849654.7167968750
185704139.9242879450 2267729.9033203125
194089124.0140443146 2765612.8359375000
188426418.5666239560 2560994.0292968750
194124852.4377966821 2766488.5742187500
195556526.2868863344 2788944.0625000000
195551525.4738413990 2788713.2753906250
185729372.0136652887 2275087.5234375000
187130444.5866721570 2469157.4462890625
188513819.8850741088 2564983.7509765625
188454801.8960783482 2563052.0400390625
185683048.9668461382 2264534.9960937500
194396516.4931994975 2771440.3183593750
187142404.6459202468 2470898.4560546875
185780284.7401991487 2282216.5302734375
188107299.8413087130 2536684.1386718750
188197567.5886736810 2546767.4687500000
188397451.7342208326 2558798.5693359375
188152306.6885516047 2539980.3984375000
188247812.2162124813 2548305.6640625000
188314809.8776881397 2552950.1572265625
188348991.6297300458 2553848.1640625000
188285020.5943454504 2550484.0195312500
188108711.1650563478 2539426.2695312500
188179797.3602702022 2545106.0166015625
188154115.9357034564 2542153.0166015625
188201364.0943458378 2548177.5000000000
188089157.1333469450 2533700.4960937500
185781017.3904383779 2287228.4746093750
188026504.1955957711 2533489.0273437500
188014036.8465504348 2530692.0947265625
193297092.1449368596 2738054.1904296875
193326823.6279112101 2739100.1611328125
193596267.4176105857 2744653.2490234375
193688249.1805289388 2747673.4501953125
193524185.1592178345 2743554.6181640625
193713716.2881930470 2749244.9384765625
193409895.8885014653 2743371.1767578125
193328337.6816128492 2742005.3857421875
193153850.3565818965 2735881.1220703125
193182663.3342441320 2737475.3525390625
193117068.5651035905 2735717.9755859375
193025041.2540886402 2735560.1630859375
209526078.0750423670 2846038.8066406250
209541803.3623610139 2846149.5800781250
209400014.2925879955 2846015.2949218750
198232080.9219569862 2806595.6152343750
197999561.9301286638 2804419.2968750000
198198263.9634169042 2804479.3105468750
