197136530.6538254917 2821207.4414062500
197128506.7821691632 2821180.1191406250
197705431.6702930927 2828339.3535156250
198887523.1403434277 2835742.6699218750
198759995.4532202482 2834509.0253906250
199239393.4089216292 2839315.9589843750
203265570.4354428351 2854460.9531250000
198899515.6871154308 2837770.9843750000
185629762.7149165273 2327970.0332031250
188032728.0989084542 2562793.2998046875
191389062.0927955508 2718317.7597656250
193974367.0293790400 2774025.1367187500
194085006.0264596641 2774167.7421875000
198789378.3967678249 2834553.2480468750
184211957.5388525426 1984991.5327148438
189641463.3595753312 2642584.3671875000
203942927.5715971589 2857074.7187500000
215727607.2211287022 2861590.8261718750
187912675.8418203890 2557609.8447265625
189443945.2768524289 2642209.8095703125
189348026.2752688527 2637089.1093750000
197385068.2957174182 2825009.6308593750
203113762.6524462402 2852234.6191406250
197901057.2681263685 2829432.6386718750
184243892.3389151692 1999753.5083007812
187254479.5278027654 2503328.1308593750
189778118.6748350859 2643595.0517578125
190987814.0012744367 2702097.0722656250
197575008.3752947450 2827876.7636718750
197113252.3686325848 2821057.4179687500
198086611.5824093223 2830532.1464843750
188013503.4017797410 2562053.7841796875
188321725.5043531060 2569913.0283203125
188140309.7355969846 2568445.5078125000
188073289.5099584162 2566322.6318359375
190940062.8384968340 2701579.0175781250
191498543.6604661047 2721298.0878906250
185030865.9924174547 2232899.2226562500
189829532.7091222405 2643851.5595703125
191331389.2011411488 2713039.9453125000
191563372.8480967283 2724388.1796875000
184201227.3746465743 1983952.1147460938
189330255.3864160776 2635807.2949218750
204757216.5812058747 2857336.0644531250
199317588.0765406191 2839761.8613281250
184341928.9270320833 2052527.8339843750
184399728.5092872381 2075368.5161132812
185687384.8520717323 2332190.2011718750
184326836.7220934033 2039345.5322265625
184523056.2768724561 2112515.4018554688
185658584.1266874671 2330470.7363281250
203037948.2558447421 2852086.9257812500
189156081.9592556357 2625610.4541015625
191140436.5934245586 2710638.5800781250
204258084.9835230708 2857262.5000000000
185704535.3792932928 2332400.5683593750
187589282.8121801317 2534629.7988281250
189311409.6137734056 2633898.3623046875
191009530.0073807538 2704830.5527343750
184274602.7790693045 2008338.6542968750
187190423.5459137559 2501045.9091796875
184544661.4526022673 2125134.1186523438
198086963.6292286217 2831263.2402343750
203808116.2829648256 2856707.7753906250
185326558.3436984718 2279026.6679687500
194256296.7476855218 2779189.8281250000
184231937.8148007095 1992537.2607421875
198348825.6992242336 2831969.0781250000
184383327.3804713786 2058118.9140625000
185733248.5095318556 2338440.7968750000
185782141.9470664859 2346153.4707031250
185856055.5151619911 2354028.0068359375
189198389.4489740133 2630536.0556640625
185751800.3234510720 2343557.2431640625
184300990.2046689689 2036726.4404296875
191717452.4593778253 2725956.8339843750
203316733.8494581580 2855201.8691406250
186502250.2642276585 2402420.1699218750
189165114.5952512026 2628121.4042968750
198437242.1727632880 2832861.7578125000
184658912.4652152658 2148310.2485351562
185018425.4477501512 2225601.6005859375
185337465.7327116430 2285187.8847656250
185715705.3306859136 2336081.3632812500
193367911.4004886448 2765347.8789062500
194095504.4702670276 2777265.7187500000
185004483.9051963687 2219565.3642578125
185357053.8312776089 2288555.1650390625
184395690.4089846015 2069092.5122070312
185238991.7469627857 2264695.5610351562
189200435.9175739884 2632452.6630859375
202882604.9020404518 2852001.8847656250
185743146.1804080606 2342272.3300781250
186276384.0059542656 2396711.4335937500
191338654.2384258211 2714932.1484375000
184292751.0263701379 2025903.3476562500
192844111.5345493853 2753201.7988281250
184255934.7910151780 2000729.0478515625
192783416.6113790274 2752418.9042968750
193759986.8753600419 2771671.5839843750
193446223.0492646396 2766451.9589843750
184528194.8648697734 2122379.3364257812
184675013.4797447920 2148727.6635742188
212103430.4491760135 2859809.0625000000
203677711.4065177143 2855520.2597656250
186844545.6646172404 2403675.9394531250
187205275.6183833778 2501322.5722656250
212201563.5262675285 2860420.6464843750
185133310.7482059300 2245072.1806640625
186221298.7621347904 2394640.0341796875
185495884.6270571351 2306188.9326171875
190803606.3642902970 2699024.8007812500
212394006.5817618370 2861419.8574218750
184475613.3902581632 2099636.3598632812
187506472.8948634863 2530879.1816406250
187940923.7068543434 2561408.3466796875
197254792.9174318910 2823235.9980468750
191643073.0040967166 2724589.2519531250
188049986.5254478157 2563980.1386718750
191701368.2192205787 2725716.5078125000
185099881.0324177146 2243263.4130859375
184334086.5530200303 2047515.5029296875
193658090.3923229575 2769799.0136718750
189854374.4200231731 2645229.1064453125
190500397.0916070342 2689096.4892578125
212545887.4285505414 2861430.9023437500
185557716.0630222857 2315177.8173828125
186193243.8789655268 2392486.3564453125
203740931.6894878745 2856016.0957031250
184443497.9492658675 2093414.0932617188
184568204.8718110323 2132185.4555664062
184601357.4233286977 2137390.8510742188
188768909.7395365536 2604959.2197265625
193133892.5888728797 2758747.2832031250
186059587.5613105297 2376745.9101562500
184408727.0583541691 2086026.7827148438
184961118.6447968781 2214131.1572265625
193210584.6891895831 2760256.9218750000
186145537.0848402083 2386852.5722656250
211836598.1050266027 2857719.0898437500
185391805.8523244858 2292747.1093750000
191672490.8375568390 2724753.3945312500
185292657.0941524804 2278435.9746093750
203671673.3270208836 2855382.1816406250
184622842.0062608421 2142939.9379882812
185520146.7376542985 2308086.1318359375
186083276.7789344490 2378477.8046875000
184298364.0258367360 2031714.1093750000
196332873.2029650509 2807986.7968750000
184283045.3034779727 2008488.3115234375
190173297.0548862219 2672130.4882812500
190629590.9334329665 2692711.7929687500
184458801.7345044315 2095582.5498046875
184548439.0706541836 2126828.8735351562
199998881.5980809331 2841930.5253906250
213754451.8001685739 2861439.5410156250
185424820.4229349792 2297615.3681640625
186007033.9698921442 2367457.6015625000
186154988.6564934552 2387002.5107421875
190405725.5158597827 2682004.8125000000
185408276.9146848619 2294897.0839843750
184775531.3425709605 2174814.6079101562
190433949.8175182343 2685152.4472656250
212000116.1241965890 2859062.3300781250
212266170.1363707185 2860684.6679687500
187142420.3140518963 2495896.0830078125
200434681.8932923079 2843843.2929687500
185471078.6208028197 2298438.9033203125
184289539.5054979622 2012123.2226562500
187812990.6783354580 2552786.3574218750
185225514.6827341616 2261687.9882812500
187821186.6935920715 2553126.9414062500
196356920.9906361103 2809167.7636718750
187177712.9641052186 2497615.6162109375
196574671.1195096672 2812419.5742187500
188896020.1680043042 2613839.4189453125
185201079.2248030305 2255351.6455078125
186094785.5186837018 2381043.6914062500
187784848.0207127035 2550146.1279296875
196432960.0053293109 2809382.8066406250
200700521.1851152182 2843987.0371093750
185171198.6220404804 2253278.1103515625
188952864.1349181533 2616395.5957031250
185257858.6677742004 2268606.8837890625
188866661.4789119661 2610684.2714843750
185205120.0704786181 2260483.9287109375
185151369.3654861748 2252240.4306640625
185088163.1805060804 2240677.2998046875
184441691.5198760033 2090873.1489257812
190780953.2044898868 2698995.3359375000
187168207.8530860841 2496614.4248046875
187793361.4879957139 2552694.7773437500
192044951.7556892037 2731793.9980468750
184840952.2134952545 2185712.7934570312
185135138.7168486416 2245526.7968750000
196679774.7112700343 2814967.7500000000
196558401.3280652165 2811716.1679687500
188953275.9516674578 2618601.7207031250
192680845.6968047619 2748747.4414062500
196586736.2270599902 2813488.6230468750
193047160.0418808162 2757289.6230468750
192415257.3686772585 2743492.0546875000
194529476.7141712308 2782075.1113281250
191900106.9854296744 2729758.8320312500
192644642.3354292512 2747951.0703125000
192163463.8447311819 2733640.4101562500
194962905.6204743981 2787862.3027343750
186048658.7418079972 2372690.1445312500
191752302.1845754683 2727666.7460937500
189066629.7893945575 2622745.1718750000
184433604.0985690653 2089071.7055664062
185975343.6246209145 2363996.3701171875
187276515.3232910335 2508471.8847656250
191048447.1489798129 2705355.2744140625
193018692.2279655635 2756741.6328125000
194412935.1921376586 2779453.9375000000
186012736.8156367540 2367708.0644531250
184482404.6811786890 2104323.6186523438
194906072.3717772365 2786944.2871093750
194819716.3247648180 2785843.6347656250
194589602.3613848686 2782751.0332031250
200783684.3377976120 2844822.2675781250
186035883.9369673729 2370539.0449218750
189083639.7193002999 2625185.4375000000
194545416.4113593102 2782691.2421875000
187700192.0738265812 2545969.1289062500
191252676.3390095234 2712912.7031250000
192907698.7820396721 2754846.5390625000
186432971.9590549767 2399931.2783203125
188325265.2353191972 2570233.6425781250
200361872.5236822963 2843786.5527343750
186063447.5223801434 2378101.3417968750
192798314.4794161022 2752627.3164062500
194725501.5913465917 2783832.7890625000
185013286.3004563153 2222738.7919921875
190564767.1400053799 2689631.9970703125
190601062.5571737587 2691717.5869140625
188060575.1465562880 2564736.3417968750
200059554.0335752070 2842455.1191406250
184495394.2480767667 2108218.3295898438
184394524.1881563962 2062227.3212890625
199513848.4598001540 2840052.9062500000
184950974.9315193295 2207051.2822265625
188265352.4848148823 2568472.0400390625
210872185.6620793939 2857450.8046875000
211498506.0723497868 2857513.6464843750
191017648.4457270205 2705194.2812500000
184878356.0642358363 2189598.9169921875
187411510.3521564901 2522239.1572265625
211435929.8721758723 2857509.2890625000
184934716.6328080297 2203230.5830078125
187384165.8397450149 2520165.0097656250
184950387.5032971799 2204903.8427734375
184871817.6187037230 2188934.6699218750
187451097.0011913180 2524381.1064453125
184894825.2901544571 2197421.3349609375
184869154.7712081671 2188854.7207031250
184815404.0662157238 2180611.2226562500
187453160.7297494411 2525753.3554687500
199921092.3799054325 2841865.3886718750
194223347.3095686734 2777394.3320312500
187432999.2541946173 2523365.9326171875
187496882.0884522796 2530321.2070312500
188579747.8544336259 2592833.9179687500
200337507.0272883475 2843513.8964843750
184731699.0526545644 2160138.5932617188
184710286.6337345243 2158281.7553710938
198644161.9503668249 2833158.8183593750
188720589.8425761163 2602717.6552734375
188496899.8454181850 2586396.8466796875
188623645.7471327782 2595116.1416015625
188563700.5865769684 2589350.4980468750
188630544.6127443612 2596232.0322265625
198704445.5951313078 2833450.0566406250
199909211.4912323952 2841695.3320312500
184689850.4846195877 2151636.4282226562
202568199.0074056089 2849954.6113281250
192543706.6106599867 2745607.5820312500
195808374.2267028689 2799430.9355468750
184719720.1593197882 2159875.7739257812
192306673.8896323144 2738604.1152343750
195988867.2783895731 2802296.9882812500
202002746.4853895903 2847545.2070312500
195978750.3632739484 2801544.0507812500
196175504.5791797936 2804577.3183593750
195897362.9012446702 2800907.0761718750
195863813.6073528528 2800697.5820312500
195944509.3296511471 2801427.4882812500
202326614.1990139186 2847849.1542968750
188478655.2487724125 2576750.6376953125
202411829.5926139653 2847912.4570312500
188484124.6674666703 2579636.8769531250
187088596.5539056063 2477572.6083984375
201871539.2070218921 2846159.4824218750
187068083.1176495552 2469185.0966796875
187043098.3114942610 2459860.7382812500
186963617.2562035024 2456301.0058593750
187049671.3230609596 2466029.8652343750
187076048.8647636771 2469461.8896484375
187038039.4294403195 2458623.4980468750
