188439857.8635503650 2526438.8652343750
188502905.3156784773 2528960.3203125000
191240625.1181161404 2682895.2871093750
191296885.1058194041 2686548.2968750000
185712091.9274979234 2202916.2763671875
186061741.1406741142 2282512.0986328125
186129000.8982624412 2297594.7441406250
186157166.9654734135 2299094.8173828125
187345462.6144844294 2458918.4550781250
188018908.7379287183 2511169.4101562500
188090846.3640558720 2518155.7587890625
188409692.8511655331 2518478.6953125000
191382223.8550969064 2694084.1816406250
192334689.2370140553 2719782.9443359375
194633362.5485897362 2769871.0839843750
194779965.8724656403 2770939.0449218750
195311098.2226584256 2780239.8476562500
199044691.3907067776 2823649.9316406250
199888345.1738073528 2829519.5390625000
202226614.9156595170 2838841.1992187500
185679269.7633722425 2190208.4736328125
196139940.2640362680 2785213.2578125000
199766782.0333276391 2828622.6425781250
185664159.7860321999 2173599.4541015625
185666489.0504267812 2179919.0224609375
187978067.3494566679 2507038.0615234375
187739474.9381680489 2493434.0058593750
187811027.9125383198 2498218.9267578125
190728640.5454522967 2657816.2841796875
190705515.7414794862 2657172.5761718750
191306098.0443192720 2687603.5322265625
191858280.1136813462 2708284.5263671875
191718392.2583688498 2703618.9150390625
194753345.1159531772 2770517.5273437500
195376874.2552308142 2781220.6367187500
195097865.2976264060 2774640.7460937500
199459632.5510644913 2827222.1660156250
199463400.4280639589 2828347.5957031250
199561613.0489701927 2828412.7480468750
201000698.7756861150 2834024.8613281250
202299973.9530788362 2838989.0468750000
202265941.3221314847 2838930.3183593750
201874135.9776801169 2838537.0703125000
210444636.4358243942 2846931.6152343750
187891502.7100423574 2506407.4814453125
187825858.2657066286 2500435.7392578125
187840727.2649178505 2501764.2695312500
187672792.8962299824 2490909.6337890625
187743173.6765982807 2497754.9716796875
187717987.9151457846 2493263.5048828125
210547516.2225275636 2848099.9531250000
185804199.1035812199 2235495.6171875000
187323713.8939006329 2458144.7519531250
187661152.2069471478 2490316.4990234375
187556740.0123004019 2480908.4726562500
191468992.1811515689 2696174.2529296875
191521450.2822401822 2696609.2099609375
192673158.2573669255 2725507.8818359375
195131053.5955054462 2774923.9902343750
195195477.0848051608 2775221.6406250000
194683702.4533793032 2770178.6132812500
198844000.2275567651 2821227.7832031250
211075996.3247617483 2849542.1406250000
190638072.8776593208 2654295.7373046875
187296626.0772405267 2453076.8134765625
187510677.8622089326 2475153.2431640625
187499615.6708830297 2473329.4833984375
187322498.6923490167 2456164.6767578125
190786706.0937474370 2664611.0488281250
194527685.9311524332 2767714.1074218750
195689869.0116669238 2783444.0195312500
198667187.0658772290 2818008.3378906250
198741874.4347517192 2818994.5839843750
187439524.1930502355 2468099.9355468750
187658178.2602561116 2481838.5449218750
187396065.2515547574 2462576.6865234375
187280473.0397047997 2452149.2373046875
191361326.2000037134 2689231.0498046875
194507195.3987121284 2766802.6679687500
194805147.1905967891 2771572.1035156250
194807860.9009825587 2772388.8925781250
195196989.5227021277 2778640.4414062500
195766511.3351705968 2784851.2753906250
195263342.9834501445 2779587.4394531250
198945943.5058659315 2822972.2089843750
210985741.8208792210 2848486.2070312500
210913403.6198949516 2848282.6308593750
194265512.5589401424 2760623.6640625000
187333531.9578609169 2458260.4287109375
187373939.1233995855 2461255.6728515625
187346704.6206853688 2461129.3271484375
192609457.8700283766 2725219.4697265625
194538648.4762429893 2769028.4238281250
194569012.4969394505 2769137.4082031250
185816165.3621835411 2241880.3544921875
185770693.7715593874 2229670.5615234375
185996274.0170288086 2264893.5185546875
187126900.9910328686 2426249.4882812500
187453209.2318518460 2471600.0908203125
190888460.0083454549 2666616.2587890625
190889871.0626838803 2669403.2695312500
192067276.8302304447 2713441.9580078125
192673779.1242769659 2728634.3134765625
193254990.8329853714 2737490.2099609375
194850657.3497504592 2772919.5898437500
194883955.9490990043 2774105.6289062500
194378881.2217003703 2765528.7402343750
187392551.1789495349 2461637.6787109375
191162002.6880268455 2678665.7304687500
185763329.7774451375 2220426.4335937500
187398166.6329091191 2464502.1181640625
191205523.2489777505 2679130.2363281250
190960703.9650455117 2673011.0332031250
199373622.6889194846 2825763.8789062500
200407291.7385205626 2831169.4980468750
201440926.2701413929 2836800.2695312500
201593709.5130684078 2837302.5820312500
186202741.4974646270 2307907.8964843750
191596105.9331241846 2699160.8232421875
191903773.5566615760 2709488.9355468750
192388869.6978877485 2721803.8798828125
192601607.9446667731 2723240.3251953125
192482069.1988108754 2721908.9306640625
194082703.5042514503 2758384.5058593750
198524378.8056953549 2813678.2363281250
199284635.4654985070 2824206.7949218750
199323925.7575132251 2825420.3378906250
199388796.6961483061 2826873.2480468750
185729210.6015603840 2207518.4492187500
185698797.6839497387 2202882.4980468750
185679459.4014812410 2190357.2197265625
185748479.5219597220 2216824.7919921875
185883922.8150270581 2254100.8046875000
186008396.8065635562 2278446.1455078125
187175880.9819264710 2435074.0712890625
187149866.5228477120 2431881.4443359375
187265435.1313076615 2441813.5185546875
187232992.7701152265 2439701.7792968750
190836256.5313964486 2665008.3886718750
192042313.3661390245 2711472.1298828125
191524251.4061631262 2698424.6474609375
193297092.1449368596 2738054.1904296875
194276508.7740448713 2762649.8828125000
198521295.7326782346 2812770.8085937500
198656622.8753396571 2817412.4335937500
198752588.5489962101 2820287.2246093750
200667239.1930602789 2832316.3789062500
200784284.4841773808 2833985.9550781250
193994866.9243816733 2755808.3125000000
191129142.5885933042 2676799.6484375000
191023527.8111672997 2675456.2636718750
191260424.7309600413 2685497.9130859375
191488120.8020126224 2696195.0498046875
193326823.6279112101 2739100.1611328125
194008113.4160647094 2756264.1816406250
185864604.6796378791 2250846.3603515625
186066943.1840688884 2291622.6533203125
187123700.4890733361 2426212.8486328125
187260374.9090983868 2441495.5546875000
191466653.7916073203 2696073.2587890625
191958518.2003543377 2711071.9169921875
191761886.6944680512 2706191.1259765625
192870638.0153541863 2732967.6103515625
192788373.6769092083 2729893.4042968750
192855602.1904576719 2731120.8935546875
193774996.9988109767 2751577.5898437500
193596267.4176105857 2744653.2490234375
198839316.9490863979 2820307.5878906250
201506590.6358573735 2837012.1523437500
185878854.6675586700 2253050.0400390625
186171445.8798819780 2303114.7070312500
187172153.7836412787 2433743.6347656250
187086393.2312666476 2420669.0527343750
193993722.5191833377 2751755.0126953125
193688249.1805289388 2747673.4501953125
193524185.1592178345 2743554.6181640625
198649335.1475064456 2816459.5273437500
198933103.9482928216 2822342.1601562500
210049168.2834633589 2846206.0156250000
193713716.2881930470 2749244.9384765625
185848410.0893896520 2244386.6347656250
186143944.6838795543 2298655.4404296875
187058046.4698541462 2415962.3291015625
191728416.5591847301 2704720.8535156250
191852957.6753612757 2707449.4755859375
193409895.8885014653 2743371.1767578125
193328337.6816128492 2742005.3857421875
197140654.3196980655 2796197.9101562500
201130443.8344338238 2834564.4433593750
201374924.6521180570 2836194.5234375000
200762181.5930576622 2832826.8222656250
187130609.5655868351 2431372.9648437500
185933352.9549499452 2260538.5859375000
187203712.3609391451 2439483.8945312500
187198123.5646722019 2438811.4375000000
191640369.8472070396 2700035.1806640625
193153850.3565818965 2735881.1220703125
193182663.3342441320 2737475.3525390625
185902798.1115204692 2255584.0908203125
186626586.5001105666 2330789.4082031250
187279058.1074443758 2444945.4472656250
191701669.5766354203 2703233.1806640625
193117068.5651035905 2735717.9755859375
197304713.2538175881 2799796.3750000000
196799373.0667497218 2791058.2695312500
185992418.1393110752 2262278.7880859375
186326753.6364131272 2322421.1826171875
192208189.6864395142 2716336.7001953125
193025041.2540886402 2735560.1630859375
185851374.1976492107 2248169.1162109375
185815596.3733097911 2239839.5830078125
186538484.6133686006 2330087.2587890625
192327394.8783108592 2719777.7080078125
197147260.3253259957 2796574.6250000000
209526078.0750423670 2846038.8066406250
186306039.9160773456 2316094.9990234375
191228541.7119093537 2681871.5820312500
192489523.7165969014 2722132.1904296875
197601702.7679364681 2801324.4101562500
196925957.6799878478 2794679.6210937500
192258840.7952153385 2717764.0322265625
192570271.0086027086 2723064.7607421875
197059355.5665497482 2794919.5332031250
196651921.8206907809 2789699.8242187500
209541803.3623610139 2846149.5800781250
186421111.8959209323 2325996.0234375000
191662947.8212279081 2702392.2119140625
186249770.1766469181 2314504.1650390625
186324248.7196940184 2321765.9707031250
186215615.8799043000 2309422.7890625000
187273292.2016176879 2442074.7031250000
191785711.3526928723 2706470.4853515625
196997371.2156544626 2794831.3964843750
197233724.1337291300 2797538.8203125000
200336506.1781788468 2829812.5976562500
209364652.1150943637 2845933.7460937500
209400014.2925879955 2846015.2949218750
192220750.8853379190 2717164.4033203125
192128756.6796263754 2713446.6884765625
192280997.0624492168 2719407.6904296875
192140332.6835315526 2715886.9541015625
200324696.6355446875 2829669.0507812500
186157249.5289477408 2301248.4755859375
191757491.7168969512 2705468.1748046875
196602833.0653598011 2788626.2304687500
186235183.8631159961 2309714.9033203125
196493434.9872104824 2785262.9218750000
208973798.2662124336 2844496.2226562500
186191043.6760754287 2304887.9365234375
196872067.5078934133 2791137.1835937500
196571421.6528711021 2786633.6523437500
208676450.6483342052 2844378.5488281250
209067541.9575417042 2845424.3066406250
208088080.5889440477 2839631.9062500000
196892871.0631205440 2793648.8671875000
196691589.6057338417 2790540.1562500000
208187970.4083512425 2842338.8984375000
208287591.4437928796 2843666.9980468750
208657863.1148442626 2843911.7968750000
208128747.9380962253 2839741.0117187500
191936418.8919349611 2709865.0751953125
198493041.8347110748 2807165.1328125000
197872888.7739031017 2801979.6328125000
198232080.9219569862 2806595.6152343750
197999561.9301286638 2804419.2968750000
198198263.9634169042 2804479.3105468750
197971817.4376511276 2803124.3222656250
207866899.7094899714 2839198.7636718750
196513455.1970953643 2785323.7871093750
208010953.7049196362 2839396.5253906250
208141260.0646037459 2839995.9140625000
186882141.4819554389 2332219.3183593750
190395325.0624639690 2568486.5849609375
190521295.6095669866 2569799.6484375000
190076596.6324166954 2552707.9345703125
190143046.9307338893 2558804.1269531250
190571977.1749319434 2570088.4716796875
190580500.4959417582 2576834.9042968750
190353649.6301284432 2565489.9335937500
190241159.2384595275 2563563.7675781250
190188772.8836939931 2561275.5683593750
190136548.8424585462 2555499.9843750000
190100980.6905010939 2553777.7880859375
190060519.4673513770 2539240.7392578125
189842488.4318349957 2529026.5400390625
189865049.9792753160 2529506.0957031250
189983510.4998120666 2539093.5244140625
189878243.1157957911 2530114.6787109375
189943761.6194594800 2533624.8330078125
