190860891.3798896372 2698369.3466796875
191868458.1993945837 2726054.2988281250
194170124.6953882575 2773799.4746093750
200092676.3546670675 2842768.5898437500
184352639.6267069578 2041550.4111328125
184542984.5265314579 2116922.0981445312
185989929.8723939061 2359718.0859375000
186166410.3661793172 2382797.4794921875
186363663.4260036051 2390730.0546875000
189251098.4669403732 2629723.4677734375
188995604.8858842552 2611751.0273437500
191452062.5373415053 2718475.4472656250
191574848.1191629469 2723077.2207031250
198840226.4144932032 2834539.6796875000
212519795.0572705567 2857737.1093750000
212603451.5106787980 2858549.2890625000
186134575.8772649467 2380120.4638671875
184965682.6259417534 2212431.5761718750
185185997.2398434281 2245254.9453125000
186090398.2491873205 2377088.3544921875
199171962.7585985661 2836832.2578125000
199257508.1675055325 2838656.6328125000
185154702.7216311097 2237855.6787109375
188414887.0223313272 2568842.4404296875
191468043.0319988728 2720954.1699218750
191571282.7703613639 2721476.6152343750
194176133.6938150227 2774018.9746093750
194926269.6011267602 2783969.9082031250
203761833.3866149783 2853369.9882812500
212817091.3213943541 2859418.3593750000
186196012.0606817901 2385674.5224609375
188212519.7656981945 2567144.3251953125
188060575.1465562880 2564736.3417968750
191875161.6410417557 2730813.6503906250
197352866.5911422372 2818907.5156250000
213619660.9425517917 2859686.3984375000
184490460.1922421753 2101819.2543945312
191280916.1956267953 2710046.9843750000
198412277.4691131115 2830789.9843750000
200059554.0335752070 2842455.1191406250
184495394.2480767667 2108218.3295898438
190735166.9492817223 2696291.5478515625
192032674.9505152702 2731801.6484375000
184428560.3525375426 2062874.2021484375
185146253.8693202138 2233396.5078125000
185064843.1930127442 2230886.2568359375
185397847.2408052087 2263261.5332031250
185573272.3243098557 2273202.3525390625
185478758.2648796439 2263456.5087890625
187904273.1316130459 2558626.0410156250
197187492.0558485389 2817502.8183593750
184533624.4706690013 2113889.7509765625
185023577.6411834955 2220576.9697265625
185221544.6453280449 2252379.9287109375
185372241.6610699892 2256018.4853515625
190501340.7233960629 2684358.9765625000
190678001.9084096849 2691871.8789062500
197018361.3957788050 2815654.7929687500
196966974.8297685087 2815053.9218750000
185111069.8009631932 2232051.1513671875
185396783.8451535404 2256078.2822265625
199728267.2075821757 2840587.6093750000
185263416.1168573499 2255740.7333984375
191264365.9093033075 2710023.9599609375
184440218.6758543253 2087583.2934570312
189170561.5063215792 2623493.0224609375
190493397.9210720062 2683932.3535156250
190564951.8181570470 2689354.0429687500
185219731.1665695608 2246080.7246093750
189030827.0422989130 2617449.2402343750
189193232.0884999931 2626565.2714843750
189311976.7471544445 2633054.9853515625
184394524.1881563962 2062227.3212890625
185163960.6988841891 2243911.8486328125
187714544.1094695330 2545582.8867187500
187834680.6397328079 2552640.4443359375
189076413.7792675793 2623422.5253906250
194186197.5534736812 2776528.7500000000
203736207.4999526739 2853212.9550781250
184524033.0968427062 2108912.5463867188
187743003.7808798850 2547687.6425781250
190650058.6885426939 2691650.7343750000
190444841.6184163094 2679288.5537109375
190535706.7937530279 2688951.2265625000
203702024.2888356745 2853097.4062500000
203678484.1733130813 2852966.3593750000
192827617.9696313441 2752124.5449218750
187209165.2412577271 2497691.3173828125
199513848.4598001540 2840052.9062500000
184337808.1389713287 2001217.3374023438
185043123.7944281399 2226166.8437500000
188909166.2154783010 2606190.4658203125
199255964.6990626454 2838435.0078125000
203499691.4395194352 2852677.5312500000
203270905.8404472470 2852438.9648437500
186122091.0947714448 2377100.9580078125
199387099.1237145960 2839475.1542968750
186244244.2936567962 2390608.0976562500
194554748.8259110153 2780594.8164062500
197324153.7807433605 2818828.6152343750
198580756.0662721694 2832107.5410156250
191642328.2252611816 2724191.4746093750
196855474.6416605115 2815008.4648437500
184950974.9315193295 2207051.2822265625
185038127.5658566356 2221042.4433593750
184966955.8872595429 2213815.9902343750
192732772.6546483636 2748452.4941406250
200531332.8105874062 2843925.5664062500
186223945.7026365697 2386325.4658203125
198532165.9022905231 2830931.9218750000
193939264.0312635601 2770989.0761718750
193946035.8806742132 2772097.9863281250
187783320.5195686221 2549582.9375000000
203076341.0703938305 2851302.4824218750
187664047.5914413035 2544503.8984375000
187998642.7846343517 2562475.4101562500
187972545.1559940577 2558760.1494140625
199243796.3424669206 2837379.1484375000
188265352.4848148823 2568472.0400390625
188169622.1441537440 2565126.7695312500
210499476.4490973353 2855225.1601562500
192979533.2288381457 2754113.6386718750
191574806.1402001381 2722897.5410156250
210326673.4848138690 2853549.3769531250
210794219.9722574651 2856213.2441406250
189045935.6537818611 2619880.9091796875
194275347.5311741233 2777605.2207031250
210353511.4029855132 2853763.6230468750
184438198.3575179577 2079048.0883789062
184751353.5903477967 2165801.2338867188
187159269.4831404388 2495081.0527343750
210872185.6620793939 2857450.8046875000
184439905.9197366238 2086882.6459960938
184447114.5109244883 2090599.9155273438
187563956.8877896369 2537065.4257812500
187868544.3796007335 2554948.2587890625
200168886.3831876516 2842998.2656250000
211498506.0723497868 2857513.6464843750
187192496.3484916985 2496328.2529296875
186059940.6744396389 2362328.4785156250
190611347.6204811931 2689493.4013671875
184332195.1395047307 1983642.9765625000
191017648.4457270205 2705194.2812500000
185947383.5843040943 2351730.1425781250
187631397.7949011922 2541472.0078125000
187132774.3856036961 2484863.1328125000
184878356.0642358363 2189598.9169921875
194372154.4761155248 2778595.9511718750
194508136.5741679072 2779878.9023437500
187411510.3521564901 2522239.1572265625
197123593.1394408047 2816694.8535156250
187210362.9659110308 2498150.9150390625
211435929.8721758723 2857509.2890625000
186493292.3484812975 2398722.6679687500
187242739.0856207609 2505551.8164062500
193889491.0631579161 2770467.5449218750
196587809.6484747231 2811630.3007812500
196538777.6508467197 2810282.2968750000
200545684.4379675388 2843985.8183593750
184934716.6328080297 2203230.5830078125
187384165.8397450149 2520165.0097656250
184950387.5032971799 2204903.8427734375
184871817.6187037230 2188934.6699218750
187451097.0011913180 2524381.1064453125
184894825.2901544571 2197421.3349609375
186451245.7129385173 2397684.6386718750
186376745.1536084116 2395049.9863281250
184869154.7712081671 2188854.7207031250
184815404.0662157238 2180611.2226562500
187453160.7297494411 2525753.3554687500
199921092.3799054325 2841865.3886718750
194570938.1283721626 2782580.1015625000
184624437.1703119278 2137433.3217773438
187506603.0558409095 2530852.6015625000
188996449.0768727958 2616094.0488281250
194223347.3095686734 2777394.3320312500
187432999.2541946173 2523365.9326171875
203625407.3359151781 2852737.4003906250
187496882.0884522796 2530321.2070312500
184812531.7789617181 2176310.9028320312
184769837.2262662053 2168747.7680664062
188709071.6685128510 2598674.5605468750
196489214.3196983933 2810030.8945312500
184784171.9802775085 2172085.6547851562
192672724.4691215158 2747876.7148437500
196211612.4107430875 2805044.5195312500
196234134.0564748943 2806682.4179687500
184599509.7666010261 2130555.5512695312
186193199.9540846050 2384161.7861328125
188579747.8544336259 2592833.9179687500
193743855.6125732958 2769244.6503906250
198909428.2287939787 2835123.8867187500
200337507.0272883475 2843513.8964843750
184731699.0526545644 2160138.5932617188
184850816.6428663135 2184028.8203125000
193583281.9527503252 2765496.6621093750
186243722.8579148948 2387932.4326171875
186410397.9019809663 2396611.6953125000
184796536.0468884110 2175527.8168945312
192900754.8706537187 2753228.8105468750
193427483.7068404257 2762824.2519531250
184738907.6438424289 2165133.2573242188
184710286.6337345243 2158281.7553710938
193217598.1110545695 2759628.7382812500
198644161.9503668249 2833158.8183593750
186089210.0808991194 2370958.4042968750
188720589.8425761163 2602717.6552734375
188496899.8454181850 2586396.8466796875
188786336.8632570505 2604342.9619140625
188623645.7471327782 2595116.1416015625
188563700.5865769684 2589350.4980468750
188630544.6127443612 2596232.0322265625
198704445.5951313078 2833450.0566406250
192766162.8126364350 2751484.3847656250
193378987.7547936141 2761874.8906250000
210796088.4818657637 2856573.9980468750
192407620.2099609375 2740668.3027343750
193075198.7819269598 2757035.8808593750
198362817.9518755078 2830111.6933593750
195603782.3476520181 2796292.1093750000
199909211.4912323952 2841695.3320312500
184689850.4846195877 2151636.4282226562
197919520.3564465940 2819055.6132812500
192659119.6554369032 2747736.5039062500
192492570.9827914238 2743330.6191406250
202919173.4231090546 2850561.2988281250
202568199.0074056089 2849954.6113281250
184564171.7996999621 2124589.3217773438
192512667.9398613870 2743970.3671875000
192502252.6678974330 2743735.6875000000
197963158.6255560219 2823463.2910156250
202997338.8221139908 2851176.2187500000
186088240.3716553152 2370439.4082031250
185897176.9760734439 2342164.1113281250
186009298.0602126718 2362207.1738281250
192543706.6106599867 2745607.5820312500
195808374.2267028689 2799430.9355468750
198024884.9394392371 2825818.3789062500
203248397.4379877448 2851417.7539062500
184719720.1593197882 2159875.7739257812
185911527.3797670901 2348088.0351562500
203148366.2733982801 2851357.8613281250
184615739.5333614349 2136048.9184570312
192306673.8896323144 2738604.1152343750
184685502.8377721906 2145992.1323242188
184671694.7136760950 2145448.4458007812
184670013.3894675076 2144652.3989257812
184639671.7658520937 2142056.1713867188
195988867.2783895731 2802296.9882812500
202002746.4853895903 2847545.2070312500
195978750.3632739484 2801544.0507812500
185974860.1407175958 2352984.5498046875
196175504.5791797936 2804577.3183593750
195897362.9012446702 2800907.0761718750
201819419.2972187400 2844697.7910156250
185858302.3092375994 2340322.3457031250
195863813.6073528528 2800697.5820312500
201858015.9227647185 2844745.7050781250
195944509.3296511471 2801427.4882812500
198508151.3883895278 2830804.9863281250
185850897.0630776882 2338252.1699218750
198990943.9274177551 2835220.6445312500
202326614.1990139186 2847849.1542968750
185880378.2718829811 2340846.6816406250
188478655.2487724125 2576750.6376953125
191103618.8706434965 2706282.4062500000
191362486.7203586698 2715249.4628906250
185835426.8482831120 2333377.3671875000
185686164.3677691519 2304188.6533203125
185725965.2220798731 2315418.4462890625
202411829.5926139653 2847912.4570312500
188484124.6674666703 2579636.8769531250
185785936.0362080336 2324185.5458984375
187124270.5494211912 2480929.2285156250
185776141.9770203233 2322770.9345703125
195119904.2153666914 2786045.4667968750
185776250.7117657661 2323769.1708984375
187088596.5539056063 2477572.6083984375
201707549.2076459229 2844292.1660156250
201871539.2070218921 2846159.4824218750
187068083.1176495552 2469185.0966796875
185685423.0246233642 2302809.4238281250
195261054.3622260392 2787914.1035156250
185720378.9531046748 2310441.0439453125
185714724.5408230722 2308393.0595703125
195051432.1863017976 2785328.7421875000
187043098.3114942610 2459860.7382812500
210099346.2731602788 2853378.0214843750
185627585.2990665138 2277640.4140625000
185683082.2543824315 2288529.8906250000
185632667.4108013511 2279462.3623046875
186963617.2562035024 2456301.0058593750
185656744.0161437690 2287034.7812500000
185601976.2138722837 2273284.6005859375
210405971.8661268651 2854058.4414062500
187049671.3230609596 2466029.8652343750
187076048.8647636771 2469461.8896484375
185648431.1338180602 2286565.7304687500
201672743.2269343436 2844197.3710937500
187038039.4294403195 2458623.4980468750
