185080912.6693765521 57694.5422097946
187302854.1621783972 77402.9602261819
190824482.0409493744 89494.0156909451
197824350.2814607620 103277.0945892334
198228808.2442074716 103700.4294433594
198489464.2671090364 103883.3368530273
190632542.5331952870 88961.7917720303
190384700.5357018411 88561.6587630734
196547359.5968985260 101442.2795104980
198371802.9986724257 103837.2652587891
185106677.0586119294 57780.7307500410
195834676.3394373655 100273.3723278046
195681034.4884073734 99847.1504130363
196723605.2856867909 101672.3488464355
187888767.6165316105 79320.4063784443
190311703.3853575289 88079.8247310147
191490119.9886814058 90160.5845300183
196223251.6317889094 101003.3105621338
185199624.8159534037 58664.3118753004
191096035.8078465760 90025.2668155655
198820866.9167280793 103944.7729492188
201097095.1344812214 104532.6271362305
190720219.0831835568 89442.5041285977
198446855.7446376681 103842.4120483398
210486882.4070402384 105394.2064819336
187967266.4234689474 79348.6149833687
201529665.1372721493 104544.3254394531
185025112.6940768361 56855.7829457725
187727877.0961586833 79146.2712743096
187882089.7108994126 79202.5243184380
196926770.9852032661 101717.5913085938
198332232.5864191651 103704.8671264648
186470605.1896719635 72252.4836065918
197158327.2463850975 102370.6650085449
198059586.2234941721 103464.0943603516
200898048.3997330964 104512.6667480469
187605751.7720373273 79078.1462743096
196555776.5123958588 101574.3023986816
187567490.7631273866 78368.4901167974
196167466.7923506498 100870.5628280640
197950584.7982094884 103283.2506408691
185024934.9377759993 56777.9294792617
191245096.4524658024 90078.1796701476
190852404.4075312316 89502.2404981479
196043830.6612080336 100697.3395977020
198694768.5423515439 103941.1044311523
190860847.0563840568 89574.5754234791
197690669.5634620786 102883.1248779297
209804348.0612981319 105386.5730590820
198149171.6935449243 103539.6135864258
190945156.4542939961 89690.2219298705
190632825.1207511723 89027.0825435147
198154323.0429229736 103694.8280639648
184483431.3882587552 41640.9728116745
186352170.2391590178 71362.6075931415
190488133.0508239567 88775.7399836704
197990680.8487791419 103355.4905700684
209655627.3766713142 105352.6738891602
190883614.3951320946 89605.3966888413
190579422.1694878638 88914.4121317789
185108454.1940984428 57864.8493362868
185155753.0402243733 58652.6166717539
190421033.7657584250 88683.7409297451
209760837.5348592997 105356.1708984375
184945666.0626012087 55034.5804965402
195756536.9591373801 99993.7370510101
199532811.9045201242 104180.1669311523
184611667.2197797894 44248.0430324040
186245072.8359344006 70649.7423142679
189394023.8603496253 85297.6729552262
184515390.1559763551 42566.7248056800
184548361.6510783732 43316.1834282929
197803881.0462200642 103234.0717697144
190185005.7817815840 87827.1160586700
195720111.2419003844 99909.7880764008
195660951.9014466405 99222.3397426605
190093340.4680813849 87300.9513987713
196605764.3388273120 101579.6267337799
190094287.1011217535 87465.8018412106
195831700.5781240463 100127.4974582195
200472488.2698116601 104424.8129272461
200040070.7523867786 104301.4089965820
209456484.5671839714 105348.6768188477
184641296.4543463290 44281.2886803772
190058310.8873377740 87181.4983518831
209355379.9051978588 105332.0574340820
185062422.8098028898 57552.3496019093
185041048.7182431221 56917.4250046218
197638334.0508072376 102735.5653076172
187444592.5122876763 78200.2775226384
186833351.5449074805 75006.4555387250
187313980.4272317886 77836.0322040543
187462756.5431693196 78252.8945661299
189948731.4116556942 87151.0980295651
187646082.9455289841 79090.6467737556
186962718.6537096202 75883.3772813194
200309511.0165254772 104376.4082031250
186037872.2310559154 68681.0551048070
193981292.5100341439 96272.5092449188
199819943.5351419151 104182.1403808594
199384067.0914301872 104088.1167602539
186837109.4024897516 75498.0768452995
187041171.7472271025 76354.1715651937
187114658.8078318834 76596.0940635167
187368433.8096624017 78172.1125732213
187201385.6839229465 77379.4648602270
187437568.5228118896 78198.8939915746
184581360.6557734609 44239.5861103290
184908501.8854786754 54291.9847244378
187042941.6815553606 76456.6136863194
195973742.0259373188 100388.9981517792
184659171.9853544235 44521.6500884423
185012140.7483495474 56035.9303920288
187154111.3865070343 77258.0888755284
185210495.2612614334 58766.2021201736
196422674.4162108898 101223.0459995270
185005383.9779733121 55991.7761215325
196511123.1489816308 101254.0257072449
184580672.9208613336 44216.6604166160
199382390.5541388094 104085.8724975586
193558657.8670257032 95249.7260327339
189821653.9662285149 86576.5570027344
189693764.3485526741 86392.3348307125
196298740.2006494403 101099.5220623016
184554792.8803288341 44124.9848928207
184961162.6467711627 55187.3927306419
185135606.6577111185 57905.6878503225
185001784.3461279869 55912.9437079225
186814455.2887334228 74871.5489964336
189759939.4708457887 86432.8998616152
189626987.9061287940 86229.0289120488
186766640.7102626264 74864.9542991966
189602955.3147790134 86162.0973774903
209045635.7279909551 105265.4508666992
184968111.5546193719 55881.3222641106
186935255.8569447696 75867.4248000570
189466864.0341286361 85548.1470307708
184682566.9130691886 44987.3027800281
184524667.0186090171 43304.6098565811
193850184.1059199572 95674.4386315346
184511687.7585036755 42164.6700709298
186880714.5625669658 75577.4018244557
196930259.7873036563 101807.1128540039
193898134.7640673518 96010.6880726814
186736364.5559386015 74173.3278829902
194190000.0987834930 96470.2474651337
193904625.0934957266 96075.5995221138
184522713.1168415844 42852.3788471653
186427521.5750848353 72156.5555864068
189223315.2502959073 84542.0080694109
189039769.4850001037 83814.5754609816
193703731.8004879951 95586.4828491211
197016015.1158255339 102041.2981414795
188955496.1257342994 83353.9086671583
189012749.7214473188 83661.4684571177
188971305.3894429505 83661.4090944044
193572783.7996284366 95535.3397412300
186690923.4294377565 73930.0656607002
199951832.0462032855 104274.1326293945
209175130.7474977374 105266.6574707031
186742757.2056480944 74558.0385153145
193712390.0539815426 95642.8405041695
188855648.4185512960 82890.7585215829
196938676.7028009892 101939.1357421875
185085939.7052809596 57700.7430122456
186287853.9631990492 70697.8141585141
189029793.5894058049 83747.9717641734
193883109.3621260524 95992.3503174782
185230221.4719528556 59238.6833088489
188652931.4033047259 82048.6181810163
189186622.4024997652 83992.8591812104
199322242.2599530220 104077.3685913086
189116962.1391622722 83839.9355597049
188543560.0759063661 81868.7499406599
188909943.9841375053 83271.9493429624
199520671.6881839931 104176.4984130859
185935243.1750267148 67630.7131532560
197509782.5460805893 102538.6895599365
198661045.7382809818 103899.2028198242
189311216.9306963980 84577.8737505823
184498227.9903799295 41793.1403237432
185893728.9712184668 66158.1862366311
188735349.4151557386 82749.5953061841
191748113.7842453122 90558.7042882442
186002700.1596391201 67943.2709701806
188282666.3988568485 80565.1731559038
186650328.6119208038 73649.0386390537
191765353.2147327662 90673.1818273067
199317743.0083276331 104066.4011840820
188770393.7997171581 82775.8586118482
194107243.1252372861 96279.5653729439
188494636.9188704789 81361.5195682049
188388809.4974739850 81050.5099005103
197539112.4921656847 102683.6886444092
188517523.3749891222 81838.0614218116
191558987.7857536077 90331.4845237732
186680308.0800814331 73742.6146991700
188311253.8551049531 80994.3901734874
199115292.8991220891 103967.3630371094
209021890.9434403181 105260.4446411133
188245022.1643507183 80520.8368897960
185316004.5710329413 59531.4620754531
199067762.0915842354 103964.0233154297
188159072.0558900833 80014.4160523936
186062754.3077655435 68727.9733884782
188089174.3083138764 79734.6377168223
197408909.7621145844 102371.8985290527
188234050.7846532762 80516.6238470301
188461899.6163237989 81296.4671998546
188162986.9961200655 80384.5376344249
185423975.9018535614 60338.3900883402
185384644.9905231595 60333.1110698989
186191668.6646257341 69787.4035194665
191626660.3871514797 90417.8553841114
185324165.9353075027 59579.3650266303
185260566.2519071698 59421.1815044692
186489854.5164664686 72712.3126818128
186079050.9809056222 68741.3312674314
185924982.8501943648 66982.8030624315
199269689.7130004466 104051.5581665039
185939291.4863707423 67784.2787704393
186180080.2832317054 69623.6022910029
191597059.5035901964 90356.7501866817
186555645.5370742977 72922.0178947560
185994237.2948575020 67869.7221949026
197461708.0888559222 102500.4025573730
186018432.4765048921 68564.6443903372
191503984.2440963387 90312.2517125607
186204373.3999810517 70106.0096309632
186124289.3677611053 69567.6044016833
193513748.2122260928 95064.8967157081
208293846.5016667545 105158.9606933594
186368462.8631781042 71870.1067298837
193523909.6567358971 95171.0909055937
191842548.0730323493 91174.2844350338
193280642.8540971875 94704.4623303413
193139566.7358394265 94212.6458391417
186616417.8996370733 73082.9397941083
191825095.3899905682 91172.5861318111
186062289.5872302651 68724.2466698438
186102404.3245513141 69496.3086329252
193407331.3215676546 94894.4858714808
192977487.1408795714 93903.5956987608
193208863.6611885428 94594.0988420714
193176710.3111348748 94369.5117315520
208481992.6105901003 105161.5474853516
208937533.7824636698 105231.5428466797
186205847.2277896702 70418.6409563869
191800848.3675407171 90978.8447550237
186449366.2068233788 72237.7810206860
208580428.4898057580 105185.1105346680
191951118.9101241231 91338.5453553796
184816695.5147294104 47546.3265514233
186305602.5769193470 71330.1799049824
192109142.1831641793 91891.6974440217
185541715.5810371637 62135.8460994716
185602693.0107923448 62813.2961105461
184845280.0484074950 47577.3600427814
184778582.6811365187 47546.2667726063
184724182.9509901702 46634.2153508373
208573178.0784341693 105175.8416748047
184767850.6903056800 46944.1445110354
192436969.0853456259 92594.7946980596
185678583.3543588817 63043.7600330467
192018974.7811292410 91497.3603850007
185511339.5536413789 62037.7749656792
184758219.8672490120 46860.5954614493
192770261.4001225233 93395.4926660061
208274413.5008887947 105042.6765747070
184704506.9573235512 45945.6634666908
192968745.4346199632 93805.5645519663
186615921.6725239158 72981.7402218664
207654740.3232536018 104971.2389526367
192742239.8288598061 93389.5272672176
207966193.7145105600 105011.0127563477
185590789.9746282995 62285.4641803856
207358185.4611216187 104734.3748168945
185465272.2168962657 61172.4698654785
207705081.8721552491 104989.4511718750
192488592.3831418157 92715.1339094639
185422098.3645186126 60338.2938789482
192224542.0506866574 92059.7432623506
185443653.2698729932 61125.8454002495
192843547.6400435865 93529.2497319281
192557810.6935199499 92858.4904545844
184703124.1523663104 45082.2296826363
192459370.0279037356 92702.7578402162
192678858.8886007369 93057.9520483613
208024971.1980757117 105016.6705932617
192796070.4185658693 93493.2890385687
192671400.9239202738 92966.6097765565
207944212.8768088818 105004.0450439453
192788672.3582811356 93461.5210390687
192283564.1532562971 92153.1592245698
192396211.9359075725 92484.4886007905
192356708.6643027663 92478.1707296968
185534611.8336924613 62096.8801731224
185431083.8650697768 60504.0358319710
185478224.8562278152 61195.6953291203
207188306.7090321779 104576.7932739258
