208224172.1026994288 104849.8707275391
208062558.8685699701 104835.4481201172
208235747.7420666814 104856.6632690430
186563136.9920160472 70460.8903279239
186433840.4720624685 69750.5069235973
197341870.8293193281 100654.5955429077
199749934.1383742690 103046.6682128906
187924496.4205081463 77006.4053114653
187902408.7092472911 76935.5309783146
188279195.8200232983 77951.8561223410
186370847.6098723710 69248.7177751025
188936182.6169121265 80185.6308334768
191579278.1471680999 88014.4273590669
191744439.1902512312 88936.8378275074
194183213.2045633197 94465.7779383659
196392493.0166459382 98964.7554626465
196587679.3584055007 99486.9523620605
196695613.3276939690 99770.7320251465
185374350.1956911087 58203.8321115932
185422892.7540814579 58698.6970560512
186799991.3443387449 71493.9481162243
186667211.9177740812 71096.4123746566
189299470.2114062905 81055.4635852147
198035248.8400512040 101635.3309020996
198932963.2677582204 102633.9042358398
185266335.7211815715 56059.4342083793
185198037.9262278676 55500.2603838182
186380107.1484784782 69673.6063551120
194126038.4632438123 94169.3714735508
196983034.5955954194 99948.6433486938
192483996.1290411353 90375.5308700204
196138967.6125844419 98483.6037540436
196685443.4440101087 99493.6376571655
210016226.5451605618 105009.8068847656
185271735.9936048687 57089.5979234910
185313039.2946254909 57966.6251528001
186438337.2506085932 69807.6135931052
191662888.4738689065 88543.8127327561
197181578.7104674876 100462.4858779907
198932459.8300047219 102625.1851196289
200226989.3352428973 103097.6127929688
186759066.0354660749 71097.4184838943
187854065.8803647459 76330.2004955411
197726826.8640287817 101098.4921112061
197431863.6779938638 100712.8753509521
184824749.5562567115 42011.6496217333
194564544.9855191410 94935.5031123161
194261748.1870675981 94617.9475016594
197470446.9902745187 100971.9728851318
198298590.3770077527 101889.7247161865
199893244.5053217411 103083.4442749023
199706257.9359092414 102921.8193969727
200278693.8934357464 103130.0195922852
184805834.8767032921 41227.5448368292
184825059.1190867126 42566.4680519539
193960298.2551975548 93846.2054629326
196836578.8490440547 99834.4192199707
200256707.4370048344 103112.4083251953
199793879.8742069900 103077.9668579102
207791312.4349178076 104680.7438964844
209609945.5693885684 105002.3742675781
187235190.5192748010 73993.1265458167
189070602.9600612521 80785.4798694551
191777941.3109948635 89017.5407195687
207924830.2953594029 104785.9119873047
209433748.8448164165 104953.3436279297
187708579.4122110605 76100.1070850492
191603227.0577225089 88370.8647194505
193943410.3489809334 93843.3450884819
208581793.5249512494 104912.0651855469
209550750.2710660100 104997.3870849609
196397965.7188083231 99085.5655746460
198337762.3954130709 102024.7717285156
199473154.1674667895 102875.5236816406
208358620.1258516014 104897.8297729492
194139757.2036936581 94285.8701186180
186287249.5347572267 68742.8287026100
184864575.8798100054 42686.5505504633
193852343.3060472906 93614.7426390648
196689256.6153959930 99609.5695953369
208651407.7800480127 104924.8994750977
184849955.9656831324 42665.9503605391
187867309.0560560226 76846.0619762540
189445170.6474401355 81640.7163823545
196466867.9127089083 99180.7799224854
185406028.8883658946 58258.4810771289
199411339.1569879651 102803.2794799805
207989500.7891731262 104806.5881958008
191682970.9988949895 88883.1753426194
208978011.0512458980 104941.6868286133
185361611.1306326687 58039.2524938321
184815070.2496137619 41778.5981609847
196563758.3987000287 99224.0898551941
185312528.8999958932 57134.5686023867
187966158.5242823958 77055.4171715975
187794224.1967759728 76223.4069164395
189247603.0086175799 81005.5850571096
197170063.9246472418 100364.0240325928
208288831.0906969309 104859.8722534180
208984597.3797854185 104945.5470581055
184927706.9827228487 46039.5084161937
191880024.0506643653 89077.6739478707
186350418.6781167090 69242.8744599780
189018379.2418547869 80440.5621689260
199148934.4427256286 102704.5881347656
199641953.6890231073 102914.4578247070
208659827.7903815508 104927.2816772461
191768580.0364552140 88955.3587141633
193588700.6384247243 93227.8548960686
185782818.4479551911 60775.1562199703
187658275.2962347269 75631.0430037193
191394637.5136642456 87985.8633809686
186279011.2000879943 68727.5351312198
187963455.8712917566 77019.1558864713
186599642.9379038513 70716.6350380182
187711849.2814865708 76143.5988308489
192075583.0147687793 89909.1885543466
192492509.7478069067 90807.4964296818
198815325.4010737538 102525.6753845215
199327823.6972511709 102709.7889404297
197148832.2179118693 100237.4952850342
199524472.2780493796 102898.5112304688
186297230.8515266478 68898.3025022857
189333913.0290257931 81632.1269890070
199078511.2193169296 102693.4921875000
207965823.5759974718 104797.7481689453
208307803.3462193012 104865.1002197266
208247207.4958689511 104857.1360473633
189171348.2353393435 80850.7380569875
192613348.3005068302 90882.0257834792
191985730.5505186915 89531.8452163339
192391941.9787015915 90318.3967983723
189622063.2892554998 81701.6913187429
189027251.8164590001 80697.5716904104
184919976.0321929157 44934.6561402913
185674552.5106915832 60595.4563965610
185716206.6541024446 60772.7789174503
185035943.9185259342 48439.8300033206
185507228.0256975293 59863.1116246915
191834113.5726197958 89071.5960784554
186487350.5709831417 70213.1333342791
187454287.2562971413 74857.2491241992
198915330.7875164449 102562.5946960449
198543613.1737452447 102263.3668823242
198740729.4231972992 102488.6669616699
205663927.6530823708 103840.5814208984
191688076.2732193470 88894.3326693177
184874199.8625636399 43802.8367034506
184895186.1199776530 44809.0528098058
184944455.8358783126 46662.9091513188
186492262.9872593880 70231.3439357318
186397617.1706812978 69720.8272635974
191979212.2034370303 89405.8376327157
185005349.9804323018 47915.6158082330
191979433.3280571699 89468.5945602059
187588422.4764317870 75546.6483704150
187576768.2741785944 75240.7376660407
192394756.5067300200 90349.5924850106
187518723.6759481132 75171.8410595953
188911457.3495423794 79985.7346639037
205759398.2603042722 103914.1072692871
184971458.0144177973 47425.6563547955
187368149.1534124613 74610.0245713294
192245590.1028302312 90245.6612815261
187078591.1746268272 72693.5083746999
188845703.5029261708 79713.7877869681
192045338.3633808494 89873.2450729012
206425274.5641792715 104411.2227172852
187315277.5211418271 74101.3279509633
206694233.6701942384 104480.3845214844
185587134.9839790165 60019.8802478769
186347820.3785308599 69027.8495996352
187170698.1087794900 73451.7179503529
187293041.2182839811 74039.3469939320
187012564.9918486476 72537.3266234486
187170647.2313292623 73433.1344944774
187160082.5841463208 73418.5114684193
186985724.9222860932 72509.0248351186
186979499.8332322240 71982.1546983807
186828011.1873928905 71637.4509477704
193555389.5433614850 92812.8993678093
207738743.6247001886 104659.3664550781
197781967.6998501420 101130.5486602783
197984535.9009331763 101482.6229095459
185452881.7865473330 59062.8052058852
185004420.5585923493 47874.3599524828
185560523.1773478091 59952.7414678800
186656562.5105245709 70753.8284406750
205526494.4057325125 103836.6004486084
207137924.4718559384 104568.6128540039
184926257.7457924187 45626.6377957569
184972303.2775566578 47508.2851494395
184942811.2473247349 46538.3041552411
193233793.8998070657 92219.2910214663
193272127.1170265377 92272.7947249413
206169179.1246560812 104365.7871704102
207079161.8731053174 104522.7820434570
193433166.5813648403 92795.4677882195
197868019.7295154929 101264.2005233765
186796077.0797331631 71105.0454502967
188747654.8527705669 79069.1473321319
198580032.2225755751 102293.0323791504
207188306.7090321779 104576.7932739258
188861142.7047878504 79791.9589070678
193761694.8053084314 93554.2309870720
194162833.1290996969 94295.5531439781
185130141.2341662943 48477.0738141456
186967697.5545659959 71765.2998376754
186883939.0342223346 71759.9082032111
198223291.1497303843 101840.5825500488
184987840.3090631366 47550.9728687026
198164200.6546785235 101798.9024353027
205942874.9659390748 104053.3828125000
194004990.0383892953 94111.9395594597
188702704.6222070456 79044.3780354857
194440789.2706269324 94774.3428339958
198023734.0412866473 101520.8119049072
185468649.5988026559 59097.8935885291
188510446.0528847575 78211.6972836852
194478449.2265168726 94788.6814570427
186969223.2854344249 71853.9684626260
185446221.0129283369 58954.4504151082
188573168.4907026291 78240.2260764465
188533167.6379491687 78231.0010394454
198597484.9056173563 102294.6927795410
205953953.1086046398 104240.1307373047
188455651.8936816156 78071.3258237243
188633411.9301053882 78311.1347384676
206492359.1383364499 104445.1379394531
188606249.7937689424 78248.4684662793
206443584.3397910297 104420.9643554688
185647545.1834344864 60025.3962897207
188644375.1649034023 78538.9872617126
188503786.5507636070 78177.4804351702
188437120.3703247905 78062.7538022399
206491352.4687478542 104444.5269775391
206603167.0753024817 104447.2651977539
186184174.9214379191 65745.0570306157
195995966.9128327370 97555.6410810947
196129399.9269858003 97865.9828395844
195997408.3732615113 97648.2375392914
185664403.3100063503 60192.5867007277
195835871.9876305461 96653.8388781548
207076567.7053785324 104521.7088623047
195921193.2918224931 97526.4637775421
186256945.2041457891 66097.7032311850
191280925.6084448695 86537.8331227899
207094472.0331239998 104538.4148559570
206919243.4315626919 104496.8491210938
196103655.3345907331 97850.0677566528
206941670.9928401113 104502.3499755859
191325964.1662552655 87036.6774309874
203024748.3059338331 103270.9144897461
202396487.4005812407 103216.4481201172
207426969.5485489666 104577.4083251953
193740208.0554458201 93271.9872431755
202719213.5354018509 103270.2381591797
207480116.4970614314 104583.0123901367
207533096.7053326666 104586.6500854492
191375952.8471367657 87090.5396381021
185880751.8078951538 60851.2766671372
207443448.1760435998 104579.0415039062
196034318.9742482305 97676.5971298218
202353387.7434548140 103202.8220214844
195881911.1198564172 97233.9797058105
202696064.5571795404 103254.5731811523
185891318.2647608221 61257.9678089581
202438878.0152707696 103221.7158203125
186160064.5237083733 63724.6131840156
202383403.8602581322 103210.9138183594
195095447.9958883524 95429.8733501434
195372946.0220044851 95726.1419105530
195084038.5983613729 95396.6227607727
195889385.8757512569 97309.3045043945
195121216.1654550433 95626.0146446228
194771562.5515618324 95242.0941658020
185949788.8757647872 61375.0187948458
195458235.0258636475 95753.4924888611
195304048.3310561776 95656.1696629524
186159269.0802796781 63196.4698976912
194725020.6120384932 95131.9980854988
185946226.0877881944 61350.6554772519
186155130.1569499969 63145.3019521944
186008888.5795174837 62159.7853710614
186088131.2475434542 63008.8338512592
186045883.4896849692 62672.7174370475
186030440.8074830174 62164.1809270345
185994900.8566814363 62117.0437405296
186044728.9775052369 62213.1951979138
186074092.5587235391 63000.7467192151
203927279.0394800305 103413.6347656250
203798124.6433635056 103381.7880859375
203799683.0065935850 103403.6638793945
203610979.3773486912 103354.1828002930
203598366.4622466862 103352.7584228516
203682878.4961093068 103355.8779907227
203522149.4038260877 103272.1233520508
203523334.4116115272 103343.1192016602
203699335.4533188343 103356.7357177734
195538102.4715449810 95841.3275589943
