198538460.2048260272 102586.5712585449
199226992.1910743117 102963.0872497559
200626834.3960654438 103540.4276123047
201333729.0773067772 103608.9022216797
184798373.8144083321 43997.3272864528
185583696.6881395876 62013.3256916160
186808614.9102663994 73044.8733379385
186943402.0808346868 73133.2484510140
189432888.3136779964 82828.7395161577
196196943.0980235040 99015.5809383392
197600388.3116310537 101173.9846076965
198733308.1200542152 102909.2978210449
209356895.3770591617 105118.6227416992
186343446.6545776129 70557.0840951940
193452525.5548160672 92933.4984143376
198035824.2721090615 101586.4476394653
198055377.8714350164 102063.5345001221
186980085.0557139516 73146.2521813326
189195217.9352935255 82082.5277790427
192023084.9899524450 90410.7257846394
193184617.4948273301 92792.7709608078
196591083.6544039547 99579.3859767914
198179781.4542916119 102102.1702423096
198335878.5739690959 102318.5319976807
185431083.8650697768 60504.0358319710
189147934.0151546001 81883.3484379835
192944350.6166564822 92710.8269756217
199058376.5774556398 102916.7493591309
198373981.7655786574 102517.2922821045
186796925.2318378091 72401.6991250059
186998824.9054536819 73339.5878544264
192178261.7151886821 90744.6591209550
192683531.7436874509 92201.6728536487
199224044.1365743577 102939.3831481934
187080597.6405906677 74021.7746501453
186783932.5913155675 72356.6145011922
186851198.9024577737 73103.3537438326
186650051.0018911958 72277.3210808774
186584606.6114350855 71526.9635524293
186491942.5888994336 71475.8458916685
186254780.8829827309 69731.4546142435
186275877.5519666672 69769.2892076513
186451158.0370993018 70733.7392198583
189066975.6439820528 81233.7468068190
192667309.1637529731 92194.2127502342
192620686.5423277020 91935.8109746356
198691863.7688500285 102713.8899230957
184774551.8964958489 42531.8869723089
186237640.1307110786 69581.1301111719
189008742.4570310414 81167.4712941237
189178071.1447561979 81952.6493165083
185612830.1196987629 62096.8801731224
186402915.1599218249 70674.1968972227
189075991.9253306091 81871.8318974562
192204461.0423035026 90836.0985435625
198648310.5880867541 102708.1682434082
207837283.3313394189 104860.4934692383
208175130.0394656062 105004.0450439453
186317980.1415741444 70448.5650255224
186349843.3606600761 70565.0325000994
187283370.3922101855 74052.2821888514
192586479.9086416960 91793.8387357374
196074646.4480174482 98476.2170486450
198731695.2751059830 102836.8225402832
201404137.9004143178 103671.2025756836
189378194.3747021854 82796.4326376207
184766409.2254948318 42522.1934420176
187067825.9766878784 73575.9301061220
189295880.9298390448 82617.6976258345
192102470.0329404473 90734.6217191746
184774678.0207398832 43198.9417788096
192322405.8743993044 91340.9725858350
192542860.5137872696 91683.7546721478
196408429.4263789356 99391.6860179901
192786876.6812807322 92277.3842817922
192567665.1443617940 91763.3209014535
192424569.7765837312 91653.0446073194
197679965.6676560938 101248.9179000854
201149305.5617712438 103600.4727783203
185506942.6491657794 61302.1716878935
190117517.7954649627 84436.5858094282
197423225.8941033185 100745.2057189941
192315092.4709022343 91229.3067344804
200415581.3769468367 103380.2005615234
185478224.8562278152 61195.6953291203
189682770.0108007491 83530.5216966551
192240627.6892687082 91185.4320396562
196830691.1119325459 100025.3147125244
196312720.5472926199 99194.6657624245
200150331.4360888898 103310.4490356445
185279478.0213830173 58109.1791624798
189734282.9235687256 83593.5528504439
185307966.7896840870 58927.0239311598
189782755.1622444689 83675.3737056255
189556145.7765350640 82902.8606659956
189931187.9656948149 83993.9789907932
189837891.2848363817 83983.8893495481
189994096.4418013394 84262.3469788618
190185939.0868546665 84436.8544922099
185566225.0817380846 61313.4221978895
189605679.6028921902 83524.6562439986
196650687.0008464754 99740.2243938446
197159588.7153860033 100604.8895244598
197738100.0499856770 101498.6127395630
187057945.4927427769 73495.7004518099
184740127.4215281904 42397.4665896006
200255201.0279265940 103346.0390014648
189744218.4621168673 83614.2456789836
188897581.3180436194 80854.4689469337
188671923.0736545026 80069.4464259148
185450305.5150601566 61105.8032053419
185326961.1211809218 59023.1139718957
188814228.1388610303 80199.1324945986
196899429.6283286512 100176.0998516083
188851800.8621358573 80814.6042505801
208203158.0198559463 105008.3911132812
209397830.0965789557 105133.9100341797
208276541.9157015681 105019.4573364258
185311247.9891175926 58958.1081310652
185236513.5392268002 57192.9767339203
197633409.2716989815 101238.2864761353
208761496.5728988051 105071.5983276367
185443670.2251651585 61101.3961261864
187024819.0431448817 73493.8241700716
197691004.2469989359 101265.7247390747
201013026.5762179196 103554.3563842773
200563378.3712994754 103467.1948852539
184789223.8646979034 43363.3672126055
196515736.9095941484 99479.1024246216
200479967.8126913011 103398.9691162109
185328332.8095265329 59078.4878155135
207896565.7381114364 104875.9993896484
185390659.5237660706 59657.1714890524
185462988.5790827572 61127.0886916275
197683877.6070524752 101250.2633819580
185476366.0364705026 61127.0907193498
208429583.8800544143 105027.6124877930
196265968.1251859367 99080.9453449249
197723236.8779222667 101395.3216400146
188811329.0414824784 80074.9269358218
188649642.0478163362 79536.7421824038
185393034.9491346776 60215.1591261978
208294253.2457757294 105021.2851562500
187789133.0634092987 76213.4597385526
196083390.9854404032 98517.4055461884
198055335.9384594858 101956.5919342041
209061372.5245813727 105098.9547729492
197831862.8746495545 101504.2986907959
188652248.3832438886 79889.0117136538
197854664.5720152557 101523.0431823730
185254188.6769353151 57250.3407993235
185336980.9166910946 59357.2405157069
186206608.6229749024 68241.9303659610
186223529.8495060802 68258.3856429271
198045780.9309212267 101947.4440460205
185260646.8216136992 57508.2929591764
185313376.1956876814 58963.7455539621
208958520.1252087653 105087.2245483398
209007141.7648315430 105097.1951293945
196675135.8083816469 99873.8551616669
195881428.4083772004 97586.7521934509
185100738.2429985702 53096.0525644383
195775678.1574372351 97539.0060920715
208834880.4687444270 105082.2644653320
196394992.2053953111 99226.7720680237
196002928.9698648751 98456.2755088806
196309483.8133591115 99090.6070594788
201083387.7907848656 103587.8424072266
201231220.1094018519 103604.8175048828
185127616.5823716819 53985.4489452577
185146772.9198655188 54713.3684999681
185270963.2094959915 58051.8159885324
191776121.4453498721 89002.0039921403
197081093.1100739539 100277.5167236328
187811594.3021128774 76377.6447933316
196803186.5181309879 99915.6011657715
197203947.8121552765 100618.3780212402
208732571.0639683604 105041.1478271484
192010494.4981737137 89769.4258901104
207949286.2448929846 104923.0830078125
185124874.4210793674 53920.4634134508
191875159.2786979377 89397.5656477436
197110153.9900654256 100348.3407287598
185211675.7358278036 56412.1899492479
191653457.1469838619 88650.4055124745
191879036.4692407250 89555.3924910054
200049511.7642966211 103214.2716064453
188522030.1389173865 79216.3738476932
188492497.1954497695 79091.1754196212
188500359.7794394791 79157.4788462222
185110886.6982433200 53911.5824815965
188316964.9331307113 78589.4960276186
194371302.6377554834 94837.1110758781
199879388.2662431896 103142.8429565430
185171260.9609541297 55500.2603838182
187891382.2817623019 76913.8605771661
188418711.9241169095 78962.1704966128
188292207.7945242524 78541.6266428530
188162155.3000803590 77976.0180275048
187437461.2446124554 74634.4876011908
188143633.6557617784 77964.4401111901
191836295.9566423893 89112.9154499769
197464517.1581436098 100971.9728851318
199684692.3259297311 102977.2315063477
188040968.5851441026 77400.3436744809
187824929.7328779697 76454.6165187955
197341870.8293193281 100654.5955429077
187924496.4205081463 77006.4053114653
187902408.7092472911 76935.5309783146
191579278.1471680999 88014.4273590669
191744439.1902512312 88936.8378275074
194126038.4632438123 94169.3714735508
194564544.9855191410 94935.5031123161
194261748.1870675981 94617.9475016594
193960298.2551975548 93846.2054629326
199793879.8742069900 103077.9668579102
191777941.3109948635 89017.5407195687
187708579.4122110605 76100.1070850492
191603227.0577225089 88370.8647194505
193943410.3489809334 93843.3450884819
194139757.2036936581 94285.8701186180
193852343.3060472906 93614.7426390648
187867309.0560560226 76846.0619762540
191682970.9988949895 88883.1753426194
187966158.5242823958 77055.4171715975
187794224.1967759728 76223.4069164395
184927706.9827228487 46039.5084161937
193588700.6384247243 93227.8548960686
187658275.2962347269 75631.0430037193
191394637.5136642456 87985.8633809686
187963455.8712917566 77019.1558864713
187711849.2814865708 76143.5988308489
184919976.0321929157 44934.6561402913
185035943.9185259342 48439.8300033206
187454287.2562971413 74857.2491241992
205663927.6530823708 103840.5814208984
191688076.2732193470 88894.3326693177
184895186.1199776530 44809.0528098058
184944455.8358783126 46662.9091513188
185005349.9804323018 47915.6158082330
187588422.4764317870 75546.6483704150
187576768.2741785944 75240.7376660407
187518723.6759481132 75171.8410595953
205759398.2603042722 103914.1072692871
184971458.0144177973 47425.6563547955
187368149.1534124613 74610.0245713294
207738743.6247001886 104659.3664550781
185004420.5585923493 47874.3599524828
205526494.4057325125 103836.6004486084
207137924.4718559384 104568.6128540039
184926257.7457924187 45626.6377957569
184972303.2775566578 47508.2851494395
184942811.2473247349 46538.3041552411
206169179.1246560812 104365.7871704102
207079161.8731053174 104522.7820434570
193433166.5813648403 92795.4677882195
207188306.7090321779 104576.7932739258
193761694.8053084314 93554.2309870720
194162833.1290996969 94295.5531439781
184987840.3090631366 47550.9728687026
205942874.9659390748 104053.3828125000
194004990.0383892953 94111.9395594597
205953953.1086046398 104240.1307373047
206492359.1383364499 104445.1379394531
206443584.3397910297 104420.9643554688
206491352.4687478542 104444.5269775391
206603167.0753024817 104447.2651977539
186184174.9214379191 65745.0570306157
195997408.3732615113 97648.2375392914
207076567.7053785324 104521.7088623047
191280925.6084448695 86537.8331227899
207094472.0331239998 104538.4148559570
206919243.4315626919 104496.8491210938
206941670.9928401113 104502.3499755859
191325964.1662552655 87036.6774309874
207426969.5485489666 104577.4083251953
193740208.0554458201 93271.9872431755
207480116.4970614314 104583.0123901367
207533096.7053326666 104586.6500854492
191375952.8471367657 87090.5396381021
207443448.1760435998 104579.0415039062
195095447.9958883524 95429.8733501434
195372946.0220044851 95726.1419105530
195084038.5983613729 95396.6227607727
195121216.1654550433 95626.0146446228
194771562.5515618324 95242.0941658020
195458235.0258636475 95753.4924888611
195304048.3310561776 95656.1696629524
186159269.0802796781 63196.4698976912
194725020.6120384932 95131.9980854988
186155130.1569499969 63145.3019521944
186008888.5795174837 62159.7853710614
186088131.2475434542 63008.8338512592
186045883.4896849692 62672.7174370475
186030440.8074830174 62164.1809270345
186044728.9775052369 62213.1951979138
186074092.5587235391 63000.7467192151
195538102.4715449810 95841.3275589943
