47294489.9636338502 2404.3933486938
47519211.2894992456 2419.9251251221
47571269.5485357940 2434.9793548584
47061910.9837374911 2248.8122415543
47400746.3521000817 2406.6890945435
47222965.8970261589 2395.6905288696
47182282.0153643414 2392.0248565674
47432198.6252384409 2412.8954391479
40551559.8862881511 834.4687112034
40586266.8626456037 935.1540798605
40584210.6621778235 926.5955934918
40544211.3215328678 817.9458666242
47128917.7161150873 2356.3987960815
40618577.7563566566 1032.8454188777
40549503.6858203709 825.9102248347
40742295.0046654493 1034.1770421601
40556515.7535539865 923.3852748347
40593364.4510050192 1023.2589621020
46657384.9818654135 2103.5960826874
46664939.2237802520 2118.4726409912
46799249.0889575481 2122.0226707458
47045100.2257470191 2186.3123054504
46857874.8899789602 2186.1089286804
40860249.4673675448 1034.2532511092
40932824.3488986343 1035.2209589378
46567604.1239272878 2022.9961261749
45870973.0568915755 2022.9350585938
40985520.2706284523 1058.7219548980
40953647.6238710061 1047.0889532462
41719558.9820861444 1276.9782983223
41510441.7504819557 1151.1086341739
41633542.1613676324 1213.5277718264
41633618.3879190460 1214.2047852236
41799184.5744986981 1278.2648470858
41927937.9649834856 1376.5298195044
41553834.9724311307 1165.9286369043
42084987.3852441311 1386.4384423653
41829091.2653189600 1290.7535228431
41689588.9984373227 1275.3887809473
42097014.7864274532 1399.0201426192
42607632.3280700892 1430.9956259653
42713598.9548965469 1444.7072474062
42732626.6334563568 1541.5625870228
42991855.8603718206 1541.8064892292
42688457.3119122386 1443.9474155903
43014327.5209155083 1562.4044998735
43606087.4977429435 1623.3906385303
43065743.8899361715 1620.5103435516
45616244.7870479599 1697.4193334579
45343110.6202709451 1625.8474537134
45578923.3053861037 1663.6974691749
45779002.8768010437 1843.6728944778
