200472694.3159008622 2681.5105295181
185113739.6522417068 1237.0965103485
187134921.1499200463 1760.1853824015
190810763.8256414533 2130.0255969567
198951271.8477792144 2603.4824445248
184479019.7110661864 1101.7357773536
194309663.9060252309 2353.9963219017
199055311.4752233922 2612.5434045792
199166022.9903171062 2618.6522011757
194562792.7410387099 2358.2152420729
200230249.1758317947 2674.2945652008
206318240.2433968186 2735.5473213196
185018433.9538001418 1219.8391231313
189129218.3784982860 1992.2350157919
200694693.0015054941 2685.7074308395
200498468.5695387721 2683.6630792618
184890070.5513114929 1217.8368197767
184758722.2628709972 1200.1683384530
184803062.1081893146 1216.3778832123
185743302.7136718631 1488.2186179894
193900087.3425009549 2337.5113003105
199211793.7533115149 2624.5862717628
199826416.8336359859 2656.2214055061
184322367.3556028306 956.8231926422
190517003.2748047709 2121.7976522101
193833296.1046722233 2330.0864316672
198973959.0267969370 2609.9574155807
184554880.9578066468 1124.7717453116
187276220.6717090011 1764.2559488029
194233708.3115431666 2347.9563931170
200155585.7012189329 2672.5219879150
204385519.5555829108 2730.8630809784
205716466.9840677083 2734.0372581482
187302303.4489191771 1766.1691453573
184535425.6550640464 1123.4091816802
184850258.5415039361 1216.8696533792
185937351.7736423612 1550.3694824796
193655977.0564854443 2314.7828273885
198865709.4590956867 2588.9990742207
199015007.1554977000 2610.8330526352
199975860.4624951482 2657.1535587311
200248374.1902244687 2676.2652873993
203061535.1398225427 2722.1095085144
203749093.8426572084 2729.0399246216
204327856.3968430161 2730.4490432739
187128585.5351410508 1756.0768007976
190811326.2903735638 2144.6900685830
194014159.0101971924 2339.5098177642
199257702.5630453527 2628.3248925209
201009460.3038464785 2691.4017066956
184919646.3400541246 1219.5000259183
189054556.9459747970 1987.3418069228
190654342.9339866638 2127.9645360513
190775418.8904022872 2129.1889775796
190821432.4813425541 2147.0042341077
200119969.1140521169 2669.9250183105
203440294.2841878533 2726.3659477234
207219868.4140548110 2735.5614719391
184711462.5058804750 1193.5345684640
186996037.6560677290 1741.3053526492
188703324.9615915716 1949.5058265969
192932661.1866674125 2271.8479905603
193957303.4355965257 2338.0277649611
200274193.5681000352 2676.8611478806
184424352.6157281101 1058.0678011062
186182507.0977602601 1593.3804921230
202945495.7311609387 2721.5319232941
193842522.1881662309 2334.8801571578
184677488.1050242484 1172.8421715679
186021723.5409498215 1572.6109457879
190652632.1950338483 2126.5437706513
193474598.6342763007 2313.4896275252
203112977.6425018907 2724.7217540741
204014388.7896326482 2729.3932514191
184465839.6451712251 1101.3915026480
187234149.4843764901 1763.9950210599
189256474.2923264802 2006.4372330054
190574053.4540889263 2125.2492862744
190712014.4472036362 2128.7549289269
193807292.3655593991 2323.9448177069
200313078.6983976960 2678.0768489838
203154951.1631614566 2725.1762561798
203522002.4286558032 2726.5929088593
188665768.3248099983 1946.7276927575
203208970.0637599826 2725.8627471924
203839801.9418709874 2729.3339214325
193421516.1871636808 2299.7021055669
200618571.8844337761 2684.5454463959
200964770.9415430427 2691.1305294037
187079428.0056700706 1744.0470866770
193699624.9640696049 2317.7148580998
184360832.2030726671 961.4624973331
184525981.5003761351 1120.9954158062
191444567.9060401618 2180.3469148234
185803516.4891831875 1489.3144523937
184501414.9456091523 1102.2663838834
204051121.1921670437 2730.3268375397
203820840.5224740505 2729.2319335938
193782742.6706929505 2319.3640623540
184429138.3395686448 1078.7438070470
184309533.6408491433 935.2874700341
186990797.2133310437 1740.0815364702
193445484.0653058290 2312.2901773900
184314774.1944456100 937.7160792321
190589170.7357071638 2125.7517293496
193252943.6375764906 2289.4071203740
203080315.6909062862 2722.6958141327
193274831.3974784911 2292.5627714517
190463088.3366785347 2108.6078904672
193375388.7330215573 2296.0419825437
203792202.4494467378 2729.1207370758
193046033.4538025558 2288.9680975797
201425126.2751971483 2695.3537425995
184505786.8486296833 1104.8862461510
190371785.8307448030 2107.3064540429
184363068.4458335042 980.0635638699
186097489.2455519438 1586.1474591387
190560164.4694329202 2124.2474516435
187009348.0632368326 1742.4723471015
192642968.9559482038 2264.6529009154
201665279.3801991343 2700.9446382523
184459758.1347719133 1079.9137721950
187100039.1219869852 1754.5699298207
190480039.7173850238 2121.3549836678
192760367.8524937630 2269.3522030236
192260930.6839213669 2242.4460675113
189262447.0005988777 2008.7715408986
190920946.4655472338 2147.7252746180
192615064.4316715896 2264.2152982233
199639354.9798902273 2643.6263408661
187094490.1453602314 1745.3996787188
190210741.9282820523 2098.0219093331
187114708.5572896600 1754.6542999358
184434808.6367848516 1078.7920581990
184628413.7084823847 1147.4583985700
201556721.9339741170 2699.4213504791
190342933.9260867238 2102.9609180458
191648748.0667682886 2194.5301623368
184364868.8228594959 980.2970858690
185822072.2806937695 1509.2544289096
187257946.2337746620 1764.0084720016
201474720.4707743526 2699.1622447968
199450938.6441732943 2635.6189119816
191533788.7220717072 2192.5906255499
199501974.9658780396 2637.5440826416
184383998.0392648578 1024.4927403623
184616932.4416245222 1145.2209265743
206118070.3269242942 2734.6228160858
184382263.4948436320 1000.1763856623
206023337.6573614478 2734.5456256866
184411438.2359904349 1055.4569732839
192577113.9628644288 2261.8300716160
199811643.5674508810 2650.6670589447
186903405.7558489442 1719.8777936460
191370404.8743125498 2176.4850402430
186972194.1761261821 1740.0549709410
192955591.3847891688 2280.2762201307
201256956.8628728688 2694.7156600952
184639689.5115380883 1147.9277170373
190002121.3739107549 2078.3857542046
191176211.1669548154 2168.8809118969
192517082.9452758431 2257.8347045062
191550838.7217064798 2194.3954444483
191436367.8652690947 2178.1342444972
186929019.5246486664 1722.8158183892
186791969.8789819479 1698.5868132908
190254609.4261206388 2100.3360748577
192204387.3315632343 2239.3885559915
185986606.1462163329 1559.6044707714
186849856.4283750057 1718.9327083428
184402067.2736296356 1029.4931868100
192573096.0588198006 2258.9578461980
192153765.3943427503 2235.6093140056
184648725.0794382691 1163.7567614381
184639837.4794320464 1163.1749161430
199447910.3804995418 2631.6862463951
184587731.7634263635 1144.9352330646
192396179.1445449889 2242.6831989696
201589146.7067472041 2700.4440870285
201635180.3066410124 2700.5374259949
205585373.1673873067 2732.9550037384
191316598.0457511544 2175.9276711897
185848583.0766258240 1516.9113458293
191053467.4279762805 2157.0478034460
191251731.8329308629 2174.2253329267
188852719.1273118556 1969.8224714510
188833417.8190543354 1966.0432294651
188838406.1324893534 1969.6877535626
191815549.2866163552 2211.1803173081
191778731.6268582642 2195.2750323978
200963555.1055727303 2686.5769529343
192069508.8392231762 2223.5861985197
201103444.3946205080 2692.9013786316
184402973.8105030656 1032.9527822935
188654601.0399467051 1932.1745386324
186366843.1965708137 1631.6929231614
202725074.0094909072 2718.1611680984
202891596.4148378372 2720.3818473816
202424553.4083048105 2713.5849266052
191822341.1266196370 2212.1058801666
200042169.7149946988 2659.4750356674
191916066.2713637650 2215.2534879700
200106006.5771428645 2663.0427379608
200102503.2878453135 2662.5759143829
186812954.8919805288 1705.6419994176
185828084.1378423572 1513.5633689659
190969570.8423321545 2151.8748566383
199413757.4886687696 2631.4668118954
202635717.6780019999 2715.8508434296
205565998.5259405971 2732.9436531067
185808328.6696961820 1497.5204669121
186483091.4230468869 1642.5637531905
190148550.7173990905 2087.8227625855
188996858.4037152529 1985.9413503751
205336164.1173465848 2732.0077323914
202525410.3349812627 2713.7446117401
202614361.0438474417 2714.5702981949
205152772.1889646947 2732.0041217804
186624276.8087261319 1660.3549336914
188989356.6352927983 1985.8972963437
189001559.6711651087 1986.0941862210
189311873.9235093892 2010.4746888197
186625491.2629241049 1663.2140487697
189474348.6770327687 2029.6977697536
205494019.4329611361 2732.5308284760
186677265.7074548304 1672.0281261662
186706520.6442033052 1683.8230468572
189296092.2435674071 2010.1933320082
186651388.6172530055 1670.3901490693
205124134.1159373820 2731.8919219971
186492292.9847522378 1643.2392770527
185920945.8336583078 1535.1407256431
186447562.2248118520 1637.5924440590
186055303.2123675942 1577.7216626076
186470776.1542108953 1640.5700044152
205404126.4871436954 2732.4526443481
205341524.7785332799 2732.3205089569
186512775.1047886014 1649.9236187637
205020205.4687972069 2731.2705764771
190361614.6321274638 2103.7420101106
185820802.9368544221 1498.6488404023
185884231.2829487324 1534.0373558300
201923745.4211810827 2701.2573308945
202044047.7892827988 2705.9619226456
186405655.0529815555 1635.4673505989
202165646.9939610958 2707.3239326477
186327221.3974665105 1624.0734902376
191514730.8740977645 2182.1997734646
185976114.2172909975 1554.6672345484
189865521.2155016065 2063.4555918846
202418033.1565654278 2712.6267957687
186207958.6886865497 1602.4015644145
189591073.6026312709 2037.0894408143
189735367.5312294960 2048.3514141358
189452310.6880124509 2021.5131664193
198828599.8224408627 2562.3874257803
186190707.9428488612 1598.6233052735
189776767.8980900645 2056.6839252557
189601275.2509303093 2041.2775291718
202384161.7758795619 2711.3772268295
202378572.9796126187 2711.0259237289
189939903.8810506463 2065.6658378705
190043314.7187730074 2080.0190101709
189627453.8452686667 2041.4423583687
188604679.9704285860 1903.1816031691
189858064.3453695178 2058.1678909004
198103536.1171725392 2520.3068661690
188377583.3258927464 1859.1843566835
188522449.6332948804 1882.4512065290
198025250.7755637169 2517.7700554729
188460409.6690359712 1868.4287330825
198155238.0331706405 2521.5919635296
198391323.3502062857 2538.8926219940
188501482.1292266846 1872.6301512439
188563949.1932922602 1883.4711775561
188334342.6207892895 1843.7327117641
188244436.7172036171 1824.7265181774
185431330.9013145268 1249.2722898520
198691284.7657171488 2549.9321961403
198768113.2236584723 2555.3405506611
197679275.9354192019 2487.1281497478
198680597.6138833463 2549.8997576237
197873117.8483771682 2504.2457449436
188429836.8914670944 1863.8307819087
197868145.7990206480 2502.8608145714
185540953.1287760139 1268.1751094632
185564174.2188654542 1270.0279481992
197760175.2814840376 2489.7146425247
197885643.5043546557 2507.7204115391
185654011.1813870668 1271.9213650482
185544922.5919236839 1269.9425191620
185595908.9171248078 1271.4602552227
198004309.8011907339 2508.7538268566
185531610.2593868077 1267.7211719599
188249833.3568314910 1829.0534142200
198277784.0791435540 2528.6720247269
188375799.6413040161 1849.0148257930
197838475.6028676331 2492.5078129768
188231898.1002102196 1766.9982613128
197609205.9302953482 2360.7647614479
