190123746.9084615707 2082.9739379729
190043314.7187730074 2080.0190101709
200388376.3202072382 2651.6519584656
201931203.3797052205 2697.1953639984
184647173.4570096731 985.5508833130
185161751.2915444076 1172.3370781850
189583981.2772010565 2019.4690841377
189627453.8452686667 2041.4423583687
190512462.6785850525 2104.8386351907
191508129.5294361115 2172.2334644342
200450394.1739869714 2655.5154342651
200911585.9520803690 2673.5500907898
201209660.6838305593 2683.4244155884
201414484.4897485077 2688.6603851318
204165410.1114211977 2716.7098941803
203984679.5781962276 2712.3790473938
204241763.0709393322 2717.3359470367
205370655.7159607410 2723.2799930573
205459094.2291308641 2723.3634719849
206082539.1888448596 2723.7635173798
205600386.4991728365 2723.5849151611
184601813.1584812701 980.9825310906
184904046.6917864978 1148.2094309490
186561758.7368853688 1635.1020168604
190461304.1418157816 2089.3372831191
190489270.6886295080 2100.9559388007
200726957.5595025122 2663.7630257607
200804232.9156678617 2663.9500093460
201202848.4086584747 2683.2883949280
184750852.8520648181 1046.1448963901
184849439.5333234966 1126.0028313851
189911684.8889436722 2059.0261039401
200808482.3243499398 2671.1576919556
200854391.1340837777 2673.4923210144
200677959.6752928197 2659.1846547127
184758685.4036054313 1058.1185713977
184687750.3235464990 1037.7967590946
184704895.7769531012 1043.4436289925
186293656.8172613382 1605.4926613097
190941551.2676046193 2130.9917328871
190943124.3275877535 2131.2456470049
200994466.0017907321 2675.8865480423
205145270.2946076691 2721.6160335541
184674320.8834327459 1020.1700749170
186426181.2397256494 1617.1578549303
186624787.5479932427 1657.6324288372
189991155.1658417583 2061.0524386014
190845510.5756304562 2128.0519851959
191352623.8142943382 2157.8806760824
202207066.8522781432 2698.8538475037
202244575.1765612662 2699.0776844025
204215947.4544919133 2717.1907119751
204185398.7279654443 2717.1893386841
190362395.0034417510 2088.5771741714
201141173.3014192283 2680.8922662735
190190254.6067813635 2084.1648303194
198990406.0839121342 2576.8976925611
201647694.1313779056 2691.2301626205
205087268.8127840757 2720.2089748383
190120653.1317975521 2081.5032892074
201539531.3601684272 2690.6253852844
202013313.5584057271 2697.7546272278
201480323.0163180530 2689.9277114868
201828557.3966872394 2691.7643203735
201510893.2871411145 2690.5416049957
186586523.3203105330 1651.2031418805
191584382.8697201610 2175.0304508092
199677952.3420070410 2615.8234384060
191553356.3600408137 2174.2344152581
205042589.9539909363 2720.1290607452
186763088.6417143643 1664.8947527675
191362850.8601133227 2158.3425186193
204953909.2654932439 2719.8723850250
186144994.2119162083 1566.6193328921
186252413.5183380842 1596.3216599554
189608929.3068315983 2023.7869912327
184761287.2305221558 1063.2823916644
184846401.4840384722 1122.5900808531
191183759.2586412728 2154.4608627885
184653435.1589017510 1020.1085440773
191041909.5745371580 2138.8720090902
191493193.4878689349 2169.6074756876
191011698.6803124249 2134.5430875338
186739980.0794216394 1664.4605807951
200254031.9030011892 2638.3379132748
198871353.4830278754 2572.5348525941
200129162.7454747260 2633.8276338577
199579487.6342077851 2611.1468925476
186441060.3446987867 1617.1622631222
191458568.4228733480 2164.2316997510
199001429.4416173697 2577.8206744194
186161490.8700823188 1571.4853093748
191544547.1452080309 2174.1645472706
191003910.9860616326 2131.7626998938
199051599.5167319179 2580.1675449312
199292419.6434109211 2598.3704001904
191104440.1400945187 2150.8067911184
199801820.6337459683 2616.9955890179
203924545.7143198848 2710.3029422760
186222125.8066148162 1593.8976238493
190909131.9186102748 2130.4870189836
199474726.9426242709 2602.7995603085
204916160.9434563518 2719.4949150085
204636949.5402612090 2719.2810420990
186183640.3685992658 1576.7093378594
204536920.7502902150 2718.9154644012
184807168.3353818953 1104.6100280003
184849639.6165902615 1128.1622860994
186377050.6990668774 1613.2908169485
187099246.7806129456 1688.4349454324
199656148.9024074674 2615.4047324657
194211068.5302346647 2319.8033318371
204309624.6774594784 2717.5832500458
194545997.7182782590 2337.4068740606
199145930.9606247544 2584.8164466619
186198798.0234801769 1590.1589618747
186201935.8792427778 1593.8214557890
186184088.4392027259 1589.9544178073
190462056.3932575285 2093.2420728097
204289493.4308974147 2717.4936637878
186336510.2788256109 1613.2350541407
186677755.4952925146 1662.8169074125
184834294.1033506691 1122.5897977914
189865566.1137919724 2058.2119449318
204138744.4031317532 2713.6903781891
186127193.0294814110 1554.3258146767
186118605.4490064681 1530.1869312350
186460532.7933710217 1635.0764948849
187085175.8579639792 1686.1577941170
190249942.9653170705 2086.2914235517
199213650.1024532914 2591.7355592251
185105991.3208876252 1166.0627571220
200082646.9428482354 2630.7309911251
199510958.0536390543 2608.0697319508
199987914.2732853889 2630.7052209377
186126856.0838546753 1547.8568163227
186763802.6269144416 1664.9856817540
189827138.8842923641 2044.6712234583
199941279.9946188927 2624.4648072720
186713301.7809518576 1663.9558125645
186850077.6992211938 1684.9977563530
186318209.5838043690 1611.7414099697
186661443.8209234476 1662.0955563694
190630435.7237467170 2108.5564735516
199632365.4778370857 2612.4588863850
204446499.4627338350 2717.8302841187
184985624.6480067372 1164.0442938586
185042291.4014408886 1164.2917213548
186802463.2982859612 1672.2248871281
186574281.0515167117 1648.9815567642
189737538.0720664859 2044.5123284996
184783616.6900231838 1064.6518578609
190768120.7504616976 2114.1246906389
186057698.1547836363 1526.6842519033
190606200.3453280926 2106.8639174569
199705389.3546714783 2616.8321149349
189836391.6683797240 2046.8945420921
184790600.1740927398 1076.6396416896
190535817.5767819285 2105.4957524298
194457663.6957859695 2333.2137869596
190506337.6971892118 2104.8381353486
199867367.8898021877 2617.5789303780
186452261.3438730240 1622.5162577091
203835297.8994548023 2709.6149616241
188660603.0429699421 1906.0746374790
202916521.6482167542 2699.5541915894
202951961.2462192178 2703.0076828003
189958584.6384764910 2060.6187142109
190345547.7919217944 2088.2853565107
202977117.1483277082 2703.6535778046
203003485.5372404754 2703.7125606537
203181236.1494589150 2703.8523788452
203728533.1228052676 2708.9431762695
190006799.6200647354 2065.7036184013
189836969.2185378075 2047.6672059238
188604679.9704285860 1903.1816031691
189858064.3453695178 2058.1678909004
200225974.6159113944 2637.4473414421
199928760.0309665799 2618.6618941426
203580735.2776429355 2707.8635997772
200330498.8584936857 2641.2709822655
203584289.5311549008 2708.3567218781
189393306.3588063717 1993.4636099928
193636984.8548581898 2288.1432627439
193950418.8849236071 2306.8525583595
194068002.1948758960 2314.5068181753
194078565.7066335976 2316.8111141920
203458268.1993744075 2704.8843822479
189034174.6384353638 1949.6639575493
185297627.9060570300 1234.2093820344
193702936.8688561618 2292.3008685112
188947584.4934679866 1945.9594496023
189370418.6578434110 1987.7457429934
189468531.1228715181 1997.9437639284
189520580.5395048857 2009.6789552736
188980244.8729820251 1948.4238602663
188960440.6545595527 1946.4815120210
193515045.6317994893 2279.9704512358
189153982.5220222473 1969.8165969361
203439889.9190409184 2704.7286033630
189333597.9815822840 1982.9349235165
185256018.3015013337 1221.3591603628
189266311.0314337015 1976.2832464147
189374071.1049977541 1993.3145004678
189238848.9598446488 1972.3198655008
189262469.9230037630 1972.3499234079
189116768.0246779025 1954.2440280129
189040966.5303941071 1949.7286516337
185181000.2931074798 1198.2191991984
185986058.8157951236 1449.8283353069
193751256.2718585432 2298.4440163374
194476953.1310363114 2335.1392732668
194477475.5677424371 2336.8312530564
185223201.9312476218 1201.8497550912
203569179.9845004082 2705.5145730972
185235120.7292239368 1203.3743843905
198103536.1171725392 2520.3068661690
193453122.9946167171 2277.2462028265
185237990.5196056962 1221.3590011369
193718945.9176516235 2294.6278065490
188377583.3258927464 1859.1843566835
188522449.6332948804 1882.4512065290
198025250.7755637169 2517.7700554729
185962970.5424038172 1430.2602702596
185285006.4845811427 1226.3956170477
192900188.7994184792 2235.9999985397
188460409.6690359712 1868.4287330825
194835557.7885428965 2343.1143051195
193281093.9622537792 2264.6008790731
193145241.4675778747 2254.7725575417
186041030.7032552361 1467.8371693113
193163692.1050476730 2257.0965663195
185472529.2890184224 1263.3506332788
185509054.0062427819 1267.2752419360
198155238.0331706405 2521.5919635296
198391323.3502062857 2538.8926219940
193408517.1314802468 2274.9806596041
194061794.0225494802 2310.2980677150
188501482.1292266846 1872.6301512439
188563949.1932922602 1883.4711775561
188746726.3141800761 1907.3898676578
188334342.6207892895 1843.7327117641
193018024.6862612069 2245.0061847232
188244436.7172036171 1824.7265181774
193110727.1259368360 2247.4488069080
185431330.9013145268 1249.2722898520
198691284.7657171488 2549.9321961403
198856013.1277650595 2561.1679017544
198768113.2236584723 2555.3405506611
198854393.6347038150 2556.6622440815
197679275.9354192019 2487.1281497478
198680597.6138833463 2549.8997576237
197873117.8483771682 2504.2457449436
188429836.8914670944 1863.8307819087
185808737.0403085351 1273.3072693852
197868145.7990206480 2502.8608145714
185540953.1287760139 1268.1751094632
185564174.2188654542 1270.0279481992
197760175.2814840376 2489.7146425247
197885643.5043546557 2507.7204115391
185654011.1813870668 1271.9213650482
185544922.5919236839 1269.9425191620
192668088.3056249917 2212.6508527594
192641652.0153178275 2204.0556779699
185595908.9171248078 1271.4602552227
192463130.1874829233 2190.2574800598
198004309.8011907339 2508.7538268566
185531610.2593868077 1267.7211719599
188249833.3568314910 1829.0534142200
192687385.3813129961 2216.5129299955
198277784.0791435540 2528.6720247269
188375799.6413040161 1849.0148257930
197838475.6028676331 2492.5078129768
192299889.5384919643 2180.5404759301
192627182.9593938291 2201.3443175806
192531430.7171859443 2198.2344693793
192293489.3354530632 2180.3048991812
192309989.5735171735 2181.5443372382
187695747.3826051652 1689.3367410233
187755403.0751068890 1692.6672059378
187807244.2401024997 1707.6096478781
187896836.6781366169 1713.2672859135
187783110.6354025900 1703.7483219490
187816308.6924799383 1708.5772643765
187997571.0550297201 1737.5727042615
188112524.2393680215 1748.1786806210
188061111.5254599452 1738.5015068724
188140510.0009005964 1759.1504780425
188227586.3864952624 1761.0130251719
188231898.1002102196 1766.9982613128
197609205.9302953482 2360.7647614479
197372289.0402706563 2353.1294151545
197608193.3476809561 2355.6068235636
197320696.6782354712 2351.4384812117
197222680.8071336150 2344.7731009126
