186649194.2791953683 1678.9114478484
193700118.3065117300 2327.2044341927
198577335.0084619820 2596.2339518070
202922742.0470736921 2724.3277139664
203954106.7757698596 2736.1786212921
189138275.9041195214 1992.8164499067
201553211.2174176872 2704.0444173813
189246512.4854482710 2010.8480842374
193509735.0928568542 2314.5188706163
201258737.3261851072 2696.8535699844
201007953.3143962324 2696.3810911179
205245607.6398132443 2737.1324939728
189430676.3032838404 2027.1103930968
193564100.2319214344 2318.2676804308
199118435.4225881398 2630.5579252243
202891880.9726568460 2722.2602691650
199833421.5537948906 2657.4298615456
184625527.9451510012 1172.2406875753
199035347.2702275813 2621.9825439453
201123304.4141591787 2696.4879617691
184464477.4443092942 1107.6160269672
190137353.8593916297 2084.6621669300
202820450.3744489253 2718.2725257874
202844537.9283111989 2721.1943397522
203018527.9663772881 2727.8393421173
184652054.8304186165 1188.1985609740
184566586.8222687244 1166.3360111379
185730792.2442302108 1490.7980334528
190853057.6190718412 2150.8598438315
203964737.4338182211 2736.5860519409
189360814.6514801085 2018.2363400916
198510316.9169473946 2591.5443015099
201591366.1347827017 2704.1197185516
201546305.6225710809 2699.6590270996
186650648.1830185652 1679.8427465812
193414668.5456084907 2313.5254776720
199000858.5055782497 2619.9721000195
203799923.0181844831 2733.1923675537
186688448.6502951980 1701.3383425132
184535795.6627739668 1144.8404803814
184787838.9544152021 1217.1358448730
184834845.2455170155 1235.7804272143
186668258.7229231596 1701.2621744529
186891027.4332523644 1728.3496461820
186848894.1240154207 1727.4231806644
193882388.1111819148 2336.6961505670
203436661.8712259233 2732.5149116516
200205915.7117038667 2673.4943017960
200253972.8986625075 2676.7603445053
203004866.8657193482 2725.7244033813
203887749.1575554907 2733.5910530090
184488926.9480707049 1123.0550900620
193212585.1349641681 2292.9790676562
203713119.3072841167 2732.6170368195
188621865.9996081889 1945.0813789710
189486145.3644576371 2027.8733450606
200820060.0771323144 2689.2061471939
204675082.6585144997 2736.9493560791
184516031.0715228915 1131.8197447312
184498890.8625472486 1126.4509164833
204383271.0911546052 2736.8835601807
184824646.9315894246 1217.5793579472
198357614.0574473441 2587.3912400007
200684172.1313123107 2687.2333726883
186744890.7275786102 1705.9558218431
203789474.8246628344 2732.9294910431
203729570.9295255244 2732.7759284973
191330871.0486489832 2180.9343647098
198389921.3096605241 2588.7577240467
184423565.0476737320 1066.8633610266
188581762.5229689777 1926.5475776361
188735713.5090161860 1961.9238534316
203357230.2635322213 2732.0836563110
184941683.5677209496 1256.3935231385
200445734.4817304611 2682.9151306152
191233362.6586098075 2175.6768299146
192867460.6617763042 2268.2197748153
192875431.2248286605 2269.7775169937
198948987.6242828071 2614.3275120258
198450911.1597033143 2589.8723616600
200371182.4129557908 2679.0991096497
200496242.3851897120 2684.5760240555
189217898.4059054554 2007.2585600419
189267847.2568481266 2010.9081887866
198198881.9788016379 2581.3676911592
203295135.9936327636 2730.9799003601
198636049.2043848336 2608.8853390217
188620755.0301317871 1927.3305707022
193716244.6280180514 2331.4469485525
200755916.2550123036 2687.3010663986
198970771.2949334681 2614.4149024487
191496935.4356141388 2195.1457582787
199059626.3692502677 2628.9583308697
203374060.1626155078 2732.3937816620
204121258.9565714002 2736.6376953125
186051295.5077730417 1574.2726348309
188546228.3527031839 1917.4387071773
204094890.5676586330 2736.5959854126
198805916.3145277202 2611.8521616459
193113414.1187512577 2289.8571596388
199402872.5493660271 2636.3176143169
186725576.7809851468 1703.2866515613
200279747.1523004174 2678.9128942490
191548718.3976470530 2195.8494771793
191279881.2806429267 2177.8471854583
184456064.1893936694 1107.1555886100
198894573.0108995438 2612.3025021553
200394945.9947497547 2679.9332742691
199573654.4003490806 2646.6278786659
189224841.5409912169 2007.4390977005
199184353.0461406410 2631.6553771496
199229388.5274324119 2635.1251225471
193256501.0586343408 2294.9067938570
200785543.9634730816 2687.8056354523
204336771.4556797743 2736.8001441956
184769561.9039353430 1211.8848346516
204327108.0534914434 2736.7547035217
200468434.8750116825 2684.1456747055
186771144.7507970929 1706.6067891729
184879123.1166377962 1238.1773317282
188953011.7417596281 1981.5600085601
188908622.1388554275 1971.0427049741
184428350.7715142667 1086.9311153578
185035909.2266567051 1257.8536474151
188558763.7645927370 1923.7525369346
192914861.1243532300 2278.6097725360
193351325.3244241476 2311.1937954668
199403628.9307053983 2638.6490340233
190290553.4627705812 2101.1534245976
191018864.4604749978 2157.5734547710
189239494.5160416663 2008.5940232619
191123628.4912246466 2171.6478094195
199139109.5028945506 2630.9231479168
186132392.0776939690 1594.4334060958
186800529.2581416070 1712.0227726412
199607633.1916352212 2652.5957341194
186819101.5170311630 1724.4665361356
193150741.6873361170 2292.4269002378
192995881.0775051415 2289.2801378695
200880381.7022963762 2692.3463668823
202731856.6187380254 2717.2260494232
190751815.5481519401 2130.9155450267
192416354.5038692057 2243.3825021198
201352934.0965365767 2699.0929908752
190607135.7050818801 2129.0979573352
186806374.3549769819 1719.6467739057
189106977.9710080326 1991.1871648177
188642126.4059087932 1947.0564060255
190851052.9815653265 2148.2156517243
190938923.2209295034 2152.7231290077
186924361.8572596312 1737.4630401449
187341032.5001957417 1770.9091663884
185789646.8317895830 1511.6311071534
187554390.7372984290 1787.8022199704
190931864.9716967344 2152.0420815423
192781624.3564315140 2267.2958292691
185859922.9417644143 1529.3271944113
187225697.1332317591 1764.2984275280
192951920.6179417670 2286.1325300662
184757589.3320898414 1196.4681366520
192964123.6538140774 2286.3294199435
200054766.7525601685 2670.8875808716
199726641.3813979328 2653.5461173058
187239463.5113081932 1765.9196698887
192036195.3754082620 2216.7150640895
184343520.0428878367 958.4031418095
184323240.5201079845 957.7765835438
190327424.2853409946 2104.1919444576
200479638.4256956577 2684.3099813461
185814746.0676883459 1511.8975708026
187407423.1483091712 1782.3904021310
192141103.5086045563 2226.2016543557
199934426.8726400733 2665.1860485077
187336580.1725321412 1766.9098983000
193322330.0339938104 2303.5732631860
187483209.8819282055 1783.0137047595
192938776.0176543295 2284.7569861142
184347558.2412289679 961.4624973331
200243981.4956099093 2676.6165904999
187539327.0722531080 1785.1063747114
184724963.5969016552 1195.5812452518
194508605.3152360320 2358.3330346644
194309663.9060252309 2353.9963219017
184758722.2628709972 1200.1683384530
199826416.8336359859 2656.2214055061
184322367.3556028306 956.8231926422
190517003.2748047709 2121.7976522101
194233708.3115431666 2347.9563931170
200155585.7012189329 2672.5219879150
187302303.4489191771 1766.1691453573
185937351.7736423612 1550.3694824796
194014159.0101971924 2339.5098177642
190821432.4813425541 2147.0042341077
184711462.5058804750 1193.5345684640
188703324.9615915716 1949.5058265969
193957303.4355965257 2338.0277649611
200274193.5681000352 2676.8611478806
193842522.1881662309 2334.8801571578
186021723.5409498215 1572.6109457879
190574053.4540889263 2125.2492862744
184309533.6408491433 935.2874700341
184314774.1944456100 937.7160792321
190589170.7357071638 2125.7517293496
190371785.8307448030 2107.3064540429
184363068.4458335042 980.0635638699
186097489.2455519438 1586.1474591387
190560164.4694329202 2124.2474516435
187100039.1219869852 1754.5699298207
190480039.7173850238 2121.3549836678
192260930.6839213669 2242.4460675113
192615064.4316715896 2264.2152982233
190210741.9282820523 2098.0219093331
187114708.5572896600 1754.6542999358
184364868.8228594959 980.2970858690
201474720.4707743526 2699.1622447968
184383998.0392648578 1024.4927403623
184382263.4948436320 1000.1763856623
184411438.2359904349 1055.4569732839
192577113.9628644288 2261.8300716160
190002121.3739107549 2078.3857542046
192517082.9452758431 2257.8347045062
190254609.4261206388 2100.3360748577
192204387.3315632343 2239.3885559915
185986606.1462163329 1559.6044707714
184402067.2736296356 1029.4931868100
192573096.0588198006 2258.9578461980
192153765.3943427503 2235.6093140056
192396179.1445449889 2242.6831989696
185848583.0766258240 1516.9113458293
188852719.1273118556 1969.8224714510
188833417.8190543354 1966.0432294651
188838406.1324893534 1969.6877535626
191815549.2866163552 2211.1803173081
192069508.8392231762 2223.5861985197
184402973.8105030656 1032.9527822935
202424553.4083048105 2713.5849266052
191822341.1266196370 2212.1058801666
191916066.2713637650 2215.2534879700
185828084.1378423572 1513.5633689659
202635717.6780019999 2715.8508434296
186483091.4230468869 1642.5637531905
190148550.7173990905 2087.8227625855
188996858.4037152529 1985.9413503751
202525410.3349812627 2713.7446117401
202614361.0438474417 2714.5702981949
186624276.8087261319 1660.3549336914
188989356.6352927983 1985.8972963437
189001559.6711651087 1986.0941862210
186625491.2629241049 1663.2140487697
186492292.9847522378 1643.2392770527
186447562.2248118520 1637.5924440590
186055303.2123675942 1577.7216626076
186470776.1542108953 1640.5700044152
186512775.1047886014 1649.9236187637
185884231.2829487324 1534.0373558300
202044047.7892827988 2705.9619226456
186405655.0529815555 1635.4673505989
202165646.9939610958 2707.3239326477
186327221.3974665105 1624.0734902376
185976114.2172909975 1554.6672345484
189865521.2155016065 2063.4555918846
202418033.1565654278 2712.6267957687
186207958.6886865497 1602.4015644145
189591073.6026312709 2037.0894408143
189735367.5312294960 2048.3514141358
186190707.9428488612 1598.6233052735
189776767.8980900645 2056.6839252557
189601275.2509303093 2041.2775291718
202384161.7758795619 2711.3772268295
202378572.9796126187 2711.0259237289
189939903.8810506463 2065.6658378705
190043314.7187730074 2080.0190101709
189627453.8452686667 2041.4423583687
189858064.3453695178 2058.1678909004
198103536.1171725392 2520.3068661690
188377583.3258927464 1859.1843566835
188522449.6332948804 1882.4512065290
198025250.7755637169 2517.7700554729
188460409.6690359712 1868.4287330825
198155238.0331706405 2521.5919635296
188501482.1292266846 1872.6301512439
188334342.6207892895 1843.7327117641
188244436.7172036171 1824.7265181774
197679275.9354192019 2487.1281497478
197873117.8483771682 2504.2457449436
188429836.8914670944 1863.8307819087
197868145.7990206480 2502.8608145714
185540953.1287760139 1268.1751094632
185564174.2188654542 1270.0279481992
197760175.2814840376 2489.7146425247
197885643.5043546557 2507.7204115391
185654011.1813870668 1271.9213650482
185544922.5919236839 1269.9425191620
185595908.9171248078 1271.4602552227
198004309.8011907339 2508.7538268566
185531610.2593868077 1267.7211719599
188249833.3568314910 1829.0534142200
188375799.6413040161 1849.0148257930
197838475.6028676331 2492.5078129768
197609205.9302953482 2360.7647614479
