187370082.3450269103 1680.2948668168
188937765.3601056933 1929.7218298148
189097971.4973745942 1952.3817734231
185320755.3257184327 1240.1135998787
186913171.4144600630 1656.1498229541
186979557.4383057356 1671.2201754097
189821386.9919123650 2032.2819180752
203185241.2269823849 2703.8308486938
204284807.9910673797 2710.1944141388
187185317.8792748451 1678.5322518940
187098659.2385321856 1678.5322504805
185408206.8848455846 1245.3122926816
186774751.4257581234 1655.1971655653
189570658.0601053834 2011.7625304053
200328330.1123360991 2631.5712077618
201281104.0014669895 2670.8224496841
203016312.2145728767 2700.1117935181
203275046.6876751482 2704.3627567291
203458268.1993744075 2704.8843822479
207271050.5894114971 2720.8510265350
186578927.7771982551 1614.9177957095
186951150.4507592916 1667.3105195330
189632465.1486947536 2015.3488387223
193843507.0039765537 2299.3339852095
193953172.8198289275 2301.9251645203
201256084.8869425952 2668.6371049881
201543711.4361847937 2676.6271791458
189722254.1887397170 2024.3670069775
189336716.7011882663 1986.0274105537
193927349.3575051725 2301.3511875868
200864836.2445745468 2653.3846840858
201405995.9403394759 2675.7539110184
201237241.1642694175 2667.5813817978
200938092.8339013457 2659.7106428146
201818621.1158495545 2681.3223762512
204056953.8904179931 2708.2332038879
184856521.4771000147 1074.1536620302
186933730.5658041537 1657.4372029817
184804867.0385562181 1050.4853891810
185264587.1905853450 1221.5559086979
186318137.9083271027 1551.8644661885
186698940.0636144876 1643.9754346178
189034174.6384353638 1949.6639575493
189992930.1706206203 2035.5257054958
194239067.9759220183 2323.3145378642
206255410.4623927772 2719.8789634705
207440989.4558173716 2721.4857273102
184893675.1842774451 1079.9378740213
185297627.9060570300 1234.2093820344
186526186.7738151550 1610.4430257843
193702936.8688561618 2292.3008685112
200613807.1150580049 2635.6598119736
200452840.7535579205 2634.3692405224
206835055.5338182747 2720.3951988220
186524907.5211099386 1608.9699951184
188947584.4934679866 1945.9594496023
189370418.6578434110 1987.7457429934
198214451.2750332654 2525.8696236610
189841259.1147496700 2033.0143535806
189599293.1698452830 2012.1117783356
189669854.0430263281 2019.1667720843
184850784.0093969703 1055.8460980603
189468531.1228715181 1997.9437639284
189520580.5395048857 2009.6789552736
190246337.3267615438 2058.6153690918
190170706.5980872512 2043.9898210482
200417171.7043343186 2634.0382003784
188980244.8729820251 1948.4238602663
188960440.6545595527 1946.4815120210
193515045.6317994893 2279.9704512358
193970686.8765999973 2305.7375649214
189153982.5220222473 1969.8165969361
200631155.5091232955 2639.2060914040
201074695.2025121450 2661.4913258553
203439889.9190409184 2704.7286033630
188665638.2398915887 1896.1036810596
200428201.5196713805 2634.1718316078
201328082.2609199286 2673.6151971817
200772347.8617324233 2652.4262866974
201177266.6842039824 2662.0989999771
186389231.8424264789 1573.6969799343
186373169.5223311186 1573.4183868710
189333597.9815822840 1982.9349235165
189893573.8661342263 2034.6480178439
190027308.5866715312 2041.0346567202
200847858.1285251975 2652.9896602631
201788554.7845020294 2677.3463964462
201308518.0717132092 2673.5837488174
203821212.1457428932 2707.8863906860
186660914.6972430646 1633.5176158082
193902270.2693482041 2300.2524594069
202792380.4175650775 2696.8406229019
206449519.8609548211 2720.3716793060
185256018.3015013337 1221.3591603628
186797459.4310939908 1655.9763165282
189266311.0314337015 1976.2832464147
204585876.3543046117 2712.8054504395
190129634.0146835446 2041.0346729909
184896901.4764594734 1079.9411227725
186542771.3361316025 1612.0446391171
189374071.1049977541 1993.3145004678
201197456.5488928556 2666.5725727081
203711869.8333263993 2707.1488094330
189440343.0876560807 1993.3626266885
189238848.9598446488 1972.3198655008
189262469.9230037630 1972.3499234079
190626659.5967136323 2072.4355826483
204349622.8689497709 2711.4971046448
189116768.0246779025 1954.2440280129
184837335.3751472533 1054.4415454534
189040966.5303941071 1949.7286516337
206310664.7977533340 2720.1194953918
184965926.1984210312 1092.4215945957
203105213.6817561090 2703.3305435181
205937587.7584930658 2716.6507253647
185181000.2931074798 1198.2191991984
202656086.5759685338 2696.1400918961
206261792.7813517451 2719.9917125702
185380168.8183751702 1244.6940860520
190934639.0175828040 2072.9838837397
194108110.1113876402 2316.6636232138
203040230.8160075843 2702.8579864502
184916729.0636168420 1091.3177130855
186580797.8133527637 1619.1674327680
206023177.3789838254 2717.5546493530
186661665.1378488839 1635.3278516029
186110674.4901082516 1471.7089624622
204336111.9151640534 2710.5051479340
184988209.8775245845 1092.8527189713
185986058.8157951236 1449.8283353069
186659126.9607439637 1632.6912632750
186623800.7174108028 1632.6412316130
193751256.2718585432 2298.4440163374
194476953.1310363114 2335.1392732668
194622757.5470319688 2339.6047997521
203018981.0300131142 2702.4451522827
202935156.7948230505 2697.6664562225
186464866.5048330128 1573.7770705007
190921509.0417756140 2072.6824872727
190614005.1105954945 2061.4290030610
194477475.5677424371 2336.8312530564
185223201.9312476218 1201.8497550912
186126077.5442019701 1491.1722542265
203636559.2365747094 2706.8247795105
203569179.9845004082 2705.5145730972
186119063.8877718151 1485.7887925285
194616309.1904366910 2339.1236066476
199260435.7356691658 2573.1290974617
186488096.2915664315 1596.6835138239
194426063.4329741895 2323.3826985406
204096409.6424817443 2710.0265464783
203903628.7808587551 2707.9923171997
206139968.2437146008 2719.3170795441
194202504.5469196737 2321.6182274865
194087086.1900919378 2316.2697148370
185163141.1441722512 1100.8043072358
203775049.3236427605 2707.8499927521
202891547.6636807323 2697.4726123810
185235120.7292239368 1203.3743843905
198103536.1171725392 2520.3068661690
203591880.3777815700 2706.7451171875
206147209.6873949170 2719.4575653076
193453122.9946167171 2277.2462028265
200604032.7724632621 2634.5557758808
185237990.5196056962 1221.3590011369
193718945.9176516235 2294.6278065490
188377583.3258927464 1859.1843566835
186470230.0727894306 1589.7704200186
188522449.6332948804 1882.4512065290
186300222.3907855153 1529.7255033327
198025250.7755637169 2517.7700554729
199149466.7889212072 2568.2285039425
199320964.3710251451 2575.5330989361
185962970.5424038172 1430.2602702596
185285006.4845811427 1226.3956170477
192900188.7994184792 2235.9999985397
206133579.2614098489 2718.7291393280
188460409.6690359712 1868.4287330825
198390956.7943353951 2537.8629236817
194835557.7885428965 2343.1143051195
198257658.7024102509 2527.3613166809
193281093.9622537792 2264.6008790731
193145241.4675778747 2254.7725575417
186041030.7032552361 1467.8371693113
194181176.6861549914 2318.8394438028
199583173.5806512535 2582.1560482979
202653080.1839584708 2691.3069953918
193163692.1050476730 2257.0965663195
188927757.4978558719 1928.9343756083
199018997.9698604941 2565.8089184761
205704708.4179895520 2714.9935302734
185472529.2890184224 1263.3506332788
185509054.0062427819 1267.2752419360
198155238.0331706405 2521.5919635296
198391323.3502062857 2538.8926219940
202402343.6461155415 2688.0862016678
193408517.1314802468 2274.9806596041
194061794.0225494802 2310.2980677150
199483712.2259030640 2581.8054428101
202448934.7918142080 2689.6100425720
199424826.9977711141 2581.7288634777
188655295.8523446321 1890.6707677785
186222876.9118220508 1514.3384971980
186259350.2840945423 1526.8562466453
202312796.5009729564 2684.6220216751
188784115.4126706719 1910.3655173853
188670680.3245284259 1896.2318427209
188901027.3383981586 1919.6795428637
188501482.1292266846 1872.6301512439
186069748.9797184765 1470.1914494443
188563949.1932922602 1883.4711775561
202382265.1568289697 2684.7947492599
188643105.5181376338 1889.9852980319
202297357.9427458048 2684.2190904617
202226950.4836312234 2683.7723398209
188746726.3141800761 1907.3898676578
202020451.1009563506 2681.8698759079
188334342.6207892895 1843.7327117641
205898963.3546589911 2716.1555900574
198503150.3891358972 2542.9139044285
193018024.6862612069 2245.0061847232
188244436.7172036171 1824.7265181774
205976502.1274197996 2717.1264228821
193110727.1259368360 2247.4488069080
185431330.9013145268 1249.2722898520
198951109.2940153480 2562.8740308285
205920384.8409194052 2716.5846481323
198691284.7657171488 2549.9321961403
198856013.1277650595 2561.1679017544
205834547.8702089489 2716.1106052399
199318065.9245952368 2573.7800333500
198768113.2236584723 2555.3405506611
198854393.6347038150 2556.6622440815
186113268.0680615604 1484.1466380761
192548568.6335445344 2200.9271494942
197679275.9354192019 2487.1281497478
199218291.5539678931 2570.4607193470
198680597.6138833463 2549.8997576237
197873117.8483771682 2504.2457449436
188429836.8914670944 1863.8307819087
185808737.0403085351 1273.3072693852
197868145.7990206480 2502.8608145714
185540953.1287760139 1268.1751094632
185564174.2188654542 1270.0279481992
197760175.2814840376 2489.7146425247
197885643.5043546557 2507.7204115391
185654011.1813870668 1271.9213650482
185544922.5919236839 1269.9425191620
192668088.3056249917 2212.6508527594
192641652.0153178275 2204.0556779699
185595908.9171248078 1271.4602552227
192463130.1874829233 2190.2574800598
198004309.8011907339 2508.7538268566
185531610.2593868077 1267.7211719599
188249833.3568314910 1829.0534142200
192687385.3813129961 2216.5129299955
198277784.0791435540 2528.6720247269
188375799.6413040161 1849.0148257930
197838475.6028676331 2492.5078129768
191728084.2808008194 2137.1009347653
191702155.3973160982 2134.7417344749
205507663.7939085960 2713.5275592804
192299889.5384919643 2180.5404759301
192627182.9593938291 2201.3443175806
191654667.3783256412 2117.9057014603
192531430.7171859443 2198.2344693793
192085809.3731895685 2159.6463906942
191747113.5537835360 2137.5177391423
192293489.3354530632 2180.3048991812
192309989.5735171735 2181.5443372382
192095797.5109431744 2160.7194876848
191853536.8820058107 2138.7352770222
192214963.6381590366 2166.8346005334
191982516.1366325617 2158.0627499474
191940976.2319172025 2152.8431133504
191916245.9103612900 2152.4259170766
200142095.8271380961 2593.3654935360
200144564.0878028572 2596.0460946560
200306506.5497458279 2600.3832633495
187602077.4639056623 1686.3330749353
187695747.3826051652 1689.3367410233
187755403.0751068890 1692.6672059378
191519180.3307271600 2081.1252480685
187807244.2401024997 1707.6096478781
187896836.6781366169 1713.2672859135
191607155.8911305666 2083.0672578173
191601310.8545255661 2082.1082355636
187783110.6354025900 1703.7483219490
187816308.6924799383 1708.5772643765
187997571.0550297201 1737.5727042615
188112524.2393680215 1748.1786806210
188061111.5254599452 1738.5015068724
188140510.0009005964 1759.1504780425
188227586.3864952624 1761.0130251719
188231898.1002102196 1766.9982613128
197609205.9302953482 2360.7647614479
197372289.0402706563 2353.1294151545
197608193.3476809561 2355.6068235636
197320696.6782354712 2351.4384812117
197222680.8071336150 2344.7731009126
