199615074.1961161196 2653.6753444672
186879853.4182173312 1732.7501268864
186022396.2515110970 1573.1624698570
186739906.3629175127 1719.5409594059
187061016.7201140821 1755.3609229757
200045146.4037209153 2674.7323265076
202916975.5249924660 2727.3134975433
187165620.9954400957 1762.3618739777
187224363.1573087871 1766.2581818931
202646758.3974173367 2719.3939332962
186905471.0759502947 1742.9098991089
191365745.6780648232 2182.8280610179
197840867.7498222888 2560.9493126273
199452934.2343391478 2639.9409058094
200119727.5823033750 2677.9745674133
199685728.4107035100 2661.9222931862
199838962.7349369824 2672.2746820450
200204898.1515460908 2680.7791919708
199841246.3590568006 2673.6042480469
200098653.0608461201 2677.3822202682
201438350.7405958176 2704.0350837708
202785265.0370245874 2723.4614677429
198341094.4467256367 2592.2412493229
203508811.6830529273 2732.7808628082
200149647.2556730211 2678.1711206436
189095034.3882039487 2001.4809121236
202686608.8956963122 2721.3114719391
184622495.4487846792 1190.0280040764
191079605.0539861917 2161.7028487062
191469783.5339944959 2186.1101788467
197750162.4566165209 2549.7156924605
197608484.1742251813 2531.8852307200
198287509.7004159987 2589.3270535469
201217972.2344375849 2698.7609386444
202890607.1360796988 2727.2714328766
205873833.0876210928 2738.9167900085
184340850.9915212393 958.2991872152
189255651.2870725095 2011.4068916105
191049025.7305631340 2159.4929761027
184654431.2208054960 1190.5354491361
188967124.0960187614 1983.8307153250
203936099.3607909083 2736.4748554230
205782864.1920034587 2738.8142452240
184544592.7766962647 1147.6807537027
191960376.2243618965 2226.6763409034
205081462.3622335494 2738.2163848877
191802121.6429646611 2212.1642185107
188583305.3074570596 1940.2271830186
197649255.7122843564 2547.9601712227
198055194.6786645353 2571.2092950344
200726324.8519468009 2689.3578786850
201080437.7153401673 2697.2813158035
186894860.5395577848 1738.9662592919
184739991.4090222716 1217.4582556513
184779585.1800284982 1239.5915428791
199789628.8593526483 2662.6104440689
189207426.0563910306 2004.0100295804
199254764.5833653510 2636.2152218819
191827262.5214595497 2218.3269937888
200421595.7264728546 2684.5948734283
188550723.9114061296 1938.3879110233
191700651.1552906036 2209.2035944120
184477866.5757579207 1127.3462774300
191098546.3869941235 2163.2681431507
188738712.1153698266 1962.0462473973
186929249.2289217412 1743.0312364183
184865416.1806732714 1241.7148022214
184694517.1243639588 1215.3732206849
188510239.0181529224 1920.4574235126
191979044.6479945183 2228.1948922530
191641866.5961205065 2202.8461783782
192182426.1034557521 2241.9619253532
200606374.4077072740 2684.7907495499
185711925.1859692335 1493.0903281935
184691535.5762440562 1212.2267845765
188355768.2184346020 1909.4727145776
192187088.7166368961 2243.9672296897
203381003.4531177878 2732.5269641876
191874456.6972175241 2224.6493293613
184682954.7185666859 1193.2257235235
203723529.6053781807 2733.6003379822
192116944.5979706645 2238.8011449233
184633907.8547697663 1190.1851873436
186782303.4125579894 1721.6046357527
192249402.3210181296 2248.4783366318
192243342.2402477860 2244.9867056867
203631159.6136983037 2733.0665321350
199648649.8320400715 2657.6754484177
203304329.9750353694 2732.5263462067
186826656.1779219210 1728.6949627907
200772859.4052851498 2689.5292997360
201545929.9840478003 2704.4886550903
184609347.4224478602 1188.0971046128
188535153.7386730611 1938.3354480609
191852223.6887423992 2224.5580256835
192241177.6533299685 2244.4766298190
200970307.6626734436 2692.7676982880
203589132.2276645601 2732.8875465393
204742332.3842829466 2738.0001716614
204679730.6756725311 2737.8732604980
197894659.6804743707 2568.0751289725
187035365.5538282692 1745.6284588394
189203750.7175244391 2003.7653606199
204677639.2831144035 2737.6541404724
201569968.9737474024 2704.5639562607
192104116.0320702195 2231.2421880360
186871709.5753434598 1731.6089435786
198265978.4570906460 2587.3944849372
200084617.8761228919 2677.1274232864
186673061.7512794435 1702.8229669596
186672619.7695208788 1702.2767739804
186954803.5055932105 1743.9877565114
198890993.2525443137 2612.9178974628
188606810.6920827329 1946.2385629460
184411026.6423867345 1066.3940176653
186756939.1136023104 1720.1163898914
204429774.8721255362 2737.4206676483
191099238.7192259729 2167.5526551341
204458412.9451528490 2737.5356025696
184599695.4028515816 1170.2144411642
205602272.1010735333 2738.5708274841
186588027.1546382606 1680.2619067396
191836442.0088004172 2224.2766688720
203185152.7789095342 2730.1135711670
205326336.2646571696 2738.2229080200
184446217.0096668601 1102.1827662722
189151015.6039023995 2003.6561477445
201232602.6944405138 2698.8696804047
198159570.1572152376 2581.9467043281
203209755.4245869219 2730.4337024689
186646708.0099427998 1698.6164471118
198230729.2041074336 2585.5829233527
203275449.2791987360 2732.3937816620
191154750.0012556612 2175.6106222225
191491875.0742157698 2200.9415839568
191265981.6296710968 2180.1581833966
204447591.4407966435 2737.4219303131
188906421.3447965086 1981.0382951840
189073925.5967300832 1989.5836911462
193866463.0392735302 2335.9335897183
191122594.0309239626 2175.2923335170
197936244.6324106157 2568.5485910773
184467138.4520963132 1110.4618487651
188976746.3480515778 1986.3673408292
193773705.1177649498 2333.7810399747
190918760.1121837199 2154.6060427679
186046564.5715361238 1575.0806849865
190972593.7387337983 2157.3819293117
204352858.7712337971 2737.3449859619
184459775.9761623740 1108.6963371905
190764702.3424857259 2145.3231837486
186660876.5818542838 1698.7617955789
198688803.9036373794 2609.0589540005
191001836.6458432674 2157.8573614692
199023892.9704530239 2621.4235589504
204013122.7394406199 2736.7097187042
204009416.2926113605 2736.6644115448
201404748.6606787741 2700.1173496246
204270857.3080340326 2737.1009197235
201003146.5662561953 2696.8253288269
193564100.2319214344 2318.2676804308
199118435.4225881398 2630.5579252243
199035347.2702275813 2621.9825439453
184566586.8222687244 1166.3360111379
203964737.4338182211 2736.5860519409
189360814.6514801085 2018.2363400916
193414668.5456084907 2313.5254776720
199000858.5055782497 2619.9721000195
184535795.6627739668 1144.8404803814
186668258.7229231596 1701.2621744529
193882388.1111819148 2336.6961505670
189486145.3644576371 2027.8733450606
184516031.0715228915 1131.8197447312
200684172.1313123107 2687.2333726883
191330871.0486489832 2180.9343647098
184423565.0476737320 1066.8633610266
184941683.5677209496 1256.3935231385
198948987.6242828071 2614.3275120258
189217898.4059054554 2007.2585600419
198636049.2043848336 2608.8853390217
193716244.6280180514 2331.4469485525
198970771.2949334681 2614.4149024487
199059626.3692502677 2628.9583308697
198805916.3145277202 2611.8521616459
193113414.1187512577 2289.8571596388
184456064.1893936694 1107.1555886100
189224841.5409912169 2007.4390977005
199184353.0461406410 2631.6553771496
199229388.5274324119 2635.1251225471
193256501.0586343408 2294.9067938570
188953011.7417596281 1981.5600085601
184428350.7715142667 1086.9311153578
185035909.2266567051 1257.8536474151
192914861.1243532300 2278.6097725360
193351325.3244241476 2311.1937954668
199403628.9307053983 2638.6490340233
199139109.5028945506 2630.9231479168
186132392.0776939690 1594.4334060958
186819101.5170311630 1724.4665361356
193150741.6873361170 2292.4269002378
192995881.0775051415 2289.2801378695
200880381.7022963762 2692.3463668823
201352934.0965365767 2699.0929908752
190607135.7050818801 2129.0979573352
188642126.4059087932 1947.0564060255
187341032.5001957417 1770.9091663884
185789646.8317895830 1511.6311071534
187554390.7372984290 1787.8022199704
192781624.3564315140 2267.2958292691
185859922.9417644143 1529.3271944113
192951920.6179417670 2286.1325300662
192964123.6538140774 2286.3294199435
184343520.0428878367 958.4031418095
184323240.5201079845 957.7765835438
190327424.2853409946 2104.1919444576
185814746.0676883459 1511.8975708026
187407423.1483091712 1782.3904021310
187336580.1725321412 1766.9098983000
193322330.0339938104 2303.5732631860
187483209.8819282055 1783.0137047595
192938776.0176543295 2284.7569861142
184347558.2412289679 961.4624973331
187539327.0722531080 1785.1063747114
194508605.3152360320 2358.3330346644
194309663.9060252309 2353.9963219017
184322367.3556028306 956.8231926422
190517003.2748047709 2121.7976522101
194233708.3115431666 2347.9563931170
185937351.7736423612 1550.3694824796
194014159.0101971924 2339.5098177642
188703324.9615915716 1949.5058265969
193957303.4355965257 2338.0277649611
193842522.1881662309 2334.8801571578
186021723.5409498215 1572.6109457879
184309533.6408491433 935.2874700341
184314774.1944456100 937.7160792321
190589170.7357071638 2125.7517293496
190371785.8307448030 2107.3064540429
184363068.4458335042 980.0635638699
186097489.2455519438 1586.1474591387
190560164.4694329202 2124.2474516435
190480039.7173850238 2121.3549836678
192615064.4316715896 2264.2152982233
190210741.9282820523 2098.0219093331
184364868.8228594959 980.2970858690
184383998.0392648578 1024.4927403623
184382263.4948436320 1000.1763856623
192577113.9628644288 2261.8300716160
190002121.3739107549 2078.3857542046
192517082.9452758431 2257.8347045062
190254609.4261206388 2100.3360748577
185986606.1462163329 1559.6044707714
184402067.2736296356 1029.4931868100
192573096.0588198006 2258.9578461980
185848583.0766258240 1516.9113458293
188852719.1273118556 1969.8224714510
188833417.8190543354 1966.0432294651
188838406.1324893534 1969.6877535626
184402973.8105030656 1032.9527822935
202424553.4083048105 2713.5849266052
185828084.1378423572 1513.5633689659
202635717.6780019999 2715.8508434296
186483091.4230468869 1642.5637531905
190148550.7173990905 2087.8227625855
202525410.3349812627 2713.7446117401
202614361.0438474417 2714.5702981949
186492292.9847522378 1643.2392770527
186447562.2248118520 1637.5924440590
186055303.2123675942 1577.7216626076
186470776.1542108953 1640.5700044152
186512775.1047886014 1649.9236187637
185884231.2829487324 1534.0373558300
202044047.7892827988 2705.9619226456
186405655.0529815555 1635.4673505989
202165646.9939610958 2707.3239326477
186327221.3974665105 1624.0734902376
185976114.2172909975 1554.6672345484
189865521.2155016065 2063.4555918846
202418033.1565654278 2712.6267957687
186207958.6886865497 1602.4015644145
189591073.6026312709 2037.0894408143
189735367.5312294960 2048.3514141358
186190707.9428488612 1598.6233052735
189776767.8980900645 2056.6839252557
189601275.2509303093 2041.2775291718
202384161.7758795619 2711.3772268295
202378572.9796126187 2711.0259237289
189939903.8810506463 2065.6658378705
190043314.7187730074 2080.0190101709
189627453.8452686667 2041.4423583687
189858064.3453695178 2058.1678909004
188334342.6207892895 1843.7327117641
188244436.7172036171 1824.7265181774
185540953.1287760139 1268.1751094632
185564174.2188654542 1270.0279481992
185654011.1813870668 1271.9213650482
185544922.5919236839 1269.9425191620
185595908.9171248078 1271.4602552227
185531610.2593868077 1267.7211719599
188249833.3568314910 1829.0534142200
