120849.7073801930 118607.2549445446
119736.0209449649 111660.0955996155
125145.3550589298 115537.5798851573
121486.0996288947 113437.2758971555
119417.8248206140 112629.4666710009
120213.3151314912 117153.1983374664
121486.0996288947 114406.6469685409
124668.0608724035 114406.6469685409
120690.6093180175 116830.0746470046
121804.2957532456 114083.5232780791
122599.7860641228 114891.3325042337
127054.5318050351 116183.8272660810
119736.0209449649 112306.3429805391
127054.5318050351 115860.7035756191
124827.1589345789 113114.1522066937
122440.6880019474 115214.4561946955
120849.7073801930 117476.3220279282
127054.5318050351 116022.2654208500
119895.1190071403 111983.2192900773
122758.8841262982 113760.3995876173

120849.7073801930 118607.2549445446
119736.0209449649 111660.0955996155
125145.3550589298 115537.5798851573
121486.0996288947 113437.2758971555
119417.8248206140 112629.4666710009
126736.3356806842 114083.5232780791
122599.7860641228 114729.7706590028
124668.0608724035 114406.6469685409
120690.6093180175 116830.0746470046
121804.2957532456 114083.5232780791
127054.5318050351 116345.3891113118
127054.5318050351 116183.8272660810
119736.0209449649 112306.3429805391
127054.5318050351 115860.7035756191
124827.1589345789 113114.1522066937
122440.6880019474 115214.4561946955
120849.7073801930 117476.3220279282
127054.5318050351 116022.2654208500
119895.1190071403 111983.2192900773
122758.8841262982 113760.3995876173

120849.7073801930 118607.2549445446
119736.0209449649 111660.0955996155
125145.3550589298 115537.5798851573
121486.0996288947 113437.2758971555
119417.8248206140 112629.4666710009
120213.3151314912 117153.1983374664
122599.7860641228 114729.7706590028
124668.0608724035 114406.6469685409
120690.6093180175 116830.0746470046
121804.2957532456 114083.5232780791
127054.5318050351 116345.3891113118
127054.5318050351 116183.8272660810
119736.0209449649 112306.3429805391
127054.5318050351 115860.7035756191
121804.2957532456 114729.7706590028
122440.6880019474 115214.4561946955
120849.7073801930 117476.3220279282
127054.5318050351 116022.2654208500
119895.1190071403 111983.2192900773
122758.8841262982 113760.3995876173

120849.7073801930 118607.2549445446
119736.0209449649 111660.0955996155
125145.3550589298 115537.5798851573
121486.0996288947 113437.2758971555
119417.8248206140 112629.4666710009
120213.3151314912 117153.1983374664
122599.7860641228 114729.7706590028
124668.0608724035 114406.6469685409
120690.6093180175 116830.0746470046
121804.2957532456 114083.5232780791
127054.5318050351 116345.3891113118
127054.5318050351 116183.8272660810
119736.0209449649 112306.3429805391
127054.5318050351 115860.7035756191
124827.1589345789 113114.1522066937
122440.6880019474 115214.4561946955
120849.7073801930 117476.3220279282
127054.5318050351 116022.2654208500
119895.1190071403 111983.2192900773
121963.3938154210 114729.7706590028

120849.7073801930 118607.2549445446
119736.0209449649 111660.0955996155
124349.8647480526 115699.1417303882
121486.0996288947 113437.2758971555
119417.8248206140 112629.4666710009
120213.3151314912 117153.1983374664
122599.7860641228 114729.7706590028
124668.0608724035 114406.6469685409
120690.6093180175 116830.0746470046
121804.2957532456 114083.5232780791
127054.5318050351 116345.3891113118
127054.5318050351 116183.8272660810
119736.0209449649 112306.3429805391
127054.5318050351 115860.7035756191
124827.1589345789 113114.1522066937
122440.6880019474 115214.4561946955
120849.7073801930 117476.3220279282
127054.5318050351 116022.2654208500
119895.1190071403 111983.2192900773
122758.8841262982 113760.3995876173

120849.7073801930 118607.2549445446
119736.0209449649 111660.0955996155
125145.3550589298 115537.5798851573
121486.0996288947 113437.2758971555
119417.8248206140 112629.4666710009
120213.3151314912 117153.1983374664
122599.7860641228 114729.7706590028
124668.0608724035 114406.6469685409
120690.6093180175 116830.0746470046
121804.2957532456 114083.5232780791
127054.5318050351 116345.3891113118
127054.5318050351 116183.8272660810
119736.0209449649 112306.3429805391
127054.5318050351 115860.7035756191
124827.1589345789 113114.1522066937
122440.6880019474 115214.4561946955
120849.7073801930 117476.3220279282
127054.5318050351 116022.2654208500
119895.1190071403 111983.2192900773
122758.8841262982 113760.3995876173

120849.7073801930 117314.7601826973
121167.9035045439 113921.9614328482
120690.6093180175 112306.3429805391
120690.6093180175 114568.2088137719
122440.6880019474 115214.4561946955
120849.7073801930 118445.6930993137
120054.2170693158 112629.4666710009
120849.7073801930 117476.3220279282
120690.6093180175 114729.7706590028
120849.7073801930 117799.4457183901
121804.2957532456 113114.1522066937
120849.7073801930 118607.2549445446
121963.3938154210 114245.0851233100
124827.1589345789 115214.4561946955
119736.0209449649 111983.2192900773
127690.9240537368 116830.0746470046
120849.7073801930 117637.8838731591
126736.3356806842 116345.3891113118
124508.9628102281 115860.7035756191
122440.6880019474 115052.8943494646

121486.0996288947 114245.0851233100
121804.2957532456 114083.5232780791
121804.2957532456 114729.7706590028
121804.2957532456 114568.2088137719
121327.0015667193 114891.3325042337
121486.0996288947 114891.3325042337
121645.1976910702 114729.7706590028
121486.0996288947 114729.7706590028
121645.1976910702 114568.2088137719
121804.2957532456 114245.0851233100
121804.2957532456 114406.6469685409
121804.2957532456 113760.3995876173
121645.1976910702 114891.3325042337
121804.2957532456 114891.3325042337
121327.0015667193 114729.7706590028
121804.2957532456 113921.9614328482
121645.1976910702 114406.6469685409
121804.2957532456 115052.8943494646
121486.0996288947 114568.2088137719
121486.0996288947 114406.6469685409

121486.0996288947 114245.0851233100
121804.2957532456 114083.5232780791
121804.2957532456 114729.7706590028
121804.2957532456 114568.2088137719
121327.0015667193 114891.3325042337
121486.0996288947 114891.3325042337
121645.1976910702 114729.7706590028
121486.0996288947 114729.7706590028
121645.1976910702 114568.2088137719
121804.2957532456 114245.0851233100
121804.2957532456 114406.6469685409
121645.1976910702 114245.0851233100
121645.1976910702 114891.3325042337
121804.2957532456 114891.3325042337
121804.2957532456 113760.3995876173
121804.2957532456 113921.9614328482
121645.1976910702 114406.6469685409
121804.2957532456 115052.8943494646
121486.0996288947 114568.2088137719
121486.0996288947 114406.6469685409

121486.0996288947 114245.0851233100
121804.2957532456 114083.5232780791
121804.2957532456 114729.7706590028
121804.2957532456 114568.2088137719
121804.2957532456 113760.3995876173
121486.0996288947 114891.3325042337
121645.1976910702 114729.7706590028
121486.0996288947 114729.7706590028
121645.1976910702 114568.2088137719
121804.2957532456 114245.0851233100
121804.2957532456 114406.6469685409
121645.1976910702 114245.0851233100
121645.1976910702 114891.3325042337
121804.2957532456 114891.3325042337
121327.0015667193 114729.7706590028
121804.2957532456 113921.9614328482
121645.1976910702 114406.6469685409
121804.2957532456 115052.8943494646
121486.0996288947 114568.2088137719
121486.0996288947 114406.6469685409

121486.0996288947 114245.0851233100
121804.2957532456 114083.5232780791
121804.2957532456 114729.7706590028
121804.2957532456 114568.2088137719
121327.0015667193 114891.3325042337
121486.0996288947 114891.3325042337
121645.1976910702 114729.7706590028
121486.0996288947 114729.7706590028
121645.1976910702 114568.2088137719
121804.2957532456 114245.0851233100
121804.2957532456 114406.6469685409
121645.1976910702 114245.0851233100
121645.1976910702 114891.3325042337
121804.2957532456 114891.3325042337
121327.0015667193 114729.7706590028
121804.2957532456 113921.9614328482
121645.1976910702 114406.6469685409
121645.1976910702 113921.9614328482
121486.0996288947 114568.2088137719
121486.0996288947 114406.6469685409

121486.0996288947 114245.0851233100
121804.2957532456 114083.5232780791
121804.2957532456 114729.7706590028
121804.2957532456 114568.2088137719
121327.0015667193 114891.3325042337
121486.0996288947 114891.3325042337
121645.1976910702 114729.7706590028
121486.0996288947 114729.7706590028
121645.1976910702 114568.2088137719
121804.2957532456 114245.0851233100
121804.2957532456 114406.6469685409
121645.1976910702 114245.0851233100
121645.1976910702 114891.3325042337
121804.2957532456 114891.3325042337
121327.0015667193 114729.7706590028
121804.2957532456 113921.9614328482
121645.1976910702 114406.6469685409
121804.2957532456 113760.3995876173
121486.0996288947 114568.2088137719
121486.0996288947 114406.6469685409

121486.0996288947 114245.0851233100
121804.2957532456 114083.5232780791
121804.2957532456 114729.7706590028
121804.2957532456 114568.2088137719
121327.0015667193 114891.3325042337
121486.0996288947 114891.3325042337
121645.1976910702 114729.7706590028
121486.0996288947 114729.7706590028
121645.1976910702 114568.2088137719
121804.2957532456 114245.0851233100
121804.2957532456 114406.6469685409
121645.1976910702 114245.0851233100
121645.1976910702 114891.3325042337
121804.2957532456 114891.3325042337
121645.1976910702 113921.9614328482
121804.2957532456 113921.9614328482
121645.1976910702 114406.6469685409
121804.2957532456 115052.8943494646
121486.0996288947 114568.2088137719
121486.0996288947 114406.6469685409

121486.0996288947 114245.0851233100
121804.2957532456 114083.5232780791
121804.2957532456 114729.7706590028
121804.2957532456 114568.2088137719
121327.0015667193 114891.3325042337
121486.0996288947 114891.3325042337
121645.1976910702 114729.7706590028
121486.0996288947 114729.7706590028
121645.1976910702 114568.2088137719
121804.2957532456 114245.0851233100
121804.2957532456 114406.6469685409
121645.1976910702 114245.0851233100
121645.1976910702 114891.3325042337
121804.2957532456 114891.3325042337
121327.0015667193 114729.7706590028
121804.2957532456 113921.9614328482
121645.1976910702 114406.6469685409
121804.2957532456 115052.8943494646
121486.0996288947 114568.2088137719
121486.0996288947 114406.6469685409

121486.0996288947 114245.0851233100
121804.2957532456 114083.5232780791
121804.2957532456 114729.7706590028
121804.2957532456 114568.2088137719
121645.1976910702 113921.9614328482
121486.0996288947 114891.3325042337
121645.1976910702 114729.7706590028
121486.0996288947 114729.7706590028
121645.1976910702 114568.2088137719
121804.2957532456 114245.0851233100
121804.2957532456 114406.6469685409
121645.1976910702 114245.0851233100
121645.1976910702 114891.3325042337
121804.2957532456 114891.3325042337
124349.8647480526 115699.1417303882
121963.3938154210 114406.6469685409
121645.1976910702 114406.6469685409
121804.2957532456 115052.8943494646
121486.0996288947 114568.2088137719
121486.0996288947 114406.6469685409

121486.0996288947 114245.0851233100
121804.2957532456 114083.5232780791
121804.2957532456 114729.7706590028
121804.2957532456 114568.2088137719
121645.1976910702 113921.9614328482
121486.0996288947 114891.3325042337
121645.1976910702 114729.7706590028
121486.0996288947 114729.7706590028
121645.1976910702 114568.2088137719
121804.2957532456 114245.0851233100
121804.2957532456 114406.6469685409
121645.1976910702 114245.0851233100
121645.1976910702 114891.3325042337
121486.0996288947 114406.6469685409
124668.0608724035 115376.0180399264
121963.3938154210 114568.2088137719
121645.1976910702 114406.6469685409
121804.2957532456 115052.8943494646
121486.0996288947 114568.2088137719
121963.3938154210 114406.6469685409

121486.0996288947 114245.0851233100
121804.2957532456 114083.5232780791
121804.2957532456 114729.7706590028
121804.2957532456 114568.2088137719
121645.1976910702 113921.9614328482
121486.0996288947 114891.3325042337
121645.1976910702 114729.7706590028
121486.0996288947 114729.7706590028
121645.1976910702 114568.2088137719
121645.1976910702 113760.3995876173
121804.2957532456 114406.6469685409
121486.0996288947 114406.6469685409
121645.1976910702 114891.3325042337
121804.2957532456 114891.3325042337
127213.6298672105 116668.5128017737
121963.3938154210 114568.2088137719
121645.1976910702 114406.6469685409
121804.2957532456 115052.8943494646
121486.0996288947 114568.2088137719
121963.3938154210 114406.6469685409

121486.0996288947 114245.0851233100
121804.2957532456 114083.5232780791
121804.2957532456 114729.7706590028
121804.2957532456 114568.2088137719
121645.1976910702 113921.9614328482
121486.0996288947 114891.3325042337
121645.1976910702 114729.7706590028
121486.0996288947 114729.7706590028
121645.1976910702 114568.2088137719
126895.4337428596 116668.5128017737
121804.2957532456 114406.6469685409
121486.0996288947 114406.6469685409
121645.1976910702 114891.3325042337
121804.2957532456 114891.3325042337
124827.1589345789 115537.5798851573
121963.3938154210 114083.5232780791
121645.1976910702 114406.6469685409
121804.2957532456 115052.8943494646
121486.0996288947 114568.2088137719
121963.3938154210 114406.6469685409

121486.0996288947 114245.0851233100
121804.2957532456 114083.5232780791
121804.2957532456 114729.7706590028
121804.2957532456 114568.2088137719
121645.1976910702 113921.9614328482
121963.3938154210 114568.2088137719
121645.1976910702 114729.7706590028
121486.0996288947 114729.7706590028
121645.1976910702 114568.2088137719
126895.4337428596 116668.5128017737
121804.2957532456 114406.6469685409
121486.0996288947 114406.6469685409
121645.1976910702 114891.3325042337
121804.2957532456 114891.3325042337
124031.6686237018 115699.1417303882
121963.3938154210 114083.5232780791
121645.1976910702 114406.6469685409
121645.1976910702 113760.3995876173
121486.0996288947 114568.2088137719
121963.3938154210 114406.6469685409

127054.5318050351 116506.9509565428
121804.2957532456 114083.5232780791
121804.2957532456 114729.7706590028
121963.3938154210 114245.0851233100
121645.1976910702 113921.9614328482
121963.3938154210 114568.2088137719
121645.1976910702 114729.7706590028
124349.8647480526 115537.5798851573
121963.3938154210 114729.7706590028
126895.4337428596 116668.5128017737
121804.2957532456 114406.6469685409
124668.0608724035 115537.5798851573
121645.1976910702 114891.3325042337
121804.2957532456 114891.3325042337
124668.0608724035 112952.5903614627
124508.9628102281 115699.1417303882
121645.1976910702 114406.6469685409
121645.1976910702 113760.3995876173
121486.0996288947 114568.2088137719
126736.3356806842 113760.3995876173

127054.5318050351 116506.9509565428
121804.2957532456 114083.5232780791
121804.2957532456 114729.7706590028
121963.3938154210 114245.0851233100
121486.0996288947 113114.1522066937
121963.3938154210 114568.2088137719
121645.1976910702 114729.7706590028
124349.8647480526 115537.5798851573
121963.3938154210 114729.7706590028
126895.4337428596 116668.5128017737
121804.2957532456 114406.6469685409
124668.0608724035 115537.5798851573
121645.1976910702 114891.3325042337
121804.2957532456 114891.3325042337
124349.8647480526 114891.3325042337
124508.9628102281 115699.1417303882
121645.1976910702 114406.6469685409
121645.1976910702 113760.3995876173
121486.0996288947 114568.2088137719
126736.3356806842 113760.3995876173

127054.5318050351 116506.9509565428
121804.2957532456 114083.5232780791
121804.2957532456 114729.7706590028
121963.3938154210 114245.0851233100
121486.0996288947 113114.1522066937
121963.3938154210 114568.2088137719
121645.1976910702 114729.7706590028
126895.4337428596 116345.3891113118
121963.3938154210 114729.7706590028
126895.4337428596 116668.5128017737
121804.2957532456 114406.6469685409
124668.0608724035 115537.5798851573
121645.1976910702 114891.3325042337
121804.2957532456 114891.3325042337
121327.0015667193 114729.7706590028
124508.9628102281 115699.1417303882
121645.1976910702 114406.6469685409
121645.1976910702 113760.3995876173
121486.0996288947 114568.2088137719
126736.3356806842 113760.3995876173

127054.5318050351 116506.9509565428
121804.2957532456 114083.5232780791
121804.2957532456 114729.7706590028
126736.3356806842 113921.9614328482
124827.1589345789 114568.2088137719
121963.3938154210 114568.2088137719
121645.1976910702 114729.7706590028
124349.8647480526 115537.5798851573
121963.3938154210 114729.7706590028
126895.4337428596 116668.5128017737
121486.0996288947 114406.6469685409
124668.0608724035 115537.5798851573
121645.1976910702 114891.3325042337
126895.4337428596 116183.8272660810
121327.0015667193 114729.7706590028
124508.9628102281 115699.1417303882
121645.1976910702 114406.6469685409
121645.1976910702 113760.3995876173
121486.0996288947 114568.2088137719
126736.3356806842 113760.3995876173

127054.5318050351 116506.9509565428
121804.2957532456 114083.5232780791
126895.4337428596 116022.2654208500
126736.3356806842 113921.9614328482
124827.1589345789 114568.2088137719
121963.3938154210 114568.2088137719
121645.1976910702 114729.7706590028
124349.8647480526 115537.5798851573
121963.3938154210 114729.7706590028
126895.4337428596 116668.5128017737
121486.0996288947 114406.6469685409
124668.0608724035 115537.5798851573
121645.1976910702 114891.3325042337
121804.2957532456 114891.3325042337
121327.0015667193 114729.7706590028
124508.9628102281 115699.1417303882
121645.1976910702 114406.6469685409
121645.1976910702 113760.3995876173
121486.0996288947 114568.2088137719
126736.3356806842 113760.3995876173

127054.5318050351 116506.9509565428
121804.2957532456 114083.5232780791
121804.2957532456 114729.7706590028
126736.3356806842 113921.9614328482
124827.1589345789 114568.2088137719
121963.3938154210 114568.2088137719
121645.1976910702 114729.7706590028
121327.0015667193 112791.0285162318
121963.3938154210 114729.7706590028
126895.4337428596 116668.5128017737
121486.0996288947 114406.6469685409
124668.0608724035 115537.5798851573
121645.1976910702 114891.3325042337
121804.2957532456 114891.3325042337
121327.0015667193 114729.7706590028
124508.9628102281 115699.1417303882
121645.1976910702 114406.6469685409
121645.1976910702 113760.3995876173
121486.0996288947 114568.2088137719
126736.3356806842 113760.3995876173

127054.5318050351 116506.9509565428
121804.2957532456 114083.5232780791
121804.2957532456 114729.7706590028
126736.3356806842 113921.9614328482
124827.1589345789 114568.2088137719
121963.3938154210 114568.2088137719
121645.1976910702 114729.7706590028
124349.8647480526 115537.5798851573
121963.3938154210 114729.7706590028
126895.4337428596 116668.5128017737
121486.0996288947 114406.6469685409
124668.0608724035 115537.5798851573
121645.1976910702 114891.3325042337
121804.2957532456 114891.3325042337
126099.9434319825 113598.8377423864
124508.9628102281 115699.1417303882
121645.1976910702 114406.6469685409
121645.1976910702 113760.3995876173
121486.0996288947 114568.2088137719
126736.3356806842 113760.3995876173

127054.5318050351 116345.3891113118
127372.7279293860 116668.5128017737
121804.2957532456 114729.7706590028
124827.1589345789 114568.2088137719
126895.4337428596 116022.2654208500
121963.3938154210 114568.2088137719
121645.1976910702 114729.7706590028
124349.8647480526 115537.5798851573
121963.3938154210 114729.7706590028
126895.4337428596 116668.5128017737
121486.0996288947 114406.6469685409
121645.1976910702 113598.8377423864
121327.0015667193 114406.6469685409
121804.2957532456 114891.3325042337
121327.0015667193 114729.7706590028
124508.9628102281 115699.1417303882
121645.1976910702 114406.6469685409
121645.1976910702 113760.3995876173
124827.1589345789 115537.5798851573
126736.3356806842 113760.3995876173

127054.5318050351 116345.3891113118
127372.7279293860 116668.5128017737
121804.2957532456 114729.7706590028
124827.1589345789 114568.2088137719
126895.4337428596 116022.2654208500
121963.3938154210 114568.2088137719
121645.1976910702 114729.7706590028
124349.8647480526 115537.5798851573
121963.3938154210 114729.7706590028
126895.4337428596 116668.5128017737
121486.0996288947 114406.6469685409
124668.0608724035 115537.5798851573
121327.0015667193 114406.6469685409
121804.2957532456 114891.3325042337
121327.0015667193 114729.7706590028
124508.9628102281 115699.1417303882
121645.1976910702 114406.6469685409
121645.1976910702 113760.3995876173
121327.0015667193 114083.5232780791
126736.3356806842 113760.3995876173

127054.5318050351 116345.3891113118
127372.7279293860 116668.5128017737
121804.2957532456 114729.7706590028
124827.1589345789 114568.2088137719
126895.4337428596 116022.2654208500
121963.3938154210 114568.2088137719
121645.1976910702 114729.7706590028
124349.8647480526 115537.5798851573
121963.3938154210 114729.7706590028
126895.4337428596 116668.5128017737
121486.0996288947 114406.6469685409
121486.0996288947 112952.5903614627
121327.0015667193 114406.6469685409
121804.2957532456 114891.3325042337
121327.0015667193 114729.7706590028
124508.9628102281 115699.1417303882
121645.1976910702 114406.6469685409
121645.1976910702 113760.3995876173
124827.1589345789 115537.5798851573
126736.3356806842 113760.3995876173

127054.5318050351 116345.3891113118
127372.7279293860 116668.5128017737
121804.2957532456 114729.7706590028
120531.5112558421 117476.3220279282
126895.4337428596 116022.2654208500
121963.3938154210 114568.2088137719
121645.1976910702 114729.7706590028
124349.8647480526 115537.5798851573
121963.3938154210 114729.7706590028
127372.7279293860 116506.9509565428
121486.0996288947 114406.6469685409
124668.0608724035 115537.5798851573
121327.0015667193 114406.6469685409
121804.2957532456 114891.3325042337
122281.5899397719 114083.5232780791
124508.9628102281 115699.1417303882
121645.1976910702 114406.6469685409
121645.1976910702 113760.3995876173
124827.1589345789 115537.5798851573
126736.3356806842 113760.3995876173

127054.5318050351 116345.3891113118
127372.7279293860 116668.5128017737
121804.2957532456 114729.7706590028
124827.1589345789 114568.2088137719
126895.4337428596 116022.2654208500
121963.3938154210 115052.8943494646
121645.1976910702 114729.7706590028
124349.8647480526 115537.5798851573
121963.3938154210 114729.7706590028
127372.7279293860 116506.9509565428
121486.0996288947 114406.6469685409
124668.0608724035 115537.5798851573
121327.0015667193 114406.6469685409
121804.2957532456 114891.3325042337
122281.5899397719 114083.5232780791
124508.9628102281 115699.1417303882
121645.1976910702 114406.6469685409
121645.1976910702 113760.3995876173
124827.1589345789 115537.5798851573
126736.3356806842 113760.3995876173

127054.5318050351 116345.3891113118
127372.7279293860 116668.5128017737
121804.2957532456 114729.7706590028
124827.1589345789 114568.2088137719
126895.4337428596 116022.2654208500
121963.3938154210 114568.2088137719
121645.1976910702 114729.7706590028
124349.8647480526 115537.5798851573
121963.3938154210 114729.7706590028
127372.7279293860 116506.9509565428
121486.0996288947 114406.6469685409
121963.3938154210 113275.7140519246
121327.0015667193 114406.6469685409
121804.2957532456 114891.3325042337
122281.5899397719 114083.5232780791
124508.9628102281 115699.1417303882
121645.1976910702 114406.6469685409
121645.1976910702 113760.3995876173
124827.1589345789 115537.5798851573
126736.3356806842 113760.3995876173

127054.5318050351 116345.3891113118
127372.7279293860 116668.5128017737
121804.2957532456 114729.7706590028
124827.1589345789 114568.2088137719
126895.4337428596 116022.2654208500
121963.3938154210 114568.2088137719
121963.3938154210 115052.8943494646
124349.8647480526 115537.5798851573
121963.3938154210 114729.7706590028
127372.7279293860 116506.9509565428
121486.0996288947 114406.6469685409
124668.0608724035 115537.5798851573
121327.0015667193 114406.6469685409
121804.2957532456 114891.3325042337
122281.5899397719 114083.5232780791
124508.9628102281 115699.1417303882
121645.1976910702 114406.6469685409
121645.1976910702 113760.3995876173
124827.1589345789 115537.5798851573
126736.3356806842 113760.3995876173

127054.5318050351 116345.3891113118
127372.7279293860 116668.5128017737
121804.2957532456 114729.7706590028
124827.1589345789 114568.2088137719
126895.4337428596 116022.2654208500
121963.3938154210 114568.2088137719
124668.0608724035 115699.1417303882
124349.8647480526 115537.5798851573
121963.3938154210 114729.7706590028
127372.7279293860 116506.9509565428
121486.0996288947 114406.6469685409
124668.0608724035 115537.5798851573
121327.0015667193 114406.6469685409
121804.2957532456 114891.3325042337
122281.5899397719 114083.5232780791
124508.9628102281 115699.1417303882
121645.1976910702 114406.6469685409
121645.1976910702 113760.3995876173
124827.1589345789 115537.5798851573
120849.7073801930 115214.4561946955

127054.5318050351 116345.3891113118
127372.7279293860 116668.5128017737
121804.2957532456 114729.7706590028
124827.1589345789 114568.2088137719
126895.4337428596 116022.2654208500
121963.3938154210 114568.2088137719
124668.0608724035 115699.1417303882
124986.2569967544 114083.5232780791
121963.3938154210 114729.7706590028
127372.7279293860 116506.9509565428
121486.0996288947 114406.6469685409
124668.0608724035 115537.5798851573
121327.0015667193 114406.6469685409
121804.2957532456 114891.3325042337
122281.5899397719 114083.5232780791
124508.9628102281 115699.1417303882
121645.1976910702 114406.6469685409
121645.1976910702 113760.3995876173
124827.1589345789 115537.5798851573
126736.3356806842 113760.3995876173

127054.5318050351 116345.3891113118
127372.7279293860 116668.5128017737
121804.2957532456 114729.7706590028
124827.1589345789 114568.2088137719
126895.4337428596 116022.2654208500
121963.3938154210 114568.2088137719
124668.0608724035 115699.1417303882
124349.8647480526 115537.5798851573
121963.3938154210 114729.7706590028
127372.7279293860 116506.9509565428
121486.0996288947 114406.6469685409
124668.0608724035 115537.5798851573
121327.0015667193 114406.6469685409
121804.2957532456 114891.3325042337
122281.5899397719 114083.5232780791
124508.9628102281 115699.1417303882
121645.1976910702 113921.9614328482
121645.1976910702 113760.3995876173
124827.1589345789 115537.5798851573
126736.3356806842 113760.3995876173

127054.5318050351 116345.3891113118
127372.7279293860 116668.5128017737
121804.2957532456 114729.7706590028
124827.1589345789 114568.2088137719
126895.4337428596 116022.2654208500
121963.3938154210 114568.2088137719
124668.0608724035 115699.1417303882
124349.8647480526 115537.5798851573
121963.3938154210 114729.7706590028
127372.7279293860 116506.9509565428
121486.0996288947 114406.6469685409
124668.0608724035 115537.5798851573
121327.0015667193 114406.6469685409
121804.2957532456 114891.3325042337
122281.5899397719 114083.5232780791
125622.6492454561 113437.2758971555
121645.1976910702 114406.6469685409
121645.1976910702 113760.3995876173
124827.1589345789 115537.5798851573
126736.3356806842 113760.3995876173

127054.5318050351 116345.3891113118
127372.7279293860 116668.5128017737
121804.2957532456 114729.7706590028
124508.9628102281 112952.5903614627
126895.4337428596 116022.2654208500
121963.3938154210 114568.2088137719
124668.0608724035 115699.1417303882
124349.8647480526 115537.5798851573
121963.3938154210 114729.7706590028
127372.7279293860 116506.9509565428
121486.0996288947 114406.6469685409
124668.0608724035 115537.5798851573
121327.0015667193 114406.6469685409
121804.2957532456 114891.3325042337
122281.5899397719 114083.5232780791
124508.9628102281 115699.1417303882
121645.1976910702 114406.6469685409
121645.1976910702 113760.3995876173
124827.1589345789 115537.5798851573
126736.3356806842 113760.3995876173

127054.5318050351 116345.3891113118
127372.7279293860 116668.5128017737
121804.2957532456 114729.7706590028
124827.1589345789 114568.2088137719
126895.4337428596 116022.2654208500
121963.3938154210 114568.2088137719
124668.0608724035 115699.1417303882
124349.8647480526 115537.5798851573
121963.3938154210 114729.7706590028
127372.7279293860 116506.9509565428
121486.0996288947 114406.6469685409
122281.5899397719 113275.7140519246
121327.0015667193 114406.6469685409
121804.2957532456 114891.3325042337
122281.5899397719 114083.5232780791
124508.9628102281 115699.1417303882
121645.1976910702 114406.6469685409
121645.1976910702 113760.3995876173
124827.1589345789 115537.5798851573
126736.3356806842 113760.3995876173

127054.5318050351 116345.3891113118
127372.7279293860 116668.5128017737
121804.2957532456 114729.7706590028
120213.3151314912 116991.6364922355
126895.4337428596 116022.2654208500
121963.3938154210 114568.2088137719
122122.4918775965 114245.0851233100
126736.3356806842 114083.5232780791
121963.3938154210 114729.7706590028
127372.7279293860 116506.9509565428
121486.0996288947 114406.6469685409
124668.0608724035 115537.5798851573
121327.0015667193 114406.6469685409
121804.2957532456 114891.3325042337
124827.1589345789 114406.6469685409
124508.9628102281 115699.1417303882
121645.1976910702 114406.6469685409
121645.1976910702 113760.3995876173
124827.1589345789 115537.5798851573
126895.4337428596 113760.3995876173

127054.5318050351 116345.3891113118
127372.7279293860 116668.5128017737
121804.2957532456 114729.7706590028
120213.3151314912 116991.6364922355
126895.4337428596 116022.2654208500
127213.6298672105 116668.5128017737
122122.4918775965 114245.0851233100
124349.8647480526 115537.5798851573
121963.3938154210 114729.7706590028
127372.7279293860 116506.9509565428
121486.0996288947 114406.6469685409
124827.1589345789 115052.8943494646
121327.0015667193 114406.6469685409
121804.2957532456 114891.3325042337
124827.1589345789 114406.6469685409
124508.9628102281 115699.1417303882
121645.1976910702 114406.6469685409
121645.1976910702 113760.3995876173
124827.1589345789 115537.5798851573
126895.4337428596 113760.3995876173

127054.5318050351 116345.3891113118
120690.6093180175 117637.8838731591
121804.2957532456 114729.7706590028
120213.3151314912 116991.6364922355
126895.4337428596 116022.2654208500
127213.6298672105 116668.5128017737
124827.1589345789 114568.2088137719
122122.4918775965 113921.9614328482
124508.9628102281 115052.8943494646
126577.2376185088 116183.8272660810
121486.0996288947 114406.6469685409
124668.0608724035 115537.5798851573
124508.9628102281 115537.5798851573
121804.2957532456 114891.3325042337
124827.1589345789 114406.6469685409
124508.9628102281 115699.1417303882
121645.1976910702 114406.6469685409
127372.7279293860 116830.0746470046
124827.1589345789 115537.5798851573
126895.4337428596 113760.3995876173

127054.5318050351 116345.3891113118
127372.7279293860 116668.5128017737
121804.2957532456 114729.7706590028
120213.3151314912 116991.6364922355
126895.4337428596 116022.2654208500
127213.6298672105 116668.5128017737
124827.1589345789 114568.2088137719
122122.4918775965 113921.9614328482
124508.9628102281 115052.8943494646
126577.2376185088 116183.8272660810
121486.0996288947 114406.6469685409
124668.0608724035 115537.5798851573
124508.9628102281 115537.5798851573
121804.2957532456 114891.3325042337
119258.7267584386 112952.5903614627
124508.9628102281 115699.1417303882
121645.1976910702 114406.6469685409
127372.7279293860 116830.0746470046
124827.1589345789 115537.5798851573
126895.4337428596 113760.3995876173

127054.5318050351 116345.3891113118
127372.7279293860 116668.5128017737
121804.2957532456 114729.7706590028
120213.3151314912 116991.6364922355
126895.4337428596 116022.2654208500
127213.6298672105 116668.5128017737
124827.1589345789 114568.2088137719
122122.4918775965 113921.9614328482
124508.9628102281 115052.8943494646
126577.2376185088 116183.8272660810
119258.7267584386 113598.8377423864
124668.0608724035 115537.5798851573
124508.9628102281 115537.5798851573
121804.2957532456 114891.3325042337
124827.1589345789 114406.6469685409
124508.9628102281 115699.1417303882
121645.1976910702 114406.6469685409
127372.7279293860 116830.0746470046
124827.1589345789 115537.5798851573
126895.4337428596 113760.3995876173

127054.5318050351 116345.3891113118
127372.7279293860 116668.5128017737
121804.2957532456 114729.7706590028
120213.3151314912 116991.6364922355
126895.4337428596 116022.2654208500
127213.6298672105 116668.5128017737
124827.1589345789 114568.2088137719
122122.4918775965 113921.9614328482
124508.9628102281 115052.8943494646
126577.2376185088 116183.8272660810
121486.0996288947 114406.6469685409
124668.0608724035 115537.5798851573
124508.9628102281 115537.5798851573
121804.2957532456 114891.3325042337
124827.1589345789 114406.6469685409
124508.9628102281 115699.1417303882
121645.1976910702 114406.6469685409
127372.7279293860 116830.0746470046
124827.1589345789 115537.5798851573
126895.4337428596 113760.3995876173

127054.5318050351 116345.3891113118
127372.7279293860 116668.5128017737
121804.2957532456 114729.7706590028
120213.3151314912 116991.6364922355
126895.4337428596 116022.2654208500
127213.6298672105 116668.5128017737
124827.1589345789 114568.2088137719
122122.4918775965 113921.9614328482
124986.2569967544 115376.0180399264
119576.9228827895 112144.7811353082
121486.0996288947 114406.6469685409
124668.0608724035 115537.5798851573
124508.9628102281 115537.5798851573
121804.2957532456 114891.3325042337
124827.1589345789 114406.6469685409
120531.5112558421 117153.1983374664
122281.5899397719 113921.9614328482
127372.7279293860 116830.0746470046
122122.4918775965 113598.8377423864
126895.4337428596 113760.3995876173

127054.5318050351 116345.3891113118
127372.7279293860 116668.5128017737
121804.2957532456 114729.7706590028
120213.3151314912 116991.6364922355
126895.4337428596 116022.2654208500
127213.6298672105 116668.5128017737
124827.1589345789 114568.2088137719
122122.4918775965 113921.9614328482
124986.2569967544 115376.0180399264
126577.2376185088 116183.8272660810
121486.0996288947 114406.6469685409
124668.0608724035 115537.5798851573
124508.9628102281 115537.5798851573
121804.2957532456 114891.3325042337
124827.1589345789 114406.6469685409
120372.4131936667 117637.8838731591
119576.9228827895 111983.2192900773
127372.7279293860 116830.0746470046
122122.4918775965 113598.8377423864
126895.4337428596 113760.3995876173

127054.5318050351 116345.3891113118
127372.7279293860 116668.5128017737
121804.2957532456 114729.7706590028
120213.3151314912 116991.6364922355
126895.4337428596 116022.2654208500
126895.4337428596 115052.8943494646
124827.1589345789 114568.2088137719
122122.4918775965 113921.9614328482
124986.2569967544 115376.0180399264
126577.2376185088 116183.8272660810
121486.0996288947 114406.6469685409
124668.0608724035 115537.5798851573
124508.9628102281 115537.5798851573
121804.2957532456 114891.3325042337
124827.1589345789 114406.6469685409
120372.4131936667 117637.8838731591
122281.5899397719 113921.9614328482
127372.7279293860 116830.0746470046
122122.4918775965 113598.8377423864
126895.4337428596 113760.3995876173

127054.5318050351 116345.3891113118
127372.7279293860 116668.5128017737
121804.2957532456 114729.7706590028
120213.3151314912 116991.6364922355
126895.4337428596 116022.2654208500
119576.9228827895 112791.0285162318
124827.1589345789 114568.2088137719
122122.4918775965 113921.9614328482
124986.2569967544 115376.0180399264
126577.2376185088 116183.8272660810
121486.0996288947 114406.6469685409
124668.0608724035 115537.5798851573
124508.9628102281 115537.5798851573
121804.2957532456 114891.3325042337
124827.1589345789 114406.6469685409
120372.4131936667 117637.8838731591
122281.5899397719 113921.9614328482
127372.7279293860 116830.0746470046
122122.4918775965 113598.8377423864
126895.4337428596 113760.3995876173

127054.5318050351 116345.3891113118
124986.2569967544 114729.7706590028
121804.2957532456 114729.7706590028
120372.4131936667 116183.8272660810
126895.4337428596 116022.2654208500
127213.6298672105 116668.5128017737
124827.1589345789 114568.2088137719
120690.6093180175 117476.3220279282
127054.5318050351 114245.0851233100
122758.8841262982 115376.0180399264
121486.0996288947 114406.6469685409
124668.0608724035 115537.5798851573
124508.9628102281 115537.5798851573
121804.2957532456 114891.3325042337
122122.4918775965 113437.2758971555
120372.4131936667 117637.8838731591
122281.5899397719 113921.9614328482
127372.7279293860 116830.0746470046
122122.4918775965 113598.8377423864
119099.6286962632 114245.0851233100

127054.5318050351 116345.3891113118
124986.2569967544 114729.7706590028
121804.2957532456 114729.7706590028
120372.4131936667 116183.8272660810
126895.4337428596 116022.2654208500
127372.7279293860 116506.9509565428
124827.1589345789 114568.2088137719
120690.6093180175 117476.3220279282
127054.5318050351 114245.0851233100
122758.8841262982 115376.0180399264
121486.0996288947 114406.6469685409
124668.0608724035 115537.5798851573
124508.9628102281 115537.5798851573
121804.2957532456 114891.3325042337
122122.4918775965 113437.2758971555
120372.4131936667 117637.8838731591
122281.5899397719 113921.9614328482
127372.7279293860 116830.0746470046
122758.8841262982 115214.4561946955
120372.4131936667 116991.6364922355

127054.5318050351 116345.3891113118
124986.2569967544 114729.7706590028
121804.2957532456 114729.7706590028
125622.6492454561 114729.7706590028
126895.4337428596 116022.2654208500
127372.7279293860 116506.9509565428
120690.6093180175 112629.4666710009
120690.6093180175 117476.3220279282
127054.5318050351 114245.0851233100
119736.0209449649 113114.1522066937
121486.0996288947 114406.6469685409
124668.0608724035 115537.5798851573
124508.9628102281 115537.5798851573
121804.2957532456 114891.3325042337
122122.4918775965 113437.2758971555
120372.4131936667 117637.8838731591
122281.5899397719 113921.9614328482
127372.7279293860 116830.0746470046
124190.7666858772 114568.2088137719
120372.4131936667 116991.6364922355

127054.5318050351 116345.3891113118
124986.2569967544 114729.7706590028
121804.2957532456 114729.7706590028
125622.6492454561 114729.7706590028
126895.4337428596 116022.2654208500
127372.7279293860 116506.9509565428
120690.6093180175 117961.0075636210
120690.6093180175 117476.3220279282
127054.5318050351 114245.0851233100
119736.0209449649 113114.1522066937
121486.0996288947 114406.6469685409
124668.0608724035 115537.5798851573
124508.9628102281 115537.5798851573
121804.2957532456 114891.3325042337
122122.4918775965 113437.2758971555
120849.7073801930 113114.1522066937
122281.5899397719 113921.9614328482
127372.7279293860 116830.0746470046
124190.7666858772 114568.2088137719
120372.4131936667 116991.6364922355

