54636929.4248777032 1254343.4531250000
55046490.9992950261 1258843.2851562500
55528471.3710366488 1260834.5898437500
51437133.1963417530 1152413.8857421875
51688894.2254383937 1167653.8417968750
51651655.5804681778 1167479.2578125000
52975506.2419768497 1215880.6923828125
53117346.8354520798 1226459.1787109375
53791495.5167169273 1240938.9414062500
54911932.6638616249 1256201.3808593750
57786312.8773091510 1272890.0488281250
57325996.7207997739 1270251.4257812500
50802600.1739393845 1039320.1191406250
51295191.4832040071 1142919.1425781250
51554213.4347132519 1161619.1191406250
52994592.5364344120 1223503.7675781250
53306613.1816835105 1229333.7382812500
54085257.7962140143 1247673.1660156250
53868938.2499497831 1242323.7968750000
58747504.2042703927 1275345.3691406250
50789647.6448659822 1029344.9555664062
51178780.6406485438 1121738.2998046875
51934908.4699978903 1186187.3466796875
52184688.9963639304 1196328.1464843750
52462619.6190629452 1204130.4853515625
52274204.6016956270 1199653.9375000000
53063773.3499643356 1224740.5800781250
53174345.4787004739 1228624.7099609375
53518254.7968319952 1234383.0800781250
55026351.0182882249 1258609.7949218750
55562631.8007122204 1261057.9062500000
57427312.9133969694 1270721.9394531250
52130983.3049703464 1194524.7929687500
54054080.1482017338 1247318.5927734375
54078938.1584713906 1247360.4072265625
57749694.0470275208 1271127.0371093750
51123311.4437895939 1112572.6909179688
51167824.6856454015 1120465.2216796875
50769111.7224524170 1027474.2285156250
50937808.8652024716 1069876.9580078125
52037951.4072192982 1190797.7070312500
52202271.4846345335 1196442.5410156250
52593116.6707051322 1206904.8427734375
52367358.0739299133 1201647.1435546875
53310041.3885452002 1231934.9687500000
55318310.6178320274 1259659.8574218750
57377771.3668609783 1270396.9433593750
51132687.4036433473 1113115.7519531250
53481028.9639061093 1233889.4541015625
54143806.0305716097 1248185.1103515625
55515810.3648830354 1260728.5000000000
51538404.2986317873 1160842.6591796875
51792505.2726060003 1176091.1718750000
57405333.0816698447 1270513.0292968750
58341232.2696189061 1274408.1699218750
51596857.3576802313 1163264.7988281250
51896469.1991943046 1182438.1474609375
53535615.1808347702 1235569.2949218750
51165597.4352999330 1118795.0136718750
51065538.8652969673 1080602.6186523438
51650642.9611790478 1164794.2822265625
51973067.5294273570 1188214.3447265625
52087502.9916337356 1192417.8759765625
56703218.9612466618 1266658.7812500000
51477138.8207666278 1157227.7421875000
50765213.0074469894 1022683.4667968750
51319243.2942754030 1142971.4931640625
51487203.0109463781 1159144.6787109375
52093726.7198307291 1192673.5048828125
51822599.4186463431 1179925.2851562500
52362300.4809783101 1200990.1201171875
55008871.0773295611 1256998.5996093750
51755406.6385214180 1171795.0263671875
54427767.6833513528 1251508.3066406250
57318134.2425150871 1268686.5341796875
50844190.0271333382 1051295.8315429688
50803615.1056914851 1039533.2749023438
51180777.9574711621 1125066.0156250000
52180094.2476457506 1195613.7148437500
52498876.2859109119 1206386.4521484375
53271323.2339749634 1228815.8515625000
54051921.1710088402 1245860.8720703125
51202089.6903562620 1128261.2539062500
53457394.9481259733 1233677.6240234375
53530217.7477584481 1234495.0000000000
54585811.3637397736 1253954.6503906250
54933710.3700627908 1256632.6816406250
51949694.6346734688 1186770.7587890625
52333068.4199617952 1200375.9501953125
51956630.4746525213 1187250.9628906250
53726433.6007441878 1239693.5683593750
54285649.5568297505 1249829.0917968750
56086227.0514446124 1262398.3671875000
51927678.5825870484 1185946.9423828125
52210860.3155314997 1198061.8867187500
54368718.0504750907 1251132.2128906250
56100365.4626733512 1264137.8632812500
58242276.5923854634 1273827.2480468750
54727855.5296117440 1255348.7070312500
51986858.5406909809 1189218.9306640625
54756488.9301001206 1256061.4003906250
56564189.2496829927 1265666.0195312500
58229438.5693926439 1273468.5390625000
51380770.2784696594 1148048.2490234375
54407743.1395687833 1251376.7343750000
52693955.4265924767 1207895.1914062500
51027604.9623087421 1079305.9125976562
52424902.1350578219 1203264.5888671875
53501485.6577556804 1233945.5830078125
54044635.5918771178 1245627.0058593750
54345855.7459964305 1250884.9765625000
51339623.5893298835 1144577.4394531250
52015218.2290231287 1189380.5644531250
54223655.8694908842 1249089.8759765625
54442736.0892227888 1252440.2500000000
51918451.7668432444 1183226.1582031250
58190795.3622379750 1273433.9179687500
50896231.7041270062 1063921.7651367188
51401366.8931905106 1150892.9511718750
51335020.6948358864 1144455.0263671875
51713022.0818621665 1169745.0009765625
51727881.6192703247 1171553.8378906250
51862256.7478502840 1182224.4375000000
52418767.9384662211 1201768.4833984375
50881675.0983729884 1059510.8862304688
51756320.4862258658 1173456.8320312500
50790067.6151430085 1032773.7656250000
52158945.8327282295 1194623.5078125000
58723531.4026062414 1274432.1132812500
53448155.9570714831 1233576.0634765625
51249583.7130899504 1132568.2158203125
53992877.2230811939 1245615.2724609375
51860901.9114076644 1181984.9306640625
51228016.9353853315 1131378.5117187500
51450566.9357326627 1153126.5625000000
51370376.6721299887 1147052.0654296875
51856828.4311309010 1181660.8750000000
51763169.4519207552 1175857.4179687500
51758215.2356554940 1174402.3994140625
53578236.3258462697 1235621.1171875000
51365730.9014512822 1146961.5400390625
51451130.0511296615 1153850.6689453125
51587453.3402573690 1162539.2490234375
54460274.1004230306 1253293.3906250000
53302238.4606370032 1228869.1630859375
51433395.3951261640 1151112.4082031250
51329166.2452198118 1144003.4755859375
53407936.0671380907 1232242.4931640625
56633012.9304973483 1266488.1269531250
51334310.3788362443 1144439.2626953125
51255034.3768341392 1135930.0996093750
53768078.7242097184 1239958.0654296875
53935929.9618821889 1244179.8632812500
53577162.8308799416 1235611.8193359375
53587253.6644513458 1236753.3994140625
51220608.2905159220 1128641.1982421875
51627691.3487525135 1164480.2294921875
53666238.8356890827 1238035.5371093750
53664835.3763001114 1238031.8613281250
53844361.5702753216 1242059.0917968750
57482014.7889607921 1271122.2500000000
51340376.6026334316 1146861.7177734375
53920480.8388938457 1244076.0312500000
54309730.2433560789 1250088.7246093750
57469421.7927211225 1270977.3125000000
50793977.6488169879 1034409.3403320312
51229304.8230159357 1131519.7011718750
54729085.0065283552 1255557.9550781250
50836982.3508795276 1044404.0644531250
51277891.2859968320 1136964.8691406250
51469419.8931053206 1154706.3486328125
55836998.5677171648 1262054.4726562500
51471608.6398933828 1155608.4697265625
53645855.5613694638 1236852.8476562500
53838550.1144625843 1241909.8115234375
50865997.1834526360 1056346.0541992188
51327218.8476088271 1143024.2851562500
51224350.6067506745 1130064.6826171875
50821166.1192847863 1041147.1118164062
50813194.7498420253 1039699.3710937500
50870587.8396758065 1057551.5034179688
51277902.3724073023 1139103.9960937500
53964231.3697380871 1244744.9580078125
50842118.0336045846 1045202.2495117188
50825881.2042689621 1043762.9467773438
56034343.4626242071 1262286.9472656250
57765200.9298134968 1271234.0351562500
56536337.8718551174 1265075.0625000000
52820614.2318299487 1209698.1796875000
58144252.8709903881 1272945.6777343750
50890894.1099567935 1060291.5219726562
52938819.8869900703 1213845.3798828125
55750287.4420068339 1261328.5859375000
50948554.8162374347 1072115.1000976562
50917299.8595976457 1067836.4799804688
50879538.0294632837 1058026.6176757812
56292718.8711504489 1264197.8183593750
52965180.0341229364 1214895.4423828125
50880730.5134854391 1058866.4086914062
50867757.5563164055 1056730.9526367188
52855526.1581882760 1210026.5048828125
57262564.4721010253 1268408.1992187500
52881391.8899465278 1210696.9931640625
57209374.9781031311 1268251.2949218750
52796797.9519596025 1208038.8251953125
57097272.7963714898 1268186.9375000000
56999056.2296632156 1266763.8320312500
52905100.1103568450 1211411.5146484375
52948425.3029569164 1214185.4091796875
57131296.3759136349 1268234.8183593750
52816893.9170553908 1208180.8623046875
