54754813.8460832536 1256574.2148437500
54659834.1095199212 1256368.2460937500
58011629.8761033043 1274197.4863281250
58285182.1599967182 1275345.3691406250
51560681.8474617004 1164120.8740234375
52737250.9321676418 1219204.1767578125
53294331.0877514780 1232731.1123046875
53547700.5303008631 1236346.4130859375
57114152.8881709129 1270253.4570312500
51420563.3092475310 1153342.4042968750
50809042.8533746302 1057154.3920898438
50756948.2108621150 1043547.8896484375
54717530.4501656592 1256454.7187500000
55002599.0001610145 1257542.4589843750
55274937.4046931192 1260331.5859375000
50775413.2254120335 1050036.0913085938
50871523.0677136779 1059809.2016601562
53677630.8723517731 1238486.9697265625
53774327.1412310153 1241967.4062500000
51373285.4405687675 1148344.2900390625
52201725.4598517716 1196363.9062500000
52363710.4899183735 1202005.9482421875
50776206.9403484166 1050046.0415039062
50796147.2214798480 1055647.6596679688
51249455.7099293023 1138481.3466796875
51631843.5695420578 1166988.5087890625
54543809.9879543334 1254332.3769531250
54310884.0868866667 1250706.3427734375
54918064.0613242462 1257418.3085937500
50737250.3672513291 1033112.8740234375
50748768.9931423888 1043266.5747070312
51108288.6235352159 1117398.8691406250
51148504.2839756608 1120404.1103515625
51263095.1074695364 1142079.4453125000
51974387.2666992769 1188543.5791015625
53730366.0418087542 1239765.1884765625
54199055.7631612569 1249616.3369140625
57053668.2127402797 1269249.2949218750
50871495.1679471806 1058883.1274414062
50880249.7354458272 1060843.0722656250
57513807.7221720293 1271412.9960937500
51160263.5733481720 1127246.4111328125
52845131.2431804612 1220944.6308593750
52631162.0750142634 1214505.6337890625
53481840.3554322720 1234350.9189453125
53383690.7542883977 1233204.7841796875
51227151.9347387180 1133534.3857421875
54067360.5466046482 1248417.7207031250
56639880.8273594379 1268648.7109375000
51659088.9688452408 1168761.1152343750
51751730.0666977838 1174998.4843750000
54122595.2685156837 1249354.8007812500
54064126.0969575420 1247758.9433593750
50706597.5959848091 1010835.9873046875
50758182.5128829777 1048502.6840820312
56197132.0648983791 1265373.8535156250
55996816.9781428277 1264200.7363281250
57540335.5488623753 1271452.7148437500
51207083.4741908014 1131251.1416015625
51155358.8518409356 1121310.2138671875
51396819.7767140418 1150259.1191406250
51835495.5836937279 1180953.8564453125
53452278.2204053774 1233721.7431640625
56424462.4226430133 1266509.6035156250
50747080.2577847764 1038437.2109375000
51101808.1483273432 1111343.6132812500
52420629.4056492671 1205947.7382812500
52572809.3601618484 1211762.9648437500
53783866.1196555719 1242182.3730468750
54363710.7530331761 1251769.0009765625
57855586.3618421033 1273165.7011718750
57865458.9060401842 1273677.5605468750
53563554.2680865154 1238213.8037109375
53922748.8256468698 1244117.3652343750
54478162.6521159112 1254284.8027343750
51744430.8054717109 1174088.0166015625
51701548.8115441799 1173808.8808593750
53247678.6085790247 1232390.1298828125
56621142.6937392056 1267361.1152343750
57640496.7041463628 1272193.7265625000
51438233.5477588922 1154377.1025390625
52911118.3643130586 1221702.2841796875
51349566.0540361628 1147366.2910156250
52101917.5840197504 1192864.1738281250
53034094.2985234037 1225432.9130859375
53702223.9853990525 1239209.2802734375
56189852.9462484568 1265129.1914062500
51618083.6992006600 1166474.9570312500
51761448.7945988774 1175899.0869140625
51685746.7090033069 1171554.5869140625
52432638.5351207033 1206895.2031250000
52453308.3077365607 1208033.8496093750
52522440.3590708822 1209875.0458984375
52506464.7442451790 1209724.9833984375
54605326.2310335338 1254869.9140625000
57839993.0396425650 1273080.8046875000
51182012.6329690665 1130506.6923828125
52573417.0366801694 1214163.8476562500
56223492.2120312452 1266423.9160156250
51297359.6604269296 1144065.3652343750
52926651.2004582956 1221784.9072265625
54654516.3072655275 1254897.2597656250
51453951.9014267102 1156447.1669921875
54213406.9444087520 1250054.9736328125
53054332.9133971035 1225870.6230468750
51221797.7185150832 1132418.1542968750
51808000.6424786821 1179043.3271484375
53311818.8046830595 1232732.7851562500
54313817.8735551611 1251466.0791015625
57634837.2971352190 1272108.8300781250
50716228.2145550624 1016181.6010742188
51248958.8022401705 1137346.9433593750
51630831.9097806811 1166589.0888671875
51707664.5654133558 1173968.4160156250
52028788.2044601589 1190594.4833984375
50717547.2345805839 1027005.5268554688
51692157.0641428232 1172051.4794921875
53954186.8103858232 1246255.7060546875
55392932.1822319627 1261068.0800781250
51653597.9802210182 1167961.8740234375
55957190.0088054612 1264198.8144531250
51250393.7220100164 1138869.9199218750
51573580.2279337421 1165424.8945312500
58210524.9803659916 1274493.8574218750
51088678.8122513145 1108140.9189453125
53041214.2089660987 1225658.9951171875
51612334.7744220421 1166206.8916015625
55256675.6692557037 1259893.3476562500
57690605.2785251364 1272417.1972656250
51340229.0354223549 1144615.7197265625
53055267.2462255657 1227031.6962890625
51383476.9960858002 1149235.3613281250
52627614.4063527957 1214355.8789062500
55123013.3684842885 1259207.9531250000
55324457.7347838357 1260827.0859375000
56208585.5308596864 1265711.2226562500
50746922.6540273800 1035329.4311523438
51206693.8682840019 1130903.3798828125
51946698.7177261859 1186951.5283203125
51476897.8822504655 1156643.2802734375
54177971.9775663093 1249356.3212890625
57715481.8568948880 1272705.5859375000
58044896.4470918626 1274373.3945312500
50727275.7211885750 1031270.0141601562
52171012.4008032978 1195377.8085937500
54080847.5020718947 1248456.2294921875
55494236.2615588829 1261788.5664062500
56567006.4900419116 1266962.9980468750
57575483.6761249825 1271884.1054687500
54002618.2957846969 1246906.2519531250
51907838.6357923150 1183367.2519531250
55051532.4354573414 1259023.9746093750
51914218.6190073788 1184177.8896484375
52109525.9047010094 1193530.2714843750
51486310.3801547959 1159444.1132812500
51065908.0040108860 1106850.5214843750
52825368.2737251818 1220393.0898437500
53066977.5703325421 1227604.3632812500
57209744.4310972169 1270767.4160156250
51226153.5794277266 1132804.0888671875
52540524.3867154717 1211754.5771484375
55142379.6549526826 1259292.4179687500
58027894.4606110603 1274237.5156250000
50741175.5102893263 1033835.7749023438
50731763.0123849958 1032973.6157226562
53215147.7821285278 1230267.5283203125
58166803.2062338144 1274408.1699218750
51965616.5286307558 1188154.3017578125
54287892.4050193951 1250361.3750000000
52895280.5038148537 1221366.2773437500
54424369.0861855894 1253237.4218750000
54861767.7634378448 1256966.4550781250
51390585.4837113619 1149333.6796875000
51280765.3459808975 1143114.1435546875
51536721.3987014964 1160100.0166015625
52795780.3076383844 1220144.3564453125
53160483.6113214120 1229522.2744140625
53871050.4790686145 1243338.5078125000
53763100.8370078653 1240001.0244140625
52062488.1028700173 1191231.7626953125
53926256.5387790948 1244529.5654296875
55366274.7112830207 1260955.9257812500
54385624.5215444043 1252381.6582031250
54285373.2615976781 1250294.5507812500
54428670.9065788612 1253819.8515625000
54020287.1694583669 1247416.1562500000
51143409.3089524955 1120366.4257812500
51832269.3174243718 1180375.9746093750
56122164.5735680982 1264743.6542968750
52037317.7565506771 1191017.5048828125
52670272.7929243818 1216838.8730468750
51503122.5614297912 1159555.2382812500
51635654.7587258071 1167390.0244140625
52690529.3482173756 1217828.6240234375
52955730.5636854172 1224864.0878906250
53929339.9313035533 1245437.4365234375
53856310.9978094548 1242250.7011718750
56246062.4934675321 1266427.5917968750
52173306.8061617389 1195638.8183593750
55470217.4795726165 1261291.3964843750
52362274.2050829455 1200836.1259765625
53406974.7525885105 1233267.6630859375
55013965.0173052624 1258843.2851562500
51133571.7686215788 1117583.6220703125
53112839.6830712110 1228719.3886718750
55922351.5969742313 1264013.3613281250
55658687.7100627348 1262963.2988281250
56159838.4808334038 1264952.9296875000
52169811.6921548694 1195079.7246093750
52243496.4862303361 1198713.6738281250
53768063.0409904495 1241244.5458984375
52204948.7226846144 1196517.8798828125
52909716.1666326672 1221523.6962890625
57973148.5454975218 1273827.2480468750
51135551.9332943633 1118251.0166015625
51550331.5847628787 1161316.7050781250
53082109.2416995466 1227616.9765625000
53531856.7292491794 1234816.2285156250
52944966.4439325705 1222929.7490234375
51658570.4908657894 1168639.4218750000
51980908.4502850324 1188796.1054687500
51013014.5464339703 1075780.4418945312
57434251.0089957863 1271122.2500000000
52847695.7025597468 1220951.0292968750
53098703.5561455861 1228189.6435546875
52019130.8863934204 1190123.0957031250
55772599.8596097901 1263186.6152343750
55279720.5451360419 1260738.5039062500
52073479.4750885740 1191453.8046875000
52416058.8694346175 1202532.4609375000
51651655.5804681778 1167479.2578125000
57786312.8773091510 1272890.0488281250
51554213.4347132519 1161619.1191406250
53868938.2499497831 1242323.7968750000
51934908.4699978903 1186187.3466796875
52184688.9963639304 1196328.1464843750
52274204.6016956270 1199653.9375000000
53518254.7968319952 1234383.0800781250
52130983.3049703464 1194524.7929687500
50937808.8652024716 1069876.9580078125
52202271.4846345335 1196442.5410156250
53481028.9639061093 1233889.4541015625
51538404.2986317873 1160842.6591796875
51792505.2726060003 1176091.1718750000
51896469.1991943046 1182438.1474609375
53535615.1808347702 1235569.2949218750
51065538.8652969673 1080602.6186523438
51973067.5294273570 1188214.3447265625
52087502.9916337356 1192417.8759765625
51477138.8207666278 1157227.7421875000
52093726.7198307291 1192673.5048828125
51822599.4186463431 1179925.2851562500
52362300.4809783101 1200990.1201171875
53530217.7477584481 1234495.0000000000
52333068.4199617952 1200375.9501953125
51956630.4746525213 1187250.9628906250
53726433.6007441878 1239693.5683593750
51927678.5825870484 1185946.9423828125
52210860.3155314997 1198061.8867187500
51986858.5406909809 1189218.9306640625
51027604.9623087421 1079305.9125976562
51339623.5893298835 1144577.4394531250
52015218.2290231287 1189380.5644531250
50896231.7041270062 1063921.7651367188
51401366.8931905106 1150892.9511718750
51335020.6948358864 1144455.0263671875
51862256.7478502840 1182224.4375000000
52158945.8327282295 1194623.5078125000
53448155.9570714831 1233576.0634765625
51860901.9114076644 1181984.9306640625
51856828.4311309010 1181660.8750000000
51334310.3788362443 1144439.2626953125
51340376.6026334316 1146861.7177734375
53920480.8388938457 1244076.0312500000
50870587.8396758065 1057551.5034179688
50948554.8162374347 1072115.1000976562
50917299.8595976457 1067836.4799804688
