51318263.6806466579 1146919.9492187500
51381828.9653135985 1152654.9345703125
51476314.0214645937 1161323.2675781250
51909351.9269760028 1187710.6826171875
51865512.9994768277 1186190.5712890625
54545846.1915614158 1258032.4199218750
50766332.4107759297 1050799.7299804688
50793442.1521085724 1056918.6147460938
51422752.9691774175 1157803.3222656250
52889627.4228256941 1228889.1572265625
54402145.6573305503 1256132.1015625000
50884128.4199647605 1069740.9072265625
51147704.6981443167 1128090.1669921875
56967566.9936792329 1272183.3750000000
51139460.1725496203 1126351.6894531250
51257474.6018771976 1142658.7236328125
52112843.3897554129 1195958.5468750000
52664718.7452664003 1223202.3388671875
53737194.0774422362 1246778.3076171875
52592081.3195384145 1220113.2841796875
52627666.6882065535 1220862.5009765625
52535003.5740342140 1217586.2519531250
53257523.2923444211 1237580.5078125000
57240084.1819932386 1273033.0332031250
51000025.7238048464 1105617.9960937500
52557749.3565884084 1219370.8730468750
52624105.0369195864 1220184.1542968750
51400810.4198011532 1155757.8574218750
50684195.9557271749 993063.4560546875
51499605.5495593026 1161424.7099609375
50690751.9401575103 1020147.1137695312
51214669.7398077846 1131729.7519531250
51382593.1462126225 1154935.1640625000
52686127.6615959182 1224829.8564453125
52697779.2949292660 1225688.0966796875
52844875.7257529944 1227888.6201171875
53282099.7402177751 1238851.7460937500
53059764.2662673891 1235393.2695312500
52818870.5435841307 1227461.8876953125
56588203.2684539631 1270415.5253906250
50778282.5104661882 1054562.7993164062
50982530.1245640889 1099291.6093750000
51341500.6104113534 1147209.4111328125
51230914.2722482756 1135736.1787109375
52630330.6984790191 1222067.7861328125
52638255.4061104283 1222943.5175781250
55875030.0782104209 1265958.0214843750
51961684.0906772763 1189920.1748046875
51089152.2775812298 1119122.7187500000
57656840.0350490287 1275345.3691406250
54643677.0269000828 1258273.2871093750
50694993.3977423683 1029423.6372070312
52906827.5514993742 1230272.6621093750
56999950.5535573661 1272640.3710937500
50809029.7387745902 1058990.7260742188
51291002.0186469108 1143562.8886718750
51761903.7081637383 1177889.1943359375
56960704.5979227349 1272096.1464843750
57387410.9849969149 1274373.3945312500
52330979.7243477479 1203215.9521484375
52054026.2993281186 1195214.0097656250
54317904.4613615051 1255854.7343750000
54224105.6117072478 1254617.3945312500
56627961.2873046175 1270415.5761718750
50714429.5525280461 1036428.7143554688
52866779.0224222466 1227974.0634765625
51418752.0921651497 1155765.6865234375
55559426.9867267162 1264854.6113281250
50737995.3357195780 1041743.4052734375
50995812.8503911495 1103781.6826171875
51369589.0069207400 1150525.5185546875
54166035.4152415544 1253606.6777343750
51835304.9756953418 1181682.3330078125
54208559.4275536165 1254296.8691406250
57289015.1350978762 1273544.2148437500
50746446.7341512442 1045593.4897460938
51511853.0621693432 1162294.5664062500
50985217.1076415628 1101189.6367187500
54433974.4120078608 1256817.9179687500
51916226.4381091148 1187782.2128906250
55598588.0249515697 1265053.8183593750
51164245.8040936962 1130792.5527343750
50933307.3977225199 1090720.5498046875
51205532.0034239590 1131463.2529296875
55582926.8021580428 1264907.9589843750
50939929.6603342891 1091748.0830078125
51452190.7203769535 1158551.1230468750
51930727.2849562690 1188224.9511718750
53376490.7831585854 1240497.7929687500
51249356.1687844694 1138398.8076171875
55367392.2220217288 1263839.3164062500
51302917.2980298921 1144669.9150390625
51294336.6268502325 1143973.5654296875
53294578.8458036631 1239874.4628906250
51037852.8558696210 1108055.6552734375
52797982.3088234663 1227107.2529296875
55316252.6630403548 1262987.8046875000
55279125.9581549913 1262965.0195312500
54908118.5618123114 1260564.4082031250
52099708.0214477107 1195260.6162109375
50781327.6646653488 1054580.3168945312
50843601.5470601320 1062139.9379882812
52736958.6062292084 1226838.5576171875
52926307.4560223222 1231208.8701171875
54257591.4651894942 1255767.8554687500
52153220.2090379223 1198305.5576171875
50692188.8224364221 1028013.3032226562
54926160.2019512802 1260664.0781250000
52952717.6478141472 1232231.0410156250
54509449.5019176602 1257520.3632812500
51000036.8102153167 1106667.3789062500
57553039.5182710439 1274493.8574218750
57370408.9985161126 1274237.5156250000
51016566.8297542259 1107945.5263671875
55598231.7397386953 1265014.0488281250
55754910.5659620985 1265629.5644531250
51056024.9622883797 1111657.7060546875
53057220.3458933607 1235152.7851562500
53672431.3754189238 1244643.6806640625
55085720.6545683816 1261271.1328125000
51798402.0593520924 1180469.7236328125
51826389.4934776798 1181470.2724609375
53180722.4166798815 1236582.5625000000
53431027.3960710019 1240985.4882812500
52892094.4442455992 1229671.2685546875
54544331.7122449726 1257964.3515625000
51298885.1848855913 1144141.2841796875
51852025.4967983887 1183079.4218750000
51545227.2008182481 1164007.5302734375
52108881.8024123386 1195605.1523437500
54936769.0889569521 1260721.3984375000
55046040.7293296009 1260793.2714843750
50726675.9953021929 1040602.0786132812
52916814.8532888889 1230930.8857421875
53303784.3250085637 1239935.4257812500
51352437.7935005352 1149069.2021484375
51532850.3455011100 1162601.4082031250
51895301.7327745557 1186955.0400390625
53345759.8651897088 1239967.4990234375
52487466.8452942073 1214302.9902343750
54083637.1008656621 1253263.7832031250
51945326.5262513980 1189189.3691406250
51612354.2554647177 1166260.9804687500
51061885.2621288747 1114095.4667968750
51216890.5211320221 1131946.7646484375
53697895.8170807809 1245326.8818359375
51310450.5606608912 1145376.0703125000
50816355.2824541554 1059655.4814453125
51770212.8833191693 1178486.8046875000
51262998.5171055272 1143400.0039062500
52162442.8546995223 1198573.9042968750
51607283.6693028212 1166116.2871093750
54575262.1146606803 1258215.9667968750
50742881.2879270688 1042407.0590820312
52014935.1127308980 1191854.4199218750
53974677.8948383182 1251060.0058593750
55191009.2752033621 1262789.2539062500
57144351.4244059101 1272890.0488281250
50683237.9852441326 984589.6181640625
53182863.8353791833 1236856.4306640625
53138166.6725592837 1236509.0224609375
52879593.9913343415 1228355.2314453125
51555194.5434252396 1165210.9179687500
53404800.9368853271 1240733.9589843750
52049154.8816751838 1192894.0576171875
53472238.3111570254 1241778.5537109375
50756284.2793201059 1048487.9648437500
53214918.8577029556 1237272.8564453125
50748927.8118042871 1047315.0932617188
55930818.9394632652 1266844.0664062500
51672924.6488464102 1169126.5263671875
57395743.7462766618 1274408.1699218750
50735313.8559067547 1041466.2280273438
51522277.8610924482 1162499.9414062500
54348040.7447972521 1256002.0605468750
51932394.5397572741 1189079.1611328125
52941429.4395373166 1231237.3417968750
51250100.1366334781 1140838.0683593750
55502673.1874800101 1264579.5019531250
53506925.6085260585 1243603.2294921875
50678166.3867402673 981863.3847656250
55319036.9055947810 1263252.6796875000
56514367.7386753634 1267217.0156250000
53021530.1395714954 1233755.1972656250
55124920.0953854099 1262202.6171875000
52986203.5012963936 1233381.5019531250
53738466.5616813451 1247122.6689453125
53897049.2407881245 1250330.4687500000
55173758.9602976665 1262240.1738281250
50844501.3974974230 1064742.4384765625
53445834.0884063691 1241077.6123046875
53698497.8684863150 1245725.0302734375
56990799.5264547467 1272264.8242187500
56538909.8981787935 1268410.8330078125
51889866.2909762487 1186732.1503906250
56903222.3115176260 1271214.7617187500
50688859.3600278944 994121.9912109375
53516131.0877309591 1243664.1923828125
53816116.7398437709 1249072.5156250000
51225195.5188077912 1133127.5205078125
51296225.3113265112 1144033.7968750000
52010853.6233464852 1191672.7070312500
53941176.8877354190 1250460.9277343750
50683512.5814294443 988073.4877929688
51322092.9036819488 1146953.1591796875
53692859.0425542593 1244680.4833984375
53802453.9706458598 1247688.3896484375
53932153.8825262561 1250369.8144531250
51193503.5055714175 1130921.7255859375
52013311.6794846356 1191704.1064453125
53491363.6836646050 1241899.9697265625
54023709.9324741960 1252530.9921875000
51647646.9881846234 1167689.4589843750
56722859.7971851528 1270746.7031250000
51746714.3892091960 1175930.1503906250
53797198.9931258708 1247677.3505859375
50690374.2407116219 997024.6601562500
50817637.7884023637 1060954.0864257812
54035033.2851658612 1252579.5175781250
56297008.5364037380 1266934.7031250000
52008571.8644796610 1191340.3300781250
54790486.0514208898 1259754.5058593750
53706096.2486560643 1246338.1103515625
53622373.6303997412 1244399.8388671875
54794686.0434578285 1259792.0625000000
52328659.9335407913 1200073.0781250000
51183940.6759085879 1130818.1259765625
51995639.8779855371 1191230.1220703125
52222831.3932389840 1199938.1279296875
56576536.8005571589 1270000.2597656250
51345921.6606896147 1147214.5380859375
51587267.1899072528 1166043.0341796875
54206298.0331534520 1253641.1933593750
54309271.5865793750 1255812.1777343750
51116669.5158593133 1121838.7402343750
52189823.0746444613 1198713.6738281250
51088973.7701326609 1114178.7714843750
51992442.5673944429 1190711.7314453125
50773342.1545253620 1050858.4995117188
51233183.5172162652 1138171.6376953125
51227732.7815132439 1134271.1875000000
54249344.4181879088 1255079.3867187500
56427245.0904690623 1266949.9003906250
51705475.8186252862 1173968.4160156250
51732294.7756329030 1173970.2148437500
50808012.2346258014 1058883.1274414062
52485009.1219599769 1208428.3466796875
51249455.7099293023 1138481.3466796875
51631843.5695420578 1166988.5087890625
51227151.9347387180 1133534.3857421875
51659088.9688452408 1168761.1152343750
50758182.5128829777 1048502.6840820312
52420629.4056492671 1205947.7382812500
51744430.8054717109 1174088.0166015625
51701548.8115441799 1173808.8808593750
51349566.0540361628 1147366.2910156250
51618083.6992006600 1166474.9570312500
51685746.7090033069 1171554.5869140625
52432638.5351207033 1206895.2031250000
52453308.3077365607 1208033.8496093750
51297359.6604269296 1144065.3652343750
51221797.7185150832 1132418.1542968750
51630831.9097806811 1166589.0888671875
51692157.0641428232 1172051.4794921875
51653597.9802210182 1167961.8740234375
51573580.2279337421 1165424.8945312500
51612334.7744220421 1166206.8916015625
51635654.7587258071 1167390.0244140625
51658570.4908657894 1168639.4218750000
