198237225.3770987391 464863.9487304688
194135779.1162856519 430962.0812377930
194128847.2384382188 430600.4773712158
197960728.5883609056 462811.0968017578
198284503.7642173469 465815.3054199219
200904538.2008604407 472486.3059082031
201103580.0699068606 473320.4589843750
200769079.8449584544 471544.5625000000
184720103.4311162829 215778.0049078101
187046891.7882559001 330935.9146849811
187159987.0105763376 334630.1039206684
194146753.0486229062 434577.3383483887
194993493.2446782589 442271.3586425781
200918589.1268305480 472544.4482421875
184675753.1748402417 212559.0520631904
184645700.4955096245 211667.3398334617
184773013.6687870026 218695.6711635757
186768568.5441062450 320452.0197764933
185099492.0204445124 238073.1417284468
185067857.1501692832 236156.7579894895
188676529.7301280200 365030.0801331401
201970632.5960356593 473866.1708984375
184725857.5632596016 218206.3095358778
187522049.3703918755 343593.2910731584
187523493.7839300334 344296.7244822681
188713503.2631583810 365503.5369202495
196199362.5654852390 452597.6409912109
198161069.9573279023 464120.5767211914
188679411.1144251525 365408.6456003785
189037340.6369920373 369420.3068524599
188631345.5956051648 364922.0857483745
184712897.1637798548 214183.4559757346
187311814.0420959890 340682.2575633228
201643254.8203344047 473850.8374023438
187317602.2341070771 340775.7086913288
198935369.7889395356 466768.6965332031
188868361.6387439072 367706.2090351135
205410343.7467346787 477054.3923339844
206465825.7856093645 477672.3791503906
188546725.1690019369 362538.8292847872
195882931.0324620605 451266.9488525391
206115128.3392582536 477595.6020507812
187357660.2044745684 341040.7593391687
188628168.4350369871 363822.5973865539
188382932.2259143293 360215.3953489810
195815462.0096721053 450162.1972961426
198054897.9299084246 463466.6635131836
198950228.9285545945 467288.1831054688
188891042.4347431660 367851.9164868891
188563495.3566153646 363729.3480579406
201584077.9423432648 473323.2216796875
184828811.5189656913 222046.5734677771
188457731.3727523685 361741.2587863952
184636400.3250095844 199546.7722490290
188227669.1491166949 355134.0165295154
205175111.4248883724 476509.8188476562
198490923.7685528994 466072.6721191406
185026513.7702433169 235830.6860105544
185046568.2225984633 235949.6184223443
200742399.9568395615 471503.6328125000
195869359.6490599811 451198.5302734375
196236145.8981980383 453644.9575195312
198566602.5569360256 466501.9333496094
188998603.3497396708 368686.3965491802
194301983.2856096029 435348.7259368896
195819554.7919367552 450850.5371093750
186707386.7098818719 319238.3697926104
194559288.6299999952 438031.1986694336
195253611.4810825884 445299.1632080078
200413851.0909593999 469612.7012939453
196225990.1381774843 452784.7658691406
200817721.8346946537 471856.5107421875
187095184.0515550971 334009.2813470066
189260404.1238878965 371147.9357947856
194447294.1305384040 437874.5440368652
195916472.5402696133 451782.9682617188
205871307.0478468537 477444.2451171875
189326564.2134982944 373231.5250093490
184906454.0754061043 228093.1178648025
186611254.9279311299 314720.2756434977
188926063.0505429506 368443.8263587505
200985977.9735984504 473052.8171386719
184790662.5302557647 219199.0832162360
184693509.6045071185 213687.2601701850
194593715.8391991258 438839.9073333740
200987447.5498971343 473069.4841308594
184922671.4494135380 228481.3605765030
186618940.6248334348 316041.8448821604
196231805.0515940785 452830.6240844727
205341414.2019836903 477002.8879394531
186664376.3015717566 316299.3041621745
188037431.2428298891 353960.8641857654
188299027.5052358806 357996.4626781344
188363102.2410492301 358690.8504611999
194786298.7179428935 441104.8536987305
196339266.1101430357 453867.6066284180
184753974.0816633999 218212.5729690054
196448096.5421198010 454385.4616088867
196043792.8927663863 452203.4924316406
195856906.1480440795 450953.4594726562
186524346.8954697251 311304.7700486779
186711982.3476674557 319267.4384471476
187267119.4118022919 338471.8688362390
196563769.1774849892 454486.8551635742
184770709.7378644049 218241.9250407675
189101265.4283834398 369858.6466860324
195143521.0208753645 444505.2534179688
194961858.6725567281 442175.0469970703
185017197.2103096843 235767.3908706829
194740189.6662140191 440953.1437377930
195984264.7753377259 451940.6352539062
187064346.7683611810 333447.0587584674
194572451.8046636581 438084.8553924561
187210404.7124504149 337741.9929930866
189144560.0877942741 370348.8362199664
185063292.3211952448 236019.6006528884
188510422.9805573523 361945.4594699889
194804367.0287535489 441878.6444702148
194936009.1084069908 442057.6784057617
184996995.5364017487 232627.4291797131
184946588.3500334620 232234.4516922161
187245086.9524828494 338313.7103889734
200697119.7111964524 471350.5534667969
184935175.7406585515 231708.3749753982
188744192.5301682949 365862.3561358005
194625639.6243787706 438902.1901092529
195672756.5929172933 449173.8926696777
204960606.1072012186 476117.3488769531
195530129.8791733384 447906.5940551758
200628396.2511782348 471343.6010742188
188818049.2772428393 366239.4798904806
188480215.2959028482 361868.0682919919
200504890.4013311267 471293.5876464844
186916870.7267853618 327454.4988448322
205313601.3586480319 476707.0432128906
204994079.1740950942 476200.9409179688
189657008.6138606668 374508.3979016095
188273477.5076014400 357735.2872814685
188141621.0733280480 355101.4858898669
188228494.5693433583 357632.2936291248
188019917.5900956392 353509.9825939685
189598073.3758091331 374440.2280905992
195270968.5280314386 445526.9876708984
195115554.3427335918 443975.5109252930
189533431.4119708836 373909.2021341473
205739061.7902394533 477284.3034667969
189816613.5962777734 376164.9114106447
189919421.8658236265 377353.6545632631
188009564.5007976890 352938.8632702380
189453901.9049352705 373875.0291500688
189398447.2932921946 373376.7935860902
189441587.6435235739 373770.7753124982
186650039.0808059275 316244.3828670084
204948014.8167331815 476029.8164062500
184887119.8473939896 227142.0663268426
195725574.7062445879 449954.4773864746
187353992.9078176022 341002.6765754968
197588552.1111584604 459651.9478149414
187994733.0343527198 351288.2831059098
187902881.8270123899 350873.2608701736
184855181.3192129135 223494.7985384697
184844839.8672865033 223031.4012524942
186679229.2171764672 319234.0340205729
201600166.3203853071 473348.0004882812
195215460.0643016696 444638.4415893555
194588053.6235154569 438103.6561889648
196193214.2774828076 452568.0764465332
186731157.2308176458 319741.8757869303
191109564.9026118517 393068.2295012772
204897537.1776378453 474186.4965209961
205498346.1036401391 477152.7583007812
187750848.6948007941 348377.2495960742
194833132.0222690105 441951.1019897461
186968147.1012495160 328223.9681441486
186896840.9633636475 326914.3625580966
187440042.6108443141 341774.2148063928
187277148.4740120173 338747.7290886194
190953690.7677567899 392263.9170302153
187563216.5362954736 344562.6738514453
205263450.7176840007 476610.1911621094
195015583.3993646502 443682.0461425781
186856145.4359912276 324379.5845881999
187819048.3422178626 348834.6708988696
187563817.0175999999 344603.2895741016
195710354.5073522925 449821.4406738281
190818827.1303479373 389999.9512435347
184802262.9665383995 219356.1416318277
184807542.2625338733 219378.4350110525
185345289.1118538082 250353.8651253358
196180952.3153313398 452318.6071777344
190938734.2921600640 391428.5552359968
187664891.9810608923 346049.8073474765
205792316.2520201802 477353.5666503906
187045570.6860536039 330859.1639449298
185345857.9494115114 250714.4185568467
185371907.1987076998 253927.1083071381
195721387.6075916886 449853.5923461914
190708896.0121575594 389532.9764396101
190661650.5412674248 388821.1536950022
205702173.6444343925 477196.9199218750
190615657.5362798274 386817.6332277209
187489602.4824016988 342743.4215666950
186742861.0168783963 319973.2688914835
190203126.6949865520 380284.3569342643
197710229.6760464013 460601.0025787354
186788458.9057473540 323356.3450557292
195404167.9788735509 447290.2151489258
185369411.9299781621 251567.8342252150
185515468.4191519916 257459.7617425919
186746095.9985332489 320083.8368045390
190415739.8208648264 384901.7976609021
187877828.4310914278 350004.6167432815
185404328.3578421175 254053.4460274354
185290522.1173379123 249805.1298951358
186798619.5879087448 323635.0285159647
187630655.0497896969 345639.7355176955
190476746.2568830550 385810.9837850928
195392202.1204245389 447143.5479431152
190230954.7186031342 380773.6572234184
195602619.0777977705 448661.1853942871
197629258.3219034970 460098.6344604492
190497471.9348039925 386351.3968590647
190298393.0759418607 383939.4030605257
185302737.2905380130 249978.4302189499
187648967.6240256131 345664.6747266799
190556587.0497043133 386493.3607092798
186980308.4834945798 330087.3155562580
190478947.6736934185 385861.9355930686
185490503.1394372284 254305.2404177338
185289719.0449115038 249782.7458016053
185257462.5428368747 245620.6274890229
195693470.2574713528 449683.1487731934
187423827.1571444273 341544.8091053516
190346150.4240293801 384698.5295226127
186764808.1568008661 320319.6248862445
186771309.6577595770 321200.1763388813
186734380.2032895684 319780.5667620599
187047299.8018704653 331349.2316939533
187136007.8755978644 334382.2497908771
197752984.2308579087 461049.7051391602
185117539.5585439503 239915.0076242536
185169563.3590354919 241465.6941859052
198010402.4386740625 463109.8901977539
190236375.8213462234 382568.0818806440
185117177.3688948750 238827.3169532269
197181126.5903199613 456032.8657073975
185280216.3411242068 247033.8556370065
186894240.6089329720 326047.0637786090
190113418.7702054083 379625.1460533887
197425990.2932171226 459584.0574188232
197365089.7899976373 457889.5025482178
189934629.7565023601 377557.2753580362
200463251.7571118772 470471.1740722656
197275684.8389875889 457847.9803924561
197798794.8956815898 461838.2773284912
185186669.4084485471 242815.9349400327
185218694.5769778192 245588.0052210614
185280154.4238262177 246823.1162735745
185209894.7959842682 243399.6748415753
190134617.4832367301 379924.5271113068
190051546.2738537788 378876.4232979268
200271119.2327507138 469533.3527832031
186667657.9431253374 316318.3566001803
190059007.3211313486 379060.7574997693
185202011.2315515280 243277.0266079232
190111137.6662442982 379312.0934525281
197904588.4247438014 462218.7882995605
198001945.8355654776 462814.1765136719
185198452.1268498003 243066.4597689435
185177426.4593932331 242693.1894289777
197892729.8327342570 462158.5539245605
189947794.6252419949 377574.6648585945
200095047.5897853374 469091.1364746094
200204678.2624171078 469248.3940429688
199979077.2506856620 468253.0878906250
197048165.8030039370 455460.2740936279
196950348.7110547125 454637.2606658936
197240822.7479159832 456038.8498382568
196972280.8083445132 455313.6547088623
186210816.1434813738 260585.6944898227
186399615.6494155824 264918.0629468262
186327885.2898420393 264753.5300050080
186309055.7988620996 264684.5084610134
186281315.7380609512 264517.9471020997
186180763.4641507566 260554.5212598145
186211819.8684160113 261042.6728406250
199976244.9015138745 467470.5974121094
186265171.4832728207 261959.5876241028
194128783.8849036694 420139.3605480194
194082672.7267717421 415313.6314029694
193959240.1774506271 414426.3201904893
194017381.8863699734 414995.8934860826
194093036.9133086503 415480.8593063951
194095966.4108241498 416263.8119583726
194123674.4315803945 417343.4094620347
