185843891.8486988544 467730.8625952713
188022574.6100915670 583157.2972252071
201568117.3728443682 875684.8896484375
204955409.2895880044 896364.0434570312
204722037.5400872529 895199.9624023438
205078956.8133653700 896427.2451171875
213540684.2744795978 903871.3706054688
184910479.4636122286 359669.6128640845
185572605.7155770659 447812.8876276724
185769046.7724325955 460695.3850587718
185637965.6453043520 455770.8880728930
188428145.7237570882 599401.8416893184
193865016.7740848660 745767.5019219220
199584567.5909368098 848879.0625000000
203676074.5543234050 889924.3613281250
213796967.3421284258 903874.0649414062
184993753.6904932559 368339.3769614324
184794160.6992851198 348281.4819058701
185569674.8820315599 447369.5933256857
185797466.2812288404 464192.1107035391
185631829.5699649155 452212.6661283486
188207251.8975262344 590084.6149854660
188103348.8279350996 587896.7872993648
188179708.5938497186 589680.6681587398
188328947.3824271560 596290.8822967708
199751332.0528303385 851237.0891113281
202077321.8003213704 879116.3159179688
188234523.7508958578 590951.0640327632
184762255.9946397543 341725.0888528153
185704593.7180375755 459872.6387810223
188114771.5063554347 588995.1676704586
189502184.5125412047 630531.4516227841
189877707.4797688425 637421.8458691239
189321183.9883350432 627505.6114128232
191513817.5626662076 691999.0232727826
189765699.6197431982 636392.2020653507
189681418.0464091599 635033.1421769261
191913408.6904076040 702729.7646057904
185707870.6525758803 460376.6552935354
191593709.6853133738 696111.8679993451
191483499.6145410538 689892.8100159466
194183695.8826153278 748447.3239662945
193295564.0992905498 734231.3397972882
199085890.2845216691 841315.5097656250
199697513.3117050529 849119.0882568359
199321331.3861122429 842288.4522705078
201501875.7277310789 875665.5039062500
205606655.7267617881 896912.4516601562
213091880.2009563446 903839.8227539062
184750616.2490265965 334672.5827236697
184724231.3942599297 334669.4576254413
184942490.2059471905 361821.0298192520
185800797.4592579007 464609.1823791713
186076238.1177820265 471431.4106611721
189212612.4922636449 623628.3905876279
192984018.8140600026 728158.9347071946
193135957.0621747971 731497.5488798320
193482134.1284378171 738867.8583252728
201422034.8690613508 874588.6287841797
204062073.5818887353 891548.4975585938
204732099.5856611133 895368.8891601562
204700379.3417502642 894765.3544921875
211111866.0332583487 902848.2397460938
185661743.8263665140 459411.5889292471
185522148.5175875127 443863.1051083319
188285543.5913289487 596106.0086738765
192012784.2354902625 704274.7715637982
199347794.5339061916 846033.1463623047
199460182.5880687535 848232.5428466797
202587032.2296859026 883976.5566406250
189332733.4316571653 629296.8409355283
199451802.2049778104 846252.3149414062
200363425.9030242264 859411.1673583984
205417840.4415284097 896769.0141601562
205213792.2958680987 896645.3300781250
211106033.1861590445 902844.3432617188
212459070.8890338242 903743.8725585938
184770067.1880748272 345325.2202454824
184768143.9221545160 343206.1837041397
185569485.2370875776 444445.3706694357
200535325.3288089335 862560.3918457031
193954474.3209238052 748082.2971947491
199810830.8745788336 853955.7463378906
211217862.3484691381 903112.9350585938
211118948.0249711871 903081.6455078125
192492539.1071091294 717293.1182473004
189431615.5100298822 629687.2423637509
200419366.7902907729 862209.4173583984
184776688.9052301347 347386.4300878067
184938772.9980669618 360519.8096654434
184814762.5365236700 354063.4790380020
192475319.4758575261 713776.0569474995
192326250.4678484797 713077.2327492535
192751215.2971552312 721908.8696205914
193784306.3949851394 743938.5339968503
199627939.8568992913 848983.0458984375
202463637.3679470420 882469.9658203125
204069898.2321792841 892953.9604492188
204947987.0517141819 896248.2036132812
188488776.4554720223 603208.2790939510
192131536.6450453997 706669.7032498121
192711108.3101923764 721172.8795101419
200116588.6267369688 856112.7712402344
199919594.1432772577 855688.6887207031
200473240.0631860197 862487.8084716797
192580390.3182390630 720274.4859230816
201849446.1408749819 876408.0178222656
193746652.5713887215 742061.3582156003
194804980.1353871226 761543.8214333355
200932602.8183450401 867866.2252197266
212084101.6906135976 903486.5815429688
185584011.0998480618 451664.6470366232
184938948.9321047962 361128.6502130721
185540890.8454058468 443872.0038852207
188532657.8120554984 604589.5210373104
194338302.3447756171 753678.9393151104
194964240.9191426635 761937.7050621808
200879959.3024290502 867402.7116699219
204466588.8874678612 894475.8129882812
188500792.6462020576 604231.2695457637
188539542.3748076856 604813.2022659481
189159466.8659809530 622176.1985710263
194720563.4191508293 755421.2908776104
202488935.2736950219 882771.8793945312
201881870.5646128654 878817.6357421875
204285594.1768632829 894264.8613281250
200643075.5643192828 864769.1474609375
194750052.3472909629 755451.6321862042
194751379.0661654472 755793.7917931378
200156007.8526481092 858333.5531005859
188874210.9745856225 613344.6187675595
194385099.5753828287 755335.2869713604
194275383.3063024282 751223.6680443585
211636296.4486448765 903324.8486328125
185520847.6348292232 437888.4383255057
188727681.8623542488 610706.4158204198
191352687.3194478452 687510.2949156761
193919785.8255829215 746263.9516136944
211690404.3649522066 903372.6645507812
185489686.6808154583 437344.2215788774
189014723.5762720406 620579.4270866513
200838245.6458927095 865955.7598876953
192050937.9440743923 705518.1668336391
201044593.6369837224 869061.2613525391
201245088.8906984925 872107.1248779297
209806623.4208657146 901635.0708007812
188796104.8253213167 612853.5142565072
189105004.4831833541 621081.8118155301
200831885.3155407608 865324.7027587891
201792331.3719684482 876366.9099121094
193046136.6151662171 729685.0407631695
188781388.1539148390 612750.8538561165
192962963.9838450849 724461.3520663083
188912629.1844976842 614798.6504770592
209960434.7560261488 901728.4072265625
209740512.0218809247 900983.9477539062
211696404.8662437499 903403.0229492188
192920328.9677344859 723617.9771789610
200932779.7075620294 868846.6866455078
201394471.7070588768 872328.7508544922
193422754.1018394232 737320.6373904049
201480922.4802449644 874812.2440185547
191510388.8454018235 690017.6010015011
201052034.5635483861 869179.3160400391
202242198.1222926676 881982.9780273438
211378873.8479094505 903241.7470703125
191468586.3411028385 689348.4634521008
191695002.1993841529 697771.0376775265
202156255.4007663131 881771.5239257812
212315236.8743963540 903584.9033203125
191386874.1201373935 687697.9613072872
202144115.1844301522 881277.3750000000
211627275.6401085854 903295.7226562500
201146891.2383044958 869888.4146728516
192946316.2730461955 724351.2370760739
210204634.0596106350 901741.0146484375
212987512.0970762074 903784.0502929688
192684211.6880714297 720989.0994637311
204065573.3020257056 892616.9301757812
210210396.6792362928 901952.1206054688
186224327.6331280172 474132.1102466136
186256781.7724556029 477281.9277688712
203875818.2122786343 891158.0390625000
204666399.4333939254 894735.5278320312
211792883.0278798640 903469.5795898438
186496237.6770096421 482602.5818396360
186201075.7109573781 473883.2770754844
204177860.9053283036 893169.8564453125
203835435.9137818217 890978.7900390625
185085694.6546601355 369009.8958847821
191437556.5693509579 688920.8828771114
203633681.9526409209 887450.9118652344
193390417.3276859820 735109.8341133893
192816077.3745213449 722523.1484291852
192937587.6393618286 724189.3332131207
191779285.5870903730 698371.3407933712
191656969.2403376102 696374.1047120094
193356596.0991626680 734438.1846993268
185236805.7642147839 394400.4211134911
185127372.5871523321 369323.4390680343
185178348.3423902988 386090.0014967918
192667172.7679502666 720398.1745140851
212449954.0762939453 903621.0126953125
185274322.0830711722 399690.5696883202
212119753.2813706398 903558.7197265625
185479537.4093131721 424601.6476956159
202846716.6719541550 884331.1030273438
185298159.2952099144 399876.7281569690
185312833.8763276637 400058.2749152184
185186204.8651376963 386550.5756641906
185205045.5876016319 392191.2028517723
191802578.4131635427 698900.5401223004
191884397.1632567644 700162.7110207379
203409285.2087772489 886079.3051757812
185178071.4444786012 371201.2555175517
192096827.7341242433 706184.9248879254
185464000.4177333415 417539.5466137677
202981621.7879888415 884823.2050781250
210838782.6959652603 902459.2001953125
192920360.5723358393 724051.7720736563
203220517.4076257944 885808.5288085938
202960932.3910046220 884742.5219726562
210949465.9158893824 902547.9960937500
191936239.2090091705 703448.9571144879
202842253.6724759638 884077.9228515625
185403216.3225332499 409624.0607476681
192296429.1687442660 710697.3563380539
191966157.4710437059 703922.3256984055
185449068.4070389569 416231.5120416135
185368328.1605091989 407701.4776567072
185324317.8036066890 400241.6978336126
185337778.9187753201 401159.5387927741
210786539.2853147686 902175.2280273438
197344589.5928710699 794650.4380187988
191256151.8049546778 671601.0398353764
196888342.9897123575 789850.9686279297
191151328.1176455915 670235.7139534184
191350681.3368301392 672489.4717315861
191131241.0210788548 670116.2427910024
196845330.6968892217 788828.9527587891
196804639.5455676317 788825.1363525391
196753500.6911021471 788241.1507568359
190689747.8195820749 657934.8774473444
191320659.1336290538 671886.5701393315
196995188.5798766017 793566.1225585938
196583734.5418116748 786664.8087158203
191015761.4208422899 667000.7630676457
191175606.1359370053 670944.2372078130
191076291.3191320598 667192.8505377003
190948160.9203061163 664464.2492263967
190840180.1490996182 663186.6864265630
190573620.4121218622 655742.3757726923
190465636.6913756430 649784.2571012750
190263361.7657809258 641456.2703926340
190303709.6918509305 647610.2380773798
196570646.6407080889 786526.8199462891
196714215.0366204083 787846.1035766602
190242636.7192852199 639744.1375956312
196244682.1871985495 779775.0621948242
190222002.8839692473 639683.8042864576
196156841.9263025522 773067.9657592773
195702559.1765663922 764789.7961273193
196230333.7862281501 774795.1103820801
195852917.6791106164 766712.6907958984
196205851.4664424956 774172.2282104492
196025792.9524069726 772855.6334228516
210694448.1057180166 902107.5532226562
195822593.2137878835 764800.4994354248
209478916.1319087446 900184.3330078125
209649130.0922004879 900532.5507812500
209420670.1320477426 899623.5419921875
208744091.0633793771 897472.6118164062
208849102.1886292994 898192.2470703125
209216116.2501955032 899009.2514648438
197649717.0384192169 797825.8673706055
209178991.2501055598 898853.9013671875
187819711.6727137566 502130.7492989004
197600307.6323949993 796366.1002197266
209082228.2630581260 898564.1225585938
187909285.4007643759 507793.8349824846
187596704.5042861998 490802.9839123189
187844930.6072601974 506238.1262799203
187666428.3825263083 499247.0749767721
187741861.7537006140 501632.3622189462
187724152.4552583992 501227.3253537118
198955095.3231530190 818756.9322509766
198856761.2195260823 815000.6546630859
198859692.2186626196 816924.7347412109
187614998.3043289483 493681.9804783762
187585458.5097981989 489643.7451954782
187555385.0424839556 487750.2498637140
198692265.5878574848 812496.8806152344
198527151.3579172492 809803.9020996094
198203007.8826840818 803249.6991577148
198401826.1655752063 805535.1577453613
198479778.6859716773 809681.3987426758
198198016.4913223088 803156.1322631836
197989559.7519444823 799602.9665832520
198043152.9310989380 799860.0193176270
197973686.8584866524 799059.7308654785
