204335248.1585594416 902173.9106445312
204503555.2220826745 902311.3354492188
186476063.2412120402 532151.6114985347
186561319.3894549906 536574.8042234778
186171827.4633677900 524367.8853670955
186121685.4678970873 522002.6093661189
186234410.7648682594 528806.3700246215
186207343.6943731308 526205.3565101027
186105680.9377647936 520100.5156466365
190578987.1255370080 677039.3004788563
191240361.6433824301 690490.3133459091
194541043.1549476087 770398.7916049957
201394986.4259397686 879513.1052246094
201406480.8008122444 880395.5948486328
201472788.5894139707 885565.4753417969
204024839.0861654580 901784.5478515625
214076140.4234038591 905667.7773437500
191327986.1506585181 695055.3340978622
191257305.5140398443 691227.9366369247
195199268.5800216496 783018.3943672180
190868076.1811001897 682035.3115026162
190968843.8458204567 688992.5850744247
195082356.7449090779 781801.5483283997
190492313.2535798848 674456.6150079474
190634206.5994305909 681281.5284825966
195080034.5270738304 780149.5876010661
194753236.2362491190 775595.2005500793
186103380.9169667363 518033.8262850642
187271046.2641758323 569067.1762406528
201471209.4155175388 880916.1887817383
203898912.4477273226 900736.5810546875
184291328.1132922173 313942.0456971973
190396576.6182480156 674175.6005948142
200230802.4330127537 866283.9226074219
204059477.4015496969 902075.5678710938
184290057.1544092000 313719.5272888988
184267731.7055341303 313542.4868898243
190253537.2524180710 668887.3990506337
194999063.2061700523 778239.0234947205
202545594.3838342428 894721.1704101562
202868644.6915234327 896687.4287109375
214616313.6079662144 905843.2363281250
190158016.2573211193 668094.4254788563
201648230.0871993601 886866.2795410156
201785250.8397824764 889447.4433593750
203548033.7435277104 900136.4243164062
204202296.2294168472 902101.9892578125
190570962.4545744956 675359.8731106922
187468398.2669420242 579132.3365189731
190287538.7233841121 673031.9771145985
201910588.3818447590 891120.0703125000
203978305.2647704780 900775.5195312500
211675132.3059430122 905533.7641601562
184358659.8502310216 340133.5925877523
186362813.3348054886 528959.2492775321
194750872.1364492476 775205.8314094543
199598411.0344122946 856491.8135986328
202746129.2628679276 896601.6728515625
214417376.2437981665 905830.9770507812
184446148.0134325922 348928.5541553497
186164692.6247577965 522017.5689608455
204399144.0764616728 902252.0839843750
189932500.4752393067 660261.7399086759
194503975.1343306601 769156.1797428131
199847386.9568357766 861686.4698486328
203055444.2703898251 898305.1674804688
205223555.8507919312 902614.5566406250
184381175.6690186858 346345.3479898572
184412457.4978148043 348673.3381989775
184484398.8976918161 356314.2626545858
201601760.9944587946 886394.9031982422
202985947.4023556709 898278.3745117188
211307727.5476172566 905406.8183593750
194087395.1084205806 755227.8218154907
202211680.3571671247 893539.7705078125
184365252.9204500616 340595.0063755941
185900100.5740401745 500061.8468517661
201546008.5780363679 886382.8153076172
201885113.1677063406 890258.0117187500
202127832.9588163197 892361.2373046875
204866398.9097669125 902531.8115234375
190135834.3926745951 666583.6410317228
195061728.3372117579 778438.3358068466
189903912.7929606736 657138.6063408658
199250893.3887085021 852148.3510742188
210895464.5780426860 904737.9379882812
214373727.3573780358 905740.3320312500
184450872.6997785866 353737.1364809591
184455095.9781107605 355570.9742893428
186002952.6350515187 512417.2657970786
195422674.1951429844 785520.1285314560
210698371.0740020871 903778.4160156250
189808393.8734817803 656468.6586363122
202000133.2954785824 892245.5083007812
204341599.0129117966 902233.3012695312
186004431.6526099741 512576.9239982963
189909931.0773552358 658692.5579399869
195307412.9417247176 784474.5004653931
201747332.2326975167 887410.2519531250
200349978.8720268905 868183.9885253906
203464294.7285040617 899498.7949218750
204649012.3059403300 902432.0429687500
185989703.0676398277 512319.2550548911
185472853.9892562926 468466.5936875641
186061716.6128889024 515675.4066662192
190012993.7815131843 664568.1092095182
185900261.6139225066 501895.1746938527
186060782.4182990789 515620.5028576255
204448062.6492936611 902271.7993164062
211260799.2259868383 905392.7236328125
187969561.6143036187 590546.5139243156
202586713.7696834803 895852.6147460938
202611554.1942968369 895969.9360351562
199962183.8249779940 864580.3077392578
211000025.7526496947 905174.5654296875
187421763.4422711432 574543.6186234653
194904955.1799305379 776554.7664566040
195829019.2175779045 791247.8444738388
195354996.4279839694 785365.0821447372
187111861.4996680319 561827.3907817304
187265246.4895471632 568648.7707866132
187189416.8778212368 568483.4315532148
185926546.3000356257 507949.8088573813
185962069.3970145285 509444.5719322562
203092970.9209435284 898442.0576171875
203790882.9931396544 900144.0332031250
185916102.1565769613 507603.9694103599
194743335.1739152372 771234.6476821899
203209028.3998380899 898463.7382812500
184339445.8753964305 333813.6231798362
187850438.7247635126 588024.5420623720
187850877.2166289687 589339.2003113925
192688832.9164575040 723145.8683662415
195548346.8423482478 786809.4843673706
189994160.5297485590 662357.1319106221
187780942.0185783505 587783.0497971177
202882132.1502556503 897101.6259765625
187543544.4094214439 582515.0069918334
184307377.5759809315 332655.4289753865
184316899.6597229838 333513.1678346824
201336653.0900164545 879376.1572265625
192491883.4799858630 719431.9792366028
187736697.3313813806 587100.0996469557
187358396.6529534459 574220.8981644809
187995133.5784657896 594564.7568868101
199519675.9349290431 856310.1575927734
188091701.0422381163 595480.0532256067
184329434.5571639240 333650.4120426755
189625245.4716886580 648853.2586055994
196170925.7082779706 794750.0097846985
196363106.3527505100 796789.6378364563
196523945.3358317912 798988.2281684875
199199107.2339309156 851191.1285400391
187290392.9614072740 572189.6272268891
196311256.8506391943 796222.1676216125
196604176.1041265428 800608.0700874329
184315777.5486306250 332955.4918253999
195857094.4257886112 793923.6251411438
194132805.7737073600 756538.2676162720
211557609.2904227674 905423.6484375000
185596941.3953932822 481261.8911278546
199955371.5498059094 864530.8980712891
185755001.7694734335 495433.8050587475
185796195.6204929054 498846.6874298453
185536104.9603639841 474670.2114330828
185710484.6698707640 492874.1247494519
187305780.0962715149 572260.1679769456
189603796.1758986413 647964.9760842323
185563832.8148104250 480456.3251488507
201034570.9954129159 877582.3405761719
200728631.8920820057 873225.3117675781
201038484.3999122083 877757.0935058594
185677679.4314686358 488994.0038067400
187489109.5092849433 579713.6951437593
185515084.9156756997 473555.2127893269
195856669.2615030110 792833.5651779175
201014022.9244616926 877267.1752929688
184393925.1171117723 347904.3803156000
185497690.2436915636 473009.9861753285
194135366.0244248211 759013.7136192322
193952270.0843503177 754868.0889053345
200540859.6547385752 871557.9289550781
192919135.9974395335 729938.9661669731
189876623.6389006674 656665.6657814980
185756916.9229255021 496113.9056305289
200087895.8285652101 866002.3793945312
195749590.3628887832 791210.2867345810
185740973.0965775847 495242.9429104626
200270665.8076857030 867353.6784667969
214221698.0020547211 905692.1396484375
213934339.4753498137 905616.3964843750
192547686.2139891088 722732.9241218567
192828836.5067259967 729298.4630928040
193141430.9247191846 735908.2610664368
192734354.6051608026 724962.2746772766
210988632.5056076348 904917.1352539062
184540197.9545790255 362618.9794534445
185668121.3432838917 487737.1535046399
185652548.7356156707 487603.8014538586
189746277.9201907218 654598.8459572792
200391970.9500490725 870784.1218261719
200424252.9593060911 870996.6866455078
189460452.3263481259 643075.8156838417
189680373.4083363712 650300.1211037636
194950755.2662560046 777260.0477066040
189650837.7452737987 649897.6616311073
213958402.2244745195 905647.8300781250
213818383.6912528574 905591.2163085938
193640092.2941576540 744101.5870985985
189652328.5526123345 649922.7089943886
192182245.0284709334 710808.3723630309
184537784.9625045359 360879.9814817607
194348187.2825151384 762931.7610855103
192160006.1761097312 709509.5041913390
194372953.5762991011 763161.2083511353
184526354.0554767847 359685.7693798542
213546526.1281480789 905559.8886718750
210817098.8681364357 904586.8481445312
192007710.7337029576 705534.5070412457
185589979.6794764400 480697.8538643420
191773977.4681908786 700175.1110028625
187161505.6847210824 562852.4573260248
187092907.4688342214 559625.6653338373
194200485.3859628141 761042.8624820709
201240965.7990252078 878388.0207519531
210535551.4184795916 903729.5102539062
192239400.9737204909 711956.8699576259
210773982.9200468957 904499.6386718750
187092891.3964841664 559590.7439471185
191510511.7076047361 695290.1933164001
191898187.1260728240 703442.3453778625
193603933.4008556604 743794.6001949310
187074267.2925132215 556363.3262835443
191661819.5578716993 697845.7907351851
193754686.5786181092 749385.4376163483
186958777.6763114631 552040.3853072524
186637742.0567716658 537624.3971041739
186819569.2942785025 545444.3229068816
200310922.4762429297 867911.9171142578
187065094.9122061431 554976.5029572248
193462972.7754922509 743616.7680606842
194491944.8236680925 766498.1857229182
189362556.4496940970 635132.3273110390
186717243.0743687451 540188.5430697501
186956491.5930422544 548486.8030261099
186769015.1714443862 541338.7423957586
186722888.3452350199 540434.4520515203
189322829.3507583737 631586.4558002409
189284157.8081074953 631331.9151921272
189113140.3759389520 627127.0450749397
199048154.3404508531 846658.5687255859
193823374.7656155527 750089.4277630756
189012599.1102533937 623956.1082768440
193369237.1023051441 740576.5200541019
198821449.4062213004 838277.0059814453
188913511.6290039420 618431.5043644905
198972801.3554036319 842864.9947509766
188789377.4094822705 615741.9168400764
199487591.6796453297 854589.9876708984
189260766.1339056194 630954.7729465291
199111362.9886327684 846786.9041442871
198749882.7193481624 836797.0149841309
188985570.6229088604 623134.1618657112
199153418.2272208035 848689.4216308594
188735862.8796381652 614324.4698796272
193386251.0944076180 741247.5330310836
194100285.6109166145 756341.9822307602
199189141.4341401160 849230.9167480469
193776224.5870577693 749566.9515911117
192321502.7727714479 713959.8581588045
185069938.0666888058 368551.4155266974
188328947.3824271560 596290.8822967708
188285543.5913289487 596106.0086738765
188488776.4554720223 603208.2790939510
192131536.6450453997 706669.7032498121
188532657.8120554984 604589.5210373104
188500792.6462020576 604231.2695457637
188539542.3748076856 604813.2022659481
185085694.6546601355 369009.8958847821
185236805.7642147839 394400.4211134911
185127372.5871523321 369323.4390680343
185178348.3423902988 386090.0014967918
185274322.0830711722 399690.5696883202
185298159.2952099144 399876.7281569690
185312833.8763276637 400058.2749152184
185186204.8651376963 386550.5756641906
185205045.5876016319 392191.2028517723
185178071.4444786012 371201.2555175517
192096827.7341242433 706184.9248879254
185464000.4177333415 417539.5466137677
185403216.3225332499 409624.0607476681
185449068.4070389569 416231.5120416135
185368328.1605091989 407701.4776567072
185324317.8036066890 400241.6978336126
185337778.9187753201 401159.5387927741
198527151.3579172492 809803.9020996094
198203007.8826840818 803249.6991577148
198401826.1655752063 805535.1577453613
198479778.6859716773 809681.3987426758
198198016.4913223088 803156.1322631836
