282179294.5441970229 894697.9495105743
282270104.7051480412 932843.6128940582
321385572.7800944448 2308699.6149902344
365920182.8773932457 2849820.0932617188
364943851.5752936602 2846859.2915039062
480719558.4887334704 3209174.1210937500
480121585.6385817528 3203896.7363281250
480478128.9901369810 3208663.4599609375
480283840.4494385719 3207242.1972656250
282609135.4938072562 1002575.7234621048
282707041.8581882119 1017366.9364175797
282951852.4370295405 1018522.2728815079
282552188.8618345857 1002465.3084878922
282182663.6324192882 898453.7669544220
282454432.1989226937 979416.7153472900
320947184.3607261777 2304679.3312988281
282546793.9592326283 994110.1456451416
282432171.9030761123 978648.9426422119
282283754.7163004279 933030.2678012848
282304424.3732270598 937478.5192127228
284151157.1984261274 1167688.0923538208
285539698.7104626894 1252268.3029747009
320437643.7495239973 2295979.3039550781
364750628.4024553299 2844839.3344726562
363536278.3997744322 2832317.2934570312
481341007.6530171633 3210512.4423828125
320431830.5735306740 2290877.5612792969
320049080.4529253244 2287963.2673339844
285775098.8293681145 1263581.4290466309
294411156.7968524694 1638836.2715148926
319666599.0173552632 2278256.8532714844
365295161.4093712568 2848812.6611328125
320533129.8381422162 2296161.5947265625
363839628.5614289045 2832546.1899414062
364386434.3419272900 2840234.0581054688
282457141.9924365878 979645.7321166992
283580678.2900466919 1128323.6727867126
284088331.9590201378 1164735.8328876495
284212995.1778521538 1173079.0396747589
294907997.5939825773 1662770.3120422363
364125909.6508181095 2834044.7651367188
282428446.9953067899 972112.8819808960
284289034.6928209066 1176862.8295783997
285913557.5102384090 1268687.4509048462
285659180.8502727151 1260238.5931091309
282189562.4042806625 901151.6458568573
282242628.3986104131 926475.0721416473
282198854.7422323823 917731.2701206207
299099087.1813530326 1819083.3864440918
320834943.5557744503 2297609.6784667969
284140688.4981107116 1165830.8949928284
285466497.0840545893 1250962.9972381592
298716574.7258463502 1806521.5859069824
363084754.8662555218 2822224.7041015625
363327749.5841449499 2824748.1396484375
362231437.8197455406 2815103.7812500000
362828870.8050326109 2818467.0644531250
363502524.6152346134 2830000.5043945312
285543957.3602194786 1252388.6069908142
362214167.9359756708 2811312.4985351562
361936117.4654930830 2810136.3183593750
286595042.1484717727 1268931.4898529053
285479862.5564061999 1252189.7550506592
362598412.9203555584 2817235.0024414062
283956606.2167484760 1153529.8785724640
285283363.1633035541 1234822.0507888794
285389302.2089003921 1235981.2088699341
319875340.2583627701 2279511.9650878906
285229212.2872299552 1234674.8469314575
283693095.3070556521 1138406.9595203400
285095475.5533745289 1226081.6281738281
319830668.4182859659 2279229.8454589844
362595846.4780126810 2815494.7202148438
283448489.7027407885 1115264.4525337219
299420464.3492528796 1827132.5830383301
320818354.4117732048 2296358.5954589844
319539842.7040989995 2265908.6953125000
319641035.3541749716 2272231.5710449219
283632678.8134097457 1133906.4843006134
363454845.3010070324 2825142.2045898438
363492858.4365196228 2825447.0893554688
284015034.2887834907 1153611.3582344055
283810760.9650426507 1144338.4029960632
298874632.1478614211 1812670.5202026367
298240765.8268386722 1790037.2770080566
282369752.4981096983 955333.0445785522
298488615.2721948028 1798173.1256408691
297880797.2743517160 1774617.2077941895
282322990.5884596109 940978.7173080444
283404359.4443863630 1109845.7325630188
283442907.9315077066 1114261.0125923157
283429145.9337234497 1114100.6224555969
283395577.6015458703 1106389.0426750183
284861669.2140681744 1208070.6759262085
319143218.0557460785 2248228.0385742188
319507557.2168702483 2260177.3654785156
284678027.5640590787 1192629.5656967163
282348912.0581186414 944883.6663436890
283288901.4871271253 1087952.6519126892
298366608.9390292764 1791637.0865783691
282351500.6118378043 945548.9690933228
297881871.3667472601 1776602.1487884521
298111384.4979016781 1784409.6360168457
294436489.0390599966 1643352.3871917725
294514753.1560006142 1646236.5302581787
294835398.4729763269 1658958.2544097900
294481803.0032857656 1644225.7382659912
297963436.2076154947 1776783.5793762207
294739520.9775317907 1654337.2436981201
295256987.0150167942 1668586.3713684082
283337879.9953116775 1098279.8799400330
294657951.4912209511 1651443.9590301514
294237729.8601613045 1632643.6661682129
288172335.8461214304 1361849.7719459534
288527840.4168140888 1372227.4263954163
288316241.3332331181 1364058.8522071838
288325499.9383495450 1364602.2970008850
288862501.6711050272 1372303.4969825745
288444039.7354224920 1369528.9579200745
294508130.6173097491 1644739.1238708496
289025647.6913316250 1373688.6592445374
288061890.3769993782 1356963.1844825745
294282824.5649250746 1635415.5670471191
479658241.6257276535 3196627.1933593750
297355974.3456832767 1746100.6526641846
296810659.6659222245 1719955.9721221924
297096623.4794327021 1738347.2323760986
282956338.0654955506 1032830.2094516754
294398927.2889730930 1635869.4284973145
319468015.8275786638 2251497.4223632812
297223181.3650763631 1739687.6215515137
296576476.6113120317 1719320.4101257324
297007695.3308858871 1729609.7555084229
296532204.7180132866 1717497.6879272461
296523617.4967401624 1711976.1695556641
296491578.1728670597 1705255.9432373047
318694694.8233733177 2217728.6235351562
295988325.1715045571 1689269.9620361328
296204046.4083690643 1701158.8365478516
295747378.1957470775 1685538.8259582520
283241036.8282818198 1065790.3642921448
283168157.6349498630 1052980.3356056213
283225578.6134814620 1053330.9172039032
296158129.2082407475 1689821.5498046875
295769274.7477965951 1686226.3721008301
295462555.7082329392 1676572.2386169434
283140466.4647777081 1044718.4123115540
283120035.2370217443 1041890.5782508850
283105630.3896211386 1040434.8464775085
287560227.5881000757 1324752.3970680237
318966983.4121868610 2228695.6035156250
287648487.2589538097 1325547.0327796936
318735944.0578942299 2228631.8193359375
287729554.8180733919 1330965.8820533752
287776044.7836513519 1334285.9102783203
287439458.6208252311 1318091.4557838440
287409279.2528700233 1315843.2483863831
287392651.0464426279 1314144.6396217346
287107704.9820381999 1299792.7798805237
287069869.1559780836 1288240.5837821960
478357042.3501269221 3179273.9326171875
293880829.0647918582 1609702.4154968262
293763105.1848003864 1598722.6690673828
293807142.8623128533 1600890.3651733398
477596390.0789473653 3169640.2304687500
293289097.2526780963 1577068.9523391724
293547293.4962952137 1592815.0155639648
293324668.3089916110 1582481.2536087036
293045085.7675524354 1567225.5747756958
292944886.5552771091 1556906.3084182739
292749559.5418024063 1548609.8491897583
292969768.1546604633 1564175.4939651489
292646788.8764655590 1542810.2437210083
292711766.2231114507 1546791.7124710083
292068703.9640780687 1521490.9011917114
291784161.8825814724 1505011.3369560242
318610461.7285512090 2210359.5837402344
476743589.3412757516 3162337.7265625000
291752323.0588797927 1500340.8877372742
291721900.2188960910 1490844.3686599731
477103376.6263610721 3165119.5019531250
291631681.7777462006 1488370.4258766174
318438773.9951716065 2203565.2121582031
477063538.6248673797 3163960.2099609375
475943152.7185777426 3159048.6884765625
361809474.4726334214 2733168.5688476562
291166623.2861837149 1466380.8457069397
290714974.9847003222 1440755.8879432678
290937546.1266620159 1456191.4848670959
291137998.6552005410 1456198.1967811584
317930416.7645120621 2183064.0844726562
317692404.5648800135 2166794.5722656250
317684240.3408997655 2161332.8107910156
316800737.7090236545 2140558.7280273438
317332194.8638145328 2150817.0820312500
290627893.6414228678 1433315.6539955139
290471293.6671434641 1428504.9155311584
317337397.9169842601 2154299.7275390625
317041311.0070186257 2141461.4162597656
361564424.0005150437 2718891.6977539062
361505963.4391250610 2716761.7841796875
361622453.0914602280 2719622.8886718750
290424690.9485093355 1423439.3031311035
290166055.5697391033 1408032.6097450256
361151232.7037035823 2708758.7182617188
317175836.2237326503 2143537.4716796875
317326679.2566226125 2146657.4306640625
316548248.9273372293 2128619.6069335938
474883502.1487984657 3144774.5341796875
474512540.0967584252 3143715.5810546875
290376028.2028916478 1419762.1577796936
289955096.2704125643 1403906.1134796143
289975976.0498329997 1406150.5508460999
289736720.0936518908 1394635.1811714172
289916084.1150894165 1395247.3774147034
289568387.2627027631 1385336.0276679993
473727837.9864990711 3135951.7436523438
474309285.9285901785 3136569.8056640625
473389274.9845237136 3135008.6787109375
316352180.7286074162 2094685.1918945312
360575743.1173350215 2668891.2861328125
315649347.4323136806 2079998.7399902344
315595156.5127316117 2078838.7805175781
360356606.0528039932 2664816.2246093750
316261785.2440165877 2084860.0476074219
315689621.4497694969 2080030.0144042969
316305569.8740164638 2087420.6381835938
316107341.5564859509 2084186.6838378906
315122817.5539353490 2053607.9177246094
315455701.6768623590 2065054.0024414062
360108197.2868487239 2659211.8520507812
315188251.0392912626 2054069.3505859375
315043854.2665827870 2048144.7529296875
360006033.8052651882 2656170.4575195312
359989001.3719917536 2656096.3818359375
359811922.3539070487 2652286.6728515625
360031685.1136321425 2657276.9584960938
358617379.4698123932 2633919.2412109375
359251168.5264165401 2643236.5029296875
359360626.1428073645 2647652.4863281250
314833498.8277864456 2040691.4757080078
314715400.1277645230 2037602.4266357422
314622011.2750490308 2030326.1324462891
314251216.6715937257 2024657.9588623047
314049573.6362988353 2016759.0308837891
313594086.4226221442 2005039.6302490234
313723874.9925459623 2007632.0485839844
313482310.9925047159 2004419.4769287109
313114086.4779747128 1996045.9876708984
312947957.8981634974 1991722.0695800781
312577400.1867666841 1973440.1840820312
312363069.9543691278 1963960.5642089844
312571114.2256376147 1970427.0329589844
311993598.3874507546 1960462.4301757812
311669127.7175244689 1936672.6845703125
311303373.4520292878 1927107.8519287109
311478645.0334218740 1930583.1102294922
310967116.4977508783 1920926.7386474609
358552350.4870792031 2554558.5859375000
357685648.7084468603 2518717.3083496094
357060674.8556311727 2503573.9116210938
357005525.3774664402 2496966.2626953125
357030326.4581823945 2498774.0795898438
311576664.2108336091 1932294.2437744141
355132950.0463510752 2472200.5932617188
355072890.2078919411 2470167.8364257812
354501083.1436384320 2460630.6684570312
354937807.6340939403 2469976.9545898438
354549560.8309088349 2461691.2915039062
309046578.4359766245 1849257.6146240234
309760559.2446863055 1873093.8873291016
309303099.2518600821 1860131.2622070312
310054013.6759856343 1886389.7221679688
309873388.0388386846 1881398.0737304688
309675895.0300201178 1870607.1025390625
310242528.3011302352 1891256.1718750000
310296347.9786089659 1893459.5726318359
310472473.6886030436 1904308.4912109375
310590538.6186312437 1912191.9442138672
354472037.5850424170 2454772.3193359375
354225632.9408413768 2448440.5058593750
353496607.9325455427 2436662.4355468750
353132527.8112320304 2428835.1684570312
345367634.7308126688 2322947.9689941406
345082915.4400497079 2321654.6420898438
344087998.4882324338 2319741.8522949219
345723303.6916755438 2335888.4228515625
345629190.5618295074 2325393.0476074219
346296484.0424970388 2352795.1484375000
346015275.8504184484 2340289.6000976562
346231526.6683556437 2344635.5571289062
349522299.6070286632 2377569.1635742188
348967453.1058909893 2376788.3344726562
349985979.1195852160 2385413.5078125000
349907990.1904994249 2384738.0795898438
350397905.7318818569 2395672.5229492188
351200490.2014541626 2398151.7089843750
351204533.6334764957 2398323.0390625000
351411719.9376953244 2404438.5454101562
473382920.3982770443 2866866.8432617188
