281993859.7110003829 904735.2231035233
289448866.4368348122 1466803.1602516174
288987056.2070324421 1462561.1063423157
303388110.6976058483 1986536.1397094727
314028336.1800411940 2249251.2462768555
360319688.8894088268 2856891.7983398438
287692026.0597129464 1405916.2413330078
288763825.7946715951 1453230.1219062805
303827393.1109692454 1997523.9905395508
288906702.7900555730 1454719.3360328674
289490193.2372390628 1469225.1589469910
282070046.3179857731 919834.4352617264
288730044.1860103607 1452643.6580543518
303063968.0351513624 1974906.0817260742
282021200.3933711648 919628.9168291092
281993164.7397270203 904538.8336648941
315095432.3722429872 2257282.8671875000
358091196.1056680679 2836876.2988281250
359566976.4579958916 2853875.5068359375
481243884.3016641736 3229302.4648437500
281937325.4223962426 886892.7580423355
303530485.1046108603 1994143.8706665039
282154056.4579062462 945324.0045089722
287505140.6581458449 1394220.7866439819
288649374.8288996816 1444715.5374107361
303982600.2735871077 1999891.8616333008
288361340.3802530169 1436906.5076293945
315507923.8597668409 2258887.0324707031
358745012.5146611929 2848186.9365234375
286901194.3655936122 1365203.0264587402
358989976.1060173512 2849151.3745117188
358689138.3698599339 2846277.7485351562
358591874.7155694962 2845907.2954101562
359728621.7725372314 2854977.4086914062
358551247.8736730814 2840048.3208007812
314715097.0752457380 2255772.5860595703
314641318.1134565473 2251168.2269287109
313836891.6363442540 2242962.8768310547
287964367.7003051639 1413330.2011718750
288239243.5012611151 1425343.9937095642
313513715.2818070650 2236091.4169921875
358420782.2717961073 2839696.6298828125
285380172.5811386108 1266800.2986297607
304553547.4649839997 2001005.0765686035
313407755.0921347141 2229326.7574462891
281945581.0109240413 894074.6161088943
283955788.6677005291 1173674.1126041412
287999401.6966722012 1421605.1391601562
303041810.3656677604 1974871.3486938477
284159268.8561803699 1187113.2671279907
313022723.4030774832 2222492.6577148438
304430139.3165770769 2000338.7101440430
303149966.7635021210 1984781.7119750977
283571289.7873102427 1141747.0028133392
282176173.9769689441 947852.5951461792
287826450.5945947170 1411316.5614166260
283792059.6238468289 1160302.8383731842
282232506.3111254573 962001.5481758118
312591467.4118443131 2209707.1445312500
287989008.7543253303 1414603.0791625977
312982372.3896995187 2220675.7241210938
313207699.8287016153 2223599.9287109375
312626494.8593876362 2214873.8540039062
313240462.0514766574 2227745.2838134766
287758325.9962899089 1410162.8012695312
312857572.7108588219 2220212.7880859375
302511957.9291045070 1956854.4081420898
302851322.3316218257 1969683.9429321289
312730691.7001274824 2217312.6994628906
284382854.4445080757 1201268.6451931000
282635319.9012297392 1022331.3567733765
284447412.4778566957 1202701.2782192230
312409414.6908342838 2209586.9248046875
480442413.2094008327 3229243.6660156250
287282000.4030562639 1382487.6454162598
283495426.1010395885 1134314.5509090424
312602754.0782802105 2210577.0405273438
286899927.8131687045 1354558.8280372620
287041065.6186091900 1370638.5772399902
312216215.1213328838 2204796.4360351562
282503150.2793269157 1006157.5996494293
286557288.2142782807 1335448.8236351013
282096637.5335007906 928091.0621385574
282130365.9212772846 939967.3390550613
282491487.3874945045 995934.4597520828
302700024.6644101739 1961394.7312927246
286688795.3945778012 1349497.4386215210
286727389.1339920163 1351874.2734565735
282528778.8922021389 1007321.7207412720
285200535.7880705595 1257678.2481155396
285257106.1828392148 1263842.9025344849
286591945.6725436449 1344855.7328147888
283434673.5013646483 1123347.5743236542
286431700.6596624255 1332520.8491554260
310517361.1073052287 2157820.7817382812
282396748.8056709766 989517.5564956665
302191610.7005900145 1948099.5810241699
311200994.2981508970 2169984.0033569336
310403624.1141175628 2153710.7109375000
285468220.1407216191 1273409.7684936523
282116847.2408238649 937715.8564376831
286339095.7778094411 1331068.7447776794
286536470.0665974021 1333035.7697105408
302172367.3331517577 1945586.6249694824
283395497.7131897807 1119478.6764202118
310342409.2476167083 2150408.9101562500
283351141.9728708267 1114159.4189739227
283373089.1609701514 1116961.8198528290
310398514.5405232310 2153002.5595703125
310379053.4665394425 2150678.4506835938
286140649.1116685867 1317797.1083335876
310200368.8120817542 2148453.7807617188
282083884.5770260692 926487.7135667801
286105333.8924707770 1315888.4713249207
310038924.9398889542 2140366.1982421875
282360222.2507007718 982365.7810554504
283349893.6489531398 1113890.2894573212
283341408.8309758306 1111580.7243747711
309997804.9453468919 2140199.9548339844
309969990.8740807772 2138857.2502441406
309953048.3308732510 2137229.5673828125
282378473.0935707688 985983.0048599243
286046906.0626224279 1304877.3627700806
302127863.3213939071 1943470.1015319824
285838795.9483748674 1299591.6679458618
302048314.9724609852 1941155.8280944824
285577895.1269605160 1281878.2705383301
301849761.0023314953 1933587.8903198242
295374451.4140283465 1703488.2056274414
283337855.2286902070 1103478.1892433167
284102026.9625167847 1179333.5929908752
307666155.5576379895 2075102.3013610840
308021061.1615579724 2087664.0186462402
307957436.9018594027 2079725.6132507324
307731283.0675783157 2076305.3877868652
307559365.5381685495 2072945.2568054199
307678803.3354107738 2075581.0307312012
307248123.2342523336 2065235.4291687012
307803104.9335303307 2078773.0879821777
307449162.3021992445 2071520.2631530762
282310213.8057571054 971058.1443672180
285779068.6380270123 1290527.4739074707
285757178.9992700219 1284247.5033454895
307296491.1664970517 2067091.0497741699
295705041.4477850795 1718220.0894165039
295775460.4650978446 1719199.3673706055
295856178.7272139788 1723569.5554809570
295810743.4080526829 1721796.7720031738
296004608.3537513018 1728273.3249816895
306804802.8215393424 2051607.6095886230
307161467.1709784865 2061595.0645141602
296307540.6132608652 1730866.4172821045
307008357.2956027985 2055023.0531921387
295551057.3932293653 1713968.2232055664
282340611.5905603170 974656.1283149719
478013237.0811983347 3214771.5039062500
294797952.1803331375 1676801.3222961426
479021941.0678137541 3219539.9414062500
478454813.5225946307 3219059.7246093750
284818840.0110768676 1232349.6340484619
282827047.2152180672 1031122.0596780777
362122996.1429444551 2858600.4199218750
305269022.6036825180 2018173.3208007812
305033801.0043288469 2008372.5783691406
294966965.0631557107 1684197.5058898926
304770003.3091484904 2002672.7116699219
294868111.2277210951 1682876.1965637207
294752501.9215441942 1674525.0908508301
362668927.1043395996 2859507.6899414062
285062763.6405628920 1249131.3448219299
294704434.5713294148 1674173.9778137207
284904559.5534319282 1241479.2412261963
284715799.8740480542 1223246.6754302979
305012624.9941105843 2003691.6190185547
284756872.5642883778 1229042.4896392822
284664404.3091641068 1212407.0294952393
284740787.5278952718 1228319.7911529541
478297032.7960917950 3215501.6347656250
478214486.6619113684 3215096.2617187500
294641640.6515553594 1669869.2714233398
294615280.2467198372 1668660.8829956055
363591309.9694032669 2862841.6049804688
294595420.5616940260 1668409.5851440430
363226051.2815897465 2859920.9531250000
283257992.7962056994 1098142.4763984680
294579899.3754714131 1667109.1066284180
320769842.3617303371 2319900.0732421875
364216140.2901263237 2866591.9140625000
363502974.5907515287 2861045.5117187500
322015282.6495766044 2335040.7492675781
363850718.2279309034 2863463.3710937500
364821003.3258117437 2870215.7729492188
320250811.7343427539 2310005.9995117188
321331734.3240859509 2330041.7529296875
320806772.7935369015 2321501.0742187500
364356122.4591488838 2867959.7480468750
363826164.2345806360 2862986.8305664062
320426581.6575887203 2311834.4072265625
364101128.6719968319 2864921.2685546875
301044465.3522412181 1898014.3160705566
320036341.4533622265 2297117.9604492188
301207773.6309851408 1904377.0845031738
320050747.4552188516 2302524.5954589844
301453741.1901776195 1913691.1655578613
301426753.0291703939 1910864.8337707520
283315244.5370704532 1098360.6060066223
301031809.1725015044 1896847.7419738770
301344630.1336478591 1908177.0544738770
319972560.6287572384 2295901.8454589844
300997075.7635493875 1896023.6374816895
300880985.5871765018 1892867.8464660645
294360980.4139245749 1646455.7935180664
319663614.2658629417 2289111.0322265625
283239358.3172451854 1094813.0697517395
300236915.5272089243 1868572.6000366211
294479059.7451613545 1647663.6810913086
300827425.2596305013 1886853.2428588867
319481056.8705208302 2284598.2700195312
282918364.0547820330 1034660.0987710953
300802086.0947148800 1885361.2409362793
300783869.0855946541 1883248.5951538086
300461509.2947716117 1876674.1237182617
300124437.5480700135 1862361.1979370117
300360632.6529675126 1869333.6010437012
300057329.7865055799 1860077.1281127930
299946254.4242661595 1853969.6851196289
299906974.5745050311 1849742.8488464355
299801511.2309124470 1847601.8591003418
299627805.3907163143 1841969.6720886230
299099087.1813530326 1819083.3864440918
298716574.7258463502 1806521.5859069824
298874632.1478614211 1812670.5202026367
298240765.8268386722 1790037.2770080566
298488615.2721948028 1798173.1256408691
297880797.2743517160 1774617.2077941895
298366608.9390292764 1791637.0865783691
297881871.3667472601 1776602.1487884521
298111384.4979016781 1784409.6360168457
297963436.2076154947 1776783.5793762207
294237729.8601613045 1632643.6661682129
294282824.5649250746 1635415.5670471191
297355974.3456832767 1746100.6526641846
297096623.4794327021 1738347.2323760986
297223181.3650763631 1739687.6215515137
283168157.6349498630 1052980.3356056213
283140466.4647777081 1044718.4123115540
283120035.2370217443 1041890.5782508850
283105630.3896211386 1040434.8464775085
293880829.0647918582 1609702.4154968262
293763105.1848003864 1598722.6690673828
293807142.8623128533 1600890.3651733398
477596390.0789473653 3169640.2304687500
293289097.2526780963 1577068.9523391724
293547293.4962952137 1592815.0155639648
293324668.3089916110 1582481.2536087036
293045085.7675524354 1567225.5747756958
292944886.5552771091 1556906.3084182739
292749559.5418024063 1548609.8491897583
292969768.1546604633 1564175.4939651489
292646788.8764655590 1542810.2437210083
292711766.2231114507 1546791.7124710083
292068703.9640780687 1521490.9011917114
291784161.8825814724 1505011.3369560242
476743589.3412757516 3162337.7265625000
291752323.0588797927 1500340.8877372742
291721900.2188960910 1490844.3686599731
477103376.6263610721 3165119.5019531250
291631681.7777462006 1488370.4258766174
477063538.6248673797 3163960.2099609375
475943152.7185777426 3159048.6884765625
474883502.1487984657 3144774.5341796875
474512540.0967584252 3143715.5810546875
473727837.9864990711 3135951.7436523438
474309285.9285901785 3136569.8056640625
473389274.9845237136 3135008.6787109375
357685648.7084468603 2518717.3083496094
357060674.8556311727 2503573.9116210938
357005525.3774664402 2496966.2626953125
357030326.4581823945 2498774.0795898438
355132950.0463510752 2472200.5932617188
355072890.2078919411 2470167.8364257812
354501083.1436384320 2460630.6684570312
354937807.6340939403 2469976.9545898438
354549560.8309088349 2461691.2915039062
354472037.5850424170 2454772.3193359375
354225632.9408413768 2448440.5058593750
353496607.9325455427 2436662.4355468750
353132527.8112320304 2428835.1684570312
345723303.6916755438 2335888.4228515625
346296484.0424970388 2352795.1484375000
346015275.8504184484 2340289.6000976562
346231526.6683556437 2344635.5571289062
349522299.6070286632 2377569.1635742188
348967453.1058909893 2376788.3344726562
349985979.1195852160 2385413.5078125000
349907990.1904994249 2384738.0795898438
350397905.7318818569 2395672.5229492188
351200490.2014541626 2398151.7089843750
351204533.6334764957 2398323.0390625000
351411719.9376953244 2404438.5454101562
