281940066.0476120114 910151.9270629883
315682987.5910949707 2307586.5915527344
359185206.9151615500 2920322.5263671875
304048923.6309179068 2031675.1507568359
358862920.9210675359 2907819.6083984375
474456178.5019528270 3245727.2675781250
360642606.1112744212 2930883.6201171875
292622747.8305279613 1632015.4944305420
359585817.8575930595 2924389.2080078125
281811088.3982506394 857306.1118268967
284798063.5570703745 1251458.9381732941
361295778.5839588642 2936654.4770507812
360297359.1673157215 2929016.4848632812
282010308.7543894053 924949.1445498466
474143918.1114209294 3244263.3388671875
289007771.5394583941 1482502.4647979736
360821717.1410931945 2931070.8017578125
288837342.3675223589 1477057.9166412354
289075972.9311175346 1487284.6720581055
361002502.2698131204 2934276.9086914062
360949357.5883986950 2932800.2836914062
475531239.5993087888 3245993.5869140625
282503714.7844637632 1034170.0946731567
281871367.8373779058 896144.1646575928
304138063.7216167450 2040814.5302734375
282854484.1633463502 1063084.0080270767
361239181.3432996273 2934660.8715820312
316394770.1031613946 2320514.1601562500
316132565.5804793239 2320046.7641601562
474334091.1036289930 3244592.5429687500
292046818.4240133166 1622767.5370330811
473996129.6533117890 3243410.8115234375
473765180.9465106726 3242275.0644531250
281842378.8961192369 879179.9191741943
282959124.6213436127 1065275.8365459442
291968529.9151062965 1616460.1755371094
304555636.5303909779 2050665.2623291016
285014074.7713375092 1262034.9175128937
284717982.6198270917 1241885.8934650421
315718459.4106965065 2315816.3425292969
316210526.9351859689 2320139.2153320312
473851026.3473035693 3242601.1025390625
473539951.1058160663 3239677.8486328125
281851641.5888726115 885216.3160858154
282271517.7222818136 992049.2457761765
282261562.7491652966 990345.9969348907
282320976.6222649217 1000096.8308544159
282664008.4357640743 1049107.8738718033
282242174.5888783932 986967.6763782501
304124002.1165976524 2037311.7329101562
292922386.1317090392 1632910.3583831787
284875580.7936982512 1253697.4318790436
284991328.0707787275 1260367.6499099731
288686072.3780956268 1467431.4150238037
291859186.3210515976 1615782.1389160156
303726156.1251953840 2024370.7449951172
284729601.0401192904 1245613.5643634796
291542811.4213080406 1599655.1592254639
291281295.3038486242 1586463.6912689209
291620590.6349917054 1600786.4208221436
291749594.3396965265 1608192.8164520264
281888204.1713528633 899216.0709867477
291757697.8222986460 1608462.3287506104
281812763.4717110991 867568.3324079514
291517492.1032282710 1599008.0086517334
284641221.6592472196 1230403.8037891388
288643264.3619182110 1466599.7239532471
283790857.8423720598 1166774.6994342804
282286385.7948125601 995871.0179996490
291491269.7996196747 1592028.7456207275
291669307.8081190586 1601369.1775970459
288820307.8160822392 1475052.0345230103
281805252.2826459408 851296.3134870529
283911647.7960873842 1174681.9169635773
284457625.6839243770 1220356.6481571198
362052375.3843482733 2938716.3354492188
361939855.8610113859 2936679.0151367188
282285292.2670207024 995630.9363307953
288217600.9842712283 1443493.0581741333
284421140.2918157578 1215334.1625614166
362162178.7856300473 2938825.5649414062
362415162.0206152797 2939548.5654296875
282280424.8740956783 994058.2847042084
288301680.8320651650 1443637.2749481201
315095894.0367518663 2303047.4887695312
281843253.5829761624 881068.4874105453
314874974.8301920891 2299060.0249023438
304898697.4105503559 2056998.0595092773
288419108.6478890777 1449079.6230239868
288186141.2262696624 1441475.9112014771
288282535.5275381207 1443598.3397445679
282047468.5603551269 930153.8425920010
288460556.4434692860 1450772.9916763306
285600773.3698388934 1292995.2747993469
288455543.8243205547 1449880.8359146118
285492606.0512986779 1282516.9067459106
304890010.0214218497 2056366.5662841797
282498890.3581514955 1028290.4059257507
304909459.6796523333 2058478.9751586914
304635300.6920339465 2051640.4716796875
291405011.8986614943 1591591.7392730713
291227639.0422100425 1577591.0216064453
303943792.7226588130 2030790.8148193359
288373028.9880675077 1445843.1829910278
314403493.5914310813 2280842.7009277344
284293208.1030737758 1208466.6288700104
288110153.3999473453 1436094.5964126587
314173153.0444526076 2273246.0079345703
283580228.8562196493 1147588.6385555267
285366874.5164207816 1279297.8354568481
287819263.1991317272 1419447.5778160095
282352035.3701785803 1006997.5490741730
314383384.9459497333 2280352.2515869141
287899081.0133013725 1420266.2145195007
314308928.2801306844 2279507.2603759766
291032599.1585201621 1564715.1739196777
290885975.0958673954 1563062.6130371094
284234855.1574366093 1200357.6567020416
281982106.0096234679 918315.6322419643
358594933.8600926995 2884704.8984375000
290794410.0666122437 1558203.5365447998
290447055.3985511065 1543137.9488220215
281963247.1783960462 916084.7686173916
290113894.5758106112 1526197.0459136963
358318410.9709059596 2878258.1508789062
358648987.8253884315 2884983.0092773438
282106009.1275171638 943691.6784029007
358293347.1326266527 2877366.2465820312
306554621.7290374041 2068390.4215087891
288057857.4611697197 1428052.9781150818
305129715.5055904984 2059723.5739746094
305875005.2096810341 2067937.6799316406
282443141.8452441096 1018472.0148105621
282411301.6461791992 1013528.5975742340
305253142.3917941451 2060578.0145263672
282424764.7390718460 1016004.3393955231
306114819.3511902094 2068358.7290039062
305393115.5598287582 2066658.1147460938
288033453.9311864376 1426645.0332870483
358265000.3951177001 2874951.4804687500
305603287.0347366333 2067873.1435546875
287808537.2087734342 1418723.7496757507
358069154.8283692002 2873379.3198242188
357880492.1184746623 2867985.2426757812
357538338.7479190230 2867803.0747070312
289719430.2076480985 1504272.3603439331
282350400.3452648520 1005272.1687412262
287781897.0783147216 1417184.8352851868
287670936.6045210958 1406206.6917686462
356688432.8602364063 2855468.5195312500
357118239.1595789790 2862994.4653320312
289579044.7175182104 1488940.2716331482
357287130.4328513145 2863125.3540039062
356904064.3956232071 2855996.6254882812
356921949.9112873077 2858870.3330078125
357016694.2166150808 2860438.5668945312
284080878.4773930311 1186372.9758663177
356603955.1606572270 2854519.0249023438
287725117.0719590783 1413937.8448448181
357387696.9256469011 2864728.4008789062
357323792.2163606286 2863269.8852539062
283710298.6214887500 1159488.5666217804
289579242.1186544895 1495698.1173362732
303649707.5745502710 2005027.5411376953
283931367.3257232308 1176003.6814250946
283831405.5083131790 1170554.0634479523
303658440.3670041561 2006647.3636474609
303230387.4040012956 1988738.4041442871
287611184.5832640529 1404379.0482101440
282232972.5826265216 978654.5403995514
287392340.8925649524 1393293.8512611389
303455673.6586571932 1995977.0977172852
287652135.6438502669 1405364.9687385559
287710984.1321008205 1407213.6755294800
287493127.9003938437 1398880.3621139526
282166648.5901684165 956809.8250293732
303327676.1001884937 1989664.0086975098
313022723.4030774832 2222492.6577148438
303149966.7635021210 1984781.7119750977
312591467.4118443131 2209707.1445312500
312982372.3896995187 2220675.7241210938
313207699.8287016153 2223599.9287109375
312626494.8593876362 2214873.8540039062
313240462.0514766574 2227745.2838134766
312857572.7108588219 2220212.7880859375
312730691.7001274824 2217312.6994628906
312409414.6908342838 2209586.9248046875
312602754.0782802105 2210577.0405273438
286557288.2142782807 1335448.8236351013
286688795.3945778012 1349497.4386215210
286727389.1339920163 1351874.2734565735
286591945.6725436449 1344855.7328147888
286431700.6596624255 1332520.8491554260
310517361.1073052287 2157820.7817382812
311200994.2981508970 2169984.0033569336
310403624.1141175628 2153710.7109375000
286339095.7778094411 1331068.7447776794
286536470.0665974021 1333035.7697105408
302172367.3331517577 1945586.6249694824
283395497.7131897807 1119478.6764202118
310342409.2476167083 2150408.9101562500
283351141.9728708267 1114159.4189739227
283373089.1609701514 1116961.8198528290
310398514.5405232310 2153002.5595703125
310379053.4665394425 2150678.4506835938
286140649.1116685867 1317797.1083335876
310200368.8120817542 2148453.7807617188
286105333.8924707770 1315888.4713249207
310038924.9398889542 2140366.1982421875
283349893.6489531398 1113890.2894573212
283341408.8309758306 1111580.7243747711
309997804.9453468919 2140199.9548339844
309969990.8740807772 2138857.2502441406
309953048.3308732510 2137229.5673828125
286046906.0626224279 1304877.3627700806
302127863.3213939071 1943470.1015319824
285838795.9483748674 1299591.6679458618
302048314.9724609852 1941155.8280944824
301849761.0023314953 1933587.8903198242
283337855.2286902070 1103478.1892433167
307957436.9018594027 2079725.6132507324
307731283.0675783157 2076305.3877868652
307559365.5381685495 2072945.2568054199
307678803.3354107738 2075581.0307312012
307803104.9335303307 2078773.0879821777
307449162.3021992445 2071520.2631530762
295856178.7272139788 1723569.5554809570
295810743.4080526829 1721796.7720031738
296004608.3537513018 1728273.3249816895
296307540.6132608652 1730866.4172821045
295551057.3932293653 1713968.2232055664
294868111.2277210951 1682876.1965637207
294752501.9215441942 1674525.0908508301
294704434.5713294148 1674173.9778137207
294641640.6515553594 1669869.2714233398
294615280.2467198372 1668660.8829956055
294595420.5616940260 1668409.5851440430
283257992.7962056994 1098142.4763984680
294579899.3754714131 1667109.1066284180
322015282.6495766044 2335040.7492675781
321331734.3240859509 2330041.7529296875
320806772.7935369015 2321501.0742187500
301207773.6309851408 1904377.0845031738
301453741.1901776195 1913691.1655578613
301426753.0291703939 1910864.8337707520
283315244.5370704532 1098360.6060066223
301031809.1725015044 1896847.7419738770
301344630.1336478591 1908177.0544738770
300997075.7635493875 1896023.6374816895
300880985.5871765018 1892867.8464660645
294360980.4139245749 1646455.7935180664
283239358.3172451854 1094813.0697517395
294479059.7451613545 1647663.6810913086
300827425.2596305013 1886853.2428588867
300802086.0947148800 1885361.2409362793
300783869.0855946541 1883248.5951538086
300461509.2947716117 1876674.1237182617
300124437.5480700135 1862361.1979370117
300360632.6529675126 1869333.6010437012
300057329.7865055799 1860077.1281127930
299946254.4242661595 1853969.6851196289
299906974.5745050311 1849742.8488464355
299801511.2309124470 1847601.8591003418
299627805.3907163143 1841969.6720886230
299099087.1813530326 1819083.3864440918
298716574.7258463502 1806521.5859069824
298874632.1478614211 1812670.5202026367
298240765.8268386722 1790037.2770080566
298488615.2721948028 1798173.1256408691
297880797.2743517160 1774617.2077941895
298366608.9390292764 1791637.0865783691
297881871.3667472601 1776602.1487884521
298111384.4979016781 1784409.6360168457
297963436.2076154947 1776783.5793762207
294282824.5649250746 1635415.5670471191
297355974.3456832767 1746100.6526641846
297096623.4794327021 1738347.2323760986
297223181.3650763631 1739687.6215515137
473389274.9845237136 3135008.6787109375
355132950.0463510752 2472200.5932617188
355072890.2078919411 2470167.8364257812
354501083.1436384320 2460630.6684570312
354937807.6340939403 2469976.9545898438
354549560.8309088349 2461691.2915039062
354472037.5850424170 2454772.3193359375
354225632.9408413768 2448440.5058593750
353496607.9325455427 2436662.4355468750
353132527.8112320304 2428835.1684570312
345723303.6916755438 2335888.4228515625
346296484.0424970388 2352795.1484375000
346015275.8504184484 2340289.6000976562
346231526.6683556437 2344635.5571289062
349522299.6070286632 2377569.1635742188
348967453.1058909893 2376788.3344726562
349985979.1195852160 2385413.5078125000
349907990.1904994249 2384738.0795898438
350397905.7318818569 2395672.5229492188
351200490.2014541626 2398151.7089843750
351204533.6334764957 2398323.0390625000
351411719.9376953244 2404438.5454101562
