283872127.2612993121 1028245.4886245728
284435511.9925146103 1075086.6250362396
285002927.7116476297 1085934.2575054169
288796900.2051169276 1310684.3951873779
288391165.9732976556 1300256.5912322998
299763937.2377421260 1699463.5328369141
299700319.3792711496 1692366.4834594727
300214653.7361401320 1708044.0570678711
316136247.6066656113 2062325.8049316406
316557029.6314211488 2063899.2836914062
316089305.3595419526 2056779.1123046875
360192065.4564420581 2657643.6601562500
481231993.9258492589 3098432.5312500000
480259048.6234952211 3098062.8193359375
284208205.5213648081 1052005.9971446991
283917659.9348593354 1036065.7789134979
299883234.2769543529 1701524.9048461914
300001119.2651567459 1704209.8872680664
315958732.4430207610 2056243.9221191406
315533194.1939747930 2053368.2729492188
283758393.9491363168 1008749.7924785614
283715105.9162894487 990806.1412105560
283795199.5210511684 1019848.3157253265
283907007.5872788429 1034989.0571880341
284651476.4413962960 1085018.9582118988
299503676.7769560218 1691105.0222778320
315043854.2665827870 2048144.7529296875
315704695.6789108515 2054236.5855712891
360789602.2784245610 2664513.4663085938
360636402.0387452841 2661632.4580078125
479935212.0172366500 3091789.5014648438
479816012.0180653930 3090479.0166015625
479193359.6127006412 3084587.8310546875
479597936.8851337433 3087440.1035156250
478586352.2672817707 3078517.7978515625
315318880.3433917165 2049936.7823486328
360781965.5604227781 2661884.5268554688
361375002.2543627024 2664601.6420898438
360006033.8052651882 2656170.4575195312
283832462.3737703562 1027022.8790874481
283752803.1752216220 1005713.7824077606
283965596.1339341998 1037132.5611152649
284558624.1228423715 1078310.2842159271
359989001.3719917536 2656096.3818359375
359811922.3539070487 2652286.6728515625
478614315.6081165671 3083657.9472656250
284287312.3601915836 1064329.4727077484
284316093.4725888371 1068789.9953975677
284250235.9527059793 1060163.1953487396
288176320.1685443521 1284886.0440750122
360031685.1136321425 2657276.9584960938
358617379.4698123932 2633919.2412109375
284219401.8399394751 1059868.3855342865
284061842.3369201422 1049091.5061855316
284011250.9429132938 1041087.6538295746
359251168.5264165401 2643236.5029296875
359360626.1428073645 2647652.4863281250
288120814.1549872160 1281195.1560211182
299330224.2777571678 1684203.9705200195
299283368.7992951274 1680077.4939575195
315801401.6522704959 2055933.6868896484
315368148.1260095239 2050342.9028320312
314833498.8277864456 2040691.4757080078
314715400.1277645230 2037602.4266357422
314622011.2750490308 2030326.1324462891
314251216.6715937257 2024657.9588623047
314049573.6362988353 2016759.0308837891
285506175.8013531566 1121396.4186878204
287423953.8165604472 1253029.4870071411
288673706.7548667789 1300735.7393569946
288076151.8076513410 1278861.8823928833
288790663.7361275554 1300911.0954513550
299142273.3274846077 1676125.2092895508
313594086.4226221442 2005039.6302490234
313723874.9925459623 2007632.0485839844
313482310.9925047159 2004419.4769287109
285769763.5263751745 1127815.3309955597
313114086.4779747128 1996045.9876708984
288163429.3716794252 1281429.9463577271
285201030.8310823441 1095974.5147724152
298992990.6080176830 1667178.8001098633
312947957.8981634974 1991722.0695800781
312735961.1054143906 1982482.4643554688
287310832.1400180459 1239045.2186965942
311889836.2221499085 1959089.1982421875
312577400.1867666841 1973440.1840820312
312363069.9543691278 1963960.5642089844
312571114.2256376147 1970427.0329589844
478269999.0460410118 3049216.5166015625
285134774.0081605315 1095108.8914813995
285283544.3171755672 1100759.4443988800
287143923.6637470126 1227778.6464309692
289608082.0297489166 1311379.4264831543
298878603.6415843368 1652501.4839477539
311993598.3874507546 1960462.4301757812
287026835.3543503284 1221022.9839553833
477827238.0025413036 3042856.1835937500
286794340.2606077790 1206428.2907180786
286704746.2226034403 1199346.5371780396
286561609.7130971551 1190411.4260940552
298523012.8639543653 1646301.3801879883
286531140.7308875322 1190372.9995803833
298037843.9324666858 1620385.9716186523
298453816.5390118957 1644673.4494018555
298182689.4766890407 1633336.9907836914
298126072.3239144087 1632426.1107788086
311669127.7175244689 1936672.6845703125
311303373.4520292878 1927107.8519287109
311478645.0334218740 1930583.1102294922
286338621.5930907130 1173857.9173049927
286105795.1813996434 1133050.1977157593
286154350.4455923438 1157394.8093338013
286082466.3299636841 1129594.9694881439
286219532.2475306988 1161390.2161941528
286189587.4091895819 1159929.7723159790
286118226.8055957556 1146808.7300796509
310967116.4977508783 1920926.7386474609
358552350.4870792031 2554558.5859375000
357685648.7084468603 2518717.3083496094
287007759.3275452852 1211284.6718978882
286941693.6795465946 1207397.9912338257
357060674.8556311727 2503573.9116210938
357005525.3774664402 2496966.2626953125
357030326.4581823945 2498774.0795898438
298267929.1194877028 1635828.3722534180
311576664.2108336091 1932294.2437744141
355132950.0463510752 2472200.5932617188
355072890.2078919411 2470167.8364257812
354501083.1436384320 2460630.6684570312
354937807.6340939403 2469976.9545898438
290115532.7965014577 1311949.1426239014
291679647.7363903522 1370413.9852600098
292658463.7332373857 1382923.2274475098
291403490.2007442117 1368961.7289123535
290565136.4879443645 1328693.6762084961
290419870.7978073955 1318891.3221435547
290737371.3943017125 1332331.1583862305
291300797.9948456883 1362330.8688659668
291010754.9878765345 1345362.9193115234
291092331.0789571404 1352824.8668823242
290837275.8858583570 1336474.7208862305
293529079.9559202194 1425225.7230529785
292986662.3565765023 1408812.8479309082
293890333.9844276309 1426338.1462707520
293182445.9084850550 1415247.5416564941
292883607.5742717385 1387633.9372863770
292984191.7890409827 1398134.0240173340
293137054.8909542561 1409768.5735168457
294339480.9158595800 1469955.7852783203
294246727.4858709574 1465671.1966552734
294043944.6544229984 1449513.2865600586
293893803.4929401278 1439211.5195922852
294215949.2841076851 1454413.0251464844
294953309.3919717073 1486482.1685791016
295652984.0302492380 1521738.4718627930
295876666.1668843031 1523709.0979614258
295843646.2504527569 1522214.7223510742
297304918.5625269413 1591086.1383056641
297285103.5646145940 1584882.9286499023
296770681.1691489816 1584029.4329833984
295482367.1753683090 1507704.2992553711
296045133.3387999535 1529685.5692138672
296201347.4079520702 1531136.6259765625
296521980.1020714045 1575236.7869873047
296253918.6012825370 1560368.0101318359
296235063.9070797563 1549135.0604248047
296160584.3165094256 1530367.0357666016
298000776.5617954135 1611780.4860229492
297936726.3692722321 1611475.9396362305
304992049.9628714323 1731057.4285888672
304769482.0124230981 1722991.5391845703
304616197.8185122609 1714526.6617431641
305029271.7249400616 1736058.5338134766
306145747.4921381474 1763514.6788330078
306712557.0255305171 1797949.9201660156
306743498.8109938502 1801700.4141845703
306657269.4301787019 1795649.4219970703
306348315.4305412173 1775540.7926025391
306473325.1858935952 1782469.0924072266
307037712.5902242064 1805502.7947998047
307676934.1117056012 1817520.0753173828
307954758.1948784590 1827429.0460205078
307950050.7745253444 1825184.9302978516
308247550.7017995119 1835576.4068603516
354549560.8309088349 2461691.2915039062
309046578.4359766245 1849257.6146240234
309760559.2446863055 1873093.8873291016
309303099.2518600821 1860131.2622070312
310054013.6759856343 1886389.7221679688
309873388.0388386846 1881398.0737304688
309675895.0300201178 1870607.1025390625
310242528.3011302352 1891256.1718750000
310296347.9786089659 1893459.5726318359
310472473.6886030436 1904308.4912109375
310590538.6186312437 1912191.9442138672
354472037.5850424170 2454772.3193359375
354225632.9408413768 2448440.5058593750
353496607.9325455427 2436662.4355468750
353132527.8112320304 2428835.1684570312
325627781.9259035587 2067434.6948242188
325580303.8511962891 2063987.7883300781
327998646.7158731222 2097952.7651367188
328180764.5068999529 2108114.7470703125
328148143.1284353733 2098689.8444824219
329603977.5627402067 2116884.5644531250
328434599.5097239614 2108993.4404296875
328521229.6406081915 2110382.5842285156
328827696.2743446231 2115360.2824707031
330208012.8129769564 2134789.0043945312
332928527.8766117692 2164832.4609375000
332411019.2043585181 2150779.6660156250
333688215.9529474974 2173643.8483886719
333274725.6144879460 2169835.7041015625
333345437.1609204412 2171870.4726562500
333256431.6685668230 2166115.6813964844
334310443.5096203685 2201010.1008300781
334938947.5890330672 2212906.3115234375
333860927.4756425023 2176341.1767578125
334084856.4323658943 2179255.5617675781
336279599.5028156638 2222428.6530761719
336699514.9934012294 2223954.2077636719
336912867.5093633533 2228988.0285644531
337066258.4379225969 2234164.1323242188
340262239.2123960257 2275907.4348144531
340208213.7468719482 2275028.0764160156
341529113.0834753513 2291912.7546386719
341684375.6504042149 2293208.8586425781
341885759.3836643100 2298181.8859863281
345367634.7308126688 2322947.9689941406
345082915.4400497079 2321654.6420898438
344087998.4882324338 2319741.8522949219
345723303.6916755438 2335888.4228515625
345629190.5618295074 2325393.0476074219
346296484.0424970388 2352795.1484375000
346015275.8504184484 2340289.6000976562
346231526.6683556437 2344635.5571289062
349522299.6070286632 2377569.1635742188
348967453.1058909893 2376788.3344726562
349985979.1195852160 2385413.5078125000
349907990.1904994249 2384738.0795898438
350397905.7318818569 2395672.5229492188
351200490.2014541626 2398151.7089843750
351204533.6334764957 2398323.0390625000
351411719.9376953244 2404438.5454101562
402866876.2206637263 2666956.8569335938
404230751.0352428555 2669268.0063476562
407495111.1172407269 2678198.5029296875
407258494.7451607585 2676066.3559570312
407528530.4994176030 2681888.9912109375
406961166.4643009305 2674932.7231445312
406918289.6126249433 2674194.6240234375
411051805.1028533578 2700106.9975585938
409887757.2643615603 2698213.8750000000
409658857.8369788527 2694191.0625000000
409264709.7624797225 2683040.8720703125
415914361.5024854541 2706213.3310546875
416092842.2382958531 2706889.2065429688
416849587.7725468278 2711021.2421875000
417386676.5073048472 2716028.2480468750
417245481.6666836143 2714999.7382812500
421000665.2393938899 2724853.4707031250
421585440.9579631686 2726295.0917968750
420691147.1518221498 2719640.0771484375
423078033.7107906938 2731576.4916992188
423604865.4479476810 2736409.6157226562
423819054.1090609431 2739603.4970703125
423334994.1003023982 2733459.9111328125
423381291.5279774070 2734635.1054687500
425693777.2750563025 2747834.3090820312
425458382.2872387767 2740314.0678710938
428396153.8177288175 2750938.3691406250
429985997.3141042590 2752834.1523437500
429771738.5466981530 2751202.0327148438
430962388.6308358312 2755128.8618164062
434419136.6135694385 2758747.9531250000
435662557.3872188926 2762036.3413085938
436986265.1176622510 2762175.1528320312
440738598.9870842099 2767544.5532226562
439958131.7675307393 2764541.0083007812
440222834.9325546622 2766915.5273437500
441725222.7733795047 2767736.2270507812
439566654.4731876254 2762703.6743164062
441754534.6101674438 2776704.9497070312
440354679.9492528439 2767275.7700195312
444280377.3473235965 2777091.4013671875
447461668.1116869450 2779065.5800781250
447797238.9635755420 2785540.9980468750
449567509.9746460915 2788940.0805664062
449744370.0983767509 2792837.0029296875
448953756.5730546713 2785927.2524414062
451411674.1639589071 2793160.4184570312
453428336.4918104410 2797029.5424804688
452763574.9469842911 2793922.5854492188
455502688.7313412428 2805714.1157226562
454543512.8701156378 2797495.6215820312
461735863.7871960402 2811156.5659179688
461499831.3892674446 2807415.2900390625
473382920.3982770443 2866866.8432617188
470208957.2391159534 2830779.8603515625
462212216.9602046609 2822483.6918945312
