281851883.5975280404 873873.1503057480
281817784.2667744756 866769.2192144394
285725558.1408491135 1291210.9775466919
288585909.3711029887 1450293.9158782959
360232110.3394604921 2909648.5937500000
361545612.2982696891 2930696.1215820312
361109392.2841141820 2925159.1884765625
362215353.4463147521 2933746.1381835938
285364460.4838373661 1271581.8897781372
288224513.1523764729 1440666.4729385376
288455543.8243205547 1449880.8359146118
292622697.0870617628 1609186.5894317627
285492606.0512986779 1282516.9067459106
474893349.4487686753 3239806.2978515625
304890010.0214218497 2056366.5662841797
315410402.2099043131 2297532.1171875000
475247732.1476029158 3241181.8388671875
282498890.3581514955 1028290.4059257507
292376887.9627907276 1607865.5696716309
304909459.6796523333 2058478.9751586914
315736974.9926496744 2302209.2246093750
315179047.6759046316 2296067.5539550781
474058709.2524468303 3238426.7978515625
282066873.1391133666 918318.0488836765
291712281.5724238157 1600488.9881896973
292103850.2636742592 1605701.6720123291
360915905.9665271044 2923267.7895507812
292890656.3903012872 1609394.4633789062
291708412.8814470768 1596051.2993316650
304635300.6920339465 2051640.4716796875
292105126.6441074014 1605968.4284515381
474924440.6396988630 3240517.1201171875
292125172.8728380203 1607342.2372894287
291405011.8986614943 1591591.7392730713
291227639.0422100425 1577591.0216064453
360599174.6407744288 2919357.5253906250
474574319.8729563355 3239282.3671875000
360707997.1361528039 2921244.9404296875
361490042.1293647289 2928809.5146484375
361986106.4279550910 2931077.7856445312
288517744.4223091602 1450069.8813705444
303943792.7226588130 2030790.8148193359
282334176.7293331623 996060.5775547028
314936326.0406703353 2293425.2139892578
283821564.4906168580 1165998.2302742004
284643525.5721707344 1223987.5222187042
475682720.0648863912 3241796.1494140625
314515344.7300267220 2284145.6169433594
284473308.1676581502 1219944.6720829010
314592000.2973443270 2286833.9523925781
288211837.5304764509 1438376.1918563843
288373028.9880675077 1445843.1829910278
314477987.7803501487 2282375.2762451172
314403493.5914310813 2280842.7009277344
284293208.1030737758 1208466.6288700104
288110153.3999473453 1436094.5964126587
304203447.0240094662 2036126.3679809570
281887067.0174365640 893641.8332862854
282264830.9962474108 988363.9930820465
314173153.0444526076 2273246.0079345703
283580228.8562196493 1147588.6385555267
285366874.5164207816 1279297.8354568481
287819263.1991317272 1419447.5778160095
282482670.4640303850 1023681.9952869415
282352035.3701785803 1006997.5490741730
282269757.4523416758 990328.7942295074
314383384.9459497333 2280352.2515869141
281832828.7807821035 873355.8513984680
282314811.2775609493 994928.8929843903
291403911.0440136790 1583236.3710021973
287899081.0133013725 1420266.2145195007
314308928.2801306844 2279507.2603759766
359583707.8550884128 2899194.1196289062
291032599.1585201621 1564715.1739196777
360095926.7109341621 2905275.2836914062
360034541.0706202984 2904906.1049804688
281862216.7923673987 884998.1693077087
281838001.2328268290 873843.1938438416
281933693.8326305151 906681.4061677456
290885975.0958673954 1563062.6130371094
284234855.1574366093 1200357.6567020416
281982106.0096234679 918315.6322419643
358594933.8600926995 2884704.8984375000
282547140.3615108728 1030590.8034305573
282680333.1836085916 1047019.5917148590
290794410.0666122437 1558203.5365447998
290447055.3985511065 1543137.9488220215
281963247.1783960462 916084.7686173916
281918093.3719400764 903186.1318757534
290113894.5758106112 1526197.0459136963
281910877.9025759697 899378.0336816311
358318410.9709059596 2878258.1508789062
358648987.8253884315 2884983.0092773438
282106009.1275171638 943691.6784029007
358293347.1326266527 2877366.2465820312
282777127.0964734554 1047799.4134931564
306554621.7290374041 2068390.4215087891
282528790.3877241015 1030091.1843967438
288057857.4611697197 1428052.9781150818
305129715.5055904984 2059723.5739746094
305875005.2096810341 2067937.6799316406
282443141.8452441096 1018472.0148105621
282411301.6461791992 1013528.5975742340
305253142.3917941451 2060578.0145263672
282424764.7390718460 1016004.3393955231
306114819.3511902094 2068358.7290039062
305393115.5598287582 2066658.1147460938
288033453.9311864376 1426645.0332870483
358265000.3951177001 2874951.4804687500
305603287.0347366333 2067873.1435546875
287808537.2087734342 1418723.7496757507
358069154.8283692002 2873379.3198242188
357927580.7653414011 2871078.2758789062
357880492.1184746623 2867985.2426757812
357538338.7479190230 2867803.0747070312
289719430.2076480985 1504272.3603439331
282350400.3452648520 1005272.1687412262
287781897.0783147216 1417184.8352851868
287670936.6045210958 1406206.6917686462
356688432.8602364063 2855468.5195312500
357118239.1595789790 2862994.4653320312
289579044.7175182104 1488940.2716331482
357287130.4328513145 2863125.3540039062
285617629.8991930485 1289841.6763114929
356904064.3956232071 2855996.6254882812
282247350.9747272134 979363.7941226959
356921949.9112873077 2858870.3330078125
357016694.2166150808 2860438.5668945312
285199181.7190074325 1263885.8554153442
284080878.4773930311 1186372.9758663177
356603955.1606572270 2854519.0249023438
287725117.0719590783 1413937.8448448181
357387696.9256469011 2864728.4008789062
357323792.2163606286 2863269.8852539062
283710298.6214887500 1159488.5666217804
285196860.0804843307 1261085.6166458130
289579242.1186544895 1495698.1173362732
303649707.5745502710 2005027.5411376953
303791728.3561163545 2006658.6650390625
303802993.3305122256 2007791.8538818359
283931367.3257232308 1176003.6814250946
283831405.5083131790 1170554.0634479523
303658440.3670041561 2006647.3636474609
303230387.4040012956 1988738.4041442871
282222175.1153351068 977552.8597812653
287611184.5832640529 1404379.0482101440
282232972.5826265216 978654.5403995514
287392340.8925649524 1393293.8512611389
289195802.3361502886 1475082.6622734070
289361814.7758237123 1484348.0277519226
289046825.3451682925 1468086.8503227234
303455673.6586571932 1995977.0977172852
288864153.7551845908 1454232.9168434143
288974279.9670438170 1463101.2521553040
287652135.6438502669 1405364.9687385559
287710984.1321008205 1407213.6755294800
287493127.9003938437 1398880.3621139526
288940353.5814552307 1459826.4193801880
282166648.5901684165 956809.8250293732
303327676.1001884937 1989664.0086975098
313022723.4030774832 2222492.6577148438
303149966.7635021210 1984781.7119750977
312591467.4118443131 2209707.1445312500
312982372.3896995187 2220675.7241210938
313207699.8287016153 2223599.9287109375
312626494.8593876362 2214873.8540039062
313240462.0514766574 2227745.2838134766
312857572.7108588219 2220212.7880859375
302851322.3316218257 1969683.9429321289
312730691.7001274824 2217312.6994628906
312409414.6908342838 2209586.9248046875
312602754.0782802105 2210577.0405273438
287041065.6186091900 1370638.5772399902
286557288.2142782807 1335448.8236351013
302700024.6644101739 1961394.7312927246
286688795.3945778012 1349497.4386215210
286727389.1339920163 1351874.2734565735
286591945.6725436449 1344855.7328147888
286431700.6596624255 1332520.8491554260
310517361.1073052287 2157820.7817382812
302191610.7005900145 1948099.5810241699
311200994.2981508970 2169984.0033569336
310403624.1141175628 2153710.7109375000
286339095.7778094411 1331068.7447776794
286536470.0665974021 1333035.7697105408
302172367.3331517577 1945586.6249694824
283395497.7131897807 1119478.6764202118
310342409.2476167083 2150408.9101562500
283351141.9728708267 1114159.4189739227
283373089.1609701514 1116961.8198528290
310398514.5405232310 2153002.5595703125
310379053.4665394425 2150678.4506835938
286140649.1116685867 1317797.1083335876
310200368.8120817542 2148453.7807617188
286105333.8924707770 1315888.4713249207
310038924.9398889542 2140366.1982421875
283349893.6489531398 1113890.2894573212
283341408.8309758306 1111580.7243747711
309997804.9453468919 2140199.9548339844
309969990.8740807772 2138857.2502441406
309953048.3308732510 2137229.5673828125
286046906.0626224279 1304877.3627700806
302127863.3213939071 1943470.1015319824
285838795.9483748674 1299591.6679458618
302048314.9724609852 1941155.8280944824
301849761.0023314953 1933587.8903198242
283337855.2286902070 1103478.1892433167
307957436.9018594027 2079725.6132507324
307731283.0675783157 2076305.3877868652
307559365.5381685495 2072945.2568054199
307678803.3354107738 2075581.0307312012
307803104.9335303307 2078773.0879821777
307449162.3021992445 2071520.2631530762
295775460.4650978446 1719199.3673706055
295856178.7272139788 1723569.5554809570
295810743.4080526829 1721796.7720031738
296004608.3537513018 1728273.3249816895
296307540.6132608652 1730866.4172821045
295551057.3932293653 1713968.2232055664
284818840.0110768676 1232349.6340484619
294868111.2277210951 1682876.1965637207
294752501.9215441942 1674525.0908508301
285062763.6405628920 1249131.3448219299
294704434.5713294148 1674173.9778137207
284904559.5534319282 1241479.2412261963
284756872.5642883778 1229042.4896392822
284740787.5278952718 1228319.7911529541
294641640.6515553594 1669869.2714233398
294615280.2467198372 1668660.8829956055
294595420.5616940260 1668409.5851440430
283257992.7962056994 1098142.4763984680
294579899.3754714131 1667109.1066284180
320769842.3617303371 2319900.0732421875
322015282.6495766044 2335040.7492675781
320250811.7343427539 2310005.9995117188
321331734.3240859509 2330041.7529296875
320806772.7935369015 2321501.0742187500
320426581.6575887203 2311834.4072265625
301044465.3522412181 1898014.3160705566
301207773.6309851408 1904377.0845031738
301453741.1901776195 1913691.1655578613
301426753.0291703939 1910864.8337707520
283315244.5370704532 1098360.6060066223
301031809.1725015044 1896847.7419738770
301344630.1336478591 1908177.0544738770
300997075.7635493875 1896023.6374816895
300880985.5871765018 1892867.8464660645
294360980.4139245749 1646455.7935180664
283239358.3172451854 1094813.0697517395
294479059.7451613545 1647663.6810913086
300827425.2596305013 1886853.2428588867
300802086.0947148800 1885361.2409362793
300783869.0855946541 1883248.5951538086
300461509.2947716117 1876674.1237182617
300124437.5480700135 1862361.1979370117
300360632.6529675126 1869333.6010437012
300057329.7865055799 1860077.1281127930
299946254.4242661595 1853969.6851196289
299906974.5745050311 1849742.8488464355
299801511.2309124470 1847601.8591003418
299627805.3907163143 1841969.6720886230
299099087.1813530326 1819083.3864440918
298716574.7258463502 1806521.5859069824
298874632.1478614211 1812670.5202026367
298240765.8268386722 1790037.2770080566
298488615.2721948028 1798173.1256408691
297880797.2743517160 1774617.2077941895
298366608.9390292764 1791637.0865783691
297881871.3667472601 1776602.1487884521
298111384.4979016781 1784409.6360168457
297963436.2076154947 1776783.5793762207
294237729.8601613045 1632643.6661682129
294282824.5649250746 1635415.5670471191
297355974.3456832767 1746100.6526641846
297096623.4794327021 1738347.2323760986
297223181.3650763631 1739687.6215515137
283168157.6349498630 1052980.3356056213
473727837.9864990711 3135951.7436523438
473389274.9845237136 3135008.6787109375
355132950.0463510752 2472200.5932617188
355072890.2078919411 2470167.8364257812
354501083.1436384320 2460630.6684570312
354937807.6340939403 2469976.9545898438
354549560.8309088349 2461691.2915039062
354472037.5850424170 2454772.3193359375
354225632.9408413768 2448440.5058593750
353496607.9325455427 2436662.4355468750
353132527.8112320304 2428835.1684570312
345723303.6916755438 2335888.4228515625
346296484.0424970388 2352795.1484375000
346015275.8504184484 2340289.6000976562
346231526.6683556437 2344635.5571289062
349522299.6070286632 2377569.1635742188
348967453.1058909893 2376788.3344726562
349985979.1195852160 2385413.5078125000
349907990.1904994249 2384738.0795898438
350397905.7318818569 2395672.5229492188
351200490.2014541626 2398151.7089843750
351204533.6334764957 2398323.0390625000
351411719.9376953244 2404438.5454101562
