43257923.5516956598 667902.1992187500
42072555.5505059958 615020.2050781250
42559249.5862278342 636533.7812500000
42264522.3942149431 628433.1230468750
43654947.0795039460 677257.0019531250
41593511.1394329369 581290.8408203125
43187458.8857340738 658985.8867187500
42563189.3111597374 637897.8574218750
43496862.1856950670 675164.6523437500
41162666.2783800811 539750.8232421875
41779926.2274737656 596052.3925781250
40874673.1381462663 501822.9013671875
42407293.9098979533 632144.3496093750
40937541.6004337370 511985.3828125000
42251929.9229651317 627222.3847656250
40813310.9566761404 494961.2695312500
42512549.4034768045 635002.6250000000
41702172.5843536407 590662.5068359375
42464549.1751652062 634876.8652343750
42239209.3430789635 623681.0976562500
43979847.0513298362 684360.1582031250
42085153.6223035976 616400.7753906250
41786536.6278356537 597523.3251953125
42156870.2578223050 619959.9316406250
44094131.6567001119 684538.2011718750
44096709.4798230231 685899.9843750000
40796054.1624357253 490678.2011718750
41835277.5277868658 599309.8076171875
41704553.0918610319 591159.7490234375
42086657.6276100576 619121.7265625000
42379397.8184446394 630970.6679687500
42175712.8146432787 623264.4453125000
41453740.4773563370 568924.0615234375
42249191.6068251953 624745.1972656250
42799726.6848163530 646552.6582031250
40942731.5406264961 514130.2070312500
42041935.7083106786 614199.6816406250
41796477.5315631926 597564.2021484375
43889211.9052170739 681304.5546875000
42081511.7609462142 616041.8164062500
41924213.2809557989 609317.3808593750
41375695.8827397600 557838.5332031250
41832476.4366765618 598667.7558593750
41011986.6085245684 522383.4814453125
41975867.4595836326 612253.7089843750
41731867.9042811096 595162.7412109375
41919876.5945978239 606397.0820312500
41845324.1647759154 601927.4589843750
41848884.0890450478 604153.0507812500
41119275.6824162379 535706.6943359375
41627566.7393052056 587062.0830078125
40935927.3920574859 507651.4277343750
41019870.4378609136 523142.7119140625
40678840.7839070782 468602.7177734375
43626038.0566328019 676492.7187500000
41160866.0174450278 536905.1865234375
40871440.8533717468 501772.7304687500
41003779.8430265933 516906.4570312500
43551613.8041761816 675701.2031250000
40906377.2335036397 507371.7539062500
41722423.9707606509 592772.5927734375
41810540.3830771670 597978.7607421875
41818406.6841300726 598579.9355468750
42818015.9323791340 646748.9296875000
42538414.4142565727 635323.0429687500
42923314.9594358802 652699.1601562500
42787061.9852201641 646202.5546875000
42734900.4775950238 643537.7636718750
40718560.8136439323 478097.0107421875
41690892.2745392621 587714.1796875000
43680418.4473817497 678100.9804687500
42881469.8977507651 647999.8222656250
40876438.4696031138 503893.0214843750
42750955.5948453248 644375.9687500000
40785861.0166224092 490039.3906250000
42575447.9343142509 639470.1093750000
43890080.4089333266 682963.6562500000
40595948.9001083449 450414.2363281250
40848402.1449926496 497255.9208984375
41751992.8113900721 595618.2294921875
41584580.0279014707 580540.8535156250
40698856.3180057928 472780.4052734375
41241356.1831138358 549939.0234375000
40805073.7207383960 491766.6533203125
41513727.9628741294 574158.2744140625
41572417.4683303535 579179.3583984375
40596496.3546714485 450970.0644531250
42912585.8068539053 649731.3515625000
43402590.7406231910 668011.0195312500
41573241.7145467103 579243.6552734375
40768905.2786776200 489845.0908203125
43236301.4626002908 661586.7714843750
42637616.8059998080 640359.0703125000
41640541.9175251871 587517.5712890625
42671930.5701351464 641298.0585937500
43440213.6541865245 670838.5273437500
43434761.8596682921 668823.7851562500
41487194.0606467649 571143.3486328125
41549619.6690994576 576789.0380859375
43734501.3425401896 679429.0468750000
40833577.6557274088 496797.6035156250
41413261.1359528303 565293.6289062500
41437801.2458415627 567093.4326171875
41611627.5077904314 584425.2958984375
41328387.6784275919 556152.8828125000
42406782.0526575521 631369.4511718750
43155180.3824247643 658446.6230468750
41299571.8949734271 552786.0703125000
43440121.8558617383 670804.8105468750
43625012.8586520627 676406.0488281250
40854120.5522199348 501435.7656250000
43442699.6789846495 672166.5937500000
42899382.9735970646 649258.9277343750
41161431.9574909881 537114.5693359375
41364801.2615476400 557187.7578125000
41109913.2796320170 531710.0908203125
41037250.1873294562 523491.9199218750
40576905.0609088168 443689.8916015625
41185394.2934901193 541696.7958984375
41221861.6194572002 548052.2246093750
40623440.6873856336 456326.3369140625
41271341.8049440831 552520.2167968750
43111606.4919262528 657057.9316406250
43415230.0992832482 668776.4414062500
40551559.8862881362 437193.4765625000
40899870.7267507911 507034.7890625000
43205879.3602355942 659906.8144531250
41065530.6397056282 526269.1337890625
40888960.9378732592 504969.6074218750
41470600.2208225578 569731.2236328125
40556515.7535539791 439878.0361328125
41074334.0697339699 531650.1650390625
41060373.3424164280 523549.5068359375
41261589.8235909119 550397.2255859375
40693347.5082922950 469996.3525390625
40760370.8662453443 486177.4736328125
40585216.0448570698 446956.8515625000
41387641.8474198580 560400.2128906250
40760320.5038985163 484629.8945312500
41237800.8509719744 548438.3720703125
41387135.2011985555 558163.4365234375
40639660.3168199882 459789.9726562500
40565328.1263945475 441856.8535156250
43100076.4324159175 656236.0937500000
41474155.5529644191 570426.6035156250
40670575.8656296209 467179.7285156250
43074766.7141427547 656053.1972656250
42992632.7801971138 653960.8476562500
40584007.5408312678 445790.1367187500
40732090.4138691723 482544.3388671875
40670028.4110665098 466525.2236328125
40965092.2049372941 515433.7636718750
41213144.0849668756 541849.6406250000
40631142.7190752551 457557.0625000000
40557063.2081170827 440433.8642578125
40613681.3737909123 455798.4746093750
40583042.1511461586 443990.5830078125
42730073.4404899254 643116.5800781250
40545782.8983027041 436420.6513671875
40653114.5203452781 466334.6748046875
41004424.4237038493 516933.1054687500
40650333.6873711571 460562.7978515625
40695346.3046328872 471634.1289062500
40980981.0741052404 515607.9746093750
40650940.6266343743 463803.1855468750
40544211.3215328529 428806.5488281250
