41364801.2615476400 557187.7578125000
42716535.2693062574 638418.0039062500
40802100.1115029827 490039.3906250000
40797276.4128394872 488751.0234375000
41424675.3674775362 565288.4160156250
42183974.4719091728 615891.7363281250
42109595.2265824229 615095.5097656250
41377524.5520515591 557204.2460937500
42014634.7501943856 607296.5058593750
44017863.5271984711 684281.6406250000
41127758.2272332981 534368.1992187500
41845724.8947501555 597108.7138671875
42077400.8716487437 610948.4433593750
43714167.2796695754 676553.2109375000
40860166.5012871921 500650.0312500000
43735180.1454121843 679429.0468750000
41109913.2796320170 531710.0908203125
44111142.8215430230 685899.9843750000
41037250.1873294562 523491.9199218750
42332708.3724694327 623802.1523437500
42913766.3220068365 649634.7226562500
40924282.9767115638 507126.3378906250
41613606.0119876713 576600.8935546875
42126443.5113656595 615368.4375000000
43282762.3630302995 660675.7832031250
41147784.9869817421 534821.2050781250
42477442.5578357652 630973.7753906250
40576905.0609088168 443689.8916015625
41185394.2934901193 541696.7958984375
41590649.1049830541 573625.3398437500
42097028.5577228889 611021.0683593750
42886131.9038660899 646758.1210937500
44048673.3432654887 684331.7167968750
41221861.6194572002 548052.2246093750
40623440.6873856336 456326.3369140625
43335013.6162394136 661064.4355468750
41271341.8049440831 552520.2167968750
42268710.3047885820 619385.3359375000
42108457.1298184097 611284.6777343750
43336254.2057593539 661513.9882812500
41141900.5762116760 534795.0312500000
42402740.0026468560 627200.1562500000
44002270.3911715373 682721.2910156250
41655929.9917529374 580085.2929687500
43310652.3293553963 660810.2109375000
41603765.9821746200 574879.1044921875
43111606.4919262528 657057.9316406250
41545280.4653441235 571343.8896484375
41674840.8351470381 584631.3320312500
43415230.0992832482 668776.4414062500
40551559.8862881362 437193.4765625000
40899870.7267507911 507034.7890625000
40792866.2983087152 487547.2177734375
43205879.3602355942 659906.8144531250
41667959.5510840788 584125.7548828125
41615162.1335901618 579184.0000000000
42651780.1701740921 636174.7441406250
41794381.4732181951 591510.8037109375
41065530.6397056282 526269.1337890625
41610260.6293147132 575590.9335937500
41840579.0280863121 594028.8037109375
40888960.9378732592 504969.6074218750
41470600.2208225578 569731.2236328125
41150271.0117798671 535173.0898437500
41840627.7764022797 595162.7412109375
43687188.9538071081 675701.2031250000
43503304.2631562501 671375.0781250000
40556515.7535539791 439878.0361328125
40834433.6646019146 494231.7236328125
41621876.0832534507 579263.0791015625
41074334.0697339699 531650.1650390625
43707710.5657107830 676038.8945312500
41060373.3424164280 523549.5068359375
41884157.0465470701 599911.4570312500
43660595.4720586613 675294.7226562500
43602277.0646591708 672166.5937500000
41656597.0347754806 580255.1181640625
40856606.5770180598 496019.4277343750
41261589.8235909119 550397.2255859375
40693347.5082922950 469996.3525390625
41455622.4307510927 567915.1982421875
41770567.1600269228 589271.3320312500
40856934.6509978399 496880.2246093750
40760370.8662453443 486177.4736328125
41119423.4812356681 532287.8046875000
40585216.0448570698 446956.8515625000
41387641.8474198580 560400.2128906250
41814732.0457493290 591804.9628906250
43664616.4541963711 675458.8378906250
42299401.6395752952 620607.5898437500
40760320.5038985163 484629.8945312500
41710780.7511808276 587517.5712890625
40609986.4838603437 449781.6347656250
40689282.9624060541 468256.2373046875
41237800.8509719744 548438.3720703125
41420676.1551706642 562627.5996093750
41387135.2011985555 558163.4365234375
42184758.0705069155 618547.1308593750
40727420.0050100684 476945.3154296875
41825072.5122902989 592386.5957031250
40639660.3168199882 459789.9726562500
40565328.1263945475 441856.8535156250
41336061.2884989828 552901.5634765625
41759359.9785534069 587860.0585937500
41895608.7580234036 602847.7851562500
41792415.2271564379 589846.2607421875
42255505.1528097913 619121.7265625000
41976621.5467800424 605535.7734375000
43100076.4324159175 656236.0937500000
41675355.4810472056 587062.0830078125
40810081.0388279259 490678.2011718750
42902348.4025916457 647654.5468750000
41474155.5529644191 570426.6035156250
42421389.6309332475 629270.5488281250
42804380.3666121960 646456.0292968750
40670575.8656296209 467179.7285156250
42594515.8650372326 634071.3066406250
43357730.4782701284 663361.3027343750
41252169.9775127992 549939.0234375000
43074766.7141427547 656053.1972656250
42787602.2132846490 643168.3906250000
42992632.7801971138 653960.8476562500
40584007.5408312678 445790.1367187500
40732090.4138691723 482544.3388671875
41167114.7865050659 539750.8232421875
40670028.4110665098 466525.2236328125
40965092.2049372941 515433.7636718750
41213144.0849668756 541849.6406250000
40707020.2095012143 471805.3945312500
41357429.7647748888 555221.5947265625
42615505.6901797056 635433.5351562500
40717318.1059029177 472195.8242187500
40608986.1786808521 448977.0859375000
42569021.2206287831 631769.2871093750
40631142.7190752551 457557.0625000000
40557063.2081170827 440433.8642578125
40613681.3737909123 455798.4746093750
40583042.1511461586 443990.5830078125
42730073.4404899254 643116.5800781250
40545782.8983027041 436420.6513671875
40653114.5203452781 466334.6748046875
41016265.2154363543 520922.3505859375
41004424.4237038493 516933.1054687500
40815648.3301066905 492647.9892578125
40650333.6873711571 460562.7978515625
40695346.3046328872 471634.1289062500
40687109.0686951503 467235.4755859375
40980981.0741052404 515607.9746093750
40721113.0901299343 474638.5556640625
40650940.6266343743 463803.1855468750
40846712.2977619097 494877.1386718750
40606332.8090356290 448246.1064453125
40544211.3215328529 428806.5488281250
42592858.0628096908 632075.4921875000
