42083766.4116258174 619121.7265625000
41895298.8712210506 604474.1376953125
40799781.3564508930 491814.5634765625
43688970.9506415799 678750.6132812500
42551183.3374367282 642777.9980468750
43808561.9024229571 679859.7851562500
42685388.1016962156 648212.9628906250
42492891.4612692967 640359.7304687500
40708896.3621953800 472921.6728515625
43251911.8866044134 670016.6894531250
42257196.0463704094 627513.3994140625
43061604.0240631178 664112.6250000000
42376071.1651950181 633370.4453125000
42847929.5484355316 656850.1718750000
41522745.7570876181 580079.8046875000
42933225.2999710813 661176.2968750000
43914712.7125083059 683301.3476562500
42936452.1849845201 661513.9882812500
43607405.0347882509 676492.7187500000
42293689.6132197157 631369.4511718750
41950294.0380367115 612253.7089843750
41436232.0515430570 571830.6201171875
42511588.1047801748 641169.4492187500
42191154.0385255888 627222.3847656250
42024505.4123402908 613779.2617187500
42780625.1035329774 656011.9667968750
41473265.5716007426 575453.6572265625
40683853.8372864798 469137.5732421875
43354646.6103370264 671375.0781250000
41197439.9681543484 546167.5039062500
43845417.5787678212 682963.6562500000
42146047.5880060345 621649.2695312500
42442019.5223200843 637778.3261718750
43480408.8645797595 675164.6523437500
41068744.1190819740 530079.0576171875
40975757.7785229757 520329.9423828125
41785106.1283846051 597300.3417968750
40966558.1925002635 517308.7675781250
44066723.8579927757 685899.9843750000
41794420.4571719915 599260.4072265625
42158426.8952516764 623007.6132812500
42131050.0206258371 621565.1054687500
42699919.0839470327 649835.5097656250
43333781.8418217823 670124.2421875000
41281866.0551051050 558037.2470703125
42002392.4170586020 612627.9414062500
41125343.0699423850 536090.2070312500
44032553.7997000143 685090.2656250000
41376532.7739345580 564051.9023437500
43343845.5944948494 670518.4121093750
41024338.4410834536 526434.3222656250
42377603.5799095780 635662.0097656250
41297290.6407197192 559095.6787109375
42057685.6545449048 616185.3984375000
41240106.3648505211 550935.5712890625
41020463.8816561922 524568.8798828125
41244832.5350474268 553296.1025390625
40850948.3192260563 499450.7041015625
41161810.3959094733 543061.4726562500
41317495.6273499876 561483.8730468750
41834345.9156448469 601216.7226562500
42483779.2125746682 639873.1328125000
40864617.5432490483 501822.9013671875
43936106.8906515837 684360.1582031250
41502179.9813354909 577878.3916015625
43156651.7206901312 667902.1992187500
41425962.5970746130 567226.6816406250
41664461.3530437127 588988.4511718750
42695698.4222286940 649784.3535156250
43843762.4251321554 681601.8730468750
41184549.1838659793 544968.8398437500
41702895.9312159643 592226.4130859375
41102312.2185064554 534745.5302734375
42918635.7561779693 660639.7460937500
40843210.7633424029 499370.5839843750
40650940.6266343668 463803.1855468750
42995814.2883142829 663576.0742187500
41128654.3189636022 537475.1279296875
41133580.3058801293 542834.9130859375
41491776.6191392168 577630.1962890625
41331346.2405919880 562454.5712890625
42650189.9123841971 647671.2343750000
43898754.9900159091 683100.3710937500
41373887.3413040489 562564.7519531250
41908274.0494410247 606680.5937500000
41407419.2104827091 566508.4335937500
41427291.7219936773 567352.9990234375
41013960.7867759615 524339.2099609375
41239010.4567617178 548613.5751953125
42032193.9957370013 614229.0830078125
42452239.8243159503 638233.1210937500
41283546.4333755597 558779.5419921875
40728694.2697544992 479167.7958984375
41508895.1438456178 579169.4550781250
41434592.3432700187 569470.0888671875
41303846.6435598731 561369.4306640625
40779815.0675551519 490678.2011718750
41696868.3288640380 592039.2734375000
42608501.5759566948 645844.6484375000
42624401.6016445905 646972.0371093750
41899875.5864272341 604991.2558593750
41051973.4054231644 529254.7236328125
41593592.3624696434 582354.9902343750
41571034.0634636208 581193.0751953125
40828856.9169008136 495785.1201171875
42713220.9786709175 653107.1015625000
41505532.0088271722 578832.5439453125
40888202.7383715063 504969.6074218750
40809138.2666246369 493722.2431640625
43609603.4712570086 676784.5253906250
41717434.1046161652 595162.7412109375
42894778.9880931303 657433.2265625000
42286502.9826697037 630132.4628906250
40896981.3660956398 508531.1835937500
42327259.1148758903 632386.7148437500
43636855.4927060008 678100.9804687500
40841591.4090523124 497212.1064453125
41900212.5024484918 606079.4189453125
40972150.7341745421 518007.3593750000
42896062.1460623741 657441.0097656250
42436690.8288989142 637092.9843750000
41101387.0366152227 534576.3955078125
40931917.7462275252 514130.2070312500
41730409.2828361392 595618.2294921875
42161986.8195208088 624286.0566406250
42431187.5070699677 636721.1816406250
41481592.3360641822 575655.7041015625
40715655.6487155259 475903.4697265625
40794631.5422394201 491027.9863281250
42493534.9682793692 640601.4355468750
41074283.7073871419 530107.6708984375
40906427.5958504677 509687.8896484375
44015943.7588215768 684490.9023437500
41389641.9323388115 565288.4160156250
42071145.4143296927 616644.5390625000
43664355.0897381231 678637.5312500000
42264522.3942149431 628433.1230468750
41593511.1394329369 581290.8408203125
41779926.2274737656 596052.3925781250
40813310.9566761404 494961.2695312500
41786536.6278356537 597523.3251953125
41924213.2809557989 609317.3808593750
41011986.6085245684 522383.4814453125
41845324.1647759154 601927.4589843750
41848884.0890450478 604153.0507812500
41119275.6824162379 535706.6943359375
41627566.7393052056 587062.0830078125
40678840.7839070782 468602.7177734375
43551613.8041761816 675701.2031250000
40718560.8136439323 478097.0107421875
40876438.4696031138 503893.0214843750
40595948.9001083449 450414.2363281250
40698856.3180057928 472780.4052734375
40596496.3546714485 450970.0644531250
40768905.2786776200 489845.0908203125
41640541.9175251871 587517.5712890625
43734501.3425401896 679429.0468750000
40833577.6557274088 496797.6035156250
41611627.5077904314 584425.2958984375
40854120.5522199348 501435.7656250000
43442699.6789846495 672166.5937500000
40576905.0609088168 443689.8916015625
41221861.6194572002 548052.2246093750
40623440.6873856336 456326.3369140625
40551559.8862881362 437193.4765625000
40556515.7535539791 439878.0361328125
41074334.0697339699 531650.1650390625
40693347.5082922950 469996.3525390625
40760370.8662453443 486177.4736328125
40585216.0448570698 446956.8515625000
40760320.5038985163 484629.8945312500
41237800.8509719744 548438.3720703125
40639660.3168199882 459789.9726562500
40565328.1263945475 441856.8535156250
40670575.8656296209 467179.7285156250
40584007.5408312678 445790.1367187500
40732090.4138691723 482544.3388671875
40670028.4110665098 466525.2236328125
40965092.2049372941 515433.7636718750
40631142.7190752551 457557.0625000000
40557063.2081170827 440433.8642578125
40613681.3737909123 455798.4746093750
40583042.1511461586 443990.5830078125
40545782.8983027041 436420.6513671875
40653114.5203452781 466334.6748046875
40650333.6873711571 460562.7978515625
40695346.3046328872 471634.1289062500
40544211.3215328529 428806.5488281250
