41872510.2701525316 601266.8115234375
41627566.7393052056 587062.0830078125
40935927.3920574859 507651.4277343750
41019870.4378609136 523142.7119140625
40678840.7839070782 468602.7177734375
41914380.7106669098 604153.0507812500
42089029.4508302957 612421.2812500000
43379368.2601315752 666035.6621093750
43626038.0566328019 676492.7187500000
41160866.0174450278 536905.1865234375
42054791.1076637059 610019.9726562500
40871440.8533717468 501772.7304687500
41003779.8430265933 516906.4570312500
42275981.5911431909 623268.7929687500
43551613.8041761816 675701.2031250000
40906377.2335036397 507371.7539062500
41722423.9707606509 592772.5927734375
43355477.8853879422 664562.7500000000
41810540.3830771670 597978.7607421875
43382925.3691325337 667902.1992187500
41818406.6841300726 598579.9355468750
43524114.2071440592 675164.6523437500
42257574.0846910253 622165.2910156250
42818015.9323791340 646748.9296875000
42538414.4142565727 635323.0429687500
43333245.6482919231 664077.2109375000
42923314.9594358802 652699.1601562500
41710594.4488010183 589812.6406250000
42787061.9852201641 646202.5546875000
41955267.5883319154 604991.2558593750
42734900.4775950238 643537.7636718750
40875431.3376480117 501822.9013671875
42504374.2391446605 632552.5722656250
40718560.8136439323 478097.0107421875
41690892.2745392621 587714.1796875000
43680418.4473817497 678100.9804687500
40822911.9946155921 493138.2363281250
42881469.8977507651 647999.8222656250
43293219.9710002691 663737.7792968750
41986160.7476832271 606079.4189453125
40876438.4696031138 503893.0214843750
42750955.5948453248 644375.9687500000
41710437.5026310980 588708.9316406250
43980525.8542018309 684360.1582031250
40785861.0166224092 490039.3906250000
42575447.9343142509 639470.1093750000
40957681.3722747788 514130.2070312500
43890080.4089333266 682963.6562500000
40595948.9001083449 450414.2363281250
40848402.1449926496 497255.9208984375
41751992.8113900721 595618.2294921875
41584580.0279014707 580540.8535156250
40698856.3180057928 472780.4052734375
41241356.1831138358 549939.0234375000
40805073.7207383960 491766.6533203125
41513727.9628741294 574158.2744140625
41572417.4683303535 579179.3583984375
42341945.5660710633 624319.0292968750
40596496.3546714485 450970.0644531250
41139520.0687042847 535563.1396484375
41854036.2563749477 598982.9863281250
42179227.1224025711 617434.8671875000
42912585.8068539053 649731.3515625000
43402590.7406231910 668011.0195312500
41573241.7145467103 579243.6552734375
42342154.7715082020 624745.8906250000
40768905.2786776200 489845.0908203125
43236301.4626002908 661586.7714843750
41862998.4887494594 600009.0595703125
42637616.8059998080 640359.0703125000
41640541.9175251871 587517.5712890625
42671930.5701351464 641298.0585937500
43440213.6541865245 670838.5273437500
42118065.3292476758 615333.3281250000
43434761.8596682921 668823.7851562500
41487194.0606467649 571143.3486328125
41549619.6690994576 576789.0380859375
43734501.3425401896 679429.0468750000
40833577.6557274088 496797.6035156250
41413261.1359528303 565293.6289062500
41437801.2458415627 567093.4326171875
41611627.5077904314 584425.2958984375
41328387.6784275919 556152.8828125000
42237573.0765204281 620506.4355468750
42313047.6798207164 624106.9980468750
42521425.6217259318 633429.9101562500
42406782.0526575521 631369.4511718750
42351853.8744933233 627768.8886718750
43358842.7356970757 664904.1406250000
42138270.3158779442 616818.7343750000
43155180.3824247643 658446.6230468750
41299571.8949734271 552786.0703125000
43440121.8558617383 670804.8105468750
42186581.5791382492 619668.2304687500
43625012.8586520627 676406.0488281250
40854120.5522199348 501435.7656250000
43442699.6789846495 672166.5937500000
42899382.9735970646 649258.9277343750
41161431.9574909881 537114.5693359375
41364801.2615476400 557187.7578125000
42109595.2265824229 615095.5097656250
41377524.5520515591 557204.2460937500
42014634.7501943856 607296.5058593750
41127758.2272332981 534368.1992187500
42077400.8716487437 610948.4433593750
41109913.2796320170 531710.0908203125
44111142.8215430230 685899.9843750000
41037250.1873294562 523491.9199218750
42126443.5113656595 615368.4375000000
40576905.0609088168 443689.8916015625
41185394.2934901193 541696.7958984375
41221861.6194572002 548052.2246093750
40623440.6873856336 456326.3369140625
41271341.8049440831 552520.2167968750
43111606.4919262528 657057.9316406250
43415230.0992832482 668776.4414062500
40551559.8862881362 437193.4765625000
40899870.7267507911 507034.7890625000
43205879.3602355942 659906.8144531250
41065530.6397056282 526269.1337890625
40888960.9378732592 504969.6074218750
41470600.2208225578 569731.2236328125
40556515.7535539791 439878.0361328125
41074334.0697339699 531650.1650390625
41060373.3424164280 523549.5068359375
41261589.8235909119 550397.2255859375
40693347.5082922950 469996.3525390625
41455622.4307510927 567915.1982421875
40760370.8662453443 486177.4736328125
41119423.4812356681 532287.8046875000
40585216.0448570698 446956.8515625000
41387641.8474198580 560400.2128906250
40760320.5038985163 484629.8945312500
41237800.8509719744 548438.3720703125
41387135.2011985555 558163.4365234375
42184758.0705069155 618547.1308593750
40639660.3168199882 459789.9726562500
40565328.1263945475 441856.8535156250
41895608.7580234036 602847.7851562500
41976621.5467800424 605535.7734375000
43100076.4324159175 656236.0937500000
41474155.5529644191 570426.6035156250
42804380.3666121960 646456.0292968750
40670575.8656296209 467179.7285156250
43074766.7141427547 656053.1972656250
42992632.7801971138 653960.8476562500
40584007.5408312678 445790.1367187500
40732090.4138691723 482544.3388671875
41167114.7865050659 539750.8232421875
40670028.4110665098 466525.2236328125
40965092.2049372941 515433.7636718750
41213144.0849668756 541849.6406250000
40631142.7190752551 457557.0625000000
40557063.2081170827 440433.8642578125
40613681.3737909123 455798.4746093750
40583042.1511461586 443990.5830078125
42730073.4404899254 643116.5800781250
40545782.8983027041 436420.6513671875
40653114.5203452781 466334.6748046875
41016265.2154363543 520922.3505859375
41004424.4237038493 516933.1054687500
40815648.3301066905 492647.9892578125
40650333.6873711571 460562.7978515625
40695346.3046328872 471634.1289062500
40980981.0741052404 515607.9746093750
40650940.6266343743 463803.1855468750
40544211.3215328529 428806.5488281250
