191673826.0777528584 82909.2575378418
184963768.7091431916 62651.3300887424
184168505.2064269483 61674.8249927837
178867459.0598545671 33664.5491122649
177944630.1887964606 24475.4416273615
182253292.9997009635 53053.3280926757
188240807.6013116241 77246.2175340652
188733604.3511582017 78514.3348388672
189018933.5752812624 79339.2047424316
177590947.0586715937 18109.3046215707
177965039.4760636687 24539.4599355353
179643389.6014671922 40151.2757184362
180825203.9412358105 46585.5967685993
184093479.3962368965 61117.4900928813
192555872.3110089898 83316.4731750488
177870496.9729616642 22692.8267996503
179612826.7100443840 40137.7947309619
183772952.1370973587 59927.6429249126
183927337.2415515184 60370.1767994243
184046935.3856219351 61086.9819141704
190718967.9909532368 82232.5134582520
193949256.9337203801 83471.9389038086
177675651.9488928616 19914.9022153883
177603232.6077199578 19002.4842902987
178356693.6298640668 26349.4055932654
188136710.0350335240 76134.8183336258
188209201.4359261394 76999.5413255692
188257555.1857296228 77263.2723436356
178311366.5180647373 26314.9728619832
178134508.3684536219 25735.5336954786
179509616.7408530414 39249.2044770574
180761692.1290508807 45897.7401730831
183663524.2280984521 59293.6309620219
190538475.3431586325 81982.2500305176
193870663.4743871391 83377.8235473633
188916603.1554194391 79087.6599121094
190637630.8862042725 82076.0843200684
178868794.8628338873 33722.3485049651
179513126.1004880965 39414.0806953168
180926034.0488824844 46851.2801974977
192393245.4466722012 83195.0728454590
178768318.4341585636 33490.1587619231
180916345.5291074514 46773.8305485363
181080509.4310863018 46859.7109416167
183733650.9917783141 59506.6054340678
193191505.7335283160 83359.6043701172
178211143.2804577947 26289.0833948298
178820765.0436541140 33606.3045682866
179688283.2427911460 40500.1422042291
189336522.4192618728 80135.2836303711
190412125.2452679276 81810.1869812012
179644442.6287767887 40279.5823821466
179572605.2538998425 40137.5452611303
179770341.4500460327 41057.2781867763
179871812.5194476843 41446.5340653062
180556847.0606023967 45114.0581807311
183812615.2142481506 60205.5605274516
183743182.4989099205 59850.9658619243
191129718.9735542834 82530.9710998535
192363795.9130831361 83184.6492614746
180777484.3395532072 46005.1583922620
180789092.4063235521 46079.4442046399
190555832.5202465057 82031.1128234863
180664614.0180907547 45847.2544615979
188969978.6627624631 79238.0464477539
189235437.4037301540 79969.2197875977
177628119.9534016550 19035.0770055695
187233990.4933043122 73166.1794643402
188873004.5352606773 79060.1670227051
193749945.3871345818 83369.8142700195
178176468.7876232266 26284.5516092969
178455351.2414684892 26501.4212293817
178145611.1674884558 26084.9702494337
189149877.8302424550 79742.3770141602
179724159.0425032973 40903.7901792675
177930860.0307371616 23687.2636435224
177941825.7025894225 23749.0397589399
179564723.6208886206 39991.8606138379
189319327.9855473638 80118.8428955078
178151709.0566090047 26095.4580347730
180311809.9563946724 44027.9546196277
180753835.1161696911 45851.7676165368
186993272.9229730964 72730.7560219169
186922995.9218602479 72099.5955604911
186912573.1919163465 71846.4232735038
189193546.3291065693 79948.0451660156
186829219.5496319830 71680.5726118833
186987248.2120833993 72615.0601601005
177589797.0529640913 17459.2513077348
177926721.0092092454 23569.5996802045
189452090.7048989534 80273.3504943848
177927287.1034609079 23617.0183385989
188429608.8927195966 77676.7952575684
192333038.0489165485 83143.8792419434
177994964.9113381207 24691.4755716516
178931776.5035790801 34500.1229289550
188363469.0641102493 77507.9955444336
180774919.6720846891 45911.4126472737
180444529.8950189054 44602.0055008831
187225435.6877186298 73127.2502746582
188803308.7088366747 78983.9356994629
188924059.0822516680 79223.9465026855
180396265.7352750599 44278.1015007313
180523319.0179248750 45013.2335766073
180499241.4273377657 44939.8841850574
182510151.1281199455 54224.8159886412
183961095.3485782444 60762.8954273540
177623298.0262387097 19025.6803091211
180387178.1298310161 44215.4053642566
180430229.0695837736 44294.0260236601
188508090.3010296226 77994.3696899414
189109873.8185939789 79587.7058105469
189709506.9657031894 80588.0402221680
183945068.1521615386 60467.7064930278
188607129.7472182214 78219.7394409180
187067111.8219250441 72751.4429697990
189479108.7554541230 80399.8259887695
190398695.4923636615 81424.4974060059
180415157.9313160479 44291.1920463855
177665349.4246637225 19844.4034749797
177854739.9173378050 22669.2569849683
189507329.1960741282 80443.7604370117
189382180.1315429211 80250.5917358398
190265965.4417245686 81233.5339965820
178796944.6086497009 33589.5182782641
189918197.7940038741 80618.4100341797
180441825.1462290585 44337.9230644520
180256758.8339482546 43311.8543722446
180354552.2834038138 44203.7359171252
182533203.7939690351 54230.8924847655
178985821.4102071524 34644.4141776493
180177242.0896893740 43257.9246907051
182141816.6530452967 52698.6745587401
182279026.2528172135 53464.5142499022
184136389.2392926514 61304.2136761028
177570331.9712160826 17369.2077073451
182169650.8329988718 52759.6579266600
182390869.1318893433 53801.5468990132
182175300.6732319593 52770.4299717955
187156153.1494081616 73111.1260986328
180296079.6353727281 43352.2872139852
189223300.5953173637 79949.9058227539
180175829.3573346436 43238.0298420902
193878040.6834417880 83381.0348510742
182325349.6557856798 53624.7595190816
182244679.2508064508 52928.8769236617
187255947.6898953319 73605.1642761230
189540392.7391771674 80479.5947265625
180167474.7197919786 43041.1013909879
179059733.9153271317 35547.5098333809
179386185.1489747465 38166.4090422954
189036860.4841870666 79432.0870666504
190847621.7961252034 82285.6006164551
178077888.2978006303 25418.6807018860
184280985.5985068679 61768.6242193393
184384790.0029232502 61846.4030250721
189682285.9633511901 80552.3360595703
192231102.3943028748 83143.7869567871
189454287.0190182328 80393.7781372070
184341829.2938289344 61814.0888645317
179528608.0550032258 39456.8281819603
177598595.0701251626 18902.3681860907
179089915.1825624108 35939.8447261716
180000797.6079193652 42237.2588848139
177724624.6567574739 20730.0935971631
184373147.7167856395 61824.6030570346
177889809.0817584395 23562.6763861371
179091732.3353217840 36101.3700087036
177725896.8883406222 20791.1370778276
177708856.1252638102 19938.9407858147
177654479.2423008084 19814.3535284294
190342814.9091655314 81404.5087585449
191565529.0984126627 82821.7925109863
191671554.5705253184 82867.8429870605
179015743.7117340863 34738.9936818558
177834629.8000649512 22553.5208686037
191633259.7016292512 82864.4627685547
190880031.9077456892 82305.4680480957
179264190.9380229712 37470.2634318325
178761024.8995922804 32755.6983168690
187800737.4933295846 75226.4458599091
191554676.6489703953 82800.2594299316
187770341.9129989147 75058.9806213379
188681712.4618862271 78406.9779052734
187484420.7524164319 74390.4509582520
191046088.2663947046 82460.4637145996
191716630.3866917193 82914.9156188965
177822779.4300607443 21822.3857248469
179864559.4307737350 41324.1892129148
178827534.2121209800 33631.8700507252
178834530.2335789204 33634.1791658966
183285378.4303044975 57773.2079628076
188751402.5151273012 78600.8556213379
190979553.5872428715 82405.1896667480
179459861.3577797115 38831.7088775004
179857801.4960840046 41279.3591958250
179195110.9568464756 36935.1183969344
180110684.2677541673 42573.1976123865
187331523.8550865650 73675.8084695339
187252749.1911596656 73293.1849191189
188095941.3381806612 76055.5155620575
191470024.9039259851 82756.6161804199
191214363.5155967176 82611.7514953613
188067809.9468012452 75929.7603130341
183436485.0370077193 58448.5228126611
179240300.8539201319 37087.2029765102
187562604.3833079040 74523.9067859650
187896329.8608283997 75745.5471172333
177754657.6686803401 20927.0762904329
190951980.3116430342 82385.3740539551
179307052.1498306394 37811.9296811524
179412441.0062114000 38644.2581328715
181736521.2741279006 50210.0228348598
181736863.2513632476 50216.4805542231
187322538.4754062295 73652.3441140652
179138733.4538539052 36269.2144816372
183571121.2135539055 59053.3484037559
191105300.5271280706 82469.1119689941
179361505.9322620034 37999.1325419399
184089179.1386997402 61091.1431990939
187695258.4698837996 75042.6688251495
177715124.5437784791 20048.4491475715
192408880.1803570688 83220.1998596191
177806263.8830822706 21712.7761958285
177779252.9806509316 21649.3738763971
191254995.9430131614 82621.7948303223
183699437.0796037614 59435.6047931987
179190527.6856148839 36899.7522318813
179048898.3588506281 35429.2588042399
181946642.6595994830 51786.7449933104
183319250.8898122311 57839.8865211572
182213227.1076347530 52822.9923910797
181988162.5225452185 51977.6877681538
181869758.4843998551 51098.8143274412
183594197.5516962409 59202.7089896825
187425808.1827744842 74115.5583474636
193619858.6654898226 83363.6160888672
192100609.0555835068 83080.5682678223
179120391.0538363457 36123.7089374515
184042878.0092266500 60930.2943531352
181556547.3098356426 49487.2325821742
179030983.1127616763 35141.3244197819
181739625.3134467602 50449.1298015937
181552988.6738191545 49365.7692108974
181722573.8794743717 50200.7337109744
181807624.2181132138 51064.6974895820
181981986.2237781584 51806.4899811074
184023390.4386471510 60848.9063526469
181756145.0664535463 50459.2884293422
181784091.2659631073 50931.2155838832
181636882.0152745545 50174.9838410243
181629427.0981515050 50153.1115189418
187629479.9374359846 74667.1615982056
191439993.0600518882 82743.5754089355
191903378.7871002853 83047.5136413574
183659148.6744975448 59249.4330383617
178698830.4634006023 31693.8811209316
181683737.6240912676 50191.3945389614
181388132.3760842383 48287.1922455654
181600018.7196697295 49867.3599930629
183810389.7551004887 60114.6381031352
183510176.9252875745 58468.9756935204
181383450.3358377516 48227.9865494594
181347329.2745421827 47347.1743851528
181498711.6976831257 49178.1020127162
178659801.5458097160 31016.6405769128
179039167.6259164512 35180.0086947052
181582898.7672696412 49563.3548123538
181456352.2439365089 49045.6335602626
183524183.1442916691 58711.7563942040
191390543.4887165725 82703.7172546387
190064883.5375815034 80839.9305419922
183556434.7128846049 58917.5127227868
183352912.2236176431 58144.8892067040
182975171.1331718564 56220.5656190893
183009241.4134271741 56321.3577924749
190057781.6799650788 80737.1147460938
183197576.5681889951 57287.6037870428
183026885.8461804390 56371.8107191107
183122964.7937618792 56673.7884489080
182996821.9603246450 56226.1249757787
190188485.7230656147 80858.9020996094
183052762.3500790596 56558.4239164373
183148319.2354966700 57131.6484647772
183143263.9398375154 57122.9875150701
178633385.4354669452 29724.2322167527
183117130.2833918333 56638.9116483709
189956945.4079881310 80671.6183471680
178639764.7470511496 29827.9455346238
178576664.1093397439 28272.3716173727
190155311.7846316695 80850.1198730469
178603933.4999617934 28511.4098278056
178618955.5323667824 29191.1496501933
184511467.4955637455 62034.4502529617
184866419.2411026061 62628.2332644314
184562986.2117259800 62346.2158474441
184612045.7309880555 62528.4037946526
182837138.2115783989 54546.5091629441
182974425.4067060947 54627.9364657815
182855074.8772138059 54552.1799350198
