181706341.3819362223 52585.9198448829
181723344.7257333696 52732.2233698539
182380684.2945966721 55491.4208162989
188757942.4282208681 79482.0216674805
182590480.8897147179 56054.2355563979
182208842.8554786742 54795.0893038477
188660961.5291771293 78916.7643432617
182624588.4728131592 56329.8936878741
182892974.6418999434 56407.6724936068
182433144.6528769732 55755.7473782599
182689139.6914396584 56379.1094945635
182253408.2865386605 55400.8419588770
182144819.7552159727 54616.9720681778
188728904.4275472164 79232.3790187836
188920257.4194211960 79889.2659301758
189599194.3724677265 80950.8125610352
190476754.1508368850 82091.9963684082
180080002.0649918318 44327.9923133033
180140023.9023184180 44507.7201588529
179933367.4067043662 43595.7905934232
182188942.0105952322 54763.5259622208
189742249.8444683254 81167.8039550781
190402915.8705691397 82034.6952819824
178247922.8160791695 28629.8986619493
180036659.4959626496 43927.8428375575
190502321.6985153556 82106.3088684082
177991710.8865417540 25466.5825741967
179676187.9737384319 41230.9171697652
179985214.0543077886 43883.8406942451
187131798.3117645085 74135.7146844864
191235740.5564294755 82794.2893981934
190817088.8515649438 82408.0090637207
178218033.0723101199 28142.2998651461
182031352.3513016999 53925.2078164688
181950999.0380485356 53676.4706867806
191814325.6213584542 83048.1732482910
178173243.7696096301 27508.4125400232
189588809.3646291792 80929.2435913086
181527846.7070190310 51763.3446199990
188591780.9377231598 78755.2729797363
179984001.4238305390 43721.9315395617
179831530.0794822574 42970.9673685097
177736806.8857140839 21753.3548538545
182182136.7987961173 54640.9330667130
191864705.0002771020 83049.5612487793
178548955.6597648263 30919.3455347937
178824471.6321760416 34478.0513516559
181153875.8673704565 49907.2281023844
181560862.5751582086 51863.5237656223
182130414.8684251904 54536.5593980423
188743542.1735631824 79357.5923156738
181146481.4441817105 49843.9107935599
190592310.8508285880 82247.4968566895
178241618.1897019446 28149.6440740274
178606486.8741410971 31891.5606326979
188675897.8858489394 78950.0652008057
182241223.6620467305 54876.6973466150
177553845.7117252052 18220.6968821554
178549378.7046192884 31659.3708896559
179733210.0329010785 42059.0377858061
180356525.0623484254 45703.5199448807
182048975.6773522496 54453.5575173966
188555837.5279623866 78532.3099060059
188524628.4372472763 78523.5973968506
188944018.5884081125 79935.2560424805
189681524.0520054996 81075.9766845703
190806221.0990018249 82403.1923522949
191884876.7919399738 83095.2994079590
177520426.5210595429 18096.0827262743
177515490.0970484614 18031.2287423058
181948846.5632552505 53592.0809956177
190889979.5496535301 82426.9301452637
190937911.1220735312 82582.4306335449
177404969.9119710326 12121.4236583979
186905433.1634681523 73663.2084220648
186960480.3825333416 73779.5049918890
186592500.7873117030 72455.5741406679
189140970.6997687221 80365.3275756836
189830852.0376088917 81222.9748535156
189001109.0644533634 80137.5305175781
178324252.0087313354 28887.2168254299
181865499.4686562419 53541.6279519669
191666224.7112755179 83011.9630432129
191769214.0134350061 83044.0135192871
181851307.1787896156 53252.4854548148
181852822.7445355058 53381.7905872132
181600495.1558645368 52048.5191309623
186793707.3187123835 73368.2434562445
186604071.9833581746 72504.2197707891
189991016.8649867773 81436.5220336914
181803918.7708865106 52944.4313967398
181411208.3048148453 51134.0147741011
181458190.5195665359 51534.0940115622
181463507.7433840930 51659.8540074996
189709925.2961195409 81096.0572814941
186745675.0645447075 73001.1926826239
186584379.8977510035 71822.2997840643
188834895.1598168015 79616.7486877441
189733464.1710085571 81102.0792846680
178121698.3967981935 27230.4949374841
181358189.1405563354 51015.8258416823
181354599.1107537150 50895.0524466208
187161393.2166768014 74278.3662395477
178649490.4626044035 32778.5636219872
181113574.4012872279 49829.0484993628
192052277.3970869780 83216.6997375488
180475155.5050749183 46466.1842960907
181444899.0571872294 51402.3181169204
181157071.2029825747 49963.5458319358
189517910.1644544303 80913.0064086914
191184286.7034048438 82760.0702819824
180484194.5754103661 46575.2007782353
189419233.5191344917 80747.5295410156
177910920.6628564298 24297.0781263491
181277675.2847495079 50750.8881399802
192413207.9399429262 83221.1998596191
178215307.7608194947 28003.0297165671
189465450.0740845203 80796.9389038086
192179367.7552371621 83220.1998596191
177576096.2148123384 19046.9448306902
189182837.2719389200 80376.7987060547
180946084.1945213974 48867.9946296795
177601413.7956290245 19194.4343197575
180453048.6518617868 46361.1885544999
181102002.8455141485 49711.6546672753
177828930.9257327020 22411.5993352610
177486447.7477651834 14775.6238025147
187493793.8177678287 75084.3242921829
179584342.7370388508 41047.3231955735
191781314.8400253057 83047.5136413574
180898394.8952681720 48270.6371498486
192429502.7082178593 83316.4731750488
187025351.6484346688 73858.6635160446
180977976.1791648269 49031.6241990911
179791126.6582624316 42347.7153543496
193772311.1511377990 83471.9389038086
177615924.8622760773 19263.8246224836
180995058.8083407581 49124.4336168732
178648379.9884314239 32661.4021095863
189100478.6685981154 80239.6551513672
191304915.9179939628 82797.0809020996
179728839.2448370755 41695.1379425008
191382982.0796136856 82915.6897277832
191150672.4376810789 82694.2704162598
191981812.7320709229 83143.7869567871
179918691.4886523783 43204.3656446415
179876436.9519720376 43034.3564399780
190904822.1955915391 82495.8406677246
187409479.1836545169 74974.8189821243
187336743.8341796994 74934.6829204559
181184963.9958200753 50026.5790235313
178147280.2625893652 27242.6830325769
189258488.4078752398 80508.2613525391
177665949.6041499078 20782.6469657762
191642624.4192958474 82953.5193176270
177524179.3703191280 18135.0254369691
187502954.9464163482 75166.1748914719
181039119.4302636981 49209.5960088359
180949486.6880409420 49014.1225435125
178110263.0556242168 27091.5251498864
180972143.7371867895 49023.7212916991
187168618.4226104915 74331.8178129196
180958227.3332782686 49022.4998934554
180770576.3220839798 48113.1445351025
180443436.9057923257 46224.3217290236
177627035.6778343320 19909.6499393327
189323207.4607757926 80547.1230468750
177646132.3319396377 20071.9574932499
180283670.6919620335 45457.0133392705
180398636.3872456253 45832.0966827763
180712137.9786722064 47464.3674049756
190063192.9894510508 81493.8881225586
191048541.4253238440 82645.6713562012
187073628.7471792400 74096.6150541306
187873926.0336675048 76337.6184902191
187688383.3827461600 75728.8185472488
190165166.8968501687 81557.9764404297
180911766.5129644573 48486.6322863068
186989659.8623102009 73788.0037565231
180899910.3395111859 48413.4604579589
180726902.9257483780 47597.3147316357
193423733.0681429803 83377.8235473633
180621104.1652868688 47300.9528541943
187234076.8555486500 74546.4450712204
187060972.0906254351 74048.1724576950
187721745.2714651525 75744.5799074173
178706512.7256597579 33241.4419655433
187584477.3402091861 75483.1832532883
180461553.2609699667 46457.2928165986
177697877.3384880424 20934.6626018925
178724596.7273444533 33573.3316750160
178823510.2169138789 34302.3557743771
189675719.4668914080 81057.4979858398
189917533.7716713548 81346.1755371094
187269043.5044653714 74578.0520048141
187655338.0217116177 75631.2739591599
187522194.7756238282 75439.7884168625
178857323.5539811552 34592.9269413693
187471327.7993870676 74984.2004499435
187309317.0417984426 74806.6137723923
177428946.7493419647 13806.8344082689
191655860.4927150011 82956.9347839355
188316912.6644420326 77592.0300292969
178782555.4908291399 33824.1731872141
177489218.1310778856 14921.4566757809
180156269.9285777211 44791.5903794511
177429486.2138524055 13863.6942370850
178075999.0559170544 26149.2819696596
179811375.7448755503 42640.0921661336
193389374.4637612998 83361.1428222656
180242542.0233251154 44938.5515916242
177458808.6464200318 14702.3607127213
193716983.9037419856 83381.0348510742
177959069.7119491398 25208.8876963785
178733888.6225768030 33656.7006436480
191377516.4456863105 82847.7029113770
190081859.6143447161 81535.2484130859
190197738.2924234271 81698.2186889648
178743025.8608435690 33656.7716658494
177501909.0802766085 15704.4212567116
177677486.0901333690 20798.5041848725
190153352.5358211398 81549.9462280273
191565459.3089409173 82918.0463562012
188196680.1386907101 77263.0754699707
177683154.0003432333 20807.3345359719
190107063.7606122494 81548.3880004883
188261987.4880295396 77429.4326477051
188159980.8707073331 77121.5041236877
193072084.0747475624 83359.6043701172
188467218.0291913450 78125.2409973145
179738848.9063672423 42085.8780656088
177997845.3702440560 25479.3700164041
178082737.2634440660 26373.6631766042
179549745.2319218814 40395.9901598957
177938814.2515706718 24484.9500617763
179528564.7092353702 40186.9974878062
190325104.5961656570 81810.8202514648
193022359.3511169553 83358.7109375000
179612341.0134409964 41077.9537503947
177489972.4576337039 14949.6846889263
179513659.6660165787 39999.4275230846
178079524.3303155899 26364.0837199880
186571356.4459303319 70791.2536025047
186454855.5958728492 70674.9957118034
188040610.0950468779 76598.2354640961
187850279.0172127187 76062.5385465622
188078639.7586021423 76741.9647064209
183693896.8852615356 59545.3052784282
186515411.7511816323 70777.0809569359
179449842.7878758907 39227.1193701482
186471593.6576745808 70751.7635998726
179428384.4213242829 39167.5887351787
178106753.2083146274 26581.0243622741
192421233.8325142860 83225.8943176270
184341114.8070446551 61891.6475025493
184435111.8907444179 62434.3640681583
184671548.0998969674 62586.7545582133
184449509.9138573706 62548.0953594524
184963768.7091431916 62651.3300887424
183772952.1370973587 59927.6429249126
184046935.3856219351 61086.9819141704
179509616.7408530414 39249.2044770574
179513126.1004880965 39414.0806953168
183812615.2142481506 60205.5605274516
183743182.4989099205 59850.9658619243
183961095.3485782444 60762.8954273540
177854739.9173378050 22669.2569849683
184136389.2392926514 61304.2136761028
184280985.5985068679 61768.6242193393
177889809.0817584395 23562.6763861371
179015743.7117340863 34738.9936818558
177834629.8000649512 22553.5208686037
179264190.9380229712 37470.2634318325
177822779.4300607443 21822.3857248469
179195110.9568464756 36935.1183969344
179240300.8539201319 37087.2029765102
179307052.1498306394 37811.9296811524
179412441.0062114000 38644.2581328715
179138733.4538539052 36269.2144816372
183571121.2135539055 59053.3484037559
179361505.9322620034 37999.1325419399
179190527.6856148839 36899.7522318813
179048898.3588506281 35429.2588042399
183319250.8898122311 57839.8865211572
183594197.5516962409 59202.7089896825
179120391.0538363457 36123.7089374515
179030983.1127616763 35141.3244197819
183810389.7551004887 60114.6381031352
183510176.9252875745 58468.9756935204
179039167.6259164512 35180.0086947052
183524183.1442916691 58711.7563942040
183556434.7128846049 58917.5127227868
183352912.2236176431 58144.8892067040
183197576.5681889951 57287.6037870428
183122964.7937618792 56673.7884489080
183052762.3500790596 56558.4239164373
183148319.2354966700 57131.6484647772
183143263.9398375154 57122.9875150701
183117130.2833918333 56638.9116483709
184866419.2411026061 62628.2332644314
