177987544.9333202839 25222.8011695078
180269565.9460549653 44336.5449703118
188947290.8810899854 79358.4441833496
190329581.3956850767 81765.9849243164
192531931.1047356725 83316.4731750488
182916784.9678604603 55823.6468885951
187350456.2189916372 74155.4035434723
186924147.6887023747 72849.3302297592
187395497.6038902104 74212.5428104401
190408502.3576459885 81852.8560180664
190655677.8089150488 82187.4078369141
182877030.4012025595 55629.3292006068
187018187.1590985954 73147.7258749008
187402365.9780213535 74287.5113668442
187017031.3837437928 73005.2794256210
180129448.7567440271 43689.4732496670
180031437.5511749983 43424.6154048821
187065463.1933775842 73529.0700521469
187299318.9982393682 73961.7621297836
187161213.2539481819 73803.2042074203
190868012.1976349652 82370.4587097168
188523728.4859829545 77959.4940452576
187742907.5490669310 75565.8305292130
187511905.2940325439 74711.4052972794
189943122.2680885494 80853.9158325195
190181177.0456879437 81537.3805847168
178045395.3654524982 25476.7285336932
187412980.2311235368 74627.8643941879
180333531.1979444623 44617.9983086368
189391455.0113422275 80331.2697753906
190684069.3129026592 82235.6020812988
191010179.2127439678 82535.9355773926
190826121.1658543646 82320.8443298340
192331916.0829338729 83216.6997375488
179699501.0428628325 41066.5026421031
182964251.4814932942 55846.8671058230
192216404.7093912959 83135.6064758301
193929045.1442611516 83471.9389038086
178687356.7300974727 32578.2291964935
187666848.5619409382 75491.3356962204
182772344.2342112660 55554.4489483535
182663214.9188448787 55399.9234388880
190620547.6705336273 82035.5295715332
180068381.4436351657 43445.7791230610
178087202.7848837078 26364.1547421893
187656896.3611358106 75237.8783597946
186614363.6225947440 71259.7681403160
186805156.5249558985 72060.1251678467
189199391.7394959331 79992.5969848633
178785477.3921137154 33490.1587619231
179930192.2598379254 42793.8490016690
189477075.4510803521 80451.6204833984
177522228.0984632969 15728.8927773839
177557827.7041873038 17403.2171615517
190088793.9263801873 81063.7356872559
182413112.1218848228 54052.0541342311
190057011.9643206298 80972.2194519043
192241190.7123254538 83155.5508728027
179513659.6660165787 39999.4275230846
182524803.6798015237 54485.5111044459
182585611.4844164252 54621.2778891921
188983212.1534404159 79425.4736328125
192223662.5613330603 83143.7869567871
179912076.8311750591 42777.2723176411
186784411.3144282401 72024.3936400414
187747026.4997270405 75620.6800260544
188545646.5659661293 78065.0764160156
189239944.6197599471 80025.3319091797
178079524.3303155899 26364.0837199880
180003358.3359811306 42931.9189271858
186580514.9128127992 70974.5458006859
190329800.9873928130 81773.7344055176
180248198.2128894925 44148.3531424931
187626630.6336109936 74992.8327126503
191872864.0228990614 83010.2649841309
182705205.4921367764 55478.9610204026
191593762.6689642370 82896.3264465332
178259431.1672269404 27763.5584666546
182451166.2081195116 54376.0886801295
188798720.2280727625 78966.8808898926
180197103.6515698135 43925.7248699149
180330224.4746885002 44608.2848064384
178749900.0862685144 33199.5875949310
180398952.0849392116 44703.1857757385
186571356.4459303319 70791.2536025047
179839004.4130172133 42005.8709892711
180317508.4942393303 44544.7615311077
188829837.6189849973 79028.2265930176
178186697.3016919494 27166.2017304382
178175410.0452980101 27046.5356625995
177543833.9221729338 16763.5182631022
178927222.8642486930 34502.8054688619
183684477.6402342021 59397.5344425517
177627688.4397827089 19092.5278906884
186454855.5958728492 70674.9957118034
187729766.5892854333 75497.9749479294
191324868.8087334335 82663.4945373535
179700740.6993081868 41224.6651024303
179880727.7611561418 42185.3830523422
179742667.3021462560 41776.5013603648
186613613.9378053844 71052.7566771507
187628444.5340226591 75063.7776451111
188040610.0950468779 76598.2354640961
179677381.8105293214 40932.7951888187
177542619.0467926562 16595.3077447383
179682374.6829385757 41000.9917156181
177583715.2857199013 18179.7377839094
188712119.4916782081 78561.4306945801
179672457.0535189509 40875.3868768892
183712118.7978803515 59548.0636097270
187850279.0172127187 76062.5385465622
178055717.6750371754 26134.6060971698
188188880.5255257487 76847.8781127930
190075613.0804885030 81016.4904785156
182502238.8204140663 54376.4438153319
183810191.3109328151 59959.7632862407
188078639.7586021423 76741.9647064209
188567359.9865756035 78292.5985717773
179620223.4580054581 40864.5717949352
183693896.8852615356 59545.3052784282
190310341.9387672544 81710.8826599121
180611323.0930461586 45027.2064516808
186515411.7511816323 70777.0809569359
188321373.7329323888 77521.8287353516
177981945.4587216079 24568.4512098810
178694188.3210267127 32586.9210147308
179617739.4578762650 40266.9901646372
191551570.1794780195 82808.6448669434
177663404.7687379420 19969.1953358786
193790630.9623360336 83381.0348510742
178054292.7569725215 25605.7134274921
179449842.7878758907 39227.1193701482
186471593.6576745808 70751.7635998726
187844546.2464056909 75956.1885099411
179428384.4213242829 39167.5887351787
182411175.8811157942 53853.3766449504
190288821.0919340253 81591.8809204102
177516962.3268358707 15694.4525527699
193887237.5949646533 83381.3600463867
178054094.8880264461 25599.4785087785
190931589.7203547060 82438.3716735840
182091098.0153459907 52545.0452318865
188912148.3805076480 79208.0875549316
178106753.2083146274 26581.0243622741
182114801.2300683260 52678.9911536984
190157208.4512522221 81246.8644409180
178001927.2778964043 25452.2251767596
178695373.2253417969 32602.1534464554
186727225.2435117066 71695.9498054385
186678052.8969592154 71578.5959105492
188904747.4061036706 79171.1741638184
177524083.0802288949 16590.5064146525
193787905.2719044983 83377.8235473633
191116587.8990568519 82548.4700012207
190103756.0289198160 81169.1791381836
180810904.2026435435 46337.3868076618
193163523.0853157043 83359.6043701172
180738866.1519588828 45854.9119541462
179561075.8670276701 40079.5394200083
189722767.4433980584 80703.7465820312
190238600.4790025353 81585.8589172363
178810562.4659338892 33645.2171206818
180619642.2169800401 45331.3223545368
186874819.5650922060 72149.2877593040
192421233.8325142860 83225.8943176270
177574922.5827344358 18090.5547248690
190355067.1032964587 81774.9317932129
184341114.8070446551 61891.6475025493
184435111.8907444179 62434.3640681583
184671548.0998969674 62586.7545582133
184449509.9138573706 62548.0953594524
184963768.7091431916 62651.3300887424
177944630.1887964606 24475.4416273615
188240807.6013116241 77246.2175340652
177965039.4760636687 24539.4599355353
184093479.3962368965 61117.4900928813
183772952.1370973587 59927.6429249126
184046935.3856219351 61086.9819141704
177603232.6077199578 19002.4842902987
188209201.4359261394 76999.5413255692
188257555.1857296228 77263.2723436356
179509616.7408530414 39249.2044770574
180761692.1290508807 45897.7401730831
179513126.1004880965 39414.0806953168
180926034.0488824844 46851.2801974977
180916345.5291074514 46773.8305485363
181080509.4310863018 46859.7109416167
179572605.2538998425 40137.5452611303
183812615.2142481506 60205.5605274516
183743182.4989099205 59850.9658619243
190555832.5202465057 82031.1128234863
180664614.0180907547 45847.2544615979
188873004.5352606773 79060.1670227051
193749945.3871345818 83369.8142700195
189149877.8302424550 79742.3770141602
177930860.0307371616 23687.2636435224
177941825.7025894225 23749.0397589399
189193546.3291065693 79948.0451660156
177926721.0092092454 23569.5996802045
177927287.1034609079 23617.0183385989
188803308.7088366747 78983.9356994629
188924059.0822516680 79223.9465026855
183961095.3485782444 60762.8954273540
177623298.0262387097 19025.6803091211
189109873.8185939789 79587.7058105469
189709506.9657031894 80588.0402221680
177854739.9173378050 22669.2569849683
178796944.6086497009 33589.5182782641
178985821.4102071524 34644.4141776493
182141816.6530452967 52698.6745587401
182279026.2528172135 53464.5142499022
184136389.2392926514 61304.2136761028
182169650.8329988718 52759.6579266600
182390869.1318893433 53801.5468990132
182175300.6732319593 52770.4299717955
182325349.6557856798 53624.7595190816
189540392.7391771674 80479.5947265625
179059733.9153271317 35547.5098333809
184280985.5985068679 61768.6242193393
189682285.9633511901 80552.3360595703
189454287.0190182328 80393.7781372070
177598595.0701251626 18902.3681860907
179089915.1825624108 35939.8447261716
177724624.6567574739 20730.0935971631
177889809.0817584395 23562.6763861371
179091732.3353217840 36101.3700087036
177725896.8883406222 20791.1370778276
177654479.2423008084 19814.3535284294
179015743.7117340863 34738.9936818558
177834629.8000649512 22553.5208686037
179264190.9380229712 37470.2634318325
191716630.3866917193 82914.9156188965
177822779.4300607443 21822.3857248469
183285378.4303044975 57773.2079628076
179195110.9568464756 36935.1183969344
191470024.9039259851 82756.6161804199
191214363.5155967176 82611.7514953613
183436485.0370077193 58448.5228126611
179240300.8539201319 37087.2029765102
177754657.6686803401 20927.0762904329
179307052.1498306394 37811.9296811524
179412441.0062114000 38644.2581328715
179138733.4538539052 36269.2144816372
183571121.2135539055 59053.3484037559
179361505.9322620034 37999.1325419399
184089179.1386997402 61091.1431990939
192408880.1803570688 83220.1998596191
177806263.8830822706 21712.7761958285
177779252.9806509316 21649.3738763971
191254995.9430131614 82621.7948303223
179190527.6856148839 36899.7522318813
179048898.3588506281 35429.2588042399
183319250.8898122311 57839.8865211572
182213227.1076347530 52822.9923910797
183594197.5516962409 59202.7089896825
193619858.6654898226 83363.6160888672
192100609.0555835068 83080.5682678223
179120391.0538363457 36123.7089374515
181556547.3098356426 49487.2325821742
179030983.1127616763 35141.3244197819
181552988.6738191545 49365.7692108974
181722573.8794743717 50200.7337109744
181807624.2181132138 51064.6974895820
181981986.2237781584 51806.4899811074
181756145.0664535463 50459.2884293422
181784091.2659631073 50931.2155838832
181636882.0152745545 50174.9838410243
181629427.0981515050 50153.1115189418
191439993.0600518882 82743.5754089355
191903378.7871002853 83047.5136413574
181683737.6240912676 50191.3945389614
181388132.3760842383 48287.1922455654
181600018.7196697295 49867.3599930629
183810389.7551004887 60114.6381031352
183510176.9252875745 58468.9756935204
181383450.3358377516 48227.9865494594
181347329.2745421827 47347.1743851528
181498711.6976831257 49178.1020127162
178659801.5458097160 31016.6405769128
179039167.6259164512 35180.0086947052
181582898.7672696412 49563.3548123538
181456352.2439365089 49045.6335602626
183524183.1442916691 58711.7563942040
191390543.4887165725 82703.7172546387
183556434.7128846049 58917.5127227868
183352912.2236176431 58144.8892067040
183197576.5681889951 57287.6037870428
183026885.8461804390 56371.8107191107
183122964.7937618792 56673.7884489080
182996821.9603246450 56226.1249757787
183052762.3500790596 56558.4239164373
183148319.2354966700 57131.6484647772
183143263.9398375154 57122.9875150701
178633385.4354669452 29724.2322167527
183117130.2833918333 56638.9116483709
178639764.7470511496 29827.9455346238
178576664.1093397439 28272.3716173727
178603933.4999617934 28511.4098278056
178618955.5323667824 29191.1496501933
184866419.2411026061 62628.2332644314
