189028362.7409954667 79638.8185119629
181105201.1010813713 49238.0693172387
181039119.4302636981 49209.5960088359
177607892.8691336811 19132.5995490892
177915484.3002038002 24296.9581309488
178441126.3212098777 28003.4547153161
180547858.3696541190 46460.9264390214
180949486.6880409420 49014.1225435125
186674308.7089261115 72417.8167943954
186835148.9008107483 73194.1506986618
190967851.8276597857 82475.6686096191
178238196.8163671494 27245.0134006189
178538336.0030155480 28033.8759680024
178110263.0556242168 27091.5251498864
178645390.1249922514 31964.2306954047
189200227.5021670461 80295.1351928711
192452894.3538821340 83316.4731750488
180972143.7371867895 49023.7212916991
181197849.7109313011 49833.3901522445
187168618.4226104915 74331.8178129196
190995864.1299600601 82568.7908630371
178668790.6318700314 32744.7710782184
186970758.7921634018 73448.1039762497
181204286.6815308034 49941.9689114711
180958227.3332782686 49022.4998934554
180347270.3451083004 45708.7778019501
180770576.3220839798 48113.1445351025
187754517.7161701620 75956.9200391769
188701616.9342848063 78817.1121520996
189315012.5048687458 80445.4472045898
189403384.1634998918 80586.5517578125
177739815.1586612165 21705.6876227154
178657625.7646824419 32034.9218289597
180443436.9057923257 46224.3217290236
181759934.1624244750 52132.0680958038
189438020.6451342106 80747.5295410156
177627035.6778343320 19909.6499393327
187168514.4291051924 74132.2364530563
179012754.8345515132 34667.9897254187
189323207.4607757926 80547.1230468750
187364766.2288543284 74934.6829204559
189073917.9335217178 79753.0760879517
191793251.0766850114 83047.5136413574
177646132.3319396377 20071.9574932499
180283670.6919620335 45457.0133392705
186761625.3390567005 72847.7498922348
187054322.9047850668 74036.8528470993
190913180.1525872946 82436.8998107910
180398636.3872456253 45832.0966827763
180712137.9786722064 47464.3674049756
189630693.5531056523 80936.6024169922
190063192.9894510508 81493.8881225586
191048541.4253238440 82645.6713562012
186917944.8992843926 73334.4819822311
187073628.7471792400 74096.6150541306
187873926.0336675048 76337.6184902191
187688383.3827461600 75728.8185472488
190165166.8968501687 81557.9764404297
180911766.5129644573 48486.6322863068
186989659.8623102009 73788.0037565231
191234472.1761924028 82794.2893981934
180899910.3395111859 48413.4604579589
178975371.7069003284 34607.5082336856
180726902.9257483780 47597.3147316357
189157282.3803657293 79989.0882263184
180757493.1233905554 47610.9212990185
189592151.2557582855 80910.4998168945
193423733.0681429803 83377.8235473633
180621104.1652868688 47300.9528541943
191190034.1271839738 82684.7563171387
187234076.8555486500 74546.4450712204
177477270.6538276970 14711.7973752950
181879250.5550876856 52719.5287938347
187060972.0906254351 74048.1724576950
189093321.1059280634 79810.7406768799
178688523.6402558982 32814.8903603187
181906113.2911867499 52736.7345354513
187721745.2714651525 75744.5799074173
188843645.5978679657 79093.7742004395
177667710.8058664799 20782.6469657762
181827507.5267790556 52458.0261062183
181970045.2673169672 52813.9889971356
178853630.5462489426 34485.2612404457
188774855.7423187494 78995.3014831543
177567256.6709455550 18943.1583077355
178706512.7256597579 33241.4419655433
187584477.3402091861 75483.1832532883
180461553.2609699667 46457.2928165986
189854014.0243364573 81222.9748535156
190379747.3402666748 81871.8342590332
177697877.3384880424 20934.6626018925
178695417.3587851226 32971.3705544105
189722756.3643593788 81078.4832153320
178724596.7273444533 33573.3316750160
189774708.4465561509 81079.0733642578
178823510.2169138789 34302.3557743771
189675719.4668914080 81057.4979858398
190195351.2042316198 81643.9161987305
189917533.7716713548 81346.1755371094
187269043.5044653714 74578.0520048141
187655338.0217116177 75631.2739591599
187522194.7756238282 75439.7884168625
178857323.5539811552 34592.9269413693
187471327.7993870676 74984.2004499435
193777855.7210731208 83471.9389038086
180096283.9076291025 44122.9385239823
187309317.0417984426 74806.6137723923
177428946.7493419647 13806.8344082689
179974121.5729544759 43328.1714606960
191655860.4927150011 82956.9347839355
188316912.6644420326 77592.0300292969
178782555.4908291399 33824.1731872141
192194585.3508694172 83199.7785949707
190471742.5015041530 82033.4708557129
177489218.1310778856 14921.4566757809
191394918.3162733912 82915.6897277832
181492806.9477274716 51024.7707511192
179845466.0370278060 42898.0697465171
180090768.9130396247 43989.9606568558
180156269.9285777211 44791.5903794511
177429486.2138524055 13863.6942370850
179995989.5076397657 43552.0217315633
178075999.0559170544 26149.2819696596
179811375.7448755503 42640.0921661336
188997879.9280226231 79427.3287658691
193389374.4637612998 83361.1428222656
191132500.3442507684 82659.5086975098
178038114.7077355981 26120.8172618082
179801267.9377509952 42265.8551971395
190597280.7678324878 82077.2285461426
188662358.1211817861 78673.7489929199
188553326.4613346457 78287.3747253418
180242542.0233251154 44938.5515916242
188818376.7955027819 79039.1767883301
191679531.4102938473 83011.9630432129
177517926.0118378103 15734.1183906514
177458808.6464200318 14702.3607127213
177617886.0274435282 19814.0516357316
189016510.1354656816 79610.3796386719
180153981.2090452909 44254.3078491226
181697668.8875816166 51915.1926940983
193716983.9037419856 83381.0348510742
177959069.7119491398 25208.8876963785
178733888.6225768030 33656.7006436480
179838052.8167770207 42652.0134115486
191377516.4456863105 82847.7029113770
192155439.6794059277 83195.0728454590
180024046.7936451137 43746.1015386213
190081859.6143447161 81535.2484130859
190197738.2924234271 81698.2186889648
181584913.9384337664 51426.1728202443
181546186.9447827041 51326.8133039033
178834300.4117511213 34319.2792050155
178743025.8608435690 33656.7716658494
190407029.5536682010 81959.6605834961
192300921.1135482192 83220.1998596191
188830800.3703795075 79093.1449890137
177501909.0802766085 15704.4212567116
177625953.9183332622 19816.2366735270
180123639.0716911256 44138.8857183088
177677486.0901333690 20798.5041848725
178239997.7642242610 27786.2245412882
190153352.5358211398 81549.9462280273
191565459.3089409173 82918.0463562012
188196680.1386907101 77263.0754699707
179885940.9468457103 43007.8361908872
181367321.3768538237 50449.4753345704
179953722.5227364898 43172.7968259944
180043180.2277008593 43909.5160894025
177683154.0003432333 20807.3345359719
188814222.6791629791 78996.3868103027
181386657.2325906157 50542.9352382874
181193761.8312046826 49664.7013591981
181170691.0192125738 49637.2836536622
190107063.7606122494 81548.3880004883
188261987.4880295396 77429.4326477051
188159980.8707073331 77121.5041236877
179932028.4924403131 43109.2544513537
190918949.5572599471 82474.3674621582
193072084.0747475624 83359.6043701172
188467218.0291913450 78125.2409973145
179738848.9063672423 42085.8780656088
190536582.1676102877 82055.1408691406
177604207.0829691589 19101.8678107156
183662790.6434190869 59496.8626819926
192237671.8619014025 83210.5245666504
177997845.3702440560 25479.3700164041
178082737.2634440660 26373.6631766042
179549745.2319218814 40395.9901598957
179598491.1064672470 40548.8820646037
177584501.2063589096 19020.8688435002
177582060.2115065455 18991.5679678811
177938814.2515706718 24484.9500617763
191988143.8376076818 83143.7869567871
179590815.3511624038 40447.4160001506
179587839.5525370240 40396.1525342692
179528564.7092353702 40186.9974878062
188642686.3020883203 78482.7936706543
190325104.5961656570 81810.8202514648
178257256.0173743367 27902.5282542522
188880092.2417589426 79101.9546813965
182659197.9833172560 55047.0180433802
193022359.3511169553 83358.7109375000
182491517.2951713800 54488.6926034503
179612341.0134409964 41077.9537503947
190814080.0543020666 82370.4587097168
182933261.3746280670 56371.4980350547
177489972.4576337039 14949.6846889263
188712280.2963640690 78860.1188049316
190625963.5842586160 82187.4078369141
182737256.4686992168 55584.9778594784
182739808.4402562976 55629.3292006068
190684069.3129026592 82235.6020812988
182663214.9188448787 55399.9234388880
182413112.1218848228 54052.0541342311
179513659.6660165787 39999.4275230846
188983212.1534404159 79425.4736328125
178079524.3303155899 26364.0837199880
182705205.4921367764 55478.9610204026
182451166.2081195116 54376.0886801295
186571356.4459303319 70791.2536025047
178186697.3016919494 27166.2017304382
177543833.9221729338 16763.5182631022
186454855.5958728492 70674.9957118034
186613613.9378053844 71052.7566771507
188040610.0950468779 76598.2354640961
177542619.0467926562 16595.3077447383
183712118.7978803515 59548.0636097270
187850279.0172127187 76062.5385465622
178055717.6750371754 26134.6060971698
188078639.7586021423 76741.9647064209
183693896.8852615356 59545.3052784282
186515411.7511816323 70777.0809569359
179449842.7878758907 39227.1193701482
186471593.6576745808 70751.7635998726
179428384.4213242829 39167.5887351787
182411175.8811157942 53853.3766449504
188912148.3805076480 79208.0875549316
178106753.2083146274 26581.0243622741
188904747.4061036706 79171.1741638184
177524083.0802288949 16590.5064146525
192421233.8325142860 83225.8943176270
184341114.8070446551 61891.6475025493
184435111.8907444179 62434.3640681583
184671548.0998969674 62586.7545582133
184449509.9138573706 62548.0953594524
184963768.7091431916 62651.3300887424
183772952.1370973587 59927.6429249126
184046935.3856219351 61086.9819141704
179509616.7408530414 39249.2044770574
179513126.1004880965 39414.0806953168
183812615.2142481506 60205.5605274516
183743182.4989099205 59850.9658619243
183961095.3485782444 60762.8954273540
177854739.9173378050 22669.2569849683
182279026.2528172135 53464.5142499022
184136389.2392926514 61304.2136761028
182390869.1318893433 53801.5468990132
182325349.6557856798 53624.7595190816
179059733.9153271317 35547.5098333809
184280985.5985068679 61768.6242193393
177889809.0817584395 23562.6763861371
179091732.3353217840 36101.3700087036
179015743.7117340863 34738.9936818558
177834629.8000649512 22553.5208686037
179264190.9380229712 37470.2634318325
177822779.4300607443 21822.3857248469
179195110.9568464756 36935.1183969344
179240300.8539201319 37087.2029765102
179307052.1498306394 37811.9296811524
179412441.0062114000 38644.2581328715
179138733.4538539052 36269.2144816372
183571121.2135539055 59053.3484037559
179361505.9322620034 37999.1325419399
177806263.8830822706 21712.7761958285
179190527.6856148839 36899.7522318813
179048898.3588506281 35429.2588042399
183319250.8898122311 57839.8865211572
182213227.1076347530 52822.9923910797
183594197.5516962409 59202.7089896825
179120391.0538363457 36123.7089374515
179030983.1127616763 35141.3244197819
183810389.7551004887 60114.6381031352
183510176.9252875745 58468.9756935204
179039167.6259164512 35180.0086947052
183524183.1442916691 58711.7563942040
183556434.7128846049 58917.5127227868
183352912.2236176431 58144.8892067040
183197576.5681889951 57287.6037870428
183122964.7937618792 56673.7884489080
183052762.3500790596 56558.4239164373
183148319.2354966700 57131.6484647772
183143263.9398375154 57122.9875150701
178633385.4354669452 29724.2322167527
183117130.2833918333 56638.9116483709
178639764.7470511496 29827.9455346238
178576664.1093397439 28272.3716173727
178603933.4999617934 28511.4098278056
178618955.5323667824 29191.1496501933
184866419.2411026061 62628.2332644314
