177979305.4573664069 23549.9425483274
180108781.3572294712 42185.7200996692
183588068.8512251973 59056.8187721337
188230950.6518734097 76414.0767803192
189014422.8702040911 79172.0523071289
191581618.3685341775 82772.1631164551
179629495.4468442500 39687.3951110209
179747768.1848112345 40495.0384978618
180167498.1663387418 42200.4501044567
188067809.9468012452 75929.7603130341
189252480.7425396442 79923.8605346680
191162781.4509141743 82515.4000549316
193367821.9608165920 83359.6043701172
180055417.1168238819 41746.0268510993
180325275.2500837147 42286.2470142583
177860433.1382501721 21830.0220087214
179464461.5177312791 38803.8749870624
179872833.4450629056 41273.7905342396
187823538.7910886407 75068.0383739471
188909853.5162317157 78731.0680313110
179849502.4602575004 41033.9493865336
187828397.9500241280 75098.1470623016
191220723.3156979978 82594.1455993652
177946989.7880715728 23417.7554182041
179900828.1003589630 41279.0644988383
183436485.0370077193 58448.5228126611
187298014.5052623749 73373.3918130398
188120378.3220626116 75962.5385112762
188624996.9488155842 77763.7219924927
188752926.2194216251 78229.8438796997
189639137.3687905967 80379.4101562500
190761937.8054392040 82149.0202331543
177845469.5882131755 21773.9611337824
179240300.8539201319 37087.2029765102
179914550.5231495798 41317.9425234462
182133885.2153199017 52467.1713905148
187562604.3833079040 74523.9067859650
187896329.8608283997 75745.5471172333
187839194.5350083709 75112.9023456573
189406101.9474546015 80002.7496948242
179828966.8832030892 40655.8124846782
177866952.3442195952 22361.9348801750
177754657.6686803401 20927.0762904329
179635818.8253501356 39903.5536650981
179954214.1901705265 41399.0767387415
179697670.0002229810 40367.1349334086
189065344.3219412565 79266.9397888184
190951980.3116430342 82385.3740539551
191199832.8672929108 82517.0075378418
179635296.1566629112 39715.8045524920
179683901.4604518712 39918.2266387309
179307052.1498306394 37811.9296811524
179543772.4777553976 38846.1428460891
179556022.0051654279 39556.1876983012
179555797.3860813677 38851.0454368408
179603316.4914571643 39623.2589167173
179412441.0062114000 38644.2581328715
181736521.2741279006 50210.0228348598
181824668.4357942641 51065.0410843715
181736863.2513632476 50216.4805542231
182115703.3605777621 52049.9824200682
187322538.4754062295 73652.3441140652
189552832.6028530300 80248.2374877930
189232100.0059365928 79529.5682754517
179138733.4538539052 36269.2144816372
189445360.7605575621 80146.1128540039
177974861.8799856305 23451.3380943316
178007607.7663520873 24308.3312018293
182203850.3754325509 52705.4565715604
183571121.2135539055 59053.3484037559
181847483.3549850285 51084.1860136762
188987483.8158721030 78912.9574356079
177753992.6353056729 20733.8014215442
183798822.0846457481 59493.3625323850
191835293.7796818316 82982.8646545410
177677438.8874896467 18909.1239248563
177990105.9596942961 24220.3615347709
182172550.1739324331 52698.6745587401
183757199.0951446891 59480.6636768657
191105300.5271280706 82469.1119689941
179361505.9322620034 37999.1325419399
181499718.4619325995 49241.1819535121
184089179.1386997402 61091.1431990939
187695258.4698837996 75042.6688251495
187216101.1745660305 72611.2847573757
187237563.6010966897 72795.9272592068
187527710.8641371727 74390.4509582520
177974435.5744175911 23431.8144966143
177715124.5437784791 20048.4491475715
177897500.5138239861 23278.3262458819
182094596.0208381414 52034.5762747340
188693817.2552595139 77912.9501609802
190933008.6325714886 82288.1629333496
192408880.1803570688 83220.1998596191
177806263.8830822706 21712.7761958285
177881872.0383443236 22561.3034418268
177779252.9806509316 21649.3738763971
177832111.9935969412 21744.2715924609
179517308.7486663461 38824.1382773298
181887062.9765307605 51107.0051709227
182028172.3374840915 52023.2374440245
187320550.9846117496 73427.7314126492
178998735.6932377815 34594.2235079376
178861137.3239327669 33507.9035921661
183928589.1016878486 60226.1450878459
188780489.6250324249 78494.2625503540
189438183.2596291602 80039.5432739258
189382661.9860294759 79942.8703613281
190563078.7613964975 81678.1199035645
187414987.6401068568 73878.0264871120
189105233.0027339458 79399.4160537720
191027951.6818876565 82393.9372863770
191254995.9430131614 82621.7948303223
177726227.9851655066 20732.9825106902
179411396.0799203217 38166.1546977016
183699437.0796037614 59435.6047931987
189514680.3202303648 80152.4223022461
189764320.3309818804 80453.2453002930
189721196.9007827044 80417.4110107422
190283083.3057180941 81092.9815673828
192292451.9025807083 83143.7869567871
179190527.6856148839 36899.7522318813
188713877.8829168677 78044.7637710571
191224537.2774504125 82608.8194274902
179048898.3588506281 35429.2588042399
179172785.4990423918 36277.1510542336
181946642.6595994830 51786.7449933104
187278606.9760012031 73348.8239724636
188614073.1822829843 77683.1412410736
188841600.5078777075 78693.4559097290
182389736.9084530175 52970.1205097958
182274149.9324116707 52889.6173335835
183319250.8898122311 57839.8865211572
190718869.0314875543 82045.9476623535
187117103.7824164629 72306.7973592281
187236693.0683251619 72702.1652200222
190464997.0010945797 81618.2386169434
182213227.1076347530 52822.9923910797
181988162.5225452185 51977.6877681538
181869758.4843998551 51098.8143274412
183594197.5516962409 59202.7089896825
187425808.1827744842 74115.5583474636
191733826.4121138155 82880.8993225098
177693426.1376389563 19821.0534902860
193619858.6654898226 83363.6160888672
181536896.6162151396 49358.6405719146
191843024.4370159805 82997.6954040527
184048586.6901577711 61026.5676685649
188949749.9191624522 78830.7905349731
192100609.0555835068 83080.5682678223
179287890.5604757965 37172.7074320766
179099522.2732178569 35573.6204669926
190821955.4552507102 82185.9809875488
190390707.8771488369 81265.3027954102
179120391.0538363457 36123.7089374515
179114870.4019999504 36001.3492887470
184042878.0092266500 60930.2943531352
181556547.3098356426 49487.2325821742
183898246.2575436831 60219.1538692790
177670352.2435031533 16504.6456495874
178879114.8533600271 33576.3172102685
179030983.1127616763 35141.3244197819
181909205.5909495056 51194.1723541543
181739625.3134467602 50449.1298015937
183850944.9542190731 60176.3115154582
181552988.6738191545 49365.7692108974
183237156.6480547786 57515.6026008691
188838693.2289532423 78606.6386795044
181722573.8794743717 50200.7337109744
187410369.9976519942 73816.3605759144
189177222.1972689629 79433.6570205688
181807624.2181132138 51064.6974895820
181981986.2237781584 51806.4899811074
184023390.4386471510 60848.9063526469
177652772.9281879067 15592.7160841577
183801158.2627114356 59762.6680713969
191748819.4050870240 82926.1133117676
181756145.0664535463 50459.2884293422
189090872.1796128750 79365.0799942017
187389745.3073187470 73755.9375076294
190530012.0574929416 81675.1575622559
190611974.1206334531 81828.6827087402
181784091.2659631073 50931.2155838832
181636882.0152745545 50174.9838410243
181629427.0981515050 50153.1115189418
187629479.9374359846 74667.1615982056
191616607.8822794855 82823.3617858887
194012678.1738303006 83471.9389038086
187886461.1058148146 75136.9666347504
181784054.1905161142 50519.3365207538
183931966.0563208163 60314.8725573237
177669585.2961956859 16401.3397710823
190616420.8479181230 81923.4031066895
191067912.1828327477 82410.6177673340
191439993.0600518882 82743.5754089355
191903378.7871002853 83047.5136413574
192810513.0833631456 83316.4731750488
178956056.9104425609 34451.6422841480
183986842.8875459731 60515.0854412395
183659148.6744975448 59249.4330383617
188146855.0107994676 76010.6974086761
178774267.5378990173 32664.3876448388
184083016.9050691426 61061.8167317475
178698830.4634006023 31693.8811209316
188513935.4788019359 76983.9064331055
178906643.7255974412 33791.5808719996
181683737.6240912676 50191.3945389614
183839758.7043904662 60172.8344532329
190892903.6300539076 82273.5546569824
178760454.5479966700 31836.2968111749
191674408.7723373473 82859.2906799316
178773947.7860251069 32623.6391192193
181388132.3760842383 48287.1922455654
181600018.7196697295 49867.3599930629
183810389.7551004887 60114.6381031352
183510176.9252875745 58468.9756935204
181383450.3358377516 48227.9865494594
181347329.2745421827 47347.1743851528
181498711.6976831257 49178.1020127162
188552278.3203182817 77223.5857086182
178659801.5458097160 31016.6405769128
193928764.4679454863 83381.0348510742
179039167.6259164512 35180.0086947052
193914996.9179294407 83372.1654663086
181582898.7672696412 49563.3548123538
178812773.3885270357 32724.1245222802
191639890.3708413541 82843.3488464355
178949098.5097466707 34425.5928348902
181456352.2439365089 49045.6335602626
183291452.2071329951 57673.9550941552
178850135.8557087183 33417.6685196760
191670887.4303686917 82848.5819396973
191564935.5498243272 82766.5305480957
178833868.2698943019 32738.0574051741
183524183.1442916691 58711.7563942040
190879669.6373512447 82199.8057556152
178761341.5496917367 31895.4607295397
178705068.1365447044 31812.1949568506
178802941.2282234132 32722.2364708784
191390543.4887165725 82703.7172546387
191550667.6379143894 82743.9866638184
190064883.5375815034 80839.9305419922
183556434.7128846049 58917.5127227868
183352912.2236176431 58144.8892067040
182975171.1331718564 56220.5656190893
183009241.4134271741 56321.3577924749
190057781.6799650788 80737.1147460938
183197576.5681889951 57287.6037870428
183026885.8461804390 56371.8107191107
192777378.5306934416 83222.3578186035
183122964.7937618792 56673.7884489080
182996821.9603246450 56226.1249757787
190188485.7230656147 80858.9020996094
188178263.7182969153 76107.1592788696
183052762.3500790596 56558.4239164373
188420521.8805978596 76689.6930236816
190213604.0081786513 80888.6097412109
188396910.5430054367 76564.1502609253
188294027.6721601784 76473.5498275757
190270603.9652232528 80891.2128295898
183148319.2354966700 57131.6484647772
183143263.9398375154 57122.9875150701
178633385.4354669452 29724.2322167527
183117130.2833918333 56638.9116483709
189956945.4079881310 80671.6183471680
178639764.7470511496 29827.9455346238
178576664.1093397439 28272.3716173727
190155311.7846316695 80850.1198730469
178603933.4999617934 28511.4098278056
178618955.5323667824 29191.1496501933
184401164.6363123655 61686.5894627090
180515016.7042952478 42308.3137564595
184511467.4955637455 62034.4502529617
184301204.2398657203 61446.8785862441
184866419.2411026061 62628.2332644314
182458550.6523621380 53289.5428369045
184562986.2117259800 62346.2158474441
184416451.8319767416 61814.1562351699
184356680.7938688993 61650.6553844924
184612045.7309880555 62528.4037946526
184323112.8109115064 61616.4712376113
178561357.9446192384 24316.9394578715
182682080.2495288253 53714.1212845261
182837138.2115783989 54546.5091629441
182754884.8851662576 53744.9942093308
182677495.7487147450 53635.7971805747
182974425.4067060947 54627.9364657815
182821368.0694609582 54220.7828445847
182855074.8772138059 54552.1799350198
182759547.6842033267 53938.2132034714
182650242.1087371409 53634.5795975144
181318568.7814516425 42866.4929192699
181186108.2769763172 42861.0109998779
181162654.8789332509 42732.2363040047
181228943.0614841878 42862.5960318642
181117824.4264363647 42522.5536740767
