51106929.5136554018 476536.2761840820
52881616.1453076974 605077.0415039062
53143483.7167781889 612253.5024414062
50648847.6237861216 343905.8573989868
50859132.9334127307 417901.9769821167
51029697.6806604713 461294.0266571045
52190951.4965225235 565323.6347656250
51139910.3207547218 482126.6905517578
52435408.2554585785 581969.8930664062
50760445.3558286205 401760.9361190796
54335077.2977043539 637225.7783203125
50657337.8177932724 350949.7386932373
52106955.4090619981 561535.8532714844
51071333.4239217564 470460.2266235352
50996700.7659990564 453970.4546508789
54005000.4885919094 630717.1352539062
53760216.1173157692 625874.2836914062
50775928.9006666541 405146.9024734497
51035199.0667886510 465370.7380981445
50684676.4626640752 367022.4557094574
50828859.1295477450 413472.6102218628
51052560.7163903415 468821.1004638672
52597725.5298645720 591756.7512207031
51008261.0983173847 457301.4888305664
53376423.9212361947 618477.5019531250
51411889.1312333941 508300.7366943359
53418079.2790904120 619612.2246093750
54560575.9833767787 640384.8740234375
57670809.9069962353 653760.9301757812
50659272.5921593532 352059.8655242920
53439610.3363598213 620993.9023437500
51023411.9653925672 459460.1566772461
50683952.4788360000 364233.5280971527
51028115.0039203316 461174.6848754883
52445762.3586016819 582334.0908203125
53839718.5721053854 628316.3930664062
58316649.5862815082 655355.7583007812
50699636.6260126606 371661.6495494843
55660558.1008001938 648951.6127929688
50833250.8707352206 417783.0725021362
51122877.7055219412 480058.9859619141
52480273.0291556194 583500.1989746094
53243083.0060852915 613573.0429687500
54951415.9486597553 646373.7250976562
50640226.6069756895 338459.9698257446
50771924.2825184241 404689.6273117065
54863643.3731533065 645427.5239257812
50710689.8201047108 373731.6502895355
52717779.4483961537 596828.0742187500
52935913.7476994544 605802.2968750000
54093106.9931906983 632809.2871093750
50676981.1182784066 361841.9354152679
51449707.0209475383 509607.1136474609
54619265.7732940614 641778.8129882812
54424844.9345997274 639196.5219726562
59644429.5072112605 657840.3940429688
50682111.5754422694 363590.3232631683
50764505.3628749400 403950.2061386108
55601897.9072857574 648717.3989257812
52175231.3314654306 564030.6496582031
53050373.0108354762 609226.3227539062
53089980.0594075024 611150.0874023438
54362837.7414503619 637818.3862304688
50670121.9608144984 361731.5075893402
51159427.9722426459 484155.0948486328
53692877.2129489407 625461.2280273438
58402298.4320029169 655521.6547851562
51856370.4163071141 546705.0012207031
53830920.2250493839 627942.5249023438
54931592.6152192131 646221.5141601562
50653982.7090141028 347430.7593154907
51124311.6895212084 481391.7513427734
54889038.4883257374 645765.6430664062
53022050.9416265339 608473.3305664062
50798761.7007721141 407474.7423095703
52033753.2073402628 558445.5217285156
54016185.9729024991 630970.9267578125
54939668.1968000531 646299.5024414062
56516264.7772184983 651268.8198242188
51861660.4817415178 546974.5898437500
53969343.1539771706 629484.0976562500
53602868.2230756506 624920.3471679688
53774756.5550632104 626547.2265625000
51190206.4372100830 484467.8369750977
58382808.8869265169 655439.6518554688
51221185.7845621631 487536.5524291992
53525883.8856174126 622583.6225585938
53557822.9158209711 623424.0732421875
50681682.7700795829 363189.6588821411
54513030.2803807035 640141.3857421875
52869148.9617856145 604063.9365234375
52880083.6314571202 604718.3540039062
51513598.0041154325 517276.5096435547
55615431.0673383400 648877.3901367188
52143104.9958667681 561618.3469238281
53020953.6745270193 606751.0783691406
53098840.4095480442 611467.0737304688
50807526.2941025048 411768.5617790222
54141522.8491158411 633414.7299804688
51949093.8009748459 552596.9501953125
51842032.4066450819 545511.4453125000
55161771.9430690557 646568.4028320312
51031196.0704360679 464450.2196655273
51112147.6811152101 478586.0742797852
52029329.1702775136 558003.6411132812
50786285.2157872692 405172.2985496521
51212020.4272038043 487108.2327270508
51395374.5934355333 506415.8963623047
51969405.5643778667 553495.7182617188
57297111.0061707273 653198.9008789062
54485622.7878803164 639783.9609375000
51376614.0250621289 506354.2772216797
51035903.4834212363 466059.2151489258
51506282.0739313439 514288.3059082031
52558898.9481543973 587970.6146240234
51110324.4422017410 478350.5064086914
51752001.8888082728 538814.7214355469
52190222.0162202865 565300.4868164062
51376252.7668604180 504073.6035156250
52028896.1422259584 557805.6345214844
50985161.6269715205 445424.2366943359
52485448.0689985529 584367.6455078125
52589495.0217634961 589596.7387695312
51878541.6963677183 548228.3712158203
52321612.2587562203 567142.5678710938
52608686.3442500681 592257.9252929688
54391996.8598798513 638661.8681640625
55245917.5995899066 646811.2045898438
56306901.5295414329 651118.1411132812
50685551.9476394206 370065.7098007202
53517447.5378380194 622171.0620117188
51880783.9841052443 549245.9147949219
58478243.0010691807 655811.9233398438
51995879.2112300918 556542.7604980469
52861036.2478094250 602938.0148925781
51399932.9834285751 506845.1660156250
53158417.5623731688 612522.6735839844
55295617.9453589767 647024.3627929688
50705210.9939736202 373391.4954299927
54919204.4892486408 645962.3657226562
51101327.8142813146 475853.4323120117
50669156.3817146420 359809.4651565552
54656467.0928775966 641791.5336914062
54275262.1944329664 636083.0493164062
54698818.9506703839 643022.5664062500
53531859.4828115404 622954.1826171875
57310641.5165299177 653358.8920898438
54201162.2627880722 634852.0166015625
50669693.1554518119 361180.2534103394
58495480.5093912259 655876.1704101562
53525523.1194188595 622253.0649414062
51885066.7329057381 549435.3532714844
53452548.0118239820 621350.5849609375
53970195.3833051622 629988.7470703125
54987716.2810641304 646444.4135742188
51831157.1692309156 541260.0678710938
54566870.8823299482 640535.5380859375
51338189.2866170704 501435.1630859375
55221580.5063836575 646686.7622070312
53809264.7542158067 627593.9819335938
58410374.0135837570 655599.6430664062
53543790.9376081005 623030.2314453125
52812831.3328574970 601567.9416503906
51356447.6205364466 503907.5625000000
52644261.0748179406 593827.9291992188
50786909.7433595061 406075.7112693787
51469522.3726841509 513128.3278808594
51906608.3183358982 550197.8825683594
53328084.8634478301 617017.2128906250
53434538.0324431285 619791.8232421875
52033412.5955580026 558193.0795898438
52073241.1746761948 560225.2341308594
54819972.6708610579 644718.5053710938
53462726.3891103640 621797.1938476562
52690284.9122976735 594857.1950683594
54078431.4426231980 631673.0332031250
55704484.2149508819 649089.6704101562
56826792.1514404342 651363.9155273438
52999757.4487769455 606377.2102050781
54685756.6437975913 642743.4653320312
53315920.4869072139 616779.5634765625
52071821.2821622863 559866.5466308594
53354766.1242004782 618470.6645507812
54913440.2992455810 645893.2338867188
51334948.5810912997 498975.3933715820
54224150.9348254874 635506.4340820312
54461536.1450918093 639359.9853515625
55502427.6816609651 647668.2749023438
51198528.8011068255 485775.1887207031
51308962.8458604142 498025.0246582031
51350595.3439032882 503161.4133300781
52585400.3716893569 588527.5045166016
54790621.1411276832 644370.3447265625
50931315.8384149820 438864.5376281738
54995342.0628104433 646511.7827148438
51838292.0027596354 541765.9572753906
51850014.2686604559 545730.7457275391
55491660.2563161254 647118.1723632812
52868996.9972097278 603275.4460449219
52820264.9858302623 602044.4133300781
54663883.2435125783 642062.6997070312
52458229.5294258446 582833.0185546875
55507382.9701538235 648203.1166992188
50743217.1484402493 389293.6608695984
52804982.4766768664 601288.8405761719
54171195.1238406897 633568.5771484375
55174803.8507327810 646662.4614257812
51798541.7329880148 540796.9538574219
51207149.8468178362 486000.1894226074
54568894.3151893690 640621.8242187500
53069755.7020972818 609732.8447265625
51244060.6679297313 491867.9861450195
51298896.2912469730 495909.6219482422
51779937.6647947878 539806.1844482422
52513921.5558719933 586392.8981933594
56238743.0232624039 650781.0043945312
50933766.7054827809 439512.1512145996
52657046.4208670259 594283.1779785156
53331112.2359190956 617153.2929687500
58746280.2574717924 655913.1440429688
52845801.8722047284 602597.2277832031
50983613.1227873638 441674.8538055420
53414924.0618097335 619279.9321289062
53946997.2658972815 629092.1445312500
51734541.1850732490 535768.1622314453
54582363.9508333728 640990.6640625000
50712778.6181727946 376348.0658111572
50937460.8265413269 439917.1759338379
53351164.2298636883 618046.8945312500
55528486.3657572344 648540.2534179688
51274058.2786290422 493652.3848876953
51660792.7821828797 529241.7591552734
51236286.4698921666 490470.5197143555
54059884.6816527247 631587.9389648438
50933585.5851671174 439410.6397399902
51749877.1379675940 536305.7681884766
54319621.7265220657 636526.8598632812
50957428.0451280922 440552.7236938477
50967005.8112928122 440597.6288146973
54136496.6022292003 632815.5849609375
57451074.9033972546 653557.4311523438
51764629.4151660502 539067.0150146484
51661276.5310203880 529651.8317871094
52344418.4547252506 569601.1091308594
53286172.5772218108 616121.7749023438
56873862.6716437042 651468.9340820312
51700176.8188043907 530923.2476806641
51671849.6349470615 530489.7531738281
54319236.4905906469 636112.2338867188
51641500.3192937970 528868.9592285156
50983655.8073528185 442561.5426940918
53328954.1936987340 617110.1435546875
50749044.4834293574 391749.0514373779
51633700.4640168175 524813.8762207031
53046259.2123595849 608490.9099121094
51538526.8230157346 518526.9729003906
52394352.2871613950 576386.8942871094
53272482.8617773950 615425.6562500000
51294994.7410764471 495594.6815185547
52380526.2249176875 573050.7042236328
51577797.9891038835 520340.4388427734
51287046.9929427207 495424.3990478516
50714730.1671255603 377601.8415985107
51527950.1905687228 517762.5263671875
53307757.9679486603 616736.2753906250
51279794.4878780618 494980.7225341797
51489513.8088212013 513580.5222167969
51535436.7017972991 518368.2900390625
50733302.9859927669 380449.4506072998
57775050.1843731403 653970.1176757812
51278122.5587201789 494564.9836425781
51441709.8110442534 508826.5151367188
50722334.2376132831 378509.3954162598
56526711.8845111579 651316.6801757812
50724359.5596322492 379276.2607727051
50915091.7006866634 430257.4849548340
50924728.9463325813 431759.2279052734
50755646.5513281897 391979.3350219727
51602826.2306642830 520662.4481201172
51607505.2632264420 521303.7413330078
55988949.9472364336 649234.4331054688
51572230.1570551768 519222.1812744141
50913044.1638565511 428249.8415374756
50925698.7798688859 432081.1770935059
50878589.6527238488 420450.5634918213
57232764.3785089999 651713.0649414062
56729985.2642731667 651330.9750976562
59132091.2601879314 655977.4604492188
57568780.2447529286 653635.4194335938
50902491.5372711644 421960.9539794922
50796926.1964675039 406617.6971282959
50912875.6799031794 424770.1712646484
57942131.1347358450 654033.4233398438
58761115.6902007908 655938.7514648438
56935648.6707006097 651685.4907226562
55991989.2348232716 649280.5825195312
56806001.0071565509 651337.8383789062
56181057.7202675641 649366.7514648438
56178018.4326807261 649321.3588867188
