53336194.1839609593 608004.1171875000
50604643.0785963386 358729.2623001337
50755637.0079285204 426286.0661010742
51022969.8629227728 476579.0496826172
54139421.0158910453 623208.4433593750
50617335.5961136743 367395.6402244568
51447821.1688709185 516220.5117187500
50599256.7472301647 347464.2335662842
50738773.1050493568 423297.3423461914
52184561.3270429224 566992.0427246094
52078647.8883540034 560938.0219726562
51926523.5526944771 550483.6015625000
51999855.7676986456 558234.3164062500
50599370.4340873286 347492.4158706665
53658804.7559094205 617114.1411132812
50764088.9400016069 429742.6343078613
51018198.6940818056 476119.3746948242
50731038.9109693244 422759.1544189453
52110957.0313531235 561320.8183593750
50778890.1442848518 433656.9234619141
50659251.8517482802 394798.3783798218
51306609.8301855847 503816.8466796875
51500887.0062373430 517559.8968505859
54929238.5159979463 636070.4423828125
53860991.0334917530 619836.5673828125
50668680.1809192002 399918.0770187378
52043383.9148310199 559670.6931152344
50646298.7512872890 385484.7820587158
50783118.2304569706 434631.7996215820
53479354.6106307283 613226.1303710938
51553091.5524106771 524182.8620605469
51458462.1377428174 517474.2977294922
51443213.9574665651 515883.1279296875
51730552.3085111529 538468.3554687500
50912020.5245626494 459784.6211547852
50766962.8581537604 433271.2059936523
50965765.3926994279 466784.5784912109
51584016.0003268048 527164.8704833984
51069072.5189303756 480123.8284912109
50720240.9037384167 419787.9488525391
50964481.1846392080 465392.5091552734
51983333.6549118012 556471.2984619141
50581377.8757481501 317404.8350620270
52206985.4737858474 567868.3984375000
50839267.0071643889 447775.1248168945
50588020.7771997750 334824.5069742203
50722117.5086280704 420040.4488830566
53209628.5730521232 604286.7924804688
52380359.4708573744 568681.7177734375
51996045.8725474328 557680.6040039062
55736834.4698879644 641368.1411132812
50697016.0862018019 410302.0316162109
54664452.2803336680 629407.7165527344
50664911.2200618088 397527.3194274902
50846395.9200712144 448649.2054443359
54867133.1895209253 635850.4541015625
50716364.6305458248 419090.4909667969
52780709.8490267247 592479.4089355469
50620239.9291889295 369476.6184005737
50594502.8478272557 344439.2239799500
52896804.0665533617 596209.7954101562
50728140.5013203472 422190.8984375000
55053999.0780013204 638255.4116210938
50737671.4936682880 423144.2238769531
53359690.4743222147 611104.2597656250
50579914.2075883299 311954.4117336273
50614167.6029822007 362093.7506675720
55028126.4917641357 637517.7055664062
50744362.0191674307 425521.9132690430
50600923.9502712265 356464.0707969666
51424915.0775936469 512567.5670166016
51311004.1218726039 504107.5197753906
52990171.4675273001 598727.6711425781
50579292.8097747564 311805.9619503021
51743878.1718361825 538677.2717285156
53057883.9764340892 600806.8886718750
51619179.0605434254 527310.3305664062
50608475.3824141100 360719.5694732666
50856096.4635894820 450923.6011352539
52181355.3716400936 565962.8740234375
51041288.1769705638 478204.8704833984
51561717.0849437490 525793.4739990234
50856020.9064032137 450769.0249023438
51784704.4669046402 540229.8911132812
50902411.7290137634 456324.4044189453
55644887.6683077440 641071.1689453125
50824027.1424614862 444089.3047485352
52145111.9413504750 561963.0632324219
50672704.5050370321 401873.8874816895
54279970.5873639807 624221.5483398438
55433617.1321118325 640670.5556640625
50834984.2583638951 447566.6781005859
50586247.2377258092 331760.1069498062
51030541.6626007631 477159.6616210938
50657571.2539539933 388222.5332260132
50583087.0848892555 318308.2730464935
51694216.3888007477 535234.7951660156
52743317.8326930404 590108.2468261719
54847843.6575989053 634956.8525390625
51866273.1703878269 548196.8818359375
50783814.1916356683 436046.1929321289
50827477.5602723956 445618.3509521484
51714579.5765065029 537362.9262695312
52771005.8781105503 591496.5166015625
53208660.5778135285 603489.5249023438
50637419.9919308499 382321.9696407318
50891456.4727721587 452804.5530395508
51749476.3940029442 539649.6018066406
50590092.9473030940 341188.8891540766
50724528.2984355167 422061.6965332031
50743741.7075613663 424650.0843505859
50599990.6395054609 353011.0154968500
52761526.5686345473 590457.8090820312
50634966.9395262972 380058.6972198486
51427317.1744788364 515425.1357421875
50623078.2041701451 371407.4354305267
52791159.0458672196 592702.4589843750
52918078.2389439195 596310.7709960938
52999027.8154201433 599348.5393066406
50722705.0595220476 421447.7375488281
50643180.0830513909 384543.6663665771
50696776.9538843334 407650.5971908569
51528360.0481761768 523302.4531250000
53133585.3018216416 602795.1269531250
50780501.5194414631 433773.2594604492
51056861.0746763945 479008.2923583984
55488325.6874645874 640986.4472656250
52852973.9564587399 592900.6496582031
51116037.8947848827 486804.8065185547
53462839.0944276080 612537.3198242188
50648544.4718943313 388066.5614547729
52808383.7297594696 592883.0917968750
55160771.4684895352 638471.6420898438
52777537.4256007597 592235.6860351562
50621210.8374878839 371087.9077301025
51890898.2432047352 549466.7189941406
50714837.0965880528 416879.7954940796
53788629.7966869995 619082.8798828125
55280041.3538983986 639044.8671875000
52680577.6949221790 584950.3979492188
51810025.8165602386 544083.6008300781
51828001.6973682716 546284.3784179688
51834765.0221675336 547160.1369628906
50805132.1074628457 437783.6316528320
51830222.5962382853 546472.3520507812
53728505.2068066671 618066.0727539062
54697310.9904865474 632458.6235351562
50822314.8792366609 442116.6408538818
51955628.4606605768 550661.9560546875
50676930.0368515998 404143.1826725006
51374555.8696813732 510439.1976318359
50814628.8208783194 438591.4848327637
50824852.9881350994 444515.3807983398
50595050.5821866989 346095.7325401306
52553560.1031039730 579749.7769775391
52502369.1178950965 574720.2333984375
50597616.1224030554 346383.9444732666
50664713.0060075969 396490.0560989380
51622137.6146985292 527692.0180664062
50576065.7768086717 308477.0718288422
50977145.5989913568 467129.5572509766
50847566.6671810895 448993.1411132812
50904893.1897306889 457392.7760009766
51726095.1522656456 537430.9404296875
50572988.5330689996 299311.7729854584
50821466.2437838241 439492.9053649902
50709301.6954258680 416265.8365097046
52639430.7741408274 584506.7214355469
50591026.2580688670 342892.5477256775
50671090.9707266390 401573.4132251740
50706752.2451795042 413984.0707664490
50596499.8041854501 346136.6526199579
53587892.5704778656 614232.9604492188
56131820.5117241442 642819.1621093750
52441283.6750407666 574238.7763671875
52603462.2605120018 583477.9597167969
51507624.7321469933 520856.7126464844
51632409.7642975748 528605.1999511719
50694351.8172301129 407508.1101913452
50688607.4804863632 406886.1467227936
50594669.0077583343 345025.1446167231
55301999.6555733085 639311.7666015625
51769780.1324143708 539796.1857910156
51815351.4319952875 545676.9760742188
55390455.1323623210 639558.8930664062
53904377.8445110172 620406.9204101562
50657873.3230537996 388926.7765426636
50896008.5906772390 453647.6765136719
51271691.4788393304 499395.2155761719
51252878.2690432742 498781.2565917969
52692032.9334773868 586135.2460937500
51696962.1126719862 535242.4808349609
50691394.9652541876 407223.7374267578
50703831.1956906617 413897.5619449615
50801595.2034662291 437525.2501220703
51642866.0285448432 528797.2637939453
50675106.7979381308 403529.2236881256
50670671.9661544561 400680.3850631714
55270890.8159401491 638874.5273437500
50897461.0589076057 455024.2216796875
53007207.6494195312 599802.9738769531
50666146.1770547628 398862.8139247894
55464769.4977581948 640778.6269531250
51691765.5217329562 535105.4318847656
53620079.8706474155 616275.7460937500
50619254.2905620858 369373.6334800720
51955901.5459337831 550763.3447265625
52686866.9209437519 585422.8120117188
51855952.2568347529 547539.8815917969
51782292.0740102604 539872.9852294922
51522557.8057596236 523129.2226562500
50584561.1046668738 320760.7768993378
51699535.5868374854 536919.2497558594
53417466.8493047133 611697.0683593750
51032546.0879924521 477164.3782958984
55362321.9291207939 639447.2861328125
50665085.5778437108 398454.7192916870
51387502.3284921721 511694.1640625000
50593437.0478763059 343697.5697342157
69099766.2558118105 655938.7514648438
68160886.7341702133 654327.3061523438
69391909.4713751972 657840.3940429688
50628210.3989751115 374285.1062240601
53420883.9357459098 612014.0546875000
51426289.8722699955 514505.8900146484
69068030.2159316242 655077.4770507812
51560623.2652855888 524761.3370361328
53240374.7519057244 606688.4956054688
51110044.9022999704 484645.0098876953
50899037.8163198233 455990.1629638672
52860605.7804509774 593034.8796386719
50663786.5450176597 395797.6121673584
50932499.4999579787 460113.5154418945
50659721.1890007704 394931.8242034912
51395568.0588469356 512035.5607910156
51147832.1978721917 489746.3840332031
50610953.6672719866 361559.2270488739
53264390.9449863732 607825.7348632812
50625404.1098634675 372286.4666290283
50658000.2874703556 393789.4216384888
50659900.0601564050 395587.7982711792
50603334.7400786653 357269.0928055048
53253426.2172572911 607528.2207031250
50951868.5144002438 464412.5014038086
56180145.7686684504 643035.3925781250
51007244.4997326359 473113.3770751953
51671230.1047056094 533188.2780761719
51646761.9632045031 531577.6661376953
51385722.0129797906 511384.8812255859
51239107.9814409688 497163.1730957031
54027156.5705403388 622970.9003906250
50986699.4825891703 467760.1475830078
51360877.2745064795 507343.2652587891
50581126.5667177364 313659.6836376190
51207647.5433403775 492054.4959716797
53901803.9233513176 620269.6259765625
50641370.5526251867 383941.9630966187
52974850.7935395166 598549.2072753906
50583147.3271858990 320720.4255809784
51180534.4137906209 491983.5850830078
50640123.4815097600 382732.9041900635
51102625.2511130422 480988.7567138672
52853394.7007369697 592926.7717285156
52653687.3936897963 584624.9545898438
50636359.3927197978 382002.4419403076
51362274.5788831487 508462.1793212891
52952303.0919418037 597407.6472167969
51137742.1333234757 488744.3881835938
51249402.4363383427 497505.9113769531
51171567.1293678135 491272.2150878906
51171232.3455940560 490482.8499755859
51129135.6191461459 487801.6412353516
51172798.7029172853 491445.4455566406
51062971.3666962907 479393.4799804688
54615906.8845164925 628707.1845703125
51238425.1910525113 496908.9326171875
51130999.2700776085 488151.2062988281
54588204.5861263499 625528.3962402344
50617423.4941349626 367562.8713035583
50995996.4126313105 469584.0886230469
50994207.5868409872 468234.6370391846
50620439.8422363773 369791.6603218317
50605291.2870044634 358877.1261116266
53970715.6380273029 620704.0288085938
50574762.0725429580 301190.7059230804
51002777.4288995862 471941.3352050781
50575896.1185576096 302661.7941226959
50937067.0808173791 460345.1195678711
50616652.4988834634 366266.6238952875
50575639.9101309851 301904.2732515335
50615260.0456899628 364322.8791748285
50580632.5022100136 312476.1492595673
50608407.1673863009 359086.3694778681
50577645.5043401644 309418.0209484100
50575330.5763949901 301786.6878356934
50599730.4041775838 352287.6896606684
50574200.8921984062 300472.2251262665
50579158.8084862530 310874.1505985260
50574849.9705642536 301288.0710659027
50580190.5379262120 312468.7159404755
