69529842.4516298622 655474.7065429688
69628634.1990839690 656598.4604492188
50857321.3564701453 445248.0416259766
51110044.9022999704 484645.0098876953
69391718.7178118080 651110.7924804688
69841977.7199688852 657840.3940429688
50899037.8163198233 455990.1629638672
51906613.3201136738 544282.3889160156
51923341.4335009754 547539.8815917969
52860605.7804509774 593034.8796386719
52729565.1426998377 585424.8918457031
52626083.5425604954 582303.5917968750
55081076.1790332943 636574.0122070312
69230069.8146411180 644114.5227050781
51013063.2069170922 474079.9315795898
50663786.5450176597 395797.6121673584
50932499.4999579787 460113.5154418945
51128597.1731924191 486381.4548339844
50690731.2101274133 401378.3111038208
51708814.9191764668 534255.9153442383
54960865.1266889423 633691.6611328125
51898051.5121046305 544022.4226074219
51775062.9280413240 538331.7861328125
51714697.6927197054 536919.2497558594
50695001.0107090622 407016.3776931763
50671236.1514720619 398305.0018234253
50633193.6048328429 376654.7817322016
51268797.4718040526 499759.4953613281
51457934.9188572988 514694.9890136719
52605500.5775720999 582015.2824707031
53473801.2823739573 612046.6245117188
50697945.3080751896 407476.6550140381
50753865.7859109789 423397.7668914795
50739451.2858907878 420447.2656707764
51709890.0095915720 534671.4389648438
51584187.4296720773 524318.6298828125
52186572.9484913200 560994.5939941406
55185272.5768097416 638471.6420898438
50659721.1890007704 394931.8242034912
51395568.0588469356 512035.5607910156
51888910.0308208540 541946.0043945312
51822085.2646046206 538536.4555664062
53597652.1047736630 613055.5771484375
50673810.4718132466 399390.7607269287
50849500.4195961356 444550.5837402344
52070382.4013494775 557118.7613525391
50677913.8565281183 400248.9560012817
51147832.1978721917 489746.3840332031
50610953.6672719866 361559.2270488739
50945780.5738928691 462864.5765075684
51557749.6039030477 522942.0748291016
50666129.3163196295 397808.4895706177
50847510.3084196672 444401.6273498535
51977713.5862265080 548804.7115478516
52744807.2979241014 587571.7333984375
53264390.9449863732 607825.7348632812
53422274.6917825863 610594.1728515625
53536804.7206241339 612150.3867187500
50835322.3825020343 444230.4980468750
50912588.5357711464 458752.9218139648
51441365.7289479226 514562.6861572266
52370468.6791055128 567407.4798583984
52576144.9112424850 577962.5214843750
50625404.1098634675 372286.4666290283
53368058.2733012885 610218.0771484375
51309895.1125437170 501630.5019531250
50658000.2874703556 393789.4216384888
51591492.7714919001 525700.3889160156
50659900.0601564050 395587.7982711792
50603334.7400786653 357269.0928055048
51267421.4066440314 498519.5445556641
52220894.8940691799 562762.0289306641
51585302.1486441940 525010.5242919922
53210165.5035079643 603346.9638671875
55479646.1110010296 640460.1152343750
50710222.6886236817 409623.3288421631
52744372.8510022238 585705.8395996094
53252772.2423999384 605258.6931152344
53651149.9687609151 614213.1740722656
50623615.4407396838 370253.7077407837
52086850.1749849245 557246.2124023438
53253426.2172572911 607528.2207031250
50923702.3748698905 459242.1494140625
50951868.5144002438 464412.5014038086
51463244.3362380117 515712.5325927734
53079515.1315984204 599257.4589843750
50773709.6730449349 429196.3372001648
50802322.1465279087 434076.3312225342
53153973.9131605253 602130.0371093750
53663721.1218576953 615905.1943359375
51705357.4576540962 534254.9984130859
51516512.1618027538 520562.4454345703
51573482.0034686550 523455.6801757812
52832243.9110266492 591094.7385253906
52941870.3778553009 594571.8923339844
55074073.3431580663 636066.6845703125
50821425.2410244793 436363.4974365234
51595822.5672165081 526194.3560791016
53251417.6772757024 603869.5488281250
56180145.7686684504 643035.3925781250
50733560.3481565937 420040.8438568115
51007244.4997326359 473113.3770751953
51839469.4378091693 539038.7093505859
50596719.2036728188 345316.8544555902
52261535.9696067944 565876.4876708984
51710162.0949019343 534923.8054199219
50789568.9279064387 433454.4841156006
51671230.1047056094 533188.2780761719
53659055.2098264992 615607.6801757812
50719778.5086213350 415267.5648498535
50780870.2670352533 430064.6225891113
50719106.8622051179 414684.5459861755
51646761.9632045031 531577.6661376953
52728202.4077890068 585273.5444335938
51525348.1591143236 522819.9398193359
55050766.1571721509 635440.9833984375
55585839.9529004022 640896.0273437500
53810108.5017197728 618800.9916992188
51890930.4202117845 543713.0935058594
51035910.0327630341 477008.9400634766
50609484.5593800470 360075.6850105524
50768794.8468624353 428669.3976135254
50766072.9959839582 427479.4304428101
51284371.2193710580 500974.2901611328
51385722.0129797906 511384.8812255859
50587517.5927008986 322634.0929269791
52050796.4653065875 554948.8782958984
52230784.8737732768 564599.9166259766
52048288.9666536525 554938.1479492188
50827078.3024222329 439784.3705139160
50919988.0940986201 458840.7257080078
56022725.2784461826 641309.7343750000
51239107.9814409688 497163.1730957031
50579699.5916453078 311573.4260559082
54027156.5705403388 622970.9003906250
50710079.2314650044 407883.9718666077
50767881.8508995846 428213.2600364685
51999099.1337874234 549101.1170654297
50824420.2810339257 437397.9412841797
52056619.2160352394 556008.2691650391
52177404.7399540693 558273.1174316406
52759497.1987717301 588519.2873535156
52118864.7917719260 558059.1008300781
50986699.4825891703 467760.1475830078
51360877.2745064795 507343.2652587891
52177516.1739203706 560272.3531494141
50581126.5667177364 313659.6836376190
51207647.5433403775 492054.4959716797
52196420.8541287929 561419.1622314453
53901803.9233513176 620269.6259765625
53901582.1321019158 619435.3022460938
50641370.5526251867 383941.9630966187
50966391.0698657185 466576.4805908203
52974850.7935395166 598549.2072753906
50598196.1157833785 346077.4584785700
52026010.8337625116 554081.4317626953
50583147.3271858990 320720.4255809784
50577705.6816684827 310332.2677440643
52043956.2193092108 554659.0802001953
52021339.5173507482 553594.4403076172
55322726.1009472460 639252.7612304688
51059044.4284980521 478470.8502197266
51180534.4137906209 491983.5850830078
51385249.4504896700 508760.2292480469
51508156.5244744346 518830.5175781250
50640123.4815097600 382732.9041900635
50713972.2127127424 413125.9768486023
54716415.7670047879 631805.2875976562
50712077.0572181866 410050.3318824768
50635338.6124755517 379801.3480033875
50805409.5806412920 435644.2915649414
51102625.2511130422 480988.7567138672
52014087.0122860894 553150.7637939453
50656855.5504954308 388075.7983245850
52853394.7007369697 592926.7717285156
50591606.2514491901 341780.5666137934
52653687.3936897963 584624.9545898438
51485636.7796345055 517219.9056396484
52002478.8066125214 552154.4915771484
50636359.3927197978 382002.4419403076
51362274.5788831487 508462.1793212891
51867398.3930617943 541786.1533203125
52952303.0919418037 597407.6472167969
52813260.6349540874 590661.9819335938
54902299.5060019493 632689.2299804688
52764843.9596999064 589791.4809570312
51236039.8387640268 492610.4545898438
51859812.6931398809 540718.6237792969
53085472.8052983880 599884.2844238281
55020507.0648147389 635199.0927734375
51910633.2206298038 544468.2891845703
50867627.4124593362 447637.9489135742
51137742.1333234757 488744.3881835938
51249402.4363383427 497505.9113769531
50589832.3647624254 334346.0554214716
50861554.3818234876 445778.0542144775
51877511.9242890328 541813.7187500000
51171567.1293678135 491272.2150878906
50873593.6234599426 448316.6818237305
51171232.3455940560 490482.8499755859
50786543.9084958062 431447.8841247559
51129135.6191461459 487801.6412353516
51172798.7029172853 491445.4455566406
51062971.3666962907 479393.4799804688
54615906.8845164925 628707.1845703125
51238425.1910525113 496908.9326171875
51130999.2700776085 488151.2062988281
51023901.7327017337 476542.9172363281
53766627.9176047742 617714.9931640625
51083389.0805333853 479970.6385498047
51036287.4071194530 477206.0529785156
50631129.1223746389 372573.8339515924
50862122.8856755123 447232.4366455078
50602735.5172010139 355728.2190490961
50875069.3444863111 448423.2106933594
53023125.2811794132 598886.6384277344
53671621.0774585977 616222.1806640625
50638341.3771645501 382101.7767006159
54588204.5861263499 625528.3962402344
51072919.1280863807 479684.1114501953
50617423.4941349626 367562.8713035583
50608739.6608114094 359338.5866676569
51006228.4863230735 472635.3193359375
53463344.9810109735 610688.6347656250
53654803.5787459910 615209.0756835938
54966162.4654539376 635082.2236328125
51124200.1333800331 484709.4037475586
50596304.9595287219 344222.6186355948
50995996.4126313105 469584.0886230469
50994207.5868409872 468234.6370391846
50620439.8422363773 369791.6603218317
52931152.2131587043 593807.6115722656
50605291.2870044634 358877.1261116266
51843455.9747498259 539589.7026367188
50602890.6025471985 355787.4535865784
53970715.6380273029 620704.0288085938
50574762.0725429580 301190.7059230804
50621790.8308682069 369975.9266182184
51002777.4288995862 471941.3352050781
50885838.0104418769 448953.9288330078
50575896.1185576096 302661.7941226959
50726345.0193328038 417007.2501487732
50650935.2660717443 386713.5823898315
50937067.0808173791 460345.1195678711
50619290.8608172312 367882.3990039825
50716278.8307831287 413693.1876220703
55475568.5729608312 639522.5512695312
50616652.4988834634 366266.6238952875
50588600.7705800980 333712.5258623362
53629553.5022569895 613955.3090820312
50646690.5714510456 385669.2779922485
50886308.6862934679 450189.3165893555
50715510.0838176832 413305.1054763794
50575639.9101309851 301904.2732515335
50593912.8695195690 343331.1123291254
50717283.6232916489 414244.4912986755
50725314.6703263596 416718.1598825455
50615260.0456899628 364322.8791748285
50580632.5022100136 312476.1492595673
54890169.7112462595 632307.6132812500
50597658.2340742648 345923.3074808121
50608407.1673863009 359086.3694778681
50577645.5043401644 309418.0209484100
50601503.9436515495 355352.0896850824
54695633.1768492535 628787.8041992188
50576757.5514674187 303308.3548183441
50653255.6974459216 387235.1924972534
50576884.0925788879 303600.8706569672
54949243.3954537436 633234.6855468750
50712955.2325258031 411785.1930241585
50575330.5763949901 301786.6878356934
54579522.8284776509 623213.2380371094
50599730.4041775838 352287.6896606684
50655721.5819057971 387930.2936286926
50575118.9881234691 301721.8313369751
50649217.5600242987 386392.4176940918
50823215.9795004800 436475.5770416260
50820775.9237259105 436031.9005279541
50574200.8921984062 300472.2251262665
52544143.6898644120 572563.9572753906
52539582.4156775028 571169.9628906250
50631352.8247583285 373079.2822494507
52465055.6571111232 570252.0336914062
50579158.8084862530 310874.1505985260
52602911.7747450918 579326.2729492188
52513037.0729812309 570993.9533691406
52461769.9125624448 569085.3857421875
52471334.3905724660 570406.2519531250
52599400.1842807010 578470.7185058594
52447852.8957199156 568773.4809570312
50588354.2058159038 322967.1621456146
52557383.2981534600 572749.7521972656
52399357.4877250046 568436.0498046875
52557384.0287514329 573495.0944824219
50574849.9705642536 301288.0710659027
50630939.3987786397 372382.4235763550
50625165.6424059197 370449.9869995117
50580190.5379262120 312468.7159404755
