41256476.3069310486 39352.0448619584
40916910.2847511023 31264.9655129183
41127479.6034183800 38644.4164934158
43637676.9824211299 74210.6574401855
41114527.9579893649 38582.5787115097
41072717.9053879455 38523.1581907868
44499929.4739376977 82281.0088806152
40992558.0022143126 34868.3314428329
43942400.6882646233 76918.2792797089
41330195.8003176302 42779.6186364889
44139742.8777908832 78604.8600158691
41247393.4373663887 39300.4591341764
44019387.0408204496 78296.9282531738
43722312.9148262218 74277.7524757385
44379068.9834229052 80265.1408691406
41279406.6660626680 42645.4692259431
41256899.8125971109 41161.7837896347
40767902.2946029454 26313.4345573112
44120968.3927317411 78518.4727172852
43695589.3503782377 74275.8165564537
43746688.7532698885 75108.8794555664
44279853.6110834777 79469.0598754883
44225564.8932881281 79305.7575378418
41518664.9835399911 46753.4410661161
44084443.5347338244 78512.1814575195
44259862.6212047711 79459.0855102539
43734710.3562295511 74462.2393951416
41411838.2257644013 43199.0257227793
40769201.8540350422 26371.0944204330
44037930.4274123535 78393.8579711914
43973141.7754806653 77248.0537567139
48016590.1493837833 91047.4047851562
48048808.9217877612 91464.2514648438
40858362.9045392796 30426.7942724824
44405136.5164940059 81525.8826293945
43847301.6729062945 75890.3936456591
41363274.8263520822 43139.5212070802
41041351.8409134522 35061.7212648392
44284084.4748588055 80012.5364379883
43914067.7070084736 76133.9051971436
41350029.9091810212 43139.5133114457
44198676.7842599601 78807.2404785156
44180269.5412400216 78674.8877563477
43934359.9200082049 76398.9347229004
41126623.5945438817 38622.9928007722
41185105.7200668454 39092.4298184291
44524432.3984056115 82440.0908203125
41040804.3863503486 34943.3147831559
44528093.3011806905 82601.9346313477
41049616.7591909170 35362.3755283356
40981882.4111871049 34560.1022863388
44068665.7505300269 78419.6528930664
40843505.2142858282 30287.7487583905
41136043.4406220019 39017.2022762895
41493433.4593147412 45561.1351737976
40673923.9051753208 22143.0531886742
41031528.2856437042 34910.6063719392
41599220.6686162204 47389.5836120248
40953601.9588109329 34500.6817656159
43909287.2120468393 75952.5139350891
40903692.9656937569 31058.0387487411
43634381.5452006385 72399.3170556426
41475353.2220383659 43566.2119295741
40834261.6641411781 27174.9009450013
40661945.5081349760 22142.9612980634
40794073.5506564453 26783.5177907944
41592183.0093957558 47179.8416475318
40765270.9572323412 26276.9230137616
40598218.0374708250 15461.3450855101
40867175.2773798406 30845.8550176620
40605327.3424611464 18069.0738049299
41562016.9801255167 47179.8136405945
40553435.4308794588 14954.1476379503
40604779.8878980428 18032.3009434491
40552321.7822257504 14819.6185200745
41446805.1795854121 43566.2119255066
40561134.1550663188 14955.9646736095
41339599.1960321739 43057.5026054382
40677457.7214153484 22563.2316954434
40561700.3491569161 15254.8019014467
40544211.3215328604 14807.9678395325
41541680.2930061072 46827.2007818222
40981637.1023077890 34509.8944035321
44804934.3813843951 82611.6479492188
40774083.3300729096 26413.2691672966
40688463.2959865853 23052.5899098450
40635213.6660244837 19078.2757087657
40849686.2497557849 30387.5833683759
40754471.2613513172 26265.2723332196
40606332.8090356365 18538.8957204819
40655229.2001231983 19223.1841873014
43616076.7718567550 67407.3221315071
43471070.4410913661 66816.9132950753
40601395.5974020511 18020.6502629071
43266719.5887867659 63157.8123584390
42988300.2847328857 62615.7316603661
43286684.6183304042 64562.4042077661
43339073.5442372262 66737.1006188989
47571001.9541871846 90115.7219238281
40609487.4024626911 18930.2788746888
42847088.0157377571 52682.4875535965
42857546.0172998831 55795.5426073074
40552869.2367888615 14856.3913815552
42484321.0296414122 47677.4558662381
42687176.6035969332 51525.2924918141
42606089.1064170301 48727.4577137437
42481393.0675709173 47654.5585578885
