45089828.8094310686 89026.6352539062
40822913.8737721816 26837.5176945478
45073809.7810607404 87331.9091796875
44555673.4023011476 85413.0335388184
44816675.1375390589 85694.0633239746
44866823.9064072892 87031.7120056152
41038216.8254826218 34973.0925169587
44669637.9046199396 85572.1154785156
41112357.6657387912 38523.1586880668
43799405.0800440237 77209.5424346924
44305695.5680692494 81598.4941711426
44191399.4697453007 81428.9529113770
43932963.6679841429 78577.9580383301
44336158.8864080012 82281.0088806152
43607395.3945612013 70668.5208702087
44396470.4370871335 82440.0908203125
41113297.6400157362 38542.6754427552
43849615.7585281283 77318.2925567627
43894021.4365266412 78296.9282531738
44419425.4350753054 83047.6313781738
43974918.1709746942 78961.3605651855
43707372.6012096331 75829.3359069824
40740921.4016588703 26265.2723332196
41271122.4625877514 41236.0561400056
41237033.9278241023 39513.4445677400
44053926.9126907364 79915.6067199707
41048861.1373031065 35387.2765480746
41323929.0220601708 42779.6186364889
41250633.0343396589 41161.7837896347
41188184.4941588938 39095.4035521150
44545394.2704747543 83899.6873474121
44149542.4595930353 79956.6247062683
41115713.8056663498 38622.9928007722
44170942.5231336653 80007.4541320801
41210139.8756469339 39227.9811888337
40841449.0138180479 30378.3707304597
44176271.5809788182 80445.1675720215
43735437.2688806728 75998.8771667480
44100895.6820410267 79941.4016418457
40670603.4233909771 22191.3848400861
43796520.4811460152 76013.1566619873
40950787.2432597205 34400.8471556306
41265720.3080966473 41171.2941771150
41274386.9518357292 42645.4692259431
41028450.6899906918 34909.5564756989
41290023.6380487010 42704.8897466660
40903766.2476970255 31264.9655129183
41127479.6034183800 38644.4164934158
43637676.9824211299 74210.6574401855
41114527.9579893649 38582.5787115097
41072717.9053879455 38523.1581907868
40992558.0022143126 34868.3314428329
40767902.2946029454 26313.4345573112
43695589.3503782377 74275.8165564537
41518664.9835399911 46753.4410661161
41411838.2257644013 43199.0257227793
40769201.8540350422 26371.0944204330
48016590.1493837833 91047.4047851562
48048808.9217877612 91464.2514648438
40858362.9045392796 30426.7942724824
41363274.8263520822 43139.5212070802
41041351.8409134522 35061.7212648392
41350029.9091810212 43139.5133114457
41185105.7200668454 39092.4298184291
40981882.4111871049 34560.1022863388
41136043.4406220019 39017.2022762895
41493433.4593147412 45561.1351737976
41031528.2856437042 34910.6063719392
41599220.6686162204 47389.5836120248
40953601.9588109329 34500.6817656159
40903692.9656937569 31058.0387487411
43634381.5452006385 72399.3170556426
41475353.2220383659 43566.2119295741
40834261.6641411781 27174.9009450013
40661945.5081349760 22142.9612980634
40794073.5506564453 26783.5177907944
41592183.0093957558 47179.8416475318
40765270.9572323412 26276.9230137616
40598218.0374708250 15461.3450855101
40867175.2773798406 30845.8550176620
40605327.3424611464 18069.0738049299
41562016.9801255167 47179.8136405945
40553435.4308794588 14954.1476379503
40604779.8878980428 18032.3009434491
40552321.7822257504 14819.6185200745
41446805.1795854121 43566.2119255066
40561134.1550663188 14955.9646736095
41339599.1960321739 43057.5026054382
40677457.7214153484 22563.2316954434
40561700.3491569161 15254.8019014467
40544211.3215328604 14807.9678395325
41541680.2930061072 46827.2007818222
40981637.1023077890 34509.8944035321
40774083.3300729096 26413.2691672966
40688463.2959865853 23052.5899098450
40635213.6660244837 19078.2757087657
40849686.2497557849 30387.5833683759
40606332.8090356365 18538.8957204819
40655229.2001231983 19223.1841873014
43471070.4410913661 66816.9132950753
40601395.5974020511 18020.6502629071
43266719.5887867659 63157.8123584390
42988300.2847328857 62615.7316603661
43286684.6183304042 64562.4042077661
43339073.5442372262 66737.1006188989
47571001.9541871846 90115.7219238281
40609487.4024626911 18930.2788746888
42847088.0157377571 52682.4875535965
42857546.0172998831 55795.5426073074
40552869.2367888615 14856.3913815552
42484321.0296414122 47677.4558662381
42687176.6035969332 51525.2924918141
42606089.1064170301 48727.4577137437
42481393.0675709173 47654.5585578885
