41212752.3136482388 72520.3217086792
41135095.9007794037 72494.6817449331
42210978.5609577820 111435.8397248387
41064655.0897361338 65502.0050764717
41080068.8088006377 66480.0944646597
41400155.5840698108 80695.8520090580
44351092.8187997788 164473.9407653809
42364926.1209628284 115738.9336274266
40912639.3295551240 64707.6897454895
42253084.4736857042 111964.0430634618
42046784.0091013685 104978.1843299866
43906253.1797850132 151474.4373931885
44554865.1463522613 168777.0346679688
44652327.9938814193 171804.2031250000
44259499.7017287612 164297.6871490479
42350408.5512954369 113936.3894081116
40812973.8762850985 57022.2393499054
41972376.4444228187 104493.5421180725
42313130.9671975747 112268.1179535985
44538484.3615343273 166439.0429687500
40952008.3109203279 65456.5314128399
42368338.4583979100 118928.7172265053
42048026.4256199375 111171.4543495178
42227838.0160866827 111703.1751670837
42047871.6036922187 105156.8670692444
44232008.1600272804 160561.7218017578
42339006.5630809963 113260.4180259705
41961775.6994662359 104373.8743934631
41559803.2734179124 88602.3492452502
40838854.0115274116 57716.7694926597
44091162.8447619826 159621.5371093750
41585622.3736661971 88722.0169698596
43995147.0293196589 157334.1757202148
42326600.5098100528 112970.5498952866
42177899.4927136675 111176.4123377800
43942688.9236473665 153841.9353027344
42298201.1218258739 112066.5709800720
44611636.1499568149 169069.1601562500
42404767.4209909514 119066.3832650185
44357051.4665194154 166049.7926025391
41853663.3446916640 103304.1186358929
41896760.2717520967 103501.0324821472
41750557.3435948566 96426.9278984070
40688463.2959865853 49264.6885686554
41926349.4750663489 104253.0342534781
42012787.6047322005 104919.3444862366
44355118.3045647368 165375.9476318359
44341928.7709944472 164451.1484680176
40677071.4666217938 42939.4481730796
41620806.5459266603 94705.5126535892
44049907.7073288783 158756.6849365234
42035795.5231592581 104967.4713554382
41574442.1879800260 88684.6813132167
41811992.8505985066 96479.5677511096
41834219.1433818564 103224.5078544617
41669952.9982202649 95479.5399827361
41314377.6192668527 80268.6233052015
44313864.0444271341 164323.1882629395
40862273.4085422382 58942.3868944086
44540658.7219660729 166681.3078613281
41608761.3055580556 89147.8193380237
40936496.0976399630 64737.1309636831
40828398.4618997127 57698.8624114692
40730267.8607034609 49558.4472833313
40627114.6361043155 41653.4741902985
40908214.6568977535 63864.7241495289
40905269.3088206425 58961.9128652252
40720910.9505297169 49410.2997003235
41556368.9150833338 88275.7265828848
41517782.8985956237 88026.1740864515
44609169.3288258091 168820.0659179688
41730997.1259151101 95676.4538289905
41270167.7852799445 79191.9003057480
40772173.9537430331 56087.7312246002
40772785.7628003657 56950.1389642395
40763235.0293923020 50158.5975946784
41587305.7139783055 88971.6737081409
40744475.5914838538 49941.4298503399
40679127.6670895740 48352.5055723824
40685308.7025595307 49192.5881829895
41378699.9924900606 80519.7063791752
41654387.5580779240 94773.4299381971
44448523.1261616424 166316.1323242188
41469817.2963279784 87016.7738190889
40620933.6006343514 41631.4744541086
41808335.4735282660 96442.2320944667
40671834.8636720926 42223.5730844177
41095614.7859751135 71429.9364823103
40656576.1913291067 41733.8064752258
41110980.0791389942 72208.3768536448
41456421.4826523215 86949.4510869980
41419606.6178438738 86947.9618723392
41376820.8081663400 80270.0496408939
41224043.9377776682 72938.3012278080
41416279.8947425336 80802.6243479252
41470178.3550093845 87642.3784200549
41189310.2006879225 72512.5617386103
41272104.2598171458 79215.0686805248
41281060.4702573642 79964.4384202361
41250174.0337092131 79190.4110910892
40606332.8090356365 41435.0374017395
40661945.5081349835 42183.7608489692
41100735.2011452839 71434.3495244980
43848415.1092161015 135896.2591260076
43486086.2822643444 130540.5809033513
43202562.6132052764 126551.6532910466
43478807.9784090295 129329.0828564763
40553035.1251461506 33895.9234090485
43408210.4782203212 127334.6459668279
40732117.9716305435 49941.3116302192
43692895.6016157642 135315.0905840099
40601395.5974020585 34426.2100677192
43902617.2913165316 136022.3902666271
43314436.1173796207 127203.8957226872
43490783.9757342786 133349.2332471013
43176931.5939337537 125602.5174229741
40582496.6803709418 33976.2556939758
40717582.4247162715 49389.0252353586
40579813.5695030466 33967.2985234894
40544211.3215328604 33749.5870061554
40609487.4024626911 41507.1377874054
