42151721.0825489536 110972.3148956299
40772173.9537430331 56087.7312246002
40960715.7383797169 64737.1309636831
44288941.2259441316 160966.1091308594
44329186.7268321663 164323.1882629395
44723554.9952878654 168937.6123046875
40861885.8648095429 57062.6651285328
40890379.5309319645 57850.1368692555
40678559.1456570178 42395.0082269348
41018068.5506265238 64762.7709274292
40772785.7628003657 56950.1389642395
44714971.8644465432 167554.8994140625
41575036.1473023593 88026.9769050479
40763235.0293923020 50158.5975946784
44419764.1798128709 164614.5595703125
41587305.7139783055 88971.6737081409
42188645.6548802927 110982.0586357117
41892714.2398169637 103224.5078544617
44736709.4588687047 171804.2031250000
40744475.5914838538 49941.4298503399
40838733.6925927997 57005.2201461792
41342464.6166463643 80150.3819162846
40679127.6670895740 48352.5055723824
42133907.8696252108 105217.9043731689
41986817.6320408732 104179.9996147156
41018974.2801209614 64931.9523514509
44443471.0353684351 165126.2908935547
41791838.5298519507 96359.9000265002
40886085.5210511908 57698.9806315899
41529016.8890616670 87859.7653382421
40685308.7025595307 49192.5881829895
41080935.9359795600 65177.8266190290
41378699.9924900606 80519.7063791752
41759941.5055576414 95479.5399827361
41654387.5580779240 94773.4299381971
42145409.4244355038 110915.0307638049
44000104.9834173247 153203.7351074219
41984168.1631639674 103760.1334870458
44448523.1261616424 166316.1323242188
41469817.2963279784 87016.7738190889
44249309.6812104508 159887.8768310547
42118813.6399885267 105117.1564483643
40620933.6006343514 41631.4744541086
40942904.8888439089 63676.7987432480
42090362.8299047798 104755.1842030287
42142181.6189736873 105616.8984794617
44093584.8466572911 157441.2731933594
41004947.4037287533 64752.0242508650
44244269.1814158186 159518.5523681641
41808335.4735282660 96442.2320944667
44622201.3350840807 166439.0429687500
42020519.3577111885 104661.3903229833
44122186.1842447445 158716.1643981934
41041392.6913739219 65176.7964724004
40671834.8636720926 42223.5730844177
44445041.5417462066 165375.9476318359
41862301.4688919783 103157.4799825549
44209663.2444855794 158985.8699645996
41537451.2493020371 87907.9326975346
41544122.7809927613 87931.0350495577
41687362.2838602290 95399.9292013049
41095614.7859751135 71429.9364823103
40929574.2681160197 63672.3857010603
41640496.8866567612 94705.5126535892
40656576.1913291067 41733.8064752258
41568992.0378384143 88026.0698446035
41110980.0791389942 72208.3768536448
41086593.1011551917 65491.6397508979
41456421.4826523215 86949.4510869980
41579059.1611246467 88235.1099396944
41575053.9970373660 88172.7060567737
41419606.6178438738 86947.9618723392
42738285.7437650189 117961.6588020325
42882401.0621647984 118656.5419311523
42250532.7186777592 111256.7618370056
42360171.3966964632 112009.2527211905
41376820.8081663400 80270.0496408939
41224043.9377776682 72938.3012278080
40931757.5310190395 63673.8749157190
41416279.8947425336 80802.6243479252
41470178.3550093845 87642.3784200549
41189310.2006879225 72512.5617386103
41272104.2598171458 79215.0686805248
41408391.9225284234 80694.3214315176
40918359.2432079315 58469.5149358511
41281060.4702573642 79964.4384202361
41250174.0337092131 79190.4110910892
40880818.0055895299 57154.6833888926
40606332.8090356365 41435.0374017395
40661945.5081349835 42183.7608489692
41100735.2011452839 71434.3495244980
43848415.1092161015 135896.2591260076
43486086.2822643444 130540.5809033513
43202562.6132052764 126551.6532910466
43478807.9784090295 129329.0828564763
40553035.1251461506 33895.9234090485
43408210.4782203212 127334.6459668279
43913166.6131043732 137181.8866045177
40732117.9716305435 49941.3116302192
43692895.6016157642 135315.0905840099
40601395.5974020585 34426.2100677192
43917018.2832406685 141261.8265458936
43902617.2913165316 136022.3902666271
43314436.1173796207 127203.8957226872
43490783.9757342786 133349.2332471013
43176931.5939337537 125602.5174229741
40582496.6803709418 33976.2556939758
40717582.4247162715 49389.0252353586
40579813.5695030466 33967.2985234894
40544211.3215328604 33749.5870061554
40609487.4024626911 41507.1377874054
40638791.0619927719 41653.4741902985
