41425348.7813430652 86975.5432893038
44041300.7837986350 160010.7874755859
40749191.4029058889 50105.2391757965
41551995.5558001921 88055.1818391085
40754431.5993639678 50158.5975946784
42200213.3084740043 112337.8465912938
41344270.3698069304 80270.0496408939
44249523.5314131975 165375.9476318359
43737319.3535434753 149110.9323120117
41097903.9347664192 72494.6817449331
41553153.8992372900 88451.8722127676
41058696.0591602400 65967.2563958801
42042630.1394488513 110298.6208496094
43787826.5153384209 150602.8610076904
43568051.4130589664 144191.2233676910
43784083.5955245793 149939.5360565186
40676505.2725311965 49192.5881829895
40766604.7273304090 50254.8979063667
41864198.9157009050 103490.4277915955
43661818.2687269598 148917.1522636414
43833155.9546366036 156617.4482879639
44488090.2951694280 166681.3078613281
44386218.3773423433 166439.0429687500
41283223.7936951965 80268.6233052015
44248033.1434088051 164473.9407653809
41152430.2933375910 73214.0821940899
42241018.0306182355 112849.5636558533
41369172.3843708336 80449.9777414799
41078655.0853774473 66536.1699626446
41394936.0104180798 86947.9618723392
44616490.0215764642 171804.2031250000
41044669.1827680320 65663.1815057434
40896684.5340415388 58961.9128652252
42084841.2904283777 111212.6848793030
42290538.2742842808 112970.5498952866
41447836.7078732178 87010.6879400015
42340670.8547696322 119066.3832650185
41393942.5888815075 80754.6918528080
41119418.5058947653 72520.3217086792
41932142.7596143931 104738.0262222290
42299775.4440618455 118929.0051307678
42140156.7573044300 112251.0928993225
44004159.2084313482 157500.1071929932
40912639.3295551240 64707.6897454895
44554865.1463522613 168777.0346679688
40812973.8762850985 57022.2393499054
40952008.3109203279 65456.5314128399
42048026.4256199375 111171.4543495178
44232008.1600272804 160561.7218017578
41559803.2734179124 88602.3492452502
40838854.0115274116 57716.7694926597
41585622.3736661971 88722.0169698596
43995147.0293196589 157334.1757202148
44611636.1499568149 169069.1601562500
44357051.4665194154 166049.7926025391
41853663.3446916640 103304.1186358929
41896760.2717520967 103501.0324821472
41750557.3435948566 96426.9278984070
40688463.2959865853 49264.6885686554
41926349.4750663489 104253.0342534781
42012787.6047322005 104919.3444862366
41620806.5459266603 94705.5126535892
42035795.5231592581 104967.4713554382
41574442.1879800260 88684.6813132167
41811992.8505985066 96479.5677511096
41834219.1433818564 103224.5078544617
41669952.9982202649 95479.5399827361
40862273.4085422382 58942.3868944086
41608761.3055580556 89147.8193380237
40936496.0976399630 64737.1309636831
40828398.4618997127 57698.8624114692
40730267.8607034609 49558.4472833313
40627114.6361043155 41653.4741902985
40908214.6568977535 63864.7241495289
40720910.9505297169 49410.2997003235
41517782.8985956237 88026.1740864515
44609169.3288258091 168820.0659179688
41730997.1259151101 95676.4538289905
41270167.7852799445 79191.9003057480
40772173.9537430331 56087.7312246002
40772785.7628003657 56950.1389642395
41587305.7139783055 88971.6737081409
40744475.5914838538 49941.4298503399
41378699.9924900606 80519.7063791752
41654387.5580779240 94773.4299381971
41469817.2963279784 87016.7738190889
40620933.6006343514 41631.4744541086
41808335.4735282660 96442.2320944667
40671834.8636720926 42223.5730844177
41095614.7859751135 71429.9364823103
40656576.1913291067 41733.8064752258
41470178.3550093845 87642.3784200549
41272104.2598171458 79215.0686805248
41281060.4702573642 79964.4384202361
41250174.0337092131 79190.4110910892
40606332.8090356365 41435.0374017395
40661945.5081349835 42183.7608489692
43486086.2822643444 130540.5809033513
43202562.6132052764 126551.6532910466
43478807.9784090295 129329.0828564763
40553035.1251461506 33895.9234090485
43408210.4782203212 127334.6459668279
40732117.9716305435 49941.3116302192
40601395.5974020585 34426.2100677192
43314436.1173796207 127203.8957226872
43490783.9757342786 133349.2332471013
43176931.5939337537 125602.5174229741
40582496.6803709418 33976.2556939758
40717582.4247162715 49389.0252353586
40579813.5695030466 33967.2985234894
40544211.3215328604 33749.5870061554
40609487.4024626911 41507.1377874054
