41620806.5459266603 94705.5126535892
42210500.0613925755 111171.4543495178
44049907.7073288783 158756.6849365234
42267757.7174771130 111258.5855484009
44440534.1451848447 166049.7926025391
44695722.7475013062 171804.2031250000
42035795.5231592581 104967.4713554382
41574442.1879800260 88684.6813132167
40702231.5360929966 49194.4003507532
40990767.6949403137 64762.7709274292
41811992.8505985066 96479.5677511096
41834219.1433818564 103224.5078544617
41669952.9982202649 95479.5399827361
44680470.3942134529 168891.3886718750
44385090.0347348824 165658.8656005859
41314377.6192668527 80268.6233052015
43947900.5279929489 152385.0976562500
44356859.9447055385 165375.9476318359
40994590.3450355828 65456.5314128399
40710664.2752975896 49264.6885686554
42113348.0680659562 110915.0322888304
40921121.8743721768 64542.1285241842
44313864.0444271341 164323.1882629395
40862273.4085422382 58942.3868944086
44540658.7219660729 166681.3078613281
41608761.3055580556 89147.8193380237
42110720.3815840855 105085.4649079442
41856402.5396042466 103237.0907639861
40936496.0976399630 64737.1309636831
40828398.4618997127 57698.8624114692
40730267.8607034609 49558.4472833313
41409560.4485809505 80695.8520090580
40627114.6361043155 41653.4741902985
40908214.6568977535 63864.7241495289
40905269.3088206425 58961.9128652252
40720910.9505297169 49410.2997003235
42015002.9976462051 104486.7752706409
41556368.9150833338 88275.7265828848
41517782.8985956237 88026.1740864515
44609169.3288258091 168820.0659179688
40929656.2868044451 64707.6897454895
40851794.5045164153 57698.9806315899
41730997.1259151101 95676.4538289905
44011128.3456430733 156630.3672561646
41270167.7852799445 79191.9003057480
42151721.0825489536 110972.3148956299
40772173.9537430331 56087.7312246002
44288941.2259441316 160966.1091308594
40678559.1456570178 42395.0082269348
40772785.7628003657 56950.1389642395
40763235.0293923020 50158.5975946784
41587305.7139783055 88971.6737081409
42188645.6548802927 110982.0586357117
40744475.5914838538 49941.4298503399
40679127.6670895740 48352.5055723824
41986817.6320408732 104179.9996147156
41791838.5298519507 96359.9000265002
40685308.7025595307 49192.5881829895
41378699.9924900606 80519.7063791752
41654387.5580779240 94773.4299381971
44000104.9834173247 153203.7351074219
41984168.1631639674 103760.1334870458
44448523.1261616424 166316.1323242188
41469817.2963279784 87016.7738190889
44249309.6812104508 159887.8768310547
40620933.6006343514 41631.4744541086
44244269.1814158186 159518.5523681641
41808335.4735282660 96442.2320944667
42020519.3577111885 104661.3903229833
40671834.8636720926 42223.5730844177
44209663.2444855794 158985.8699645996
41095614.7859751135 71429.9364823103
40656576.1913291067 41733.8064752258
41110980.0791389942 72208.3768536448
41086593.1011551917 65491.6397508979
41456421.4826523215 86949.4510869980
41419606.6178438738 86947.9618723392
42738285.7437650189 117961.6588020325
42882401.0621647984 118656.5419311523
42250532.7186777592 111256.7618370056
42360171.3966964632 112009.2527211905
41376820.8081663400 80270.0496408939
41224043.9377776682 72938.3012278080
41416279.8947425336 80802.6243479252
41470178.3550093845 87642.3784200549
41189310.2006879225 72512.5617386103
41272104.2598171458 79215.0686805248
41408391.9225284234 80694.3214315176
41281060.4702573642 79964.4384202361
41250174.0337092131 79190.4110910892
40606332.8090356365 41435.0374017395
40661945.5081349835 42183.7608489692
41100735.2011452839 71434.3495244980
43848415.1092161015 135896.2591260076
43486086.2822643444 130540.5809033513
43202562.6132052764 126551.6532910466
43478807.9784090295 129329.0828564763
40553035.1251461506 33895.9234090485
43408210.4782203212 127334.6459668279
43913166.6131043732 137181.8866045177
40732117.9716305435 49941.3116302192
43692895.6016157642 135315.0905840099
40601395.5974020585 34426.2100677192
43917018.2832406685 141261.8265458936
43902617.2913165316 136022.3902666271
43314436.1173796207 127203.8957226872
43490783.9757342786 133349.2332471013
43176931.5939337537 125602.5174229741
40582496.6803709418 33976.2556939758
40717582.4247162715 49389.0252353586
40579813.5695030466 33967.2985234894
40544211.3215328604 33749.5870061554
40609487.4024626911 41507.1377874054
