152529663.4767933488 455.0540882481
161645834.7904086411 1012.5198834278
165366463.7076075971 1168.8386984670
179130879.5959579945 1590.9032630920
182734326.7026671767 1612.5692291260
156648512.4307447970 771.2289200242
154955835.4959339797 643.6777025429
154243614.2754127383 601.8463016194
154433334.7620166838 620.1493316857
164472503.8042287529 1129.6720997148
181775715.7018436193 1607.6505918503
166357302.5028487146 1205.1223221801
177470246.0774504244 1563.5186443329
183397268.0413371027 1615.6767063141
151684797.6055426300 310.6914901481
164611132.7749636173 1144.3406959825
178782000.1834570467 1585.5067749023
165335116.7139651179 1168.4026237928
165481724.8207978606 1170.5919286774
177683843.8535413146 1568.8589506149
151864972.6013029516 351.3840214189
165116560.7623684704 1161.5228448684
151758855.5353657305 334.6764556720
156455517.6500135958 763.0879439309
165643928.4366369247 1181.4067293868
156537533.0500383675 767.5658463114
151628046.6990250051 303.5710845899
157730168.3868821859 832.3639490452
158516466.4341887236 876.5498794498
178775874.4247393906 1585.4464426041
166039774.0989241004 1192.9257157601
151663747.2158729434 306.8260065019
152359347.8530054986 442.8804950964
152181021.0688625872 408.0473998456
152450168.3589063585 447.3944107015
159636354.7749551535 928.8966426927
160951235.4375294745 992.7205835152
177182598.2683356106 1556.6309223175
178831599.6461738944 1586.9719076157
159413656.2731501460 923.7004385072
165605853.9341382980 1177.6393883635
173738573.1643101275 1456.3357041478
165676006.1640133560 1182.6828611623
165606832.6540618837 1181.0129563675
151525538.3765502572 228.7150610554
153952752.7986373007 579.3027028944
159795675.7596208751 936.7613630718
165520594.5617149770 1173.6494417749
182668758.2518897355 1612.0067892075
182942725.8853700459 1614.7421722412
155997189.7342995703 730.2046139975
159478555.2201265395 926.0228786099
161177942.2967749834 1003.9777415022
152385148.2133580446 443.2758439670
155802015.7570560873 714.7135731538
159857207.3452450335 939.7150678494
166731962.5561241508 1207.6064309441
154169649.3571430743 596.9978504341
165843208.8326852024 1190.6383868239
156107597.0338298380 741.8067716237
152397051.2519161999 443.3236347205
156128202.5288305283 743.7783007167
157015880.4410571754 794.5633634055
178291850.0841096044 1579.9625053406
166198652.0455099940 1198.5685895023
178315271.5893552899 1580.4027843475
165770278.6495510340 1186.8521774387
177860962.3959463239 1571.8746786118
173602611.7294829786 1452.9462685585
178548362.5731373131 1583.7952985764
178351593.5592518747 1581.8624715805
183400995.3898575902 1615.9789810181
160828490.0497677922 983.6125534177
161377082.0080956221 1010.3621305116
177582089.9456764460 1567.6537151337
152262668.1165255308 431.7190033329
177538647.4616495967 1564.3075065613
177627048.0962837934 1568.7182149887
177937072.4083066881 1574.2549934387
173975153.6933641732 1467.0380814075
176795838.6271428764 1545.6665835381
178121873.7067673802 1578.0190639496
178498182.1847757697 1582.2854261398
165554956.2333172858 1177.6392487026
177989924.5068733692 1576.4850025177
157099449.5816781819 795.5203942355
173672450.5701435506 1455.2156517506
177386312.8993447423 1559.2651109695
177964662.9591562450 1575.9397563934
160393967.6172539592 969.1126486561
152352168.5316671133 436.8179549094
152506088.0715467334 451.7847731767
157682254.9664783776 829.2141891751
164261851.0578950942 1127.2926940452
152217303.8737486601 424.1552197825
156285479.7586347759 752.5290453822
181158739.6075292528 1606.7446670532
164997367.0122788250 1155.6578468484
180719352.8680856228 1605.4399280548
180719649.4957970679 1606.0082321167
151593977.9693772495 246.1931567049
152851811.0978859067 485.0981536462
173449725.0089956224 1450.1473407745
156318872.2599322200 753.8389620380
176479710.4621037841 1535.8542997837
151592465.9868063629 245.7758610327
182881523.4559280872 1613.1950216293
162708417.4190101326 1057.5382831914
173785328.2853917181 1460.1563663483
176286980.2353463471 1520.3492235541
163348521.9141806066 1087.8821428248
164534218.1200282276 1139.4119604062
151519898.1762809455 226.0043536272
151597235.3465219438 248.7489039959
157675519.5159394741 827.2673075746
151732096.9237751961 332.3427349629
152736854.2228308916 470.4741347490
159390576.0561402142 923.2840118486
180123369.2989215553 1595.0871114731
152559816.6189340353 461.2538692322
156920982.7943429053 782.4726665987
163043508.6250828803 1078.8275936150
173355037.8740320504 1446.2432124615
151606131.3846609592 282.8470626605
156379144.0245161653 756.0736325834
173312810.4729032815 1442.7052564621
156277993.2832579315 752.1195236832
172969924.4864397943 1432.8948045373
151641009.8033431768 305.0558155558
162725465.3205644190 1065.9928318930
151553080.2617015541 245.4022797655
156430832.2778509557 759.5006420028
157168157.7781290114 798.9835723855
160340571.8577364385 966.4459403111
151967314.3507850170 367.7361825081
152411800.9419443011 443.3238051943
173336022.2448854148 1444.3735730648
155957361.5955711007 726.8308631550
151807662.3775199056 340.8219860111
155459153.7885732353 685.2802535330
155490140.4037445784 686.9947836213
176764809.8388496339 1543.4303045273
159267568.3877969086 912.2099680727
176575104.3538208306 1539.6075921059
176697411.9956808984 1540.8244986534
151651504.4116714001 305.8001025679
155662140.1640944779 702.1289447536
156810314.3337638974 779.8666528765
153088407.3021350801 504.6372727540
158953400.1826798320 901.1460264677
157111576.5411093235 795.9477529284
161137513.6768748462 995.2761330721
153000519.7093902230 499.9249312583
156694437.8794076145 776.1965030243
176342283.6424664557 1532.6489834785
159867985.7124217749 943.9355642377
176391294.3592331707 1533.8145508766
182191246.6998411715 1611.7468519211
156676525.4450240731 775.1905970363
156693737.2274777293 775.6887947709
159475772.2352297604 923.7573441671
176314329.9756273925 1528.0642724037
173282705.5725179017 1442.5684195012
181816848.3359576762 1608.9146766663
152247997.4705425203 428.3470878962
173228497.2516568005 1441.8682928532
180449002.6668713391 1601.7675943375
152311466.8742633164 435.1127577292
172681236.0171746314 1421.0778674893
161304592.7658538818 1006.3101228481
180556708.0253749192 1603.0289611816
182172480.5648441613 1611.7139596939
162292845.4152810276 1043.7742902615
164922658.5618455708 1151.9482249400
172874642.2656266391 1427.8454835862
158705875.8923301399 886.5771085037
162051564.2738373578 1034.2340504375
162332603.2113310099 1049.7387358618
182832858.2829796672 1613.0025653839
160334141.8319952488 959.0117931167
172587110.5478552282 1411.2324604243
152546321.5946415663 455.4905152119
180511754.4641381502 1602.2240428925
152519679.6112175286 455.0143065156
179748382.5084592104 1595.0445070267
180529774.6415188313 1602.4444389343
161400073.4813942313 1011.2508324177
162433450.2108842432 1051.9626239238
153208255.3326157928 516.9463497404
159138856.6954133511 907.2323779225
151602403.5335515440 259.6874836520
151822787.9933243394 345.5637641225
151708914.6435748339 326.3317457613
173110700.3454433978 1437.9040275067
173047526.7132944167 1435.1839440316
162466038.8278262615 1052.6059221083
152728486.2762382627 468.4405116687
162466129.7705162168 1053.7760733070
159055580.1807102263 903.6810980201
180200948.6316357851 1597.5799703598
153859288.3234044611 571.5218315293
162175447.3327298760 1043.0591132117
155573723.8814879060 700.3879061258
158282183.9154169559 865.4403358133
153811096.8924615085 565.7361370467
163873738.5419827402 1100.2821089441
155930684.8708874881 723.8057534058
153559238.2232272029 541.4950137838
154373283.0145048797 606.8883521945
155909555.6186613142 723.0250135320
164018087.1783022583 1117.5494885857
153798672.1260950267 565.0022100240
158614990.0188353658 883.7762318015
152765053.7118856013 475.2642863730
180170696.3600179255 1596.8615226746
151829271.1015135050 347.0006632590
180171265.6400992572 1597.1521387100
179614942.3440189362 1592.1673917770
152495025.8445732296 451.5292787886
154425393.6530102193 612.3470792618
154090786.1440786421 588.9162521210
153793017.4090960324 564.8893832507
155400742.9036336839 679.8536578810
174463958.7531408966 1476.7951509953
158747061.4300527275 888.5105839981
163650187.2306185067 1099.3440051381
157846767.7322705984 841.4804493273
152976851.8148542345 493.8713477564
163630702.2203303277 1098.0686456719
157944151.6235946715 846.8540336353
175330110.2129721940 1493.9639558792
152105518.6022860706 389.2139137033
163600138.0810363591 1093.6638459573
163418735.5903745294 1089.3794662515
153830497.9464946389 566.7998155239
155170486.0905861855 662.0928773922
163730112.2962227166 1100.0536105493
174930959.4252177179 1487.8859548569
174139917.7245352566 1467.7689157873
163601013.6527654529 1094.3687040368
157901675.3553046584 845.4043875945
155110010.5947284997 660.9001247084
161735194.5031258464 1023.2280365631
162846635.8814666569 1069.2034149105
174897557.0241034925 1484.8676402904
158254534.3255543709 864.3918309344
162496368.5991048515 1055.1366329128
174701282.0997886360 1480.6760966480
151906463.8791465759 363.7083271519
152981242.6166506708 498.8164376896
153268400.6335148215 522.3952771033
153285389.8996689916 522.8760763239
158026559.9127074480 850.3410363689
174767885.7634837329 1483.4066133499
155403039.7870241404 684.2352096235
157554349.5598202050 824.2762615302
174457666.6785726845 1476.3696758449
153489357.3676678538 540.2797554239
174681772.5485375226 1479.3251011074
161372731.1262961626 1009.0882078661
158061520.1259789169 851.1142087474
175050393.0265527666 1488.9444818497
161483068.5748808682 1011.7292337520
174613511.5618304312 1478.6601073742
153582771.0235458314 545.6543279629
152007049.7694289088 383.1076525720
155282278.0993642807 670.3713003429
157368198.0948067605 812.1531219294
157516087.9664323628 821.4953047058
157504609.4283821583 821.2655550262
160206294.4674235582 952.8493953561
175178877.0376475155 1492.1153101921
174912731.9782916009 1486.3477849960
151986729.7815693021 368.4843547653
160661979.8954395950 974.3695174059
155071854.8694793284 658.6169925910
154900850.8692933917 638.0705260664
160615383.9779194295 974.2062513446
176149481.0114910901 1511.6936173439
153429056.2200520337 533.8047653105
160248701.5291984081 956.6224399423
175654593.8917359412 1501.8740200996
152114480.0573726296 391.7715337914
176092770.1887594163 1505.2239298820
175611656.7474834025 1499.5761826038
175803937.9180306494 1504.3321504593
154737304.2645173073 632.2704788899
175409533.3035009801 1496.7308607101
154913397.5042486191 643.6475347666
154737027.4447748661 627.5877661964
154410640.5606005192 608.9353939748
168086332.4827066958 1236.2412493326
168090428.1948719323 1239.2150339582
168261385.2693729699 1242.6043764184
168062474.3053366840 1235.2277748086
168438898.1187542379 1249.9195482828
168086314.6377952993 1235.5944930779
167753564.3487958014 1230.3808965184
167346539.9850192666 1212.4385706880
167351402.2451735139 1212.8776752409
