152977165.3074889779 440.9990359210
153274972.9978520274 456.3972156960
176428817.5713855326 1463.8220235109
176474892.9368914664 1475.2043687105
177733176.2800934613 1504.0548276901
179597421.2693416178 1523.8957376480
179599367.2827818692 1530.1086959839
184375641.6174451113 1561.3612241745
155420120.2847504318 616.1048726652
152639470.3238797188 391.4441974413
153026699.9488250315 443.8664389085
153400134.7539887726 472.5506974812
153497140.3593566120 473.6499222722
155204853.0292381346 612.5352333410
157155543.3369096220 728.4609645989
157713288.8775934577 761.3079065830
158574258.7791740298 801.8344611002
161822306.2598853707 940.0101790761
161919790.9118983746 952.8849166951
167999070.2681698501 1187.2166889102
167623387.7213168442 1176.1613650026
167852450.8686194718 1182.5027781765
167623043.7575158775 1173.5483776182
167349380.1455154121 1167.8823939602
167271143.5503024161 1163.9218144526
177123356.4727171957 1486.3227863312
178657556.8823505342 1514.5701999664
184561320.3283565044 1566.0979719162
184129128.6504421830 1560.6430177689
152305440.5855897665 304.0262664043
152456695.2872904241 365.7009758976
153239107.3908044398 452.5434681009
155128054.2725498676 606.5675354416
154837958.6781754792 582.8964732120
158775612.4681718946 805.8336623235
158713015.3619768023 805.5635778753
158592218.4572925270 802.7137716876
158478132.2559770048 797.8267967519
162421196.7568730712 972.3029524407
166790565.9603164494 1144.2468425622
167558630.9634287655 1167.9824398846
167066036.8667658269 1149.1434038967
167151950.2623378932 1152.6399962464
178340477.1910475791 1510.7156629562
177110797.6245616972 1482.4579217434
180003972.0506539047 1530.4328413010
184422982.2310734987 1561.4570398331
184460342.4006252289 1564.6011819839
167701072.2072032988 1177.9595009205
178635986.6461497843 1512.5291595459
152402895.7044033408 363.6867894295
152422973.0954939425 364.1364311975
152806002.3662863970 424.1700163546
153021855.9204942584 441.1427526785
154863554.5603264868 582.9947134937
154798820.9768393636 574.8955670709
157139302.8732754290 723.7273830801
161523184.5809049010 928.9887300825
167289475.7259040177 1164.7309609741
168651408.6772823036 1205.5980331011
178075131.7238576710 1509.3501548767
168482777.4312366545 1197.8065518860
152720669.8645328581 417.5467681923
152913583.0822294652 433.5501477519
157672444.5756659806 758.6046650770
168111199.8782954514 1191.9133758106
168563049.9057174623 1202.1616880011
167923749.2269721925 1185.3491944827
167590408.5479270518 1170.9283102991
167150881.0133006275 1152.4040983813
152473660.1691036820 369.5589596023
152658527.8472657502 409.7461976661
153178844.1073900759 452.3798927720
153632148.0068157017 476.4325940067
155049116.0577928722 594.3874500500
154611924.4899365902 567.3616902431
157387776.5294504464 747.9386667397
158089294.4944538176 782.2284929601
162845985.5994722247 981.8622151099
166981826.7437422574 1147.0293144556
176421798.1889003515 1463.7321964502
176211662.0894479752 1457.7375466228
177462326.3513766825 1496.1778635979
177345809.0797125399 1493.0590922832
177643699.8508997262 1503.2257871628
177248120.9592917264 1489.7023433447
185282198.7071423531 1566.5251388550
154865019.9390469491 583.0835864732
154800507.3814236522 582.8949108536
152437152.0544286668 364.3640033241
152516706.2093583941 386.7877470133
152826617.7666745186 426.6228368755
153118971.7451483905 452.1904412862
153201421.3833395243 452.4010611654
152843268.9135100842 428.8553563710
154484602.0795001984 559.6478902431
158339661.4882188737 790.6761955326
157958408.2807803452 774.4205236237
162408983.0234313607 971.6693114948
162794607.8444176316 980.7964274010
185257077.8684189320 1566.3112239838
152384563.5288017392 363.4526620981
152640926.7212092578 404.5949042312
154947300.2535646260 584.9995019610
152641353.9347728491 404.8165312515
152648368.9645493329 405.4879670621
152513765.6094093025 382.1528821469
152384249.6734572351 361.1954092168
154332175.4342773557 543.3296305502
154082177.5315975845 521.5323482047
157225430.7613520026 730.3467445334
157934859.6473873258 774.1299812581
158070008.8837478161 778.3068394072
162930085.0300082266 992.2558260376
181112125.3642588556 1537.9103784561
181584242.4565057456 1538.7033348083
154428558.4555580318 552.4009886974
154545855.5829987526 563.6043076392
154450618.0816617608 553.9931115302
162669934.0880598128 979.2391860368
176145988.7738928795 1456.0284640789
180213865.3075137436 1532.1992654800
179872729.0156200230 1530.3171138763
180131411.2299602926 1532.0040760040
152383968.6916719377 345.2621752603
158311729.9438326955 790.4999481865
157828561.8572084606 769.6623195713
162311326.9075109065 969.0530668816
178412654.7921281755 1511.3891644478
178849375.9126870930 1515.2924158573
180579965.7935021818 1536.4126863480
183723426.9017293453 1554.7804384232
175868148.2710827887 1430.1876076851
178343173.8901619613 1510.7165832520
154394727.3038911223 551.0649529331
154244293.7630533278 542.4341970522
161484485.1099079847 928.3250431453
161688921.0365456939 934.8637973389
162585296.4459650815 973.3096772751
177274211.7131834328 1490.5410182476
177213541.6086412370 1488.7341914177
176919565.9716021121 1479.7248034477
179413705.3057009876 1523.3664743900
180637330.7088178098 1536.9541463852
152280124.4057110548 289.4066694885
152288341.8849062622 291.4264657631
176884871.0256201923 1476.8940125704
178869423.3595537841 1518.4615223408
179239688.0736242831 1523.0523378849
181203039.0002696216 1538.2628002167
152300307.7015252411 292.4213574454
177322796.1610414088 1492.8815457821
180677267.2636095583 1537.5293331146
180288807.5182379782 1534.4648752213
154526391.0360385776 559.6882895896
162601835.5727331638 978.8360530606
154203513.3421870470 539.7419787118
154145095.6164966226 522.4329197531
157548343.5794853568 753.3636328727
162304904.6837784052 968.5838100633
162306937.2077047527 969.0006338677
162189752.1087262332 959.6576686778
168960247.3491837680 1210.9951452195
183948625.2231118083 1556.2054090500
155560388.0791004002 625.3354461943
157529586.4883725643 752.6091627045
157767200.2947950959 764.0977301607
157272151.0411157012 731.8761184811
162438530.3536912799 972.3332780621
176987123.4790837467 1482.2354977354
183624106.3250346780 1553.2241377831
154196682.5302957892 524.6720271450
158217295.5210740566 787.4345282043
154021908.7124830484 520.4114229804
155977864.2994619012 640.9145233380
157779761.6147387326 767.2385512788
162169385.5451317132 958.7287746061
179174207.0438456833 1519.6485798359
179218800.4406279624 1522.1209633350
157181216.8900930583 729.4449319119
153984105.8804436624 512.9828149435
155910339.1182806194 640.8118997999
157226051.5814524293 731.6507638173
157454897.6520776749 750.1243037921
157635050.4141371846 758.1383372123
153915358.9834085107 511.9591497602
155892579.8086071312 640.0936489511
155471827.6958006024 617.4605149264
155422513.4424014390 617.2282085987
157329612.6594310999 737.9411276365
161840237.8103767037 950.6084887108
162538273.3938907683 972.4034559227
168806129.1871814430 1208.9720487996
156783524.1551691294 700.8637586002
157003904.6737556458 717.0290141030
156927273.9411417842 704.4623712751
161581357.6377485394 934.4357510802
161174079.5144527555 915.3315512171
161828209.2512520850 947.9458396492
161329775.6669642627 926.7104007002
154192318.8413166106 524.0276475145
160766067.1425412595 902.6358086866
168817800.6045474112 1209.2760498454
169044073.3465786278 1214.2152095963
160725699.2439354062 896.0898906158
161006402.9109437466 906.4052723108
161317361.6831744909 923.5604466338
168349964.1680410206 1197.1576812694
156585859.9338538647 683.7508341302
160652533.1910333633 892.1060001169
156828347.7843917608 704.2850358450
156689191.7401987016 684.9999954630
156972910.2973463833 711.6281362699
182507430.2609590590 1545.9482851028
182136763.8438687027 1540.5067653656
156386000.1266585886 664.8104044294
156537313.7992966175 683.5048685004
160460906.2831610143 878.9129810012
156475519.9397321641 676.3235437609
176020048.3442385495 1434.6054787636
182185436.2686962783 1543.1485424042
161517147.2351190448 928.5578583719
161090979.9163391292 911.4899796488
156195852.0252182484 656.2080153961
160069826.0061854124 850.6050583343
160530978.1150584817 880.2425424995
175978383.7452636063 1430.8457088470
176000050.3033130467 1431.0998667479
182579529.9199955761 1547.1015567780
175834040.2224777639 1429.3679366261
183244409.5209452808 1549.3226737976
156484974.3611648679 676.7304361446
156112604.0382957458 653.3824542403
182812699.0601778924 1548.3981065750
183311716.4118105471 1549.4755735397
156383247.8182433844 663.9951524106
160196891.7514544725 868.0311758411
183351638.5174262822 1551.6532077789
156272465.5975046754 662.8179339040
156367948.6920174062 663.1692902489
166446728.2927647531 1108.4916880476
153774473.5859096050 477.3830318393
160569513.3017062247 885.5760342046
166685174.8304071724 1126.2330302368
182523932.7997917831 1546.9949998856
182979377.6617824137 1549.0300025940
153855465.6157521307 478.5755561847
153790118.2491640449 477.6607293352
166609626.3878974617 1119.0913647810
166527211.9054388106 1108.9994980419
156306546.4305341542 662.8508602504
159975261.2848445773 845.0709620591
182670138.0686911643 1547.4258556366
160134915.0137799680 858.9451604958
160063724.4599861801 849.2377037103
159903500.9234218597 841.5809327697
159854274.2296457887 840.1801914626
160016253.6515584290 849.1902825262
166350669.6581386030 1103.8325632432
166258087.9870889485 1099.6647891358
160003443.7303211689 846.7574732592
159725624.5230515897 832.6723248672
159697664.3287004232 832.2543217551
159396272.8574690223 812.2285752555
159394071.3544887006 807.3714864277
159244006.6382079422 807.2665784382
159318469.4906662405 807.3553572193
165195008.0722629130 1048.2347240911
165367509.7902811170 1057.0718082675
165210739.3493302763 1050.4116641206
165764907.6729872525 1070.5267059514
174501733.4068228900 1353.9482528120
165634185.5582137406 1067.6557292210
165839905.2366349399 1071.8259031484
165384582.3359163702 1058.0012599153
165876727.3650625646 1076.8553068349
174338456.3160518110 1349.7674403340
174756577.8267549574 1360.3290549964
174381479.0408781469 1349.9516764581
174455330.2248667181 1352.1954006553
174643097.3290235102 1360.0889320523
174336867.7601952851 1337.7303694040
174857442.4874867499 1363.0110581666
165075959.6601818502 1027.4105814258
165066804.8755053282 1026.7790703161
164893374.2617559433 1013.0670282229
164622227.6621015072 1000.2945560447
164695792.6450242996 1008.0452999456
164680005.3087460399 1001.8706296499
164418838.2333519459 995.7605196872
164547960.2519161701 997.5763938709
164353909.8528316617 993.5357139392
175787245.6745332181 1381.7481361181
175772986.4186773002 1381.2496405393
175573395.3652679026 1378.1679440290
175470485.9202272594 1377.2352658063
175724985.6432123482 1379.8167425990
174306459.0635797381 1270.8447384625
174251949.9180954099 1264.2977770548
174058868.2922441959 1258.3880062085
