158078141.0412006676 834.7440605192
158063169.7931852937 831.9811108533
158113986.8941738009 836.6618794295
163062828.4507392943 1061.2447662242
165022993.7110636532 1144.3879919037
174290728.2012727559 1464.1985248623
173834518.0623241961 1440.5192439331
173956933.3071857989 1452.2004868051
173914339.4960356653 1444.9342679044
175294338.9654929340 1487.7173221111
174519950.5063085854 1470.6949493885
174697747.1998662055 1470.8734409809
174720725.1033181250 1479.3758108616
178809674.3680963218 1562.5073853731
180368688.2891823053 1586.6927242279
186458606.1925149560 1609.1694240570
173522356.2900799215 1432.2595661526
173783123.7827186286 1440.4078756829
173733193.1046743095 1437.6835364362
174038363.7300072014 1458.9187695046
179106106.4240243435 1571.9504518509
152171108.4149152339 406.1483385887
152644840.6171142161 447.1034251765
163178120.4749731719 1068.7942311279
179038360.4622707963 1567.9192614555
152313905.3872649670 415.1312457209
157413417.9073631763 807.6114761170
158995295.7659415901 891.0896248791
164046721.7312804461 1103.3137107380
175131969.8506312072 1486.9637267590
180657191.2182745636 1588.5804309845
186622342.0566959381 1609.1717233658
175462851.2282491624 1491.5470681190
179015367.7659274042 1565.2923972607
179400773.3691414297 1575.2989339828
179379170.6364689469 1573.5694780350
180125126.2480640709 1581.1040124893
151694325.4074279666 303.2586402444
152524648.4050613344 433.1482582975
152620216.8611969352 445.1218848929
178761460.9810730517 1560.6392202377
151704242.4852427542 303.5815533748
152658546.8935866654 453.5882373556
175608014.3756860495 1491.7717869282
186131853.1377331614 1606.1518888474
159430752.1173703671 904.1648880364
180646402.1638784707 1588.5320129395
152755975.8441950977 454.8153675204
175338623.1410981119 1489.2233159542
178154177.3710218370 1548.6907867193
178749309.0339322388 1558.9307308197
178726659.8145675063 1558.7832360268
151647914.7261147499 264.3488752209
152051787.5374539495 378.3447124872
152062680.5645618439 381.1374856854
152232742.1289670467 407.9170351953
152690717.6171088219 454.7230948811
174971544.7906943262 1482.9573132992
178542866.8547232449 1554.8231468201
180514767.4733545184 1587.0074472427
157291526.0808497965 795.3564687975
164944307.9663476646 1139.6633295327
178672251.5810111761 1556.8949527740
159141797.9252988994 898.5488219495
175010835.4238145649 1483.6782255173
152649451.8916482329 447.3138544500
157262100.4815326035 785.1784913846
163904057.1323800087 1101.4150004424
174917494.5740726888 1480.4161517620
180995317.9852405190 1589.5522356033
152689365.3047488034 454.6317786579
152541739.1977467537 441.0349843494
151644903.3188113868 264.3413816887
152394600.1360954642 431.2966937428
152181396.8728342950 406.7605223389
151690627.5056619942 302.8223402831
164763990.1478431523 1135.6632510930
157335265.7395392060 799.2953927930
179950702.5696676075 1579.8217468262
180554872.1181707680 1587.8274869919
151664446.2529916465 268.7928203979
153875560.4721139073 553.3592963198
165341006.8416473269 1157.8619394362
176986670.8077703118 1519.1988337040
163748531.0275978744 1096.6470710859
163032103.8201992512 1061.1007118709
163936040.6847557127 1101.5716121863
186374689.0755638480 1607.6826982498
153062753.2260096073 498.5054536808
181554078.1965273023 1590.1854639053
186203272.2896072865 1607.3090877533
152849604.8470563591 468.0901218147
154737027.4447748661 627.5877661964
151754465.7776097953 311.5464461204
154410640.5606005192 608.9353939748
157428869.6397947669 807.6416843320
159046783.9079480469 892.6347299415
163486556.5168688595 1085.5325287841
163438682.6597850621 1084.4127511135
157706929.6797899604 820.1408738979
163296206.3263721466 1074.6728327759
164401226.9709286988 1123.6872653714
185739510.6520316601 1605.3487968445
154901842.0885353088 637.8995952248
176751780.7663782835 1514.0584089756
177398772.5820909739 1526.5432729721
179672340.0095120668 1575.5393562317
185383596.1998466849 1603.9173994064
173873186.0113470256 1442.6712892652
154394196.2187230885 600.6681239014
165700285.3386244774 1169.0340639663
158118766.6822339296 850.0117764220
185509547.5270463824 1604.1958026886
151825065.8837345839 331.1218791401
154781400.9104619622 631.7334945223
158213471.1363148093 854.7605371374
158560924.8829394281 868.5205829878
158671267.9295844436 874.9915861090
179887827.6810855567 1579.7554636002
152910268.3713616133 475.3368205681
157612576.2603880763 816.0327122480
158240745.0077940226 855.7415893812
164525283.6156351268 1127.2341570489
157686334.6607875824 820.0827611991
158352142.0176640153 858.9163131126
165969411.1348907948 1174.3850410044
160286551.7912586331 945.6665049111
152091482.7765777111 385.4735576045
153017708.8880261183 486.1596874645
163341753.2400108874 1082.2776425369
164675495.9001838863 1132.8159589241
155120828.4855324030 655.0141979754
157750910.6622678339 824.5712986299
154005669.3953591883 573.6364610922
155139948.7940462530 657.0720867324
157543799.1003038585 815.6994667359
165468519.8746415377 1160.8641938030
180256095.5302872956 1583.6966962814
185007069.3976832032 1600.1297140121
184930709.1033632159 1598.8213291168
152916546.1091767251 478.7576349813
165540551.8169565797 1162.2710319817
158843351.2243985236 883.6824820059
164344259.4862830639 1120.2074594270
160010893.0220152736 929.4054406898
160082009.3566227853 934.9222338217
185245559.8376494646 1602.4517841339
185376977.9009077549 1602.8007583618
159783857.1877664626 926.6003353613
151713885.5874538720 307.7867942249
152956801.8577916026 479.6113438263
153369813.7932913899 522.4879360857
155470587.1406143308 677.9583077602
155399303.6741290092 672.6755562477
157770430.6074432433 828.0504645624
159603580.0353252888 913.1534512060
159717608.0757433772 916.2420452077
165422424.6733269095 1160.1733204186
155656228.5262913704 678.3883051617
165590318.4371020198 1166.3851155102
175709186.2091084421 1494.1248924732
159777974.3320368230 919.0502269285
159266903.5640166104 903.0232851522
159263884.1896817982 902.5191487609
157823039.5646388531 831.2033923756
159251161.3785448074 901.3626667648
165458958.1775000393 1160.2014685928
185776553.8206174970 1606.0137357712
156047075.3059479892 713.7799404613
157051544.4803119600 777.7019394342
151946702.2382888794 363.7444458595
155022137.1094766855 649.1355900936
178449508.7739003301 1548.8582572937
154831539.4111458063 633.6833467843
165852271.3921863735 1172.7774391345
154755601.3376756907 631.2881379299
154130706.1762816012 583.9389217614
156541990.0902542174 746.3423753507
164092330.7466465533 1112.3342561196
177365406.0809214115 1524.9438760281
155934945.0790403783 694.3245586921
163816681.0935171545 1100.4172219480
161330244.1821008027 988.7422927096
152105764.3496356308 388.6143567494
154124768.3889255226 578.9675319093
163583378.6690646708 1087.0497872653
152138740.2333202362 390.8105874760
152312425.1807650030 411.9127713320
153894092.4637790024 568.6686959587
156153372.3323274851 720.7008357770
176181736.7910962701 1504.2805261612
155978187.5527754128 707.8987631626
175955941.3631088436 1498.0012359619
153192617.9842900932 505.8107167293
157039042.8328847289 776.3742063869
152263596.7444815338 410.6506399132
154590229.0778853297 617.2794538736
182684131.3214763999 1590.4680242538
153119376.9209999144 501.9206884306
151787536.2853179872 315.0789978441
154229146.5130411088 592.2296349540
177495082.6821988523 1528.6053798199
184481344.0464607179 1591.3345532417
164900970.2534762621 1138.4215011507
184840709.5100108385 1597.5157260895
153280211.5030424595 510.6674548846
182471342.0064356327 1590.2837667465
165148393.0748310983 1146.1180782665
164961608.7525190711 1140.2155891716
164792536.7589828968 1137.1809352696
164084036.3592793345 1105.2646049085
163811104.8039075732 1100.1984988796
163796541.8358196020 1099.8784023347
164368928.3409951925 1120.9910203618
164357902.6230041385 1120.8216398853
177437331.5257132351 1527.3560833931
151846672.1836175323 334.0363245655
157022051.7425074577 773.6991728536
161257695.5508601069 987.7782953084
177243287.5336214602 1524.4454617500
176988854.2489723265 1521.0619246960
151817190.0372046530 328.2900311050
156851307.8678436875 764.5210889877
156688976.1691966355 754.2017309552
157150410.1488426030 778.0560399013
161382040.2114300132 991.5583508685
154209170.1638347208 591.7278715307
157270196.3245110810 792.0731292706
162200984.6314735413 1028.7693416998
161895329.1942062974 1014.1356814578
157154896.9788467884 783.7868554782
152022080.1996879578 368.6457705017
162243317.2336370945 1031.5299047753
156627396.4855549932 752.9775028005
156757959.9424282610 754.9017802745
176963565.0716816485 1518.3526985645
151892455.8768177629 347.8639702151
163304537.3651755452 1074.9060837477
151976928.3890261054 364.2714771898
156243887.6761869192 727.9092141248
167416086.2768123746 1219.5155718424
153683511.9363216758 544.8873936044
162227860.3587442935 1031.5056404546
162651086.4954851270 1049.4337268460
161571966.9149796665 1001.6388991550
161553221.1490023434 998.9432607368
153836105.9149418771 552.8191007785
161877087.0569189191 1013.9747918323
151810974.5547901988 328.2823397197
153339595.6328549087 518.1163685267
153735193.2578692436 549.1327214426
161643912.8272573948 1007.7736304477
153805933.2314823568 551.8548505331
161204462.1844113171 984.1989463940
156447776.8211626709 740.1188280601
176615594.7049384415 1512.9474794865
162764926.1388785839 1050.2202888057
162630854.6029618979 1048.8071286008
156360362.2412591875 736.8857986860
168106470.3851443231 1240.7972762086
162393118.6573030353 1033.3461819366
163127569.3980017304 1067.8112938041
168086332.4827066958 1236.2412493326
168090428.1948719323 1239.2150339582
153693705.4799643159 544.9361803606
154037716.3004896641 574.4427029832
168261385.2693729699 1242.6043764184
168062474.3053366840 1235.2277748086
162528817.5240090191 1041.5816508321
168438898.1187542379 1249.9195482828
168086314.6377952993 1235.5944930779
167753564.3487958014 1230.3808965184
162448880.6814439297 1039.4569574418
162401965.3310235441 1036.4733194909
167150586.7676604092 1203.9352665624
167070108.6132450402 1203.1003684157
153879525.3205484152 561.6599077756
176802649.4414418638 1516.7700102329
167208564.1388981640 1204.6450700261
153523896.0572689772 525.5495310687
153629524.1125953496 544.5329532809
176475729.7678906024 1507.5920360088
176429356.4809671342 1506.9977388382
177676014.3236513436 1530.4241280556
152803057.6229555011 456.7598460690
167346539.9850192666 1212.4385706880
166775682.3109770715 1194.5903326967
166662137.1163251102 1189.2574934234
167351402.2451735139 1212.8776752409
166461155.3674840331 1178.2620950100
177833833.5980986059 1532.2075071335
177716792.4098732173 1530.9253091812
166772865.1205421090 1189.9874233222
166601295.0205098689 1183.5615607631
166417141.2199758291 1177.5328833452
155944539.4313027561 699.3520852924
155846679.2910605669 692.2238593726
155752651.5682234764 682.7674427569
155728902.7539874017 681.4013212025
