155727702.1423869133 700.5153332963
156098202.4678591788 728.4347180372
159946689.4347297847 944.0578568111
176803778.5285777152 1539.9818401337
177157133.2652957141 1544.9863514900
181816848.3359576762 1608.9146766663
159447925.3971018493 923.5740398573
152247997.4705425203 428.3470878962
173228497.2516568005 1441.8682928532
180449002.6668713391 1601.7675943375
152270679.8966088295 430.6455226014
155902528.7430332303 722.6380605124
152298137.6358080208 431.0544204597
152311466.8742633164 435.1127577292
172681236.0171746314 1421.0778674893
156027372.1388500929 727.2746127921
177928322.5685660243 1566.0150680542
155870372.2210501730 719.5045076752
181082840.1847928464 1603.2398862839
154042115.3564264774 583.2778091906
159369833.1047768891 912.6222296957
161304592.7658538818 1006.3101228481
177856043.9660850763 1565.0302047729
173343836.4356254637 1443.1289782375
182433240.5271742046 1612.1691808701
180556708.0253749192 1603.0289611816
182172480.5648441613 1611.7139596939
156262527.3191453218 745.0236096496
156455642.6516375840 753.6788138725
158099825.1688579917 854.1285785605
178007883.4207506180 1567.6635351181
162292845.4152810276 1043.7742902615
165144483.1342361569 1158.6994920690
164922658.5618455708 1151.9482249400
172874642.2656266391 1427.8454835862
173346655.6651539505 1444.2970081642
182956775.7542762458 1613.6224117279
158705875.8923301399 886.5771085037
151667636.3933531344 305.5775995870
165584846.1916715205 1170.5515539035
152858151.3804069459 478.4279970827
156555198.1361729801 762.8180493902
165767155.9265347719 1176.8415882103
162051564.2738373578 1034.2340504375
162332603.2113310099 1049.7387358618
182832858.2829796672 1613.0025653839
160334141.8319952488 959.0117931167
172587110.5478552282 1411.2324604243
151660669.6235292554 305.4476022549
151850936.3021448255 349.7731850795
152546321.5946415663 455.4905152119
151740576.9004744887 327.0730300092
153784033.5778810084 561.5610777124
177919563.6219035983 1565.7606878281
180511754.4641381502 1602.2240428925
152519679.6112175286 455.0143065156
155851853.4631814063 712.7056327718
158591504.6600727737 879.0553967369
176547720.4038972259 1533.4823319912
178165768.7636468112 1572.2721753120
179685786.2404100001 1593.0480670929
179748382.5084592104 1595.0445070267
151552364.4138360023 225.3374614579
177959144.1312521100 1567.1461439133
180529774.6415188313 1602.4444389343
164651847.0383631587 1142.2184514441
177828029.5374070704 1564.2550170422
152170626.0523243845 394.2171106170
172987521.9490163624 1428.4047189206
176675197.1483123004 1537.6343858242
161582307.6392681897 1013.8655143404
161400073.4813942313 1011.2508324177
158151341.5591594875 858.9274944449
164610055.8879747689 1139.1339984760
173014383.0123141706 1429.2369736619
162433450.2108842432 1051.9626239238
179376801.5555164516 1588.9208288193
158409684.3553469181 867.7657921961
151812062.9119578004 340.5446388145
153208255.3326157928 516.9463497404
156132837.8935641050 738.0825571248
164683499.6953286529 1142.5421307255
176633645.3003685176 1537.1198608875
176808260.2048367560 1543.5160493851
153790007.1568485498 561.8654422043
165302490.4427567124 1163.3477954138
174450427.2403478324 1474.5477001667
177191285.3967215717 1554.6368489265
159138856.6954133511 907.2323779225
157950102.9284783602 848.6418289115
159317212.1107687652 912.0923791289
151602403.5335515440 259.6874836520
164585134.5783012509 1138.8943080679
173362961.5478547513 1444.6676754802
177568831.2521736324 1561.0542435646
178022343.4160873890 1570.0647172928
151822787.9933243394 345.5637641225
152697113.8199899793 466.2948333642
156112074.8949206769 730.2149694995
177424017.9463049471 1558.0101780891
151708914.6435748339 326.3317457613
164649328.6764719486 1142.0087928046
177397882.6262070835 1556.3991570473
177519898.3142279088 1560.9051041603
156678158.9090721309 768.4043792730
173110700.3454433978 1437.9040275067
151635128.5599977374 262.2058163267
173047526.7132944167 1435.1839440316
156509826.4462712705 759.1467897960
162466038.8278262615 1052.6059221083
158315063.7896137238 866.3267320467
153723375.8819400668 559.9007126792
156188263.8117639720 742.0807255543
152728486.2762382627 468.4405116687
152885377.8555526137 478.9539516498
173339706.2583560050 1442.6305990666
173788129.8632452786 1458.9323257972
162466129.7705162168 1053.7760733070
158953568.9253097475 898.8545761651
159055580.1807102263 903.6810980201
155785456.3595198691 711.0927800459
180200948.6316357851 1597.5799703598
155744841.1895383298 706.2226812150
164817419.7142129838 1146.3434559053
151675610.5828448534 306.1989781031
153584277.3399597406 548.1876706341
153859288.3234044611 571.5218315293
155559726.7923706174 685.1974436955
162175447.3327298760 1043.0591132117
155573723.8814879060 700.3879061258
158215535.6573301852 863.2420235885
158498286.0096358061 874.4645247599
158282183.9154169559 865.4403358133
153811096.8924615085 565.7361370467
178672265.9837933481 1580.3387689590
163873738.5419827402 1100.2821089441
155930684.8708874881 723.8057534058
153559238.2232272029 541.4950137838
154373283.0145048797 606.8883521945
155909555.6186613142 723.0250135320
164018087.1783022583 1117.5494885857
181447860.7811475992 1604.6799402237
181573016.1787111163 1606.0396194458
153798672.1260950267 565.0022100240
154202635.3394932747 593.2125994347
154545748.6320299506 612.4240093991
158614990.0188353658 883.7762318015
173427267.4349984229 1445.3578867465
152743807.6641436219 469.0095309806
151653005.6078275740 285.7137173048
152765053.7118856013 475.2642863730
151590081.0401843488 230.3230194203
179490575.1460480988 1590.8260345459
186524013.1502997875 1613.6236810684
178913696.3917511404 1583.5264110565
178849164.7736063004 1582.5718402863
180170696.3600179255 1596.8615226746
151829271.1015135050 347.0006632590
151660319.7410764396 301.8935416818
152623239.7205348611 459.5942766368
152608177.0376739502 457.7282922936
178637302.7331472933 1578.9763202667
180171265.6400992572 1597.1521387100
178515278.0218579173 1576.9103193283
179614942.3440189362 1592.1673917770
151641154.2782180607 285.2814886651
152479635.5937562287 446.6548989556
152395455.6331981719 441.4819537400
178269003.9351589680 1572.8413505554
178360910.7474380136 1575.8649606705
174564261.9740516245 1478.1776812077
152366623.5960251093 438.1741494287
152495025.8445732296 451.5292787886
154425393.6530102193 612.3470792618
154090786.1440786421 588.9162521210
153793017.4090960324 564.8893832507
155400742.9036336839 679.8536578810
174463958.7531408966 1476.7951509953
179176933.3850384653 1584.9754133224
158747061.4300527275 888.5105839981
163650187.2306185067 1099.3440051381
157846767.7322705984 841.4804493273
153045629.4522120059 499.5890786679
151593715.5806753635 243.3918923875
152976851.8148542345 493.8713477564
163630702.2203303277 1098.0686456719
165754035.2119611502 1173.0364735186
151967456.6769087017 364.8358376307
157944151.6235946715 846.8540336353
175330110.2129721940 1493.9639558792
152105518.6022860706 389.2139137033
163600138.0810363591 1093.6638459573
163418735.5903745294 1089.3794662515
153830497.9464946389 566.7998155239
155170486.0905861855 662.0928773922
163730112.2962227166 1100.0536105493
174930959.4252177179 1487.8859548569
174201544.0126720369 1468.8403320760
174139917.7245352566 1467.7689157873
163601013.6527654529 1094.3687040368
163227951.9546637833 1082.4644195000
157901675.3553046584 845.4043875945
163416260.2581233084 1086.3431884432
163139861.1465539038 1077.1911652125
160965308.0559759736 992.2683324614
153023460.3048757315 499.5571910047
155110010.5947284997 660.9001247084
160362691.6111693680 961.2770726122
163135851.6815308928 1073.6750588948
161735194.5031258464 1023.2280365631
162846635.8814666569 1069.2034149105
174897557.0241034925 1484.8676402904
152904485.4981697500 484.2339440452
158254534.3255543709 864.3918309344
162496368.5991048515 1055.1366329128
174701282.0997886360 1480.6760966480
151906463.8791465759 363.7083271519
152981242.6166506708 498.8164376896
153268400.6335148215 522.3952771033
153285389.8996689916 522.8760763239
158026559.9127074480 850.3410363689
174767885.7634837329 1483.4066133499
155403039.7870241404 684.2352096235
160592974.2993694544 970.2710862746
157554349.5598202050 824.2762615302
174457666.6785726845 1476.3696758449
153489357.3676678538 540.2797554239
174681772.5485375226 1479.3251011074
160395290.1087612808 963.7480793102
155013300.0135699511 653.7255770000
157148710.5876407325 795.6018060050
161372731.1262961626 1009.0882078661
166049059.2734026611 1179.4648660366
158061520.1259789169 851.1142087474
175050393.0265527666 1488.9444818497
161483068.5748808682 1011.7292337520
174613511.5618304312 1478.6601073742
153582771.0235458314 545.6543279629
157201264.2010146081 797.4445251694
152007049.7694289088 383.1076525720
155282278.0993642807 670.3713003429
157368198.0948067605 812.1531219294
157516087.9664323628 821.4953047058
160391753.6604338884 963.5033799969
157504609.4283821583 821.2655550262
166082661.8468998671 1180.2848351210
165880604.9337791800 1176.8664750069
160206294.4674235582 952.8493953561
157104385.6263433397 781.2837710466
175178877.0376475155 1492.1153101921
151640324.1423984468 263.9039964362
174912731.9782916009 1486.3477849960
159835699.9840127528 934.7468685156
151986729.7815693021 368.4843547653
160661979.8954395950 974.3695174059
155071854.8694793284 658.6169925910
154900850.8692933917 638.0705260664
160615383.9779194295 974.2062513446
176149481.0114910901 1511.6936173439
153429056.2200520337 533.8047653105
160248701.5291984081 956.6224399423
160502671.4751203954 968.2568223020
159873705.2857458591 940.2289300775
159579475.0124963522 925.4044379837
175654593.8917359412 1501.8740200996
157010241.0042925477 776.1905013110
152114480.0573726296 391.7715337914
156892475.0987134874 774.0752832789
157063890.4381758869 781.0971136916
156863275.8632118106 772.6599808979
151640645.1415281594 264.3413816887
176092770.1887594163 1505.2239298820
166045090.1570716202 1178.7577075272
157174394.8926833272 796.1156617451
175611656.7474834025 1499.5761826038
175803937.9180306494 1504.3321504593
154737304.2645173073 632.2704788899
175409533.3035009801 1496.7308607101
154913397.5042486191 643.6475347666
152181396.8728342950 406.7605223389
154737027.4447748661 627.5877661964
154410640.5606005192 608.9353939748
154831539.4111458063 633.6833467843
154590229.0778853297 617.2794538736
168106470.3851443231 1240.7972762086
168086332.4827066958 1236.2412493326
168090428.1948719323 1239.2150339582
168261385.2693729699 1242.6043764184
168062474.3053366840 1235.2277748086
168438898.1187542379 1249.9195482828
168086314.6377952993 1235.5944930779
167753564.3487958014 1230.3808965184
167070108.6132450402 1203.1003684157
167208564.1388981640 1204.6450700261
167346539.9850192666 1212.4385706880
166775682.3109770715 1194.5903326967
166662137.1163251102 1189.2574934234
167351402.2451735139 1212.8776752409
166772865.1205421090 1189.9874233222
166601295.0205098689 1183.5615607631
