177903324.1864546537 1553.3986692429
152448856.4940302372 437.7806734872
153047462.7869804800 499.4520596946
152997569.5242467523 498.8147764277
153600333.8766769767 546.2138333006
161464444.9235250056 1009.0253387941
161483068.5748808682 1011.7292337520
174613511.5618304312 1478.6601073742
177621380.7542231977 1547.8453214169
181064207.4736790657 1592.2859106064
185646637.1518306136 1611.9551029205
157296118.9725552499 797.5056946597
161482040.2362160385 1009.0810344154
174477237.8306759894 1470.8211961985
185332937.9092842937 1610.2989130020
161402355.8784140944 1007.4018189842
158071412.7083436549 845.1494262416
174434434.2833136618 1468.7983288765
153543645.8637185991 536.6629099388
153582771.0235458314 545.6543279629
157201264.2010146081 797.4445251694
178742014.7460108697 1567.1760644913
179562341.0421703458 1577.3395786285
186303441.7801042199 1613.2743787766
165780795.5432540774 1172.0548936337
151633533.9777030945 244.0693648930
152387890.2309385836 431.3487198092
179010138.8918310106 1570.3654842377
178796933.0031885207 1569.8671779633
184896118.4759294391 1603.7484331131
153078877.3759503365 499.4790041080
155641548.3773170114 694.5419855364
164956460.5408195555 1141.5171259616
178720144.2006573379 1566.5731153488
179377624.2732492685 1576.8470859528
162024691.1992120445 1030.6423748452
178367467.4605930150 1564.2762298584
184939566.3699055910 1609.4416723251
158028039.3782429099 844.9873272053
151996968.3943171203 377.1210686187
155405576.8381557167 679.9841479617
175361231.0375902951 1492.8256874084
152007049.7694289088 383.1076525720
152528110.9329923987 442.0095633451
181605034.5092191398 1593.5588426590
157567859.2493284941 821.7372003815
161359265.6815328300 1006.0492880042
177160038.8250586390 1525.3118216991
153587604.5261376202 545.8998886495
155282278.0993642807 670.3713003429
155640946.4011123776 693.9466970447
157941411.8976035714 840.9702321014
160285902.9805347025 960.2556688404
174858699.2838403881 1481.4833014011
177460603.0060214102 1539.8275834322
157368198.0948067605 812.1531219294
157516087.9664323628 821.4953047058
157768153.2800297141 832.1701363621
161513088.3348657787 1012.7597019970
179621977.8169497252 1581.1764144897
158010775.9942862689 844.6695242582
160391753.6604338884 963.5033799969
174250270.1047297418 1467.0389492512
178445236.8179048002 1564.2864131927
178322600.3151640296 1562.4709329605
181004656.9652180076 1592.0446443558
157888774.9012032151 839.3888351584
158023327.9578347206 844.9591294250
157504609.4283821583 821.2655550262
166082661.8468998671 1180.2848351210
152278431.7408632636 412.5884664913
165880604.9337791800 1176.8664750069
155799508.1331197619 701.7812126348
161326468.3353198767 1003.1345960712
161153758.4988181889 995.3137739291
173762672.8968961537 1448.5041264296
174032290.1726613343 1457.6504791453
155595470.9967153668 690.6200280387
155274243.8409892619 662.9238186217
173856608.3391164243 1450.3690178394
157157180.9625507593 783.9140756401
160206294.4674235582 952.8493953561
177386405.3119422197 1535.4923048019
185902472.1234944463 1612.8312444687
177918517.7152361274 1553.6595401764
157104385.6263433397 781.2837710466
177887259.9185175896 1551.8308227062
185461815.7282611728 1611.4688777924
175178877.0376475155 1492.1153101921
184337255.4044055939 1600.8927984238
152740154.2040970027 455.7593269076
165692608.0581144989 1169.5046948254
151929822.0649324656 359.6936192521
156928119.5475690067 774.7023689456
151640324.1423984468 263.9039964362
174912731.9782916009 1486.3477849960
180846229.6776772738 1591.5134592056
154557538.8365178108 611.2143908822
159948470.4859364927 940.9502830645
159835699.9840127528 934.7468685156
174933816.4494125545 1486.9721508026
178586146.8595334888 1564.8591442108
180143634.3314030170 1585.4672307968
151625534.2455714047 243.8535813200
153548111.0048591793 538.5756659924
161235764.3558561504 1000.8237278764
178591967.5207087100 1565.4572811127
180033166.7706740499 1584.5821590424
161964935.3956277668 1029.1640805146
153636368.1853095889 546.3452176944
155445195.4351790845 682.3768158123
155323947.6944647729 677.1498113903
161632447.1519532204 1014.9271585410
161737706.2243369818 1019.4972103229
151986729.7815693021 368.4843547653
179816527.7089400291 1582.3779134750
179287252.7631752789 1575.3609352112
160661979.8954395950 974.3695174059
155071854.8694793284 658.6169925910
160491492.3221903443 964.4875106257
160876044.5513077676 983.7005671179
179046358.2983827889 1571.6204538345
179939145.5344650149 1583.7169351578
154900850.8692933917 638.0705260664
165389403.8475266099 1160.3602387219
178242657.8156130016 1558.9838781357
160615383.9779194295 974.2062513446
162201325.7936160862 1036.7085764026
162179857.3436242938 1036.3276318493
161538198.3980492949 1013.1437780475
160380159.7217165828 960.6368602728
176149481.0114910901 1511.6936173439
180351815.7387218475 1587.4810161591
161686879.4965970516 1018.5550912684
161182535.8487294912 998.8355562305
159958934.3753276467 941.8514509893
153429056.2200520337 533.8047653105
154225696.0426264107 592.3112429072
179272905.7002102137 1572.2020330429
160248701.5291984081 956.6224399423
152934294.2008187473 483.9871606964
153113467.6288155913 505.5786024716
160502671.4751203954 968.2568223020
159873705.2857458591 940.2289300775
159579475.0124963522 925.4044379837
175654593.8917359412 1501.8740200996
153221189.8697155416 511.4572729243
157010241.0042925477 776.1905013110
152114480.0573726296 391.7715337914
173868275.7431380451 1452.6274893284
156892475.0987134874 774.0752832789
159123378.5744995475 894.9757750706
159236930.6975383461 904.5001373947
157063890.4381758869 781.0971136916
159212034.9984244108 904.4433682980
156863275.8632118106 772.6599808979
174782297.3397339284 1480.6045966148
151639226.8617336452 261.9282058267
153309365.2775967717 522.7740020648
153282853.1647826135 522.2027554928
151640645.1415281594 264.3413816887
159469450.7760377228 912.8278322268
162787505.1099392176 1058.4898246564
173968755.5930977166 1456.4961145222
165400190.0287142098 1161.2945055276
152243440.5049928129 410.6254329433
165020435.7372135818 1145.0469375535
159391888.5784536004 908.8822817999
152299729.2517095804 415.2929530187
176092770.1887594163 1505.2239298820
166045090.1570716202 1178.7577075272
151653225.1171495616 272.6873757834
175082784.9913214743 1488.7424550056
157174394.8926833272 796.1156617451
175611656.7474834025 1499.5761826038
158234687.9355312288 855.8857741103
175803937.9180306494 1504.3321504593
173563197.4940056503 1435.7342193385
174610866.8153080046 1474.2346863747
154737304.2645173073 632.2704788899
165357682.4504987299 1160.2190682202
173520625.3049286306 1431.7474520465
178793670.4806861281 1567.2897491455
163522112.2315868735 1087.0910299756
173626292.7690322101 1442.4480848465
159188605.6615525782 898.6149906866
152633240.2273898125 453.8921693668
173616884.8814053237 1437.1150626161
152926835.9780957997 480.4726236656
175409533.3035009801 1496.7308607101
173607352.3360324204 1436.4065018599
154913397.5042486191 643.6475347666
173459068.1451278031 1420.6056257745
174720671.0515970886 1479.9708642960
173522356.2900799215 1432.2595661526
174038363.7300072014 1458.9187695046
179106106.4240243435 1571.9504518509
151704242.4852427542 303.5815533748
180646402.1638784707 1588.5320129395
151647914.7261147499 264.3488752209
152232742.1289670467 407.9170351953
152690717.6171088219 454.7230948811
159141797.9252988994 898.5488219495
152689365.3047488034 454.6317786579
152181396.8728342950 406.7605223389
151690627.5056619942 302.8223402831
164763990.1478431523 1135.6632510930
180554872.1181707680 1587.8274869919
153875560.4721139073 553.3592963198
165341006.8416473269 1157.8619394362
176986670.8077703118 1519.1988337040
163748531.0275978744 1096.6470710859
163032103.8201992512 1061.1007118709
154737027.4447748661 627.5877661964
151754465.7776097953 311.5464461204
154410640.5606005192 608.9353939748
163486556.5168688595 1085.5325287841
163438682.6597850621 1084.4127511135
163296206.3263721466 1074.6728327759
176751780.7663782835 1514.0584089756
154394196.2187230885 600.6681239014
158118766.6822339296 850.0117764220
151825065.8837345839 331.1218791401
158213471.1363148093 854.7605371374
158560924.8829394281 868.5205829878
158671267.9295844436 874.9915861090
164525283.6156351268 1127.2341570489
158352142.0176640153 858.9163131126
163341753.2400108874 1082.2776425369
154005669.3953591883 573.6364610922
152916546.1091767251 478.7576349813
158843351.2243985236 883.6824820059
164344259.4862830639 1120.2074594270
151713885.5874538720 307.7867942249
165590318.4371020198 1166.3851155102
156047075.3059479892 713.7799404613
151946702.2382888794 363.7444458595
154831539.4111458063 633.6833467843
154130706.1762816012 583.9389217614
164092330.7466465533 1112.3342561196
163816681.0935171545 1100.4172219480
152105764.3496356308 388.6143567494
154124768.3889255226 578.9675319093
153894092.4637790024 568.6686959587
156153372.3323274851 720.7008357770
155978187.5527754128 707.8987631626
154590229.0778853297 617.2794538736
151787536.2853179872 315.0789978441
164900970.2534762621 1138.4215011507
165148393.0748310983 1146.1180782665
164792536.7589828968 1137.1809352696
163811104.8039075732 1100.1984988796
163796541.8358196020 1099.8784023347
164368928.3409951925 1120.9910203618
164357902.6230041385 1120.8216398853
151846672.1836175323 334.0363245655
176988854.2489723265 1521.0619246960
151817190.0372046530 328.2900311050
156851307.8678436875 764.5210889877
156688976.1691966355 754.2017309552
154209170.1638347208 591.7278715307
157154896.9788467884 783.7868554782
156627396.4855549932 752.9775028005
156757959.9424282610 754.9017802745
176963565.0716816485 1518.3526985645
151892455.8768177629 347.8639702151
151976928.3890261054 364.2714771898
156243887.6761869192 727.9092141248
162651086.4954851270 1049.4337268460
153836105.9149418771 552.8191007785
151810974.5547901988 328.2823397197
153735193.2578692436 549.1327214426
153805933.2314823568 551.8548505331
156447776.8211626709 740.1188280601
176615594.7049384415 1512.9474794865
162764926.1388785839 1050.2202888057
162630854.6029618979 1048.8071286008
156360362.2412591875 736.8857986860
168106470.3851443231 1240.7972762086
163127569.3980017304 1067.8112938041
168086332.4827066958 1236.2412493326
168090428.1948719323 1239.2150339582
168261385.2693729699 1242.6043764184
168062474.3053366840 1235.2277748086
162528817.5240090191 1041.5816508321
168438898.1187542379 1249.9195482828
168086314.6377952993 1235.5944930779
167753564.3487958014 1230.3808965184
162448880.6814439297 1039.4569574418
167070108.6132450402 1203.1003684157
153879525.3205484152 561.6599077756
176802649.4414418638 1516.7700102329
167208564.1388981640 1204.6450700261
152803057.6229555011 456.7598460690
167346539.9850192666 1212.4385706880
166775682.3109770715 1194.5903326967
166662137.1163251102 1189.2574934234
167351402.2451735139 1212.8776752409
166772865.1205421090 1189.9874233222
166601295.0205098689 1183.5615607631
