153789106.4125482142 559.8862122592
154303970.0519511104 601.6314114711
154202635.3394932747 593.2125994347
154545748.6320299506 612.4240093991
156302293.9512008131 741.2829989196
156168846.0733133554 732.3881423978
156150437.2851540148 727.4720400494
157795215.6769324541 829.9190660736
158614990.0188353658 883.7762318015
173757434.3658379614 1446.3231221363
173427267.4349984229 1445.3578867465
152743807.6641436219 469.0095309806
156438803.7038912773 746.4859090704
155926086.3923254907 722.5707537701
164785793.7369136810 1136.1818941052
164402364.0574387014 1124.5646866878
173182762.8488645852 1424.5959744900
164907239.8195700347 1136.7410073692
173288683.0340291560 1431.1667894460
178196845.9476131499 1568.5672168732
180751380.6741772890 1599.2607040405
159276390.2609787881 907.6015260438
177044891.5678057373 1522.9286005497
177816181.0929150581 1561.8665907383
178202964.6620625257 1570.8120877743
180781002.7284201682 1600.3335895538
180654022.7470047176 1597.9587745667
151653005.6078275740 285.7137173048
173389146.5158062279 1437.8523812741
173265046.0888983905 1427.5487118401
173279126.9511689246 1430.3206893168
177155516.5505503714 1541.8154183030
177921097.1242302656 1562.8772799969
179775550.6051135361 1594.1176710129
184533081.7282639146 1609.9607410431
152765053.7118856013 475.2642863730
177543356.6496430635 1553.8646233082
164744930.1152299345 1136.1083632503
177328771.7640416920 1542.1443736553
151590081.0401843488 230.3230194203
162209155.3656977713 1033.0142789932
177586235.1058152318 1553.9400931597
177415135.7781891525 1547.8657674789
178717420.7073081434 1579.0616893768
178012646.8082899451 1565.5663375854
179490575.1460480988 1590.8260345459
186524013.1502997875 1613.6236810684
178913696.3917511404 1583.5264110565
178849164.7736063004 1582.5718402863
178127621.4960168898 1568.5335426331
180170696.3600179255 1596.8615226746
151829271.1015135050 347.0006632590
177421969.0004090965 1549.2185003757
178008256.5822360516 1565.1322097778
151660319.7410764396 301.8935416818
152623239.7205348611 459.5942766368
152865127.8206645548 475.6108994222
152608177.0376739502 457.7282922936
178637302.7331472933 1578.9763202667
180458082.3862591684 1597.4134769440
180171265.6400992572 1597.1521387100
151676976.8321837783 302.9286839077
152687800.7065534890 462.0042751275
155892936.4670048356 715.2429244153
178515278.0218579173 1576.9103193283
179614942.3440189362 1592.1673917770
152711525.4356496036 465.1415600776
151641154.2782180607 285.2814886651
152479635.5937562287 446.6548989556
152395455.6331981719 441.4819537400
178269003.9351589680 1572.8413505554
177801960.5958873928 1558.9165642262
159072722.9500172436 903.0615059631
177616782.5231140256 1558.8160936832
178360910.7474380136 1575.8649606705
174564261.9740516245 1478.1776812077
184407781.7796036601 1606.6775932312
184061304.2234427929 1602.7027778625
152366623.5960251093 438.1741494287
152355694.4419805706 434.0113409460
161154481.2650091350 999.4368932644
151673564.3377856910 302.6049775268
151687923.6010165215 305.9250918902
152495025.8445732296 451.5292787886
152329877.1249361634 433.1451279807
164198931.0796214342 1119.9040425234
163775908.0123821795 1101.8570019933
180119592.8322920799 1594.7700796127
151757303.3135766387 326.4242816602
152534274.8628168106 452.1285133621
179765372.4759005904 1593.2751893997
151711126.0982772708 323.6409691835
154425393.6530102193 612.3470792618
185093265.7509292960 1613.4439563751
179384914.3521035612 1587.8368978500
184211630.1254037023 1602.7166910172
151664800.6420902014 302.1847542787
184551468.5422663093 1611.8928422928
152520966.2203221917 452.0769780814
154379849.4974560142 605.8344397647
184224497.9375774264 1603.4494657516
184501883.0589179397 1609.6929311752
184615614.9605710506 1612.1031427383
184965677.3465153575 1612.6436767578
153880353.4947178960 568.9244104064
152586088.1386143267 453.9714163691
154090786.1440786421 588.9162521210
155868633.2294971645 708.6367962336
153793017.4090960324 564.8893832507
155900083.3335578740 715.4273701484
155583580.2274583578 697.6074673982
155400742.9036336839 679.8536578810
155853508.5424200892 707.7225491625
174463958.7531408966 1476.7951509953
179176933.3850384653 1584.9754133224
155774213.4086079299 705.7756020875
159196083.0639790297 906.8139940815
159068889.5465281904 902.3440877565
158747061.4300527275 888.5105839981
164047291.8946352005 1115.0075454740
158925604.9866791964 896.1222497590
163650187.2306185067 1099.3440051381
157846767.7322705984 841.4804493273
159016629.1931626201 897.4683132700
153045629.4522120059 499.5890786679
160513152.9734971225 968.6803855697
151593715.5806753635 243.3918923875
173899960.5968141258 1458.3469258696
152976851.8148542345 493.8713477564
163630702.2203303277 1098.0686456719
165754035.2119611502 1173.0364735186
151967456.6769087017 364.8358376307
157944151.6235946715 846.8540336353
175330110.2129721940 1493.9639558792
151620480.0433704257 256.5224569708
153711359.1717899740 554.1520661613
161472182.0562918782 1010.9411685029
152105518.6022860706 389.2139137033
163392775.1062264740 1085.0408820668
163600138.0810363591 1093.6638459573
173832221.1631377041 1456.6037413031
163418735.5903745294 1089.3794662515
153812332.2147970498 565.3043256422
153830497.9464946389 566.7998155239
155170486.0905861855 662.0928773922
163730112.2962227166 1100.0536105493
174930959.4252177179 1487.8859548569
157954903.8624313176 847.0679108846
174201544.0126720369 1468.8403320760
174139917.7245352566 1467.7689157873
163601013.6527654529 1094.3687040368
163227951.9546637833 1082.4644195000
157901675.3553046584 845.4043875945
163416260.2581233084 1086.3431884432
163139861.1465539038 1077.1911652125
160965308.0559759736 992.2683324614
153023460.3048757315 499.5571910047
155110010.5947284997 660.9001247084
158159715.1999731958 854.3110108867
158232504.4491749406 861.7723752930
158325166.0815964937 866.1827733542
160362691.6111693680 961.2770726122
163135851.6815308928 1073.6750588948
161735194.5031258464 1023.2280365631
162846635.8814666569 1069.2034149105
174897557.0241034925 1484.8676402904
152041180.0964524150 383.3358885977
158434277.3634677529 869.6528592242
152904485.4981697500 484.2339440452
158254534.3255543709 864.3918309344
162496368.5991048515 1055.1366329128
162374262.2184080184 1048.5593416253
174701282.0997886360 1480.6760966480
151906463.8791465759 363.7083271519
152981242.6166506708 498.8164376896
186356150.3328663111 1613.4511976242
155763849.3438071907 703.6696225798
153268400.6335148215 522.3952771033
158505698.9124024510 873.6761212840
153285389.8996689916 522.8760763239
158026559.9127074480 850.3410363689
174767885.7634837329 1483.4066133499
155403039.7870241404 684.2352096235
157220844.7282308340 798.4766541126
160592974.2993694544 970.2710862746
158001394.0062439740 848.0015346179
157554349.5598202050 824.2762615302
174457666.6785726845 1476.3696758449
153489357.3676678538 540.2797554239
174681772.5485375226 1479.3251011074
158177036.5728543997 854.9796236863
162447516.4418107867 1051.8265414694
160395290.1087612808 963.7480793102
155013300.0135699511 653.7255770000
161827156.2873557806 1025.4382279143
157148710.5876407325 795.6018060050
161372731.1262961626 1009.0882078661
166049059.2734026611 1179.4648660366
153587104.1147354245 545.6583635133
158061520.1259789169 851.1142087474
175050393.0265527666 1488.9444818497
153600333.8766769767 546.2138333006
161483068.5748808682 1011.7292337520
174613511.5618304312 1478.6601073742
153582771.0235458314 545.6543279629
157201264.2010146081 797.4445251694
164956460.5408195555 1141.5171259616
152007049.7694289088 383.1076525720
153587604.5261376202 545.8998886495
155282278.0993642807 670.3713003429
160285902.9805347025 960.2556688404
157368198.0948067605 812.1531219294
157516087.9664323628 821.4953047058
160391753.6604338884 963.5033799969
157504609.4283821583 821.2655550262
166082661.8468998671 1180.2848351210
165880604.9337791800 1176.8664750069
160206294.4674235582 952.8493953561
157104385.6263433397 781.2837710466
175178877.0376475155 1492.1153101921
156928119.5475690067 774.7023689456
151640324.1423984468 263.9039964362
174912731.9782916009 1486.3477849960
159948470.4859364927 940.9502830645
159835699.9840127528 934.7468685156
155323947.6944647729 677.1498113903
151986729.7815693021 368.4843547653
160661979.8954395950 974.3695174059
155071854.8694793284 658.6169925910
154900850.8692933917 638.0705260664
165389403.8475266099 1160.3602387219
160615383.9779194295 974.2062513446
176149481.0114910901 1511.6936173439
161686879.4965970516 1018.5550912684
159958934.3753276467 941.8514509893
153429056.2200520337 533.8047653105
160248701.5291984081 956.6224399423
160502671.4751203954 968.2568223020
159873705.2857458591 940.2289300775
159579475.0124963522 925.4044379837
175654593.8917359412 1501.8740200996
153221189.8697155416 511.4572729243
157010241.0042925477 776.1905013110
152114480.0573726296 391.7715337914
156892475.0987134874 774.0752832789
157063890.4381758869 781.0971136916
156863275.8632118106 772.6599808979
151639226.8617336452 261.9282058267
151640645.1415281594 264.3413816887
159469450.7760377228 912.8278322268
165400190.0287142098 1161.2945055276
152243440.5049928129 410.6254329433
159391888.5784536004 908.8822817999
176092770.1887594163 1505.2239298820
166045090.1570716202 1178.7577075272
157174394.8926833272 796.1156617451
175611656.7474834025 1499.5761826038
175803937.9180306494 1504.3321504593
154737304.2645173073 632.2704788899
165357682.4504987299 1160.2190682202
175409533.3035009801 1496.7308607101
154913397.5042486191 643.6475347666
152232742.1289670467 407.9170351953
152181396.8728342950 406.7605223389
165341006.8416473269 1157.8619394362
176986670.8077703118 1519.1988337040
154737027.4447748661 627.5877661964
154410640.5606005192 608.9353939748
176751780.7663782835 1514.0584089756
151825065.8837345839 331.1218791401
154005669.3953591883 573.6364610922
165590318.4371020198 1166.3851155102
154831539.4111458063 633.6833467843
154590229.0778853297 617.2794538736
176988854.2489723265 1521.0619246960
156851307.8678436875 764.5210889877
156688976.1691966355 754.2017309552
156627396.4855549932 752.9775028005
156757959.9424282610 754.9017802745
176963565.0716816485 1518.3526985645
151892455.8768177629 347.8639702151
151810974.5547901988 328.2823397197
176615594.7049384415 1512.9474794865
168106470.3851443231 1240.7972762086
168086332.4827066958 1236.2412493326
168090428.1948719323 1239.2150339582
168261385.2693729699 1242.6043764184
168062474.3053366840 1235.2277748086
168438898.1187542379 1249.9195482828
168086314.6377952993 1235.5944930779
167753564.3487958014 1230.3808965184
167070108.6132450402 1203.1003684157
176802649.4414418638 1516.7700102329
167208564.1388981640 1204.6450700261
167346539.9850192666 1212.4385706880
166775682.3109770715 1194.5903326967
166662137.1163251102 1189.2574934234
167351402.2451735139 1212.8776752409
166772865.1205421090 1189.9874233222
166601295.0205098689 1183.5615607631
