185617079.2730105519 1582.4390287399
155957101.2326417565 700.1354034832
158524903.4668479562 836.2742141432
164214187.5652109385 1097.7006334710
163838344.5542459190 1080.3777172613
167322030.8576992750 1206.7055375674
167873503.0680546761 1228.6034939983
176847982.1499595344 1504.0539278984
178398299.4040155113 1537.8835897446
180528503.2292435765 1566.2318468094
180807633.0291641653 1567.3613176346
185730297.9942850471 1583.6821117401
153348708.4767262638 503.6012286497
176760093.8268156350 1504.0502645969
185644110.0814852118 1583.2226839066
151897434.7999510765 266.1423950325
158440107.8105724156 834.7630966359
163785341.3736167848 1079.5843724638
164062287.1972826421 1093.1064159918
164109847.5292870104 1093.6617726984
167221422.2440114021 1206.6426317193
167190222.9973497987 1204.6388506958
167564353.1113815308 1217.9580926993
177028184.8737742603 1513.1861150861
179565174.2049368620 1557.1603994370
180478218.1795052290 1565.7338924408
179656108.6295875907 1560.2901058197
180124772.8216862679 1564.7362480164
156699611.6206204593 747.2588380775
157256225.6599997878 775.8843719816
158252467.5946476460 824.5531075342
164373149.7149366140 1102.7956371012
166373425.8819763362 1175.1869149529
166484961.5688324571 1180.6518351533
179574873.7203247547 1560.0941228867
180350728.5421300530 1565.6493949890
151872176.9272192121 266.0612669932
152273785.9171674848 387.2510244346
164400523.2502818406 1102.9063986393
178296064.3765060008 1536.2506885529
178998578.1718212366 1548.3443200588
167770761.2800268531 1220.2822654345
152232086.0437177420 385.9324927749
158040414.8859912753 812.8539284921
167788755.7678928971 1223.7704699789
167835366.6710495949 1226.6030532740
176987501.4088925421 1512.6668095589
178284309.0293959677 1534.4466404915
179745315.0235562325 1561.5018730164
152390395.7796839476 400.4225138581
152442020.0662654340 407.8651619755
179952751.0892319679 1563.0886192322
152177928.3242244422 384.4121364227
157472724.0810114443 782.4574018741
179080431.5253835022 1548.8136658669
179244771.0390022099 1554.5624747276
158057923.4602078199 816.6792858935
158381807.9036699831 829.4188765537
158402797.1851764619 829.5691457933
178459546.6424585879 1539.2805461884
151963275.9673919380 309.5493593252
152520351.7481279969 407.8850309169
152944819.6475365460 471.4556338976
158364426.2394624352 827.8052004701
157909512.4465114474 812.6084543413
167086841.2284353077 1199.1110210516
166775682.3109770715 1194.5903326967
168299453.8415047228 1230.9794971403
152807065.7972200215 456.4127306737
158150912.1123959422 819.7209640688
167671141.1346242428 1218.2138361294
176937405.5128956139 1511.2651677132
164493817.4290676713 1103.0661314405
166462911.8973189890 1178.9569327105
151928442.4940058291 305.0483580744
158204182.3017482758 819.7295538134
164140541.9031565785 1094.8796596231
164003142.1363886297 1088.4811801615
166662137.1163251102 1189.2574934234
167485407.9254798889 1215.2825198825
167793136.9549148977 1225.5858007629
177324549.3427772224 1523.6141417027
179127052.6915696561 1550.1573653221
167755059.1761238277 1219.8920132945
156507531.0585195124 736.4929640359
167351402.2451735139 1212.8776752409
151899990.3586169481 302.9318825053
156197445.9841279685 719.7690069741
156353433.0257076621 728.2571400820
166461155.3674840331 1178.2620950100
177461167.0390902460 1525.9152116776
152033702.9811493158 344.9406095649
157780671.1750876307 798.1080576128
157795448.7745618820 802.2010916389
157605026.8076129854 796.1649290270
179021269.1426744759 1548.4495778084
178592850.7884319723 1539.9569673538
178802778.3665551245 1544.2729096413
157535372.4360330403 788.7169428101
157865384.1745617986 805.2846582339
178597335.6580984294 1543.9820775986
157230683.1129104495 769.9087736213
157099446.3424723744 763.9535758548
157326876.8094856143 781.5708629942
152437186.5674043596 403.9785504052
152317805.1778761148 390.0875998354
154081245.6775571704 569.1710915571
176591606.6287088096 1496.4064917564
177833833.5980986059 1532.2075071335
152349261.1076366007 392.6741481642
152998832.4670730829 474.7255832410
156924312.4996632040 758.2741477007
159835002.0651979148 894.2337756652
177578400.8914242089 1526.3291893005
177716792.4098732173 1530.9253091812
185380896.8009964228 1580.4052486420
177176566.9650046527 1517.2765283585
177585864.3568619192 1528.2698860168
185439248.3981156945 1580.8351869583
156567889.0031719804 739.5472189609
163668876.7250512540 1070.2902907804
166772865.1205421090 1189.9874233222
176555641.9982402623 1495.7842414379
176321993.6769537628 1484.3646243811
176871909.7969518006 1507.7210102081
176695823.1943161786 1499.8440032005
152748594.8528430462 452.1414182632
156187744.7213320732 717.0107185940
156480287.9259391725 730.3479594665
160106520.2201751471 910.9358411331
166601295.0205098689 1183.5615607631
177217053.1810517013 1517.3552713394
167215439.2597372532 1206.3010628689
166417141.2199758291 1177.5328833452
184243772.6428811550 1572.3248825073
184967244.9456579089 1577.6992530823
160074796.3123542666 908.3139234235
159858091.4293459058 897.2967939872
157045155.5383149087 762.7816297252
159167583.0468336940 866.7242544072
159486399.4423820674 886.4885528500
163109538.7505435050 1041.7634843588
163224819.5302747786 1046.4285977771
151970379.1962298453 321.9990107910
152010291.8093158901 341.8714137471
163407555.9267816544 1054.7183522657
163419122.1207846701 1057.1865721843
166255953.0557127297 1168.5718921414
152077804.2171381116 362.5870687290
152717390.1601556242 450.9854890329
153029780.7289000154 477.7281931440
152678415.3247442544 434.8890252013
152568543.5101220608 431.4552640815
153005331.3679104149 477.2853726826
165837371.3048527837 1152.8636621563
184543476.1454413533 1576.6735258102
184707842.1543551683 1577.2455606461
152031314.8399156630 342.7471222013
163623814.2207858264 1065.1129582413
166000648.1909765601 1155.7403074829
152125904.6356890798 366.5824803701
152794814.7279318571 453.4419295453
163554717.8238669038 1065.0553693250
166075860.2896325290 1159.2410205929
175776897.6928593218 1464.3668104317
152158231.6215935349 367.2774882521
156109977.4085583389 707.8479595534
175526214.1096072793 1452.9887447301
165207719.6241376996 1129.2752998472
165372309.9274758101 1132.3847848503
165291520.3256720006 1129.6526939609
152028381.4114423096 342.7065470188
152663817.8869792223 431.7939362233
159380045.9067656398 872.9668732751
175784576.6912248433 1465.0699652229
154300649.1132872403 580.3044454026
163975703.8120169044 1082.2123040632
165422913.2941345274 1133.5477709063
161059198.8035838008 946.7850307209
152058527.1243985295 360.8609523273
160535131.8092026114 927.7118345899
160417420.1526389718 925.0438433514
160831545.8158848584 936.9030740243
160677770.2010335624 928.8605257748
160219202.7990767956 916.0974094849
165687423.9594101012 1147.6014427273
165334774.3539488316 1131.9408303826
151995925.8693524599 341.8536767459
155594971.3296291530 674.7871364685
156077874.6388450265 704.3428229262
159425054.3979744315 877.8929567158
165322846.3463385701 1130.3067086234
165761010.5982452929 1149.8486730187
165577162.0657484531 1144.0178095429
175747415.1970198452 1460.7844555881
175834327.7676349580 1466.2892953064
159724898.6950221360 893.2081085670
159712862.8462648690 892.4775531273
164906028.4969621301 1118.8678438580
164846148.3176282644 1116.7489187457
165059697.4951169789 1122.9680151493
159474507.1836660206 881.2058003719
158851749.8173417747 846.1292419374
159042106.1282556355 861.7851550045
165432511.2948816717 1134.7599698492
175952680.9548201859 1467.9259844422
175247972.7990094125 1445.2667037752
165487951.3611110449 1135.8765115291
165148453.6812862456 1127.9749273807
165545993.2556095719 1138.9551012199
165010670.9730942845 1121.6809920818
185136596.2561078668 1579.2331314087
158696896.1631316841 844.1608562766
153106947.1824388504 479.5432016651
155944539.4313027561 699.3520852924
184475504.7760075927 1574.3938789368
185014462.6776384711 1578.9893894196
175603726.8322197497 1459.2162158396
155443748.1837810874 661.6453760458
153324637.1084264219 498.2867160011
155942784.4614792764 695.4185502041
156105614.6778801382 705.9116880894
155846679.2910605669 692.2238593726
174876907.7226547301 1430.4036946502
176078890.1102335751 1474.2318025734
152552441.0772448778 418.1039407212
155752651.5682234764 682.7674427569
155500181.3312286139 668.1473179567
175250364.9613215625 1448.8254815843
158912561.7159673870 851.2335087284
175654245.7844677269 1460.5996068027
154059944.9605731964 565.1065916038
175023140.3050484359 1441.2914138976
175247711.8185512125 1443.1689398792
155298863.5963314176 645.8932597680
174784433.0019959509 1414.9639444258
155436342.8541338146 661.3459745260
174974354.5629479587 1439.1616950538
153416321.5799548030 509.8212806872
175326332.8995762765 1451.6338563468
155321881.0118885338 657.3541184670
155728902.7539874017 681.4013212025
162971057.2551904023 1023.7497798391
163086506.4757177830 1031.1955104359
153730731.1776795387 531.2419073972
158989259.7011329830 856.0642497591
162644450.2928200662 1013.3443788253
176046083.6104252040 1470.1631218102
162477577.2307743430 1002.3098395495
162535143.2848333418 1005.5524100093
161934261.2621462047 985.1601869976
152683476.3451607823 437.9531439720
175157688.8527607024 1443.0646521058
155337610.1622656584 657.6306607276
154906040.2190460861 622.1536963628
155077688.7288557887 638.0440958589
154813410.9994887412 620.2592925457
158780805.4502250254 845.2635110686
153848062.9085277319 549.3212527918
161810665.8987688720 972.0205204771
174788436.4890709817 1426.4543377757
159021588.6662410796 857.0161323097
161541999.4634035528 967.0284569548
161900823.1601626873 982.0342527787
154693631.2459460497 603.2871666363
155050388.6862839758 622.2472615921
153972316.8423309922 555.5586655070
154720702.9330644906 608.5941776425
154757073.6236845255 613.3600068772
162279786.1898946762 994.3336327196
161353337.8045260310 953.3432146260
162221314.1960494220 991.1412334214
153568184.9632410407 523.9908806141
154042674.6340560913 557.1553420956
161628425.9008630812 971.2077487656
153634008.0696065426 525.5159074906
154526314.4093160927 595.7844126829
153534237.6660050452 523.8355918470
154487347.7235125899 594.7361546466
154449622.7096602023 594.0162199148
154126906.1596923172 570.6811349997
153912559.1238525808 550.2074391636
161374029.3612301350 954.6397214229
161578427.5276808739 968.1739290054
153814297.0334349871 547.2711873594
158689895.0377837718 841.2107746663
161532276.7630099356 958.6670959289
161300562.2774875164 950.7731066069
161442145.9294811487 955.0704273279
153331389.7848349214 499.8078036017
174501733.4068228900 1353.9482528120
174338456.3160518110 1349.7674403340
174756577.8267549574 1360.3290549964
174381479.0408781469 1349.9516764581
174455330.2248667181 1352.1954006553
174643097.3290235102 1360.0889320523
174336867.7601952851 1337.7303694040
174306459.0635797381 1270.8447384625
174251949.9180954099 1264.2977770548
174058868.2922441959 1258.3880062085
