204042064.4447593391 782052.0920410156
184368473.1803267300 297793.8961504679
184354444.5074308813 297790.7106223218
184447435.8388498127 335332.6416190825
185117559.3409806788 424223.1090677213
185203172.0505147874 430357.0382955503
186028287.4162227213 492817.9038099051
189813927.3434982002 633375.9365880303
196545295.9960310459 743399.4945068359
198264541.1778311729 755275.1398925781
186144850.8171427548 495484.1430677176
198404992.3264840841 758269.9218750000
186954900.8797415793 542562.3989570737
189831358.8923914731 637143.1813948303
192718576.9662110507 697614.1273803711
193763958.1039364040 712097.6789550781
196573743.6427488327 744010.5939331055
198782066.1066115499 759729.0786132812
193431919.1250667274 706121.1276245117
191695134.3973419368 677753.1998901367
196350737.3812637031 742416.7352905273
204743055.2780122459 784245.5935058594
198440925.6942856312 758758.0000000000
204770862.8012711108 784472.2517089844
185008172.8978574574 415105.3934544753
186928363.6032637060 542315.9412391782
186976398.6562759280 543600.1131599545
197281203.9943607450 750274.2863769531
196173824.4638870060 740984.5511474609
197580074.7348402739 752735.4409179688
187169845.1010851562 556801.1723030210
192398532.7698350847 692243.0350952148
195603384.2026123106 734698.4857788086
185870522.6842904687 485878.3370221853
192645580.8386920989 695969.7595825195
193098731.5808779299 701971.8665161133
198884259.8848904371 760280.3395996094
204379738.4583115876 784239.8015136719
185887786.5651419759 487101.7888044119
193101817.6616512239 702020.4141235352
194205105.7793610096 719647.3035278320
184418701.6205188930 313790.7042012475
184438832.9932330549 314468.3550601117
187158091.3285621107 554844.9183967710
185144655.5929546952 426301.2860020828
187138201.0554317534 553284.0103767514
192378074.7506152093 690507.0633239746
196705827.5655873418 745202.1981811523
196232352.1968720555 741885.9349975586
213326221.5291623473 788743.1276855469
187867895.2544042766 579506.5963011980
194461733.0107789636 721781.3941040039
186978035.7172767818 544933.5967546694
197833056.1905179024 754132.7192382812
184391980.1077107489 309476.0695619694
185157557.8694141209 430302.4542054366
187109661.0433934927 551237.9931038022
193833739.7087944150 712185.0553588867
198701626.7655462623 759226.4345703125
197564535.6618121862 752681.7573242188
201286414.1929650903 773111.6437988281
204234507.1781595051 783411.4445800781
187253823.2342381179 557873.7680671811
191827530.6354771554 680839.9508056641
201446943.1072287858 773366.6511230469
184376288.6343272030 306595.2297911755
198316341.5975760221 757381.7182617188
196029833.4341503680 740046.7992553711
184665677.9568663239 367556.0920141470
200779741.4442307651 768308.8923339844
192827006.6371114850 699711.5755310059
200462021.1423453987 767312.5666503906
189903601.7630383074 638183.6196170412
204219157.2551105022 783099.8352050781
187309721.0473826826 559889.2633674741
198019400.4441857934 754531.0603027344
187338260.4954031408 562989.6244276166
186965863.6299792826 543055.5975959897
198032866.8885592520 754755.0998535156
185095769.0279732049 424081.3910513353
204067765.1171667278 782989.1206054688
185319655.0314497650 438308.8610665035
185064451.6773011088 422548.0889805984
187072732.2235679924 551191.4842975736
187019701.6328484714 549854.8072517514
185210460.0054712892 433260.1306275558
189339336.0659159422 624584.7236972414
195472130.2758358419 733554.6021728516
185039471.8320333958 416978.0711278152
185271006.5127587914 438103.9515415858
184987422.3838748038 407017.1724517774
196637297.9466139078 745098.0043334961
186162866.9249648452 496143.7312787771
212681517.9749771059 788641.4787597656
192872418.5350870490 700434.4190673828
192871119.0273153186 700410.3497314453
189024490.3115157485 615652.1298618745
200956371.6652831435 770936.0781250000
196680781.5586123765 745181.9401245117
201099740.9358232021 772064.8273925781
191728394.7329646647 679848.9656143188
194070584.7364288270 716146.3450317383
189270916.0191385448 622862.5777011476
201356710.6042986214 773344.0671386719
187876505.1324196756 579514.5036823750
192837081.8583019972 700335.0645751953
193834628.8070525825 714060.9474487305
195983711.3423863947 738857.9201049805
184503068.4966147244 342097.5737056694
184524067.2406727970 349118.2206716202
184421690.5109483600 313862.0255646221
187068431.3196182549 550752.1607521176
187895154.1007669568 581119.9648373127
200790007.1703221202 769740.9875488281
185006567.9701233506 408484.5830657911
194304949.4237688482 720001.6348266602
202191247.5839847326 776337.4365234375
205453885.0379937887 784768.1799316406
191666940.5998873711 677428.2260437012
197082816.7216583192 748637.7619628906
184433274.6955079734 314279.6170715801
186049107.8959429860 494510.9881910086
185863920.9366282821 483207.2966779470
205232575.2047763467 784511.3208007812
185781755.8881970942 475364.7678388357
184482857.4081410766 341357.4842807911
185746405.4869537354 474771.4941343069
197012653.2972249687 747784.5261230469
191881854.4493179321 682325.5285491943
185950237.2328365743 488833.3150953054
186218932.6304871440 497766.2411206961
191957828.3184790015 684595.7176818848
186509758.8648096025 498103.7208690643
189514947.7716989815 630588.7008700930
185942618.5936549604 488575.6189740896
187044251.9061286747 550192.2949836850
184602031.2329141498 359798.5412328970
185352198.7174598575 444911.7733669113
201896229.0874244273 775154.7951660156
205554666.4325571060 785000.0378417969
185776519.5527925491 475308.5202192068
204259627.1194327176 783674.5275878906
205469193.1329039037 784906.2639160156
212615058.9911963940 788196.6984863281
185385752.9189849794 447833.6145198233
185381778.8729442060 445013.3856026363
189572288.0085583329 631343.0067683123
194260547.8188912868 719905.5020141602
189648492.1952806711 632756.0752613209
193250679.4659439027 705625.8673095703
185827918.8729710877 481568.1582807302
185715420.5427308083 467761.5065750480
184970013.3347274065 404965.6459256969
188918053.6124160290 611160.0973911714
185644705.4429372251 462695.2824448831
194094201.3980461359 717397.1110229492
205096397.7374462783 784501.6862792969
212187129.5804773867 787785.2536621094
194160613.1175623834 718569.6857910156
203528861.5610241890 780944.9665527344
191899283.5411366224 683380.5324401855
195184211.7764332592 728561.6923828125
185678344.7864740491 464172.0257075317
202687151.3819436431 777778.8371582031
185225252.4467402101 433513.4757146668
205353957.6205257773 784550.6760253906
185021437.2485986650 415649.1520965528
187007528.1147568822 545369.1050420217
185246312.7198050618 437218.1679935288
188835560.6154225469 609198.9326481959
201887093.2529132366 774955.2941894531
203229331.4923495352 779939.8361816406
196925665.5848031640 746161.5346679688
203082583.1530992389 779717.0036621094
201601735.9018053114 773397.7287597656
185567740.8318336308 460289.5760615356
197170050.7172940969 748801.1083984375
202366483.2261137366 777183.3225097656
196165186.5947584212 740470.8427124023
196518641.8018390834 743022.3342285156
184514703.2059894502 344423.5486118458
187395907.0313875079 564363.8997622728
189412267.1014685631 627440.0834108554
188763176.8526267409 608908.4555231296
203010912.2779117823 779405.6306152344
203330649.6153062284 780363.3674316406
189273595.8467924893 624010.7709108554
191712239.3562771082 678434.9028911591
192593514.2857593894 695237.8034973145
184534006.8254143000 349303.4955455921
189079609.9814217091 618207.8659964465
188024509.2706368268 585656.6831448078
193491649.4037261009 708800.2654724121
184534706.0665012300 350205.5138523243
184557621.6607547998 350658.4971146248
185342369.1935690343 441850.0665378105
189120236.1914128959 618629.5677694045
193572081.0133505762 710562.9076538086
192505304.9581622779 694049.8529357910
194930593.4287136793 725516.3350219727
192605999.7050627470 695521.9723663330
185687148.6591876745 466311.8077332862
184608658.3570146263 360720.2386205923
194900517.6312767267 725214.5681152344
201842189.5130395293 774863.9489746094
184564705.6631150246 356872.5858432911
184701223.2922816873 371509.0260706674
189083011.9191378057 618257.1263185702
212113721.5871227980 787705.9123535156
184798557.7784416974 376951.9808225278
212081188.8099502921 787602.7980957031
184647765.5386689007 366499.6434791815
193550937.4747576714 709664.1269531250
195398599.2536914945 730504.8969116211
195136960.1848684549 728296.7067260742
195436369.4139283001 730533.2201538086
203574279.9782752693 781365.0573730469
184642055.7891278267 366448.8691566717
187429328.5079227686 565243.8322573900
189224994.4876436591 621312.2018453144
195239442.9311913252 730097.3883666992
195051642.0339236557 727056.1166381836
187958411.8596256673 583438.5802832842
184625886.0734295845 362925.0940712225
195044991.8206970990 726656.5216064453
192618398.1327600479 695854.5806579590
192527696.5387600660 695107.1687316895
187703870.2291843593 575241.0042639971
192237669.3560058773 689250.9219970703
184614805.2346578240 362089.2161750067
188715079.3977272809 605726.1286662519
192165305.4049008787 688428.2287292480
187802076.2786076367 578909.4251338243
187583570.0427288711 571169.2825347185
185538140.4301298857 454394.1609352119
184962963.9128861129 403081.2836809587
185539428.2976496220 455491.8470848091
187554696.5074751675 570754.8992701769
185486507.6804890931 452255.2163246162
185461370.1932616234 449440.8426892646
184922464.6027519703 396849.9433741998
184947097.4061124325 402656.2681875657
187905488.2649348676 581496.2865420580
187713440.1561490297 575341.7574855089
199254744.6814016104 761018.8820800781
202529923.8119433522 777360.1687011719
202272116.1349994838 776453.2268066406
202017476.4608207643 775310.8122558594
200248407.7357180119 766210.5234375000
211826665.6160590053 787186.2302246094
188751295.5819654465 605870.7092229389
190075007.6716009080 640657.6171871424
211671081.7329460979 786663.5749511719
190154147.1607273221 640800.2714329660
188703041.5748235881 605292.9746505097
190065249.2950284481 640317.5248967111
211706490.8262880743 786960.3166503906
184759340.9873159528 374981.8457785807
202899140.8476302028 778666.3942871094
211266065.9117211998 785386.6101074219
211435343.4621525109 785922.4880371094
211615176.4671099484 786023.7082519531
184768333.5074034035 375226.9874040447
199418734.8114998639 761492.6472167969
190150534.1444346309 640753.6393865645
199851597.0506325960 763570.2221679688
199886119.4457456470 764308.3176269531
199811887.3547721207 763521.5529785156
188645721.4498590529 603477.8445989154
188520907.1782769859 598303.0605491102
188226739.4901371002 590506.5624066852
210248647.7928968668 785018.1237792969
211514071.0518212020 786001.5861816406
188470922.1239126325 597751.8989134729
188286420.9019600451 592247.7393408716
199491146.6557182670 761901.2175292969
184900875.4713886678 385216.0783837270
184905363.8479592502 390857.3059227895
199325357.1555677950 761154.3137207031
200409377.4396377504 766689.0292968750
184877427.6492688358 383497.9543616008
184915326.3186027408 390936.3096925449
191405727.0617829859 662627.1272068024
184862850.8710088432 383396.0160524081
184883041.5027079880 384915.0296149216
188394753.1635977328 594793.8411475122
188141895.8227302432 587781.6089230478
191573077.0302563608 663379.2061557770
191580941.1800059676 665638.4828052521
188348895.3554600775 592605.8325781636
199746979.5398727655 762937.2614746094
191593967.4942630529 668087.5798511505
191031440.9473920763 652674.0888042450
191191266.2832908630 653516.4968471527
190892605.4427950978 649060.8088359833
190766728.9823307991 647243.8166542053
191103227.4212383628 653424.9701519012
190769325.1257247925 648539.6824321747
190737015.2829644084 646829.2237019241
