187174237.7272961736 554987.6667378247
191963218.1699366570 683505.8657531738
192826407.6475332081 695976.8669433594
194056531.9652053416 714462.8890075684
200800467.5318892598 767940.0323486328
202138504.7065265179 775700.9655761719
186085918.4084518254 493183.2262505107
186532220.4137254357 497766.2411206961
184453191.9320329428 322037.1678528301
185942618.5936549604 488575.6189740896
187044251.9061286747 550192.2949836850
204232246.6849824190 783065.3273925781
195828057.0804715753 736811.0831298828
204407508.0695548654 784011.6887207031
203992418.6106149852 782211.5847167969
195795506.2569192648 736449.6246948242
184531012.9223312140 348159.6301334761
185903195.8423376977 483086.0399675369
188923911.3295163810 612729.2438755464
195876131.0141188502 738250.3063354492
197105425.5384497941 748498.2482910156
184602031.2329141498 359798.5412328970
185911236.4452486336 484792.0853589773
185352198.7174598575 444911.7733669113
187036297.3257760406 546229.5055702329
192421918.7839431465 693505.7474975586
187084478.1622988582 550383.6863868833
192333608.6547926962 691503.5217590332
195530992.2251863182 731886.9183044434
201896229.0874244273 775154.7951660156
205554666.4325571060 785000.0378417969
212872869.3912435472 788427.3454589844
185776519.5527925491 475308.5202192068
192071686.1878342032 686000.2470397949
195738184.3170177639 735021.8110198975
204259627.1194327176 783674.5275878906
205469193.1329039037 784906.2639160156
184481226.5105731487 334443.2432529590
187191068.7609186471 555758.4049366117
186053607.9845822155 489136.2705854177
188997237.8037243187 615012.4333286714
212615058.9911963940 788196.6984863281
196093011.5433467031 739208.4721069336
185068305.9633019269 416674.1798130702
185077468.7565760911 422359.6443700027
185307066.7591739595 438081.6576363277
187098157.8115174770 551186.3177459836
185385752.9189849794 447833.6145198233
186073935.2382951379 490758.7804273367
193255788.3970382810 706140.4837036133
185381778.8729442060 445013.3856026363
189572288.0085583329 631343.0067683123
195638118.3423954546 734147.7676391602
198899176.3246110082 759209.8500976562
202868477.0908649266 778429.3630371094
194260547.8188912868 719905.5020141602
196457456.9810241461 742399.4135131836
187129450.5284730494 554746.7393653989
185100592.1193668246 423130.2889278363
186033890.8936189711 488952.3627485037
189648492.1952806711 632756.0752613209
201455279.5852726400 773041.0627441406
191987928.4578565061 685686.8490905762
193250679.4659439027 705625.8673095703
197996769.7945370376 754063.3891601562
193160164.6648997664 703514.7089233398
185775056.5983335674 474258.6975873709
193020280.7415331900 702223.0550537109
201294192.6195064187 772402.3293457031
185827918.8729710877 481568.1582807302
185715420.5427308083 467761.5065750480
184970013.3347274065 404965.6459256969
193008040.4587866962 701971.8665161133
197889938.5615057647 753292.8884277344
200762175.3906967342 767636.7070312500
184461906.6318477094 327484.9609205238
187290390.3959307373 557199.1905795336
188918053.6124160290 611160.0973911714
187091399.7233207822 550455.4694911242
185009410.6003300250 414104.2320526075
185757889.7754143476 474000.5661453605
185644705.4429372251 462695.2824448831
194094201.3980461359 717397.1110229492
205096397.7374462783 784501.6862792969
185753120.2890118361 469561.2898399718
212187129.5804773867 787785.2536621094
192362144.8098053634 691554.2197570801
199240004.2748646736 760503.9792480469
194160613.1175623834 718569.6857910156
200945680.7284124494 769147.6496582031
203528861.5610241890 780944.9665527344
195825560.4788833559 736784.3611450195
187241347.0063289702 557014.4691420794
194498789.6853781343 722204.1156005859
187380995.5233622789 563593.3866214454
191899283.5411366224 683380.5324401855
195184211.7764332592 728561.6923828125
200962766.5992078185 769697.3425292969
184474765.2917024195 333599.9334995411
185678344.7864740491 464172.0257075317
202687151.3819436431 777778.8371582031
185225252.4467402101 433513.4757146668
197628631.7306495607 751801.7043457031
198752785.6281091869 757352.3569335938
189838472.4219451845 635364.6156667434
194728289.2599210143 723920.3887939453
197369800.9801260233 750322.9267578125
197046317.7682153285 747309.2287597656
192157130.4210875928 687264.1878356934
194208678.6363823712 719170.2478637695
205353957.6205257773 784550.6760253906
184494263.1599427164 341357.4842807911
185021437.2485986650 415649.1520965528
187007528.1147568822 545369.1050420217
188876403.5207630992 610342.2494545751
185246312.7198050618 437218.1679935288
201324581.4996957779 772715.9411621094
188835560.6154225469 609198.9326481959
198426116.9159648716 755150.2966918945
197132746.2012911737 748669.6162109375
201887093.2529132366 774955.2941894531
203229331.4923495352 779939.8361816406
199040989.0048922598 760105.2607421875
187242309.7818986475 557178.8297119737
196925665.5848031640 746161.5346679688
203082583.1530992389 779717.0036621094
187006010.1566373408 543196.6086512804
212313351.3775308728 788026.3698730469
201601735.9018053114 773397.7287597656
185567740.8318336308 460289.5760615356
193225329.5857040286 704813.5440063477
197170050.7172940969 748801.1083984375
198911263.4587350190 759571.8974609375
202366483.2261137366 777183.3225097656
185221298.9963290393 432172.3126255702
196165186.5947584212 740470.8427124023
196518641.8018390834 743022.3342285156
184514703.2059894502 344423.5486118458
187395907.0313875079 564363.8997622728
193782061.7289446294 712438.7997436523
189716325.7061280608 633330.6935518943
189412267.1014685631 627440.0834108554
185137867.4235049188 423859.4289684128
188763176.8526267409 608908.4555231296
203010912.2779117823 779405.6306152344
203330649.6153062284 780363.3674316406
185101661.5449638069 423299.6988658737
196107772.1187890470 739774.6554565430
198601214.7563570738 757025.1145019531
198334718.0586170852 754812.5504150391
185282543.2290161848 437476.9921474289
198449211.9157648683 756136.3459472656
189273595.8467924893 624010.7709108554
196061280.8456161022 738843.8726196289
188070221.7124290168 585853.7797166109
193817467.4068100750 712459.7405395508
185217372.5881059468 431100.4343566727
191712239.3562771082 678434.9028911591
193064825.6725547612 702798.5600585938
192257428.4403214455 690313.9371643066
192838088.5278905928 700335.0645751953
196147212.9469427168 739889.1345825195
204851926.1005765200 784280.3962402344
185159479.2005858421 429512.3296031784
192593514.2857593894 695237.8034973145
198326504.4180933535 754184.3049926758
184534006.8254143000 349303.4955455921
189079609.9814217091 618207.8659964465
187204446.6294600070 556825.0325595140
188024509.2706368268 585656.6831448078
193491649.4037261009 708800.2654724121
184534706.0665012300 350205.5138523243
184557621.6607547998 350658.4971146248
185342369.1935690343 441850.0665378105
203821981.0908884704 781598.4411621094
193399839.4384659529 706456.9072875977
212532359.2241331637 788083.3811035156
189120236.1914128959 618629.5677694045
193572081.0133505762 710562.9076538086
193409713.0954959095 706684.5855407715
192505304.9581622779 694049.8529357910
194930593.4287136793 725516.3350219727
192605999.7050627470 695521.9723663330
185687148.6591876745 466311.8077332862
192395499.7890011072 692138.9558715820
184608658.3570146263 360720.2386205923
191707631.2469549179 674847.5095520020
194900517.6312767267 725214.5681152344
201842189.5130395293 774863.9489746094
184564705.6631150246 356872.5858432911
184701223.2922816873 371509.0260706674
189083011.9191378057 618257.1263185702
212113721.5871227980 787705.9123535156
184798557.7784416974 376951.9808225278
212081188.8099502921 787602.7980957031
184647765.5386689007 366499.6434791815
191668049.9952868223 670734.5744323730
193550937.4747576714 709664.1269531250
195398599.2536914945 730504.8969116211
189196937.8680108190 620414.1875783801
195136960.1848684549 728296.7067260742
195436369.4139283001 730533.2201538086
198829482.3382669687 758656.8715820312
201760988.7803328335 774470.0285644531
203574279.9782752693 781365.0573730469
184642055.7891278267 366448.8691566717
184514572.2973488569 341495.4560795557
187345995.0890553892 560515.5214663744
187429328.5079227686 565243.8322573900
187794403.8371520936 576517.7842482328
204758491.3582530916 784071.8811035156
189224994.4876436591 621312.2018453144
195239442.9311913252 730097.3883666992
195051642.0339236557 727056.1166381836
187958411.8596256673 583438.5802832842
184625886.0734295845 362925.0940712225
195044991.8206970990 726656.5216064453
192618398.1327600479 695854.5806579590
192527696.5387600660 695107.1687316895
187703870.2291843593 575241.0042639971
190322363.8865593076 643765.6433430612
192237669.3560058773 689250.9219970703
184614805.2346578240 362089.2161750067
188715079.3977272809 605726.1286662519
191893463.2468514442 681923.7998962402
192165305.4049008787 688428.2287292480
187802076.2786076367 578909.4251338243
187583570.0427288711 571169.2825347185
185538140.4301298857 454394.1609352119
184962963.9128861129 403081.2836809587
185539428.2976496220 455491.8470848091
187554696.5074751675 570754.8992701769
185486507.6804890931 452255.2163246162
185461370.1932616234 449440.8426892646
184922464.6027519703 396849.9433741998
184947097.4061124325 402656.2681875657
187905488.2649348676 581496.2865420580
187713440.1561490297 575341.7574855089
199254744.6814016104 761018.8820800781
202529923.8119433522 777360.1687011719
202272116.1349994838 776453.2268066406
202017476.4608207643 775310.8122558594
200248407.7357180119 766210.5234375000
211826665.6160590053 787186.2302246094
188751295.5819654465 605870.7092229389
198631246.9332132041 757159.5834960938
190075007.6716009080 640657.6171871424
211671081.7329460979 786663.5749511719
190154147.1607273221 640800.2714329660
188703041.5748235881 605292.9746505097
190065249.2950284481 640317.5248967111
211706490.8262880743 786960.3166503906
184759340.9873159528 374981.8457785807
202899140.8476302028 778666.3942871094
189829783.6781942546 634102.2428074777
211266065.9117211998 785386.6101074219
211435343.4621525109 785922.4880371094
211615176.4671099484 786023.7082519531
184768333.5074034035 375226.9874040447
187896208.0025918484 579851.3603687659
200657286.7331776023 767358.7736816406
199418734.8114998639 761492.6472167969
190150534.1444346309 640753.6393865645
199851597.0506325960 763570.2221679688
199886119.4457456470 764308.3176269531
200570666.6473639011 767124.9208984375
199811887.3547721207 763521.5529785156
188645721.4498590529 603477.8445989154
188520907.1782769859 598303.0605491102
188226739.4901371002 590506.5624066852
210248647.7928968668 785018.1237792969
211514071.0518212020 786001.5861816406
188470922.1239126325 597751.8989134729
188286420.9019600451 592247.7393408716
199491146.6557182670 761901.2175292969
184900875.4713886678 385216.0783837270
184905363.8479592502 390857.3059227895
199325357.1555677950 761154.3137207031
200409377.4396377504 766689.0292968750
184877427.6492688358 383497.9543616008
184915326.3186027408 390936.3096925449
191405727.0617829859 662627.1272068024
184862850.8710088432 383396.0160524081
184883041.5027079880 384915.0296149216
188394753.1635977328 594793.8411475122
188141895.8227302432 587781.6089230478
191573077.0302563608 663379.2061557770
191580941.1800059676 665638.4828052521
188348895.3554600775 592605.8325781636
200795389.3149404526 767805.2954101562
199746979.5398727655 762937.2614746094
191686245.6036827862 672050.3743152618
191593967.4942630529 668087.5798511505
191031440.9473920763 652674.0888042450
191191266.2832908630 653516.4968471527
190892605.4427950978 649060.8088359833
190766728.9823307991 647243.8166542053
191103227.4212383628 653424.9701519012
190769325.1257247925 648539.6824321747
190737015.2829644084 646829.2237019241
