208416940.7881246805 769858.8420410156
188856949.9611958563 577987.8247877806
188732030.8024314046 572050.0600492209
188854355.3437528610 577021.3071195334
189127425.6159017086 583449.8837796897
188736613.9953066409 576567.8137113303
188911232.2273247242 578443.7058011740
198004215.8834089935 728950.9656982422
186169325.0259840190 400044.8163740188
186041688.4494397640 380567.3484507352
186306772.8482020795 406256.7685912997
187683593.7440777123 509011.3085743027
187796153.2235619128 518495.1713560857
189138748.8325162232 583959.1413701624
189541688.6475303471 596639.5527962297
189893105.2119888067 600806.8538257480
189963471.5450485647 603180.4077367634
189828250.9279490709 599411.0883550495
189337354.5797526240 591930.5026616901
193269814.4249528348 672498.4689006805
193894621.8573245704 680882.1947784424
197829106.8769014180 728496.4295043945
200873964.4669520259 749363.3410034180
202489025.8873335123 760857.8994140625
189247639.8692414165 590247.8305869550
189835929.1967269480 599942.6037359089
189398441.1332791150 595565.3539800495
189680312.3559738994 598114.8795589209
189153511.9552944303 584462.0992539376
189212698.6389881968 589737.6624280661
189185003.6990071237 587977.8971883506
188917329.7996218204 581981.4052739590
186134641.1191115379 393655.5709124748
186320194.7045559585 407630.9773284141
192817324.3083350360 661990.7743358612
193868633.2633811235 679905.4899272919
197268744.2556774914 722495.1376953125
201073015.7963781953 751617.5461425781
201047377.5235896111 751401.0411376953
202928484.2768207192 761027.7080078125
209981535.9587472081 772135.0656738281
210034864.1445282400 772341.9206542969
189045792.3230907023 582328.1611224860
186138048.9141953886 398643.7572474688
187688243.7276220024 509161.1300056080
187906775.0715515316 524926.2876654197
188694768.2053394914 569223.4472952343
188664277.4363043904 569126.1259228445
189183555.5368982852 587945.4185629338
193685531.2619054317 677881.0097942352
193583466.0555037260 676647.1140727997
196835079.6074461043 715704.1382980347
196384205.7282072604 711766.6995773315
197720165.5153117478 725835.3754882812
197074380.0607839525 719650.1874389648
197770001.0951780081 727097.7033691406
197541138.7014446259 725290.4731445312
197610731.2540699542 725390.7026367188
197384569.6352491379 724295.8193359375
197735850.0118152201 726249.7763671875
186285949.8220119178 405043.2179885119
186227388.5079900324 400133.1300734226
187696279.8594890833 510532.5125080185
188587681.7698087692 564221.6262197949
188539197.0536793172 562906.2064657665
192830605.3339990973 663455.1586132050
194089368.4796649814 683108.8146343231
193369422.9286777377 673368.0099163055
201246362.9401735365 753087.1333007812
202119103.8110012710 758865.6616210938
186077548.9997876883 392287.2657180041
201864876.4474687874 757418.0864257812
202446775.8127557337 760447.3476562500
209841949.0346352160 770995.1374511719
186127773.3104963899 393536.0243002981
186105082.0849318206 393518.1979300588
186299340.2790269256 406132.6388969574
188711901.6362642050 570582.7570763088
188668899.3815929592 569165.1093484617
189096753.2696545124 583198.7847133130
193732862.8721887767 678801.5945739746
193488383.9757890999 675950.9316387177
193617028.9811684489 677156.0202941895
193692704.1410504878 678123.3980998993
201256010.9679854214 753490.2482910156
201090975.3013249338 752403.8315429688
201316762.9923313558 755039.9365234375
202342387.8979273140 759799.1230468750
186333354.8063041568 408785.5897189978
189064475.5504552722 582976.9038882703
189155190.7383517325 586188.2235904187
189064051.5679497421 582789.7267032117
201499456.5104594231 755957.4418945312
186234808.1855315268 401150.7103598028
186270728.9313597083 404441.8264334112
186239451.5252884030 401263.8714163214
188573052.9981702268 562921.9833059765
188607612.0744299293 569120.3221731640
191677542.1388699412 639128.1929794988
193027074.9058590829 667063.5565624237
193836659.7120887935 678981.0914020538
193653219.5822779536 677851.8932476044
194079891.4346961379 681144.4303569794
197027243.0458813608 718091.4783325195
197121755.7901785374 721055.6835327148
201570533.9450805187 756470.4023437500
201749409.6631169319 756889.9931640625
201442640.3343788087 755754.7070312500
188348689.4664855599 549830.8683767773
188526325.6643538773 562178.2737230510
193412507.4805934429 673925.8053874969
186461874.6331197023 413935.9629645556
187551095.2143284082 502749.1642206481
188470608.1888319254 556664.3749347180
188507514.4387004077 562173.9571218945
188375028.4037975371 555906.3659201122
192693846.7537987828 658740.9100780487
193057989.0227042139 667402.5282726288
193610333.6955308616 677126.6598186493
193494254.2996985912 676643.5763225555
196420519.7540028691 712548.8145675659
197054218.3438765109 718771.7203979492
192777189.1160051227 661667.8196544647
188278275.7872577310 543381.4272785641
193079894.8641269803 667539.4359569550
192718225.8714265823 660565.1909618378
192851905.5677475929 665583.7347850800
201887016.0222391784 757973.0761718750
208602708.9785505235 770471.1818847656
187723436.9040675163 515914.7595446147
188353460.3013651669 551889.6319294430
188285636.3787015080 544980.0267506100
191895060.8514930606 644230.8961582184
195898546.5804081559 705798.1695251465
196789605.3369880617 715463.0750045776
201169577.5480136573 753025.6286621094
201020616.3289652467 750218.8938598633
208073390.1030220687 769346.4533691406
188329221.2859504223 546274.1969242550
188349937.3689499199 551779.2364063717
188288026.4198117852 545107.7092953182
186521706.5605044961 414232.0537147671
188162864.8924114704 532465.4581284977
188195267.2868003249 539581.9405503727
191342817.8742441833 629441.8876740178
196326824.0055527091 711691.2984542847
201426656.8370732069 755581.6220703125
201866007.6019950509 757716.4104003906
208154503.1784512997 769737.2531738281
187608958.2439795136 508833.6997142868
192974750.3654238880 666654.9273357391
186607516.0892608762 415461.7231396977
187736882.4675058126 517033.8646808701
188028247.7155824602 529917.7566920929
188174756.7455132604 533699.7732539624
191475808.9820969403 634009.9943172177
191587705.3212437332 638563.1689926824
193215937.5939837098 671481.0159587860
196612350.6110933721 714401.7843551636
197267226.9052278101 721116.9201965332
192707946.0783125758 660312.7496317625
191463450.0784035325 630810.7848750791
192910897.0595158041 665683.5806254148
193162361.4801419675 670015.5693949461
196858734.7748607397 716682.4179611206
208175260.1904287040 769768.5451660156
187880996.8023197949 524521.5317340927
187978364.4081467688 527100.5194066005
191536711.6616525352 636253.2894274825
191642760.3838165700 638599.5520564755
196461615.2003553212 713496.4388351440
201020479.7191089690 750018.4073486328
191710528.1683899462 640558.2743654689
191510660.3002794683 634991.8789607724
195756138.4617708623 703760.1018905640
196935342.5655293465 717061.9788513184
187860248.9527838230 521222.5232480007
188032386.0077372789 530904.3972011704
187909257.7556600273 525052.8839695888
188126147.9786210954 531288.0655688482
191451631.8223118484 630653.6490413388
195470158.5922654867 699035.4385604858
207365116.9026893675 768137.3210449219
188176598.8753521740 536999.1224571988
191878023.7316841781 644003.2398964306
188153420.0288461745 531978.0543289619
188133945.8179457486 531661.3897061981
188034512.3111292422 531008.8917820888
191580345.0183983445 638267.4453670224
195684817.1058342159 702220.1653671265
207532338.3759196103 768498.3176269531
192143756.0274129510 647346.7848082026
191754521.9104281366 642151.0460750302
192151145.5275761187 647348.1045359373
207696379.0953639448 768687.6896972656
191797982.7921571136 642456.4335727692
192173706.0103571713 648887.5542277098
191922582.9118927121 645749.0489481688
195655177.5143536925 701743.3230819702
195804799.7987322211 704494.3517684937
191864380.5392212868 642927.7070292234
200841607.1153647006 744782.9324340820
207192606.7501369715 767360.8994140625
206959848.7967883348 767285.1340332031
193183369.2270489335 670259.1348246336
192029076.8560270965 647262.6718692780
191954295.1345110536 646437.3281534910
192830750.8446885347 663721.7711085081
192966320.4749225080 666223.0583475828
196025386.8890302777 707513.5091171265
196662478.1522518694 714626.6954040527
192269075.1282622218 651185.3760050535
195818438.2060218155 705560.7835311890
206679929.1501809359 766914.1716308594
196938041.5371448994 717341.1023254395
206574845.7905587852 766513.9382324219
192630812.8638536334 658686.6139200926
192169529.6143149137 648714.4580973387
192554140.2302256227 655504.4327067137
192367140.8736344278 653548.7315348387
192245624.7037381232 649801.5176066160
195403003.1373327076 698226.8340454102
196291700.2574096024 709748.7760009766
192289119.1979066730 651596.6395853758
192310678.0108771324 652329.9971598387
196164046.3055239916 709107.9796752930
205982165.0039485991 764942.8273925781
195917407.5376209021 706063.8331909180
205579789.8785179555 763967.6145019531
187329652.6558155119 422098.0405009985
187070069.8265628517 415602.8362860680
195628093.9108937681 700174.4263305664
200241124.2197107375 741379.4388427734
200042888.5248240232 740490.3048095703
200149492.2716788054 741281.6353759766
187143815.8333821595 418773.4185357094
195519770.2943120599 699650.5481567383
199915972.3232924640 739616.6906127930
199860744.9587807357 739217.5380859375
205292381.6091052890 761245.6044921875
195739586.8591159582 702834.2232055664
195939293.5394909382 706236.9547729492
196305193.2131971419 710676.1427001953
196222662.4462741911 709728.2778320312
205295484.4241563082 762754.6169433594
206422683.0368589759 765889.4645996094
200850212.8771749139 745582.0959472656
195970842.6236242354 706619.0737304688
200488146.1204912961 743286.0409545898
195094891.2030077279 690783.0034942627
195289242.1029861569 695541.9300537109
194919088.5857596397 688767.8885498047
199710845.5058846474 737897.7264099121
200587799.4151868522 744435.7940673828
200004264.8538270891 740413.3800048828
200586589.2824146450 743675.3128662109
206312124.1112630069 765492.8332519531
205584947.3411426842 764072.4167480469
194861424.5683773160 687443.6275024414
200264989.1220929325 741393.5965576172
200291576.6343351305 742993.0740966797
205890405.2085210681 764509.8254394531
206008668.8013966978 765042.4865722656
199537556.3151770234 736625.3544921875
199687936.0830137134 737561.8532714844
199787086.3346892297 738918.1765136719
195194502.3621535599 694581.7765197754
199506486.8123598099 735346.9830322266
199714046.7035731375 738329.4804687500
199293994.9453757703 734441.0826416016
205981596.3990883827 764867.5996093750
187508722.4495564401 424823.5272457302
199638618.4506870210 737169.4809570312
199238809.7192211747 734224.5026855469
199698546.9244990051 737648.1611328125
187502012.6729845703 422308.1389155388
187446565.4285409153 422151.8083058596
194757648.1331281364 685804.8276977539
195120311.0572056174 693586.2288818359
194959650.7242166698 689378.8952636719
198786718.8060215116 729614.5322265625
199326253.6696178019 735254.5480957031
205921255.4129376113 764600.1159667969
195366886.9643539190 695865.1353759766
195026082.2587665915 690157.0257568359
199133285.8218788207 732952.1070556641
198963709.4033492804 731493.0596923828
199296186.5009740889 734987.3337402344
199213180.8563575149 734023.9113769531
195043123.6406675875 690355.4332275391
199169345.7913246751 733346.5660400391
199119380.6741438806 732580.1096191406
198814163.9895313680 731277.2963867188
194913477.9306275249 687595.8453521729
187519289.9911547303 425948.2600613832
195269167.8206395209 694896.2867431641
195281706.2816347778 695286.7701416016
194989254.1974600852 689480.5788574219
