196675362.6441537440 736278.5800170898
203178420.9071314633 777636.8427734375
211435343.4621525109 785922.4880371094
195301294.5367757082 727501.1212158203
198270691.0512366891 751901.9670410156
203304792.2811237574 778379.1911621094
187431583.2490984499 561118.2751760436
187564895.1479218006 567719.2440218581
187759163.1366368830 572928.9356709719
189150344.5348295569 609860.4271184467
192551647.3097631335 690066.7064063549
202923302.3219725192 777456.0891113281
184640701.3226870596 352672.6881251168
184624357.3499525487 352197.7171143126
190096051.2324834764 639715.9659367502
192559256.2422197163 690976.2321186066
195157278.5489037037 726410.0025634766
196115165.4748219550 735213.7853393555
198575574.3514340818 756571.7539062500
203204693.6155825853 777997.2624511719
204141504.7998565435 781735.6315917969
211615176.4671099484 786023.7082519531
196407412.9851631820 735248.4331054688
184768333.5074034035 375226.9874040447
185391083.0611349642 438779.8790350389
185349762.7069435418 434415.1933715176
195473968.0333735943 729172.3603515625
198839143.8196574748 758324.5751953125
203338334.9774941504 779770.2731933594
204673797.8289626837 782881.2795410156
192031298.6260820925 682370.5938270092
195788178.8104346097 732317.0532226562
188578725.9504298270 599291.6323796771
194283464.9071573913 715954.3067016602
195592399.7483727932 730973.0419921875
198427142.0724333227 753508.5765380859
196658156.3165277839 735481.4748535156
196743799.4706948400 736303.1116943359
184698975.4524640441 367278.5859671793
196800988.9374902248 737110.6071777344
196043101.7645943165 734968.0164794922
199139253.3889663815 759555.9931640625
191862781.7041547298 677279.4576575756
192285260.3123934269 685214.5959632397
192649949.2579584420 691457.6414649487
192365205.9885406494 688490.1623694897
203809481.9006863236 781360.0031738281
188711310.3481246829 603843.4241277240
188870268.1669661701 607238.9100896381
191771640.6800692976 674614.5713069439
195107027.0490612984 724675.1873321533
198491663.9412734210 754596.6032714844
198770545.5455026031 757249.5624389648
185342181.4148619771 433586.6083975267
187656117.4622284770 572050.1620778991
188873451.6595869660 609157.3894129060
190625668.2637638450 646528.2398777902
198455959.6478731036 754422.2081298828
198513767.2117878795 755378.9066162109
195571966.2577319443 729722.1836547852
203898554.2776828110 781466.2023925781
188733459.0598027408 604730.9665471576
188995068.3472786248 609689.2327959538
190565430.6076763570 645314.7598089278
195870569.7306576371 732634.8897705078
184686142.4521568120 363144.9102935753
184656462.4755136371 359817.2960967980
185662670.9154301882 445772.0706339423
194890210.3069322705 722586.6572875977
195973731.1441780031 733506.9700317383
189944646.6363775730 635957.3424473703
204677078.3916484416 783044.4299316406
185457728.3355243206 441001.9814138841
187295645.1141111851 555602.7139521837
192463539.2471110523 689787.9088904858
199031464.2217479646 759540.4755859375
185012472.4265866280 403231.1907682847
185377243.6778810322 434457.3253879976
187810973.3518165350 576911.1833094908
189802054.6104281247 631246.5410252512
192013789.4297459424 680561.2938392162
194861380.2636137903 722118.6035766602
191720569.9388540983 673047.7776929140
204662712.7983059883 782861.2512207031
187141794.5311335027 548146.1398183107
192726319.9028073549 693911.1931922436
195424721.4787362218 727801.6494140625
184556004.7838495970 296796.4643630180
198941231.7188178003 759346.7480468750
200128769.4636047482 764880.4653320312
211727740.6122825444 786960.3166503906
190240235.3548565507 641710.7292996347
185531213.0620168746 441887.7649619412
187896208.0025918484 579851.3603687659
194172122.2279773653 714849.7307128906
195470207.3756135404 728106.6979980469
204530075.9294556677 782703.3459472656
200657286.7331776023 767358.7736816406
185310973.4516097307 433296.1430235337
189866578.5825675726 634010.6457005441
194110494.7800977826 713848.3207397461
194741698.3037384152 721425.1640014648
198777559.5745078325 757619.5576171875
187721369.3747524917 572787.8008298827
189867581.5153443515 634830.1769505441
198987982.8340323567 759389.9902343750
203635822.1323976815 780482.6301269531
190168385.3515719473 640800.2714329660
192201941.5273194015 683582.5284583569
187332791.2220967114 556911.5184108019
194705929.7701264620 720640.1062622070
189997098.8649548888 638924.3793431222
192144406.7685253918 682698.4166114330
185062758.1311531067 411396.7253294419
192187116.0308658779 683549.9524695873
195068355.4192445278 724474.8538818359
198297917.9620847404 752538.4545898438
200782605.2754088938 767799.0605468750
185079762.4273248613 413089.0377223324
194997551.3553730845 724430.4608154297
187086334.6295094490 543056.6292228401
194606501.1696287692 720242.7114868164
199418734.8114998639 761492.6472167969
204487051.9076122642 782463.7775878906
211688225.6394973993 786104.2126464844
203973157.1477317810 781524.3649902344
212012396.1796405315 786992.7028808594
190150534.1444346309 640753.6393865645
203985549.2889364064 781601.6364746094
200740228.1570827067 767737.2167968750
199851597.0506325960 763570.2221679688
198052986.6806924641 751168.0836791992
187282233.6075250506 555297.7070533037
203566458.7985874414 779917.7478027344
187454315.5509734154 563675.0562334014
199886119.4457456470 764308.3176269531
187153031.1457897127 549040.4929160774
200570666.6473639011 767124.9208984375
188642870.0559170842 602491.5443687439
194034429.0043120980 713625.8627319336
195142808.4046641588 725443.7713012695
184621658.7806305289 319770.4694050811
184572570.4698269963 312791.6555130872
193978377.8591400385 711131.6110839844
188415734.6646546721 596219.2529050373
195285184.7242699564 726734.6862792969
204519674.4124439955 782652.2580566406
187342645.5272502303 560079.0572291613
193687871.6300939620 707413.9056396484
199811887.3547721207 763521.5529785156
204320795.2435174584 781817.2172851562
184845496.5747012794 375821.2454129886
193929363.7068830431 710916.0432739258
200148246.7801178992 765943.6342773438
204337708.2204735875 781976.8747558594
204010765.3968701363 781708.4182128906
194442046.1600546837 717844.7609252930
194210671.6170454919 715412.9572143555
188645721.4498590529 603477.8445989154
187890247.5555427074 579273.9302502051
185033277.7132216990 410215.8587751817
184618549.7707405388 316867.0031756423
187459837.5396835208 564895.1101369811
187783456.0498861074 573898.8198504578
187791584.0120089352 575983.0141859008
190396612.5607512295 645184.4454835951
204337596.9809967577 781971.2834472656
184746281.7055358887 368276.6158172321
185035110.9052282870 410983.2749147844
188520907.1782769859 598303.0605491102
187673084.5894256532 572553.8110609008
187118750.4554385841 545984.4188041389
187517924.8364793658 565711.3492565528
184724104.9214129150 367345.4674536418
188226739.4901371002 590506.5624066852
203146003.7355450690 777485.0026855469
193174402.6173623800 697959.0490112305
193639765.8195577860 706984.9127197266
210248647.7928968668 785018.1237792969
211514071.0518212020 786001.5861816406
188470922.1239126325 597751.8989134729
185210505.0748163164 425710.7315950822
185289215.9000532329 428275.6252353732
185106171.1912953258 417973.4095564317
188286420.9019600451 592247.7393408716
193462823.3194226027 703918.0067749023
185271923.2468971014 426605.7373091709
211385617.6408253908 785194.3439941406
184728374.3609404862 367832.6339575481
184969905.5990670621 399193.5589860640
187600708.3195773959 569183.8045301391
193350527.0658787787 703121.5792236328
185022400.7855742574 407345.0966801009
193296947.0813426077 699789.7233276367
185090469.8046073616 414995.7417759261
193017656.9584030807 697484.7064208984
202305668.0671212375 774505.7529296875
184766705.1733733416 371598.3463598918
199491146.6557182670 761901.2175292969
202056159.7633634210 773993.1328125000
202489694.4805010259 775682.7565917969
189825601.3862192035 631985.1648286879
198719654.2748201191 756747.7399902344
184900875.4713886678 385216.0783837270
199316606.3538018763 760788.3732910156
185289766.6681144536 428570.2825319301
184905363.8479592502 390857.3059227895
189711235.8165260851 625732.5749086440
189739050.4055094123 627925.3057862222
193178066.0628066361 698564.7365722656
199325357.1555677950 761154.3137207031
187115461.8640256822 545803.8947868049
189635036.9866844416 625172.9891389906
202551804.5744942129 775803.5358886719
209762414.6646318138 783888.5524902344
188088000.1996482015 584684.7814703882
187257571.2941758037 554835.3700751141
200409377.4396377504 766689.0292968750
189846816.7399685383 632678.9399599135
185290012.8375678062 428638.2728998214
202241069.1459381580 774315.7312011719
184877427.6492688358 383497.9543616008
187104043.3446010053 544847.0420646369
184915326.3186027408 390936.3096925449
187083383.6920017004 542857.4737662971
187055479.5780098438 542078.3067893684
210186493.1609315574 784896.4020996094
187157249.9275314808 549780.1504630744
187326951.2424948812 556075.5590111853
191405727.0617829859 662627.1272068024
184607085.8773830831 316589.9057762604
192893633.9389909506 694341.3588256836
184862850.8710088432 383396.0160524081
184883041.5027079880 384915.0296149216
188394753.1635977328 594793.8411475122
189747557.7446562946 628754.0040192306
188141895.8227302432 587781.6089230478
184593182.4386253357 314852.7436478119
191573077.0302563608 663379.2061557770
184932172.7206503153 392672.5803961716
191580941.1800059676 665638.4828052521
197953207.9009799361 748402.7353515625
188024654.8488831520 581325.4386959970
191295733.7866407931 659497.3916263580
197774180.2204197347 745646.1737060547
209590808.5563681424 783684.5505371094
197790428.9551851153 746348.3366699219
188348895.3554600775 592605.8325781636
198032754.8309295774 749005.3388671875
209873847.6915891469 784382.9143066406
193150386.6852089465 697818.9714851379
188005805.9152508080 580655.7968035638
188083254.5198822618 584445.0527802408
209521720.0600779057 783295.3859863281
187389006.4034924507 560282.9764040364
201894706.7514433563 772240.0847167969
191844480.5460866988 674800.6189479828
201552580.1619372964 771347.1252441406
201846462.2247932851 772214.5720214844
201446107.2892487347 770543.7355957031
201404404.9107192159 770242.4724121094
201516840.0294634104 771196.2805175781
201783310.9933541715 772053.9182128906
201482802.8604500890 771144.5402832031
197597560.2427525222 742589.4657592773
209127225.4885563254 783270.7756347656
201008169.9479497969 768952.2099609375
200992055.7927187979 768677.0200195312
200992564.1257026196 768831.5659179688
200795389.3149404526 767805.2954101562
199746979.5398727655 762937.2614746094
188005735.2720196247 579883.1787874997
187014667.8469673395 534361.7664492761
191686245.6036827862 672050.3743152618
197577672.2827967107 737204.8763427734
209640517.5338855088 783700.3996582031
209737506.8810119331 783709.2136230469
191593967.4942630529 668087.5798511505
186012742.3545327783 450126.5908626262
186242604.7491120398 453404.0439149346
189592719.1385201812 622319.7377151549
190939686.8248952627 649080.6671657562
190982433.4499142468 650736.7654399872
191031440.9473920763 652674.0888042450
191191266.2832908630 653516.4968471527
190892605.4427950978 649060.8088359833
190766728.9823307991 647243.8166542053
191103227.4212383628 653424.9701519012
190769325.1257247925 648539.6824321747
190737015.2829644084 646829.2237019241
186006352.3040783405 448902.5234911386
185997879.6144628525 448901.0922597200
185979249.1853736937 447117.3874164969
186630621.3239329457 454471.1521888580
186035641.6562278271 450780.8795863334
189581462.7589932680 616400.0392912626
189515992.6862414479 613806.2472380400
189566406.6087673008 615297.5126288831
189379095.7633291483 611966.9797910154
189394952.3280209899 612418.6187828779
