193938457.7235051990 705184.3366699219
193579648.0999450386 704382.9051513672
212413671.2314163446 786001.5861816406
188252812.4510328174 589613.4493018091
190131030.3687648773 638407.5227112472
194572221.1645318270 712942.8151855469
198637280.6721394658 755427.6402587891
198768050.0674944222 756343.8706054688
198664075.5095435679 755536.7056884766
199587776.8161915243 761901.2175292969
202061242.8847593963 772443.8435058594
188193632.3738483787 588921.7669287622
190565274.3112052977 643978.4119934738
203122085.7009925246 777086.6857910156
212234534.5267916024 785597.4689941406
192182702.9522576332 683054.5473462343
202073752.8927363455 773137.3376464844
184905363.8479592502 390857.3059227895
203037319.3369672596 775836.1022949219
189711235.8165260851 625732.5749086440
193105072.0025670826 696742.8398742676
188277323.4255417585 590068.9494391382
189822902.9735232294 629107.7168764174
203050786.3552379310 776054.9606933594
185250448.7084368765 425047.1979105007
185380268.4276719093 431297.5692946147
185641121.8212907314 433436.8533041123
189739050.4055094123 627925.3057862222
193178066.0628066361 698564.7365722656
193853840.3297098577 704896.1867065430
199325357.1555677950 761154.3137207031
185118849.1641459167 414868.0857418738
187115461.8640256822 545803.8947868049
187189532.2602597177 549926.3032951057
189635036.9866844416 625172.9891389906
202551804.5744942129 775803.5358886719
209762414.6646318138 783888.5524902344
188257782.7688038349 589955.8866148889
199191348.1112600565 759954.2033691406
200088286.9320116639 764565.1435546875
185008260.3319151103 403229.1654969286
187299527.3495401144 555281.8423869535
188088000.1996482015 584684.7814703882
190151836.6987629235 639389.7205109298
193106379.5364061296 696853.5121154785
200750259.1557412148 766980.1713867188
194229219.5425865352 709118.0312500000
184658252.4135129452 322661.0277083497
185157794.1705617607 418645.4430861305
185321910.5513221920 428943.6288454067
187257571.2941758037 554835.3700751141
187476148.4771251678 560374.6306054769
189892815.1723819077 633398.7380708754
192541851.5956061482 688965.6606140137
200409377.4396377504 766689.0292968750
202474784.0365536511 775140.3591308594
187089356.9260388911 542980.9408073127
189846816.7399685383 632678.9399599135
199131879.4258287549 759490.8745117188
199918632.6725281477 763978.9125976562
185290012.8375678062 428638.2728998214
185173100.6967165172 420876.6771585476
185145433.2069913447 418206.8796617519
185234891.9622872472 422476.2900840472
185103186.8934271932 414680.3844250403
192515558.0752947927 688903.4616088867
202241069.1459381580 774315.7312011719
185206510.8063714504 421719.3580139838
194440074.6799792945 712733.3767700195
202505658.5850867033 775682.7565917969
202191145.3876402378 773250.8439941406
210255948.6418545544 785018.1237792969
184877427.6492688358 383497.9543616008
187104043.3446010053 544847.0420646369
184915326.3186027408 390936.3096925449
187083383.6920017004 542857.4737662971
187055479.5780098438 542078.3067893684
194247634.5505022407 710148.7202148438
198860229.2246620357 758139.7485351562
201123594.1828917563 769553.0070800781
199019930.3733301461 759335.1630859375
184578934.9473362267 308273.2046426515
194424879.6555129886 712135.0823364258
198859465.6787244380 757335.1778564453
198904949.9600806236 758399.0035400391
201340218.2502310872 769906.7998046875
210186493.1609315574 784896.4020996094
184990013.2171359956 394624.5047018509
187157249.9275314808 549780.1504630744
187326951.2424948812 556075.5590111853
191405727.0617829859 662627.1272068024
194002637.8643421531 708272.8281250000
185042559.0294232666 408087.0988516770
188439585.9733760953 595513.0859126747
185084959.1656459570 408450.8456658087
185049858.0512915552 408111.8339972458
192640910.7292557359 690647.5680236816
192760199.1652736068 692226.7795104980
193039197.3953050077 696456.5263671875
184607085.8773830831 316589.9057762604
192783092.8071247637 693660.8385620117
192893633.9389909506 694341.3588256836
184862850.8710088432 383396.0160524081
184883041.5027079880 384915.0296149216
185000083.2069089711 401088.9748663864
188394753.1635977328 594793.8411475122
189747557.7446562946 628754.0040192306
193576644.8124855459 702784.6901245117
192777620.8989866674 692381.7325134277
198625737.6277143955 754826.7005004883
188509351.5757815838 597463.5357085168
184582931.0752142668 308832.3549950104
187371197.4566812813 559572.5321836425
184628841.5544561446 318629.5541399568
188062085.3691416681 582369.1201229990
187227985.6439321935 550047.0125212325
188141895.8227302432 587781.6089230478
193369168.9339670837 700578.8755512238
184593182.4386253357 314852.7436478119
191573077.0302563608 663379.2061557770
184932172.7206503153 392672.5803961716
190019103.4900677204 634954.7029328048
190098748.0360366404 638261.3698792160
191580941.1800059676 665638.4828052521
197953207.9009799361 748402.7353515625
201381802.0686791539 770145.0566406250
192655287.8332107961 690775.8504940271
188024654.8488831520 581325.4386959970
191295733.7866407931 659497.3916263580
188621189.3051383495 597777.1315607838
193354697.8969163597 700290.0950202942
197774180.2204197347 745646.1737060547
209590808.5563681424 783684.5505371094
193977585.9460964203 706608.5817737579
197790428.9551851153 746348.3366699219
201196369.6223299503 769769.4206542969
188348895.3554600775 592605.8325781636
189962895.5356689990 634496.4177307785
198032754.8309295774 749005.3388671875
198140722.9702025950 750720.9941406250
184678066.4505001903 325091.6939392164
209873847.6915891469 784382.9143066406
193150386.6852089465 697818.9714851379
190034457.7931888700 636131.7056278884
184647320.5703534186 321542.0831722225
198719377.9217131138 755558.3377075195
201065755.6617560089 769079.1076660156
188005805.9152508080 580655.7968035638
184641931.2195243239 319273.0248439516
188083254.5198822618 584445.0527802408
198374437.7090311646 752358.1487426758
198321988.8445857763 751123.1422119141
209521720.0600779057 783295.3859863281
184695269.9120107293 328871.7190312351
187646155.7853139043 567595.3808385376
198444807.2841353118 752805.1604614258
189901451.1692605615 633498.7044586837
187389006.4034924507 560282.9764040364
187916692.9633440971 575942.7125988305
201894706.7514433563 772240.0847167969
191844480.5460866988 674800.6189479828
201552580.1619372964 771347.1252441406
208888241.5044652224 782983.7067871094
187958132.7662350237 579791.7281008065
201846462.2247932851 772214.5720214844
187142404.4019933641 546366.0731829060
187846749.9390361011 574183.4929352701
187239519.1083216369 553165.2828386677
201446107.2892487347 770543.7355957031
199873649.8903838396 763474.3178710938
201404404.9107192159 770242.4724121094
192373363.4792353511 685954.0006904602
201516840.0294634104 771196.2805175781
201783310.9933541715 772053.9182128906
199984178.0666463375 764280.7436523438
201482802.8604500890 771144.5402832031
187801644.4711014926 573766.8938417733
192314861.1009931266 684450.3669624329
197597560.2427525222 742589.4657592773
209127225.4885563254 783270.7756347656
187953408.5788242519 578280.9924135506
201008169.9479497969 768952.2099609375
200992055.7927187979 768677.0200195312
200992564.1257026196 768831.5659179688
200795389.3149404526 767805.2954101562
192236298.0484900475 683375.6884346008
199746979.5398727655 762937.2614746094
188852132.6691128612 602646.9017123878
187704028.5855159760 568375.6902284920
200237859.4216138721 765343.3720703125
184719264.9561832547 333065.6340121831
188005735.2720196247 579883.1787874997
192239531.4039204717 683455.4975166321
187014667.8469673395 534361.7664492761
195339132.3717994094 718848.1673889160
195683781.3589040935 720486.0799255371
184847038.6237661541 371465.3826609086
195749817.2809751928 722978.4678039551
207732799.5167759657 779446.1359863281
195467977.8405069113 720304.6458282471
191885163.0330463350 676323.5476990938
195188469.4028490186 718183.6346130371
194759603.6127332747 713122.6384068131
194864123.0564067960 714408.1156921387
208624054.3603653908 782329.7082519531
184856694.4446551204 372389.8814512920
208180432.8666490912 780655.6394042969
195160723.6080479920 715883.7124938965
194796251.7481105030 713976.4578552246
208296764.2546826601 782090.7102050781
195027939.7350151539 715444.2176208496
187851817.1683405340 574616.0673647225
194988819.2197568715 715101.0706481934
192305835.9030250609 683890.1394672394
191728206.9430094659 672894.6376209259
208236804.9808214307 781924.5969238281
188703906.8140881062 599221.1444185674
208101826.1027937531 780507.7902832031
191813778.3291651607 673833.4762439728
192296905.3260704577 683873.3402318954
207749877.0963276327 780075.0290527344
192033363.5734371245 678979.1383275986
184739778.3924393058 338188.4336676672
184722075.5464954078 335664.3461241461
191686245.6036827862 672050.3743152618
192135053.3561070859 680472.9641771317
184688354.4785680473 327504.9274968113
208775412.2836292386 782588.7468261719
208861801.7761784196 782958.8073730469
195101889.0423232019 715720.2127685547
184837962.0752127469 361383.0775045324
188839653.0005578399 601126.8808077276
184718753.2237936854 329233.6579655613
184791028.5100724697 350027.5651383474
184732851.5678658187 336991.2087468113
196777535.1002175808 730303.7366943359
196059321.7086837292 723891.0957031250
184803049.9373852015 351369.9032419380
190339080.6449622810 641381.1775669754
197577672.2827967107 737204.8763427734
196808735.7224178314 731518.1474609375
196438556.1060920954 728453.1492919922
196997618.6960303187 733541.7235107422
184760045.4225917161 344721.3040837254
184808408.3804768622 355990.7145142630
197247974.8033362627 734759.0770874023
184842238.3116885126 361558.0296273232
209640517.5338855088 783700.3996582031
197414158.1195047200 735397.0647583008
184802408.1623535752 350730.0153903569
184759175.3459869027 342142.9944405630
184774644.2653576732 349900.5452218130
209737506.8810119331 783709.2136230469
196819749.5322696865 731854.7293090820
191593967.4942630529 668087.5798511505
197428699.2088618577 736349.8973388672
196598521.0257573724 728979.1337280273
196915040.9742543399 732397.2791748047
196479654.1594726443 728730.6975708008
196619451.4998911917 729267.5820922852
196251393.2730224431 726277.8494262695
196223320.8753211498 725235.8115844727
187883035.7972278297 575515.8550234139
196121902.0353999734 724401.9573364258
185873985.9969833791 436451.8900646716
186012742.3545327783 450126.5908626262
186242604.7491120398 453404.0439149346
189592719.1385201812 622319.7377151549
190939686.8248952627 649080.6671657562
190982433.4499142468 650736.7654399872
191031440.9473920763 652674.0888042450
191191266.2832908630 653516.4968471527
190892605.4427950978 649060.8088359833
190766728.9823307991 647243.8166542053
191103227.4212383628 653424.9701519012
190769325.1257247925 648539.6824321747
190737015.2829644084 646829.2237019241
190430075.3970211148 642295.8075642288
186006352.3040783405 448902.5234911386
189846164.1067141593 629241.7617057264
185997879.6144628525 448901.0922597200
185845039.2097856700 433459.6816143543
185892629.3697591722 441144.9978527576
185979249.1853736937 447117.3874164969
185967277.2907618880 443083.9360749274
186630621.3239329457 454471.1521888580
186035641.6562278271 450780.8795863334
187721771.0761525929 568455.1778154671
185918450.6258963048 442944.5706066638
189097553.0288543701 605125.1369029582
185869611.5778094232 435037.9838404804
189121532.3931470215 605390.6704622805
189581462.7589932680 616400.0392912626
189515992.6862414479 613806.2472380400
189566406.6087673008 615297.5126288831
189379095.7633291483 611966.9797910154
189346821.0534708202 609143.1842125654
189394952.3280209899 612418.6187828779
189259822.2792404890 607775.7257164717
