152407576.6528675854 55492.5582115054
152388043.6347995102 55248.3701535314
155894368.7178621292 85182.7799109519
155893827.7694262862 84998.1776233166
164004921.4511629939 131207.9723253250
173860228.6843716800 169003.2713317871
174209361.9529937506 169876.8209228516
151480268.7555970848 33057.0155854961
155749717.2218842506 84655.3597736210
172477555.3751097918 165167.9093170166
155529474.2397582531 82793.7740465254
155771727.7996736169 84785.7600421458
171449587.1979840398 160752.4347839355
151488703.9788963199 33163.2481489917
151514614.7312727571 35196.4894031873
171616886.5771820545 161522.1731872559
163072077.8840840161 125984.2132979482
155495667.5710212588 82562.0453439802
171122651.2309611440 160182.5193481445
170746851.0882609785 158748.7526245117
171160166.2557067275 160224.0365905762
170609851.5009235740 158425.4088134766
151901721.1739405394 48949.0396038145
170949343.5948690176 159815.5685729980
158647602.5686050653 102676.9750923514
165484127.1114947796 137462.0925306678
165128525.7426132560 135844.7119058371
158776475.4614532292 103186.6478390098
165460708.3357149363 137307.7360690832
172888712.6519836187 166041.8677368164
155504214.6977262497 82599.8550415933
163892559.1814901829 130754.0203537047
156030268.0375261307 86205.2923875898
163509618.8912495375 129241.0223647207
177019319.7542618513 170970.9959716797
151498642.7383176982 33350.7064637681
176868500.6372772753 170847.8316650391
174014526.0024292767 169517.5943603516
174268967.2966069281 170124.8043212891
173929085.4263688624 169201.4001464844
155859484.2428417504 84930.5600114912
155742504.1536416113 84577.5883165449
165323510.3359808326 136162.9030832052
162827003.2569563985 125423.7861128896
163151512.8278223872 127456.9279585928
165418774.2854498029 136911.9887918234
176876876.1937178671 170865.4239501953
176877766.4743607342 170904.8488769531
172618003.8678637743 165553.2186279297
153102303.7533215880 62128.6040600389
156110867.5422314703 86905.9749965370
164420337.2894507051 133190.5210691243
172706040.5990493894 165698.0278320312
160016528.3027765453 110038.8086913228
165017764.6696609855 135519.0740426779
165470691.1290308833 137317.4265664816
152018515.3826484978 50646.2569709122
157887472.0076298714 97791.4355505705
159719883.5268303752 108372.2481202483
164740314.1922570467 133718.2715081573
173615863.2263992429 168303.8997802734
155429278.6241185069 80794.9415321797
164780990.1302996278 134315.2359739095
164368068.5901778340 132977.8455930501
164285269.8135463595 131915.9792142659
163931678.8590144515 131193.7511869222
156220012.4287872016 87150.3810176551
151839343.6890073717 46770.3384018242
155398244.4854827523 80716.5425453633
171541953.0877920985 161442.3124542236
174649191.1199423075 170435.1418457031
176998018.8473503292 170922.9056396484
155351363.0787541568 80435.6922569722
155214020.8146308362 78533.5027718237
171611601.8569678664 161460.5080108643
155477441.0545000732 82344.2466164082
158179685.2152646184 99675.6808032393
170171835.5842177868 156435.3683929443
151657083.9827214181 41165.6574150920
173041143.8654765487 166952.0037231445
173492858.2365499139 167856.5518493652
171807395.1315565109 162668.0311279297
156370626.5860178173 88443.6721535176
173554097.4711450338 167880.3842468262
174810054.6450626254 170480.4389648438
158449491.8583431244 101410.3298029304
171455304.8628082275 161377.1395416260
159750456.7752962410 108391.5051897764
170517657.8171100020 157850.0894813538
176781382.9349725544 170832.9281005859
153019224.8995502293 61485.0861448167
163804745.4611479640 130077.7789808065
151593120.1328090131 39225.2826675922
164278398.8418354392 131906.1708546281
158655929.5983489156 102941.4689020514
158329173.9864633679 101161.0022272468
172937973.7587007284 166428.0541381836
152490650.8502374291 55511.0924606025
152352643.3462323546 55105.5552774519
172219195.7901235223 164144.2533264160
156397269.9363329113 88690.0694026649
173185792.2827512622 167173.2720642090
164047923.1490960121 131296.0036969930
151558704.8042489886 37306.5923532993
164141626.0980663300 131852.3946566135
157956222.4852404594 98593.1579740024
152880459.1957633495 59914.3730559349
151984318.5885909498 49517.6191278845
152337082.2675003111 53724.2464973181
152323865.1503397226 53633.2981992811
164320676.4571264386 132282.0941282064
173852189.9071422219 168921.1081237793
157957493.4782028198 98593.3557468057
152281272.8029269874 53476.9078641981
152306042.3639831841 53606.6098748147
163549836.6277563572 129262.8618512899
152973099.2293969095 61448.4240130304
158689677.5989908874 103108.8550907373
151572551.8365137279 38939.1888046563
156329336.9945574999 88262.4213843644
153308762.7715910673 64031.5965368599
152981008.8582735956 61469.8872221826
156430292.6717235744 88699.3935202509
151802367.5552113652 45466.4964266866
156379100.1471413374 88482.5181063116
164318624.1866596937 131966.1028599739
153054183.5459936559 62121.3332629055
152202038.3335142136 53227.8604246229
152248766.6480107009 53366.5637060255
151801823.5918692946 45248.3336501420
152190364.5388873518 53072.4134317487
170476261.3213029504 157541.5149726868
153216618.6858229637 63257.3898649929
151530696.2726077437 35535.6467700293
173259347.4863619804 167384.5624389648
174741744.1458804011 170456.5144042969
151888492.6331038475 48860.0298238099
171845308.7482284307 162697.3820800781
174707823.1348205805 170437.1394042969
152065796.9713341594 51246.2959728539
151909640.4851182103 49213.1541271508
171067939.5033053160 160007.8924407959
152225280.5769286752 53272.5265780538
173712602.7463129163 168516.6631774902
171261416.5958539248 160372.2890930176
155645166.7846873403 82964.7280264199
151962111.8810343146 49462.2015667260
153372537.6288686693 64458.4517096728
169828933.9724765420 154406.7907867432
153598228.5787350535 66699.2527669966
172059278.3784554005 163240.1344909668
169852529.3637243509 154526.9517669678
171936345.5250228643 162710.3164672852
171619301.7800074816 161688.5192871094
162863211.6413574815 125436.8608469516
169612308.7554491162 151923.4104614258
171684975.3778872490 161925.7617797852
171970027.9527394176 162769.0360107422
151611614.0352948010 39359.1530385911
156261784.3044255972 87191.1240000278
171972735.4161756039 163161.2339477539
153238064.1097230315 63828.6617444009
162803586.4974856377 124925.7323958576
169695332.4440505505 154095.2902374268
159639889.4290761054 108203.4085319042
156569492.4151239991 89377.3820719868
173366989.3712353706 167461.1528625488
156811619.8711998463 91127.4364013821
164611790.0338472128 133489.8816850781
158146835.9138832986 99610.1215672046
152635841.7801316381 57733.0263457298
169698670.4766459465 154155.9352111816
169661100.1055307984 153940.2019271851
163144529.4063257575 127064.5649179965
172475883.2385511398 164578.0744323730
156284901.2338319123 87410.7671771199
159795882.0532633960 108812.6738709807
169954850.2907578945 154999.9753417969
159845509.6082078815 108867.2495793700
159790180.8261100948 108802.9491600394
159766654.6894277930 108800.3657993078
169875583.0296915174 154703.9088897705
172367713.9097907543 164356.8060913086
169660451.4246932864 153730.5624370575
153285536.3896563351 64009.1996580809
159372334.8674675524 106825.1342350841
169761545.8172413707 154401.4136657715
156486099.8760192394 89094.2945556790
153029272.8817133307 61635.3232218623
153465197.1258310378 65490.9505253285
159105147.7324426174 105186.9961439967
151543035.4847574830 37163.4973411113
159438277.0096787214 107134.3148911595
159030731.3654695749 104983.6392104030
157032863.1077941656 92565.2438430935
157820599.3435524106 97708.0485095382
159329535.2090546489 106403.9938131422
171323749.9825264812 160523.9970855713
157085813.6534654796 92834.7608108670
162751688.3654795587 123876.7071754336
152955118.1765224636 61229.8854472041
152575947.3030689061 57387.7777495384
157760260.6154451668 97482.7098011971
153867131.3110117614 68319.2208317965
158635709.9100868702 102508.1054395586
158962616.0684123635 104578.4032637924
158791000.8849148750 103396.4532957077
152672950.0115680695 57942.9789544791
152609538.8892628253 57549.4781617969
170015536.5791144967 155240.9776306152
156822164.2730464637 91283.8267364651
156752439.7923316360 90878.3889618069
157135161.5378113389 92970.9767122418
170434880.9988813400 156916.7203140259
157408902.9436410367 94944.6726532131
157087895.3665510714 92911.5308075100
153986034.2190133631 68536.6524677277
157372239.6198069453 93811.0025195479
157406378.5968614519 94763.4717254788
157275361.9452009201 93624.0511751324
152332503.9199935198 53673.8802763671
162496686.0930486917 123250.7809490561
161997521.9620576501 119748.0893916488
162007853.2842890620 120630.5379324555
162271117.7478687167 121630.3760714084
161906535.8224157691 119429.4855098128
165808035.0323285162 137608.2578684986
165844655.5664950311 137774.8506768048
165946628.3240011334 138077.4568822980
157193504.1614615917 93297.9063898176
151773416.5520707369 45240.7721638978
156928075.4866134226 91531.4634246975
151728229.6903993785 43452.0659457296
152098462.9844577610 51433.0792190433
157137158.8273291290 93238.0680389553
151718047.4506717622 43397.9864530116
157470432.7535634041 95271.2098846585
151654671.2304278314 41018.7750624418
162199591.8882530332 121290.7895717025
165920079.2632383108 137815.8124475330
162074208.2772716880 120939.9656210542
151715389.9521217942 43219.1738767177
162454324.7144626379 122646.9626814425
154119407.1024469733 70157.9174378216
154197095.4494113922 70259.1036523283
154098280.4139155149 70157.0172494352
161728781.3225417137 118986.1167646945
161234876.5609512925 116548.1942280289
160966295.4059596062 114841.5869850218
157606063.1907491386 95595.5744497180
153955295.0310528278 68469.1239999235
161696063.3505323529 118750.3120549470
153845565.1314478219 68152.3751086444
151642659.1325323582 39468.9768607002
154153416.6647458076 70158.5761852115
160883383.6389343739 114596.6959175169
161593145.9712340236 118333.6282095015
161280717.0642275810 116815.0352718830
161216280.5176516175 116548.1915992796
151844935.6276946366 47222.1336217970
153804173.9405735731 67923.1630353183
160613479.8300167620 112451.1048659980
151687690.2068591118 43163.0865373909
151747175.3505665958 45139.9591952413
160420535.9301391542 112104.0691962838
153773377.3203511238 67307.9844418615
160694096.9583549500 113000.0318894088
160960447.3408690691 114603.5950166881
160289960.8943038583 111267.7770957649
167001904.0621757805 140516.1498213410
167097695.2582291067 141601.9809039235
154632000.6316270828 72502.6270205677
167007862.8360525072 140788.9433825612
167152289.0305802226 141625.2060542107
167041904.4111267328 141211.8733099103
166573921.1686548889 139817.8864977956
166261953.6275185943 138170.0539630055
160726821.2183297873 113143.6195270403
155064362.8774235547 76610.7552273422
155286374.9920986891 78550.5466942340
155013733.0277365744 76309.7456369102
154970805.0546357930 74810.8002342731
153175699.9457313120 62235.0162540353
154647051.7197670937 72803.8891305625
154766233.6627555788 74415.2296613157
154930298.7855165899 74760.4405526817
154359875.8643117547 71362.7203203440
166383373.8256371319 138321.1743118763
166520034.8964805901 139180.0984735787
166403237.1305427253 138661.8884842396
154786738.4026113451 74655.5713089854
154716089.4130418003 74075.8914227933
169536485.8454809189 145752.4357233047
169312412.6311372519 144692.3395395279
168831166.6367444694 142714.6891787052
168728683.1414909959 142642.7508242130
168672468.9171878994 142156.4089510441
169046869.8913111985 143225.3357691765
168970154.1316264868 143038.9257204533
