174767845.5664003491 170242.7690429688
175129115.9193096757 170403.5872802734
151847242.9453666210 47367.6957160234
152058584.9785298407 49727.5686704516
152150950.3581831753 51527.9536858499
152527208.1631876528 55460.8725225753
152593867.7101617754 55565.2647801614
158783535.1231055558 103160.1326212883
162235071.4331483245 121544.1763347983
162687425.7738246918 123499.8283886313
163072616.6211722493 125493.0912331492
170994999.8201407790 158681.9418563843
170970717.1251803637 158517.0984992981
174266267.0314148664 168804.1577758789
177580997.6180112362 170797.0449218750
177635176.9890311360 170941.2398681641
157414653.5325552821 94944.6726532131
162990503.7670483589 125255.2312196493
174220391.5661312342 168458.6746368408
177164040.0068964362 170657.0676269531
163355817.3110227585 127017.4088777304
170760979.1441398859 157471.0033874512
152768370.5609445572 57899.4521429366
152742762.7989991903 57744.3933377266
152621122.3018949926 57494.0143682784
158730637.6077492535 103044.4136387110
162916233.0098453760 125163.4434151947
158711839.5420128405 102751.7667531371
173209229.5988361835 165852.6622314453
157218307.7389964461 93418.8424654007
161130552.8488884568 115149.4065040648
163321800.5506618619 126532.0836824179
170439417.6556389928 156916.7203140259
170624397.9974363446 157316.0139770508
151652867.1459755898 40822.5821700543
157072560.4332213700 91735.7572770864
173400855.5286417603 166800.1371459961
173338324.2979754806 166354.3638916016
174825954.6659291387 170266.6936035156
163392119.0400308371 127017.8353349566
162919552.8017045259 125233.3144716024
162694739.4412371516 123739.8950862288
173907274.9671513438 168167.5420532227
152193958.2744419277 51759.6164504886
157275361.9452009201 93624.0511751324
165520832.3363384008 136252.6302984357
173466451.8614568114 166890.3411254883
175100657.4699821472 170382.3083496094
177115579.9964338541 170587.5316162109
152937615.5103259385 59853.6934454269
157788896.6661230028 97096.9088009447
152332503.9199935198 53673.8802763671
165717276.0946236253 137052.3615410626
151788104.3106175065 45349.4432552010
157988021.9372840822 98512.0909862071
170820665.3091296554 158283.6770458221
171432788.2455698848 160444.2393341064
175121386.0939854980 170395.6398925781
175070318.4133421183 170368.8525390625
157043136.2538433969 91648.8254686147
157950780.6577608883 97487.0732078105
162302376.9464673400 121778.0662884116
162496686.0930486917 123250.7809490561
171283900.9114775062 159715.2810821533
161997521.9620576501 119748.0893916488
171297318.3568708301 160241.4245147705
151597369.1863316894 33712.8222529404
152244859.2366358638 51851.4064285159
162007853.2842890620 120630.5379324555
162271117.7478687167 121630.3760714084
161906535.8224157691 119429.4855098128
165808035.0323285162 137608.2578684986
171270672.9169459939 159656.0018310547
172925729.5023815632 164311.8876647949
171759123.2127584815 161710.4848175049
173391609.0537054539 166482.5243530273
165844655.5664950311 137774.8506768048
172798981.6835057139 163890.9071731567
151672766.7729045749 41572.8155543189
165946628.3240011334 138077.4568822980
165347430.8428687155 135533.0889994800
173212827.6432440877 166339.0501708984
174715107.8915587664 170109.7659912109
164744047.5156751871 132795.2022399604
156926262.2904757857 91356.7152614594
157193504.1614615917 93297.9063898176
151773416.5520707369 45240.7721638978
152222744.6199609935 51785.1558910459
156928075.4866134226 91531.4634246975
151728229.6903993785 43452.0659457296
152019141.1349326074 49494.5644190460
152098462.9844577610 51433.0792190433
157137158.8273291290 93238.0680389553
172017526.4780410528 161978.6980285645
164819097.7215656340 132993.8521423042
171397266.5418280363 160272.0934143066
173488575.1991465688 167325.3768920898
174449580.4824473858 169430.0870361328
151613382.9073235989 39035.9840836367
151665049.3670056462 41060.1480321586
165527496.0679777265 136392.9373860359
173943919.9396602511 168304.4536132812
151718047.4506717622 43397.9864530116
172145729.5061814189 162875.5685577393
157470432.7535634041 95271.2098846585
151654671.2304278314 41018.7750624418
162199591.8882530332 121290.7895717025
165920079.2632383108 137815.8124475330
162074208.2772716880 120939.9656210542
165288019.2004916668 135357.7995249927
165376206.6346097589 135980.5537974536
152079190.3144703507 51126.0974103808
174271808.9801043272 169107.2506103516
172381267.6501564384 163417.0894317627
171888939.5311449170 161765.4597930908
151715389.9521217942 43219.1738767177
161527466.8108958006 117125.3358810544
161022759.6035569310 114998.8865150511
172353863.6286274791 163259.7899017334
154378020.5740432441 72190.1590951383
172144336.9106473327 162220.0373687744
151934383.3707843423 49199.1881281734
151803136.8684592843 45511.0402074903
162454324.7144626379 122646.9626814425
172052415.1764256954 162196.8727569580
173827046.1014885902 167541.1325378418
154259764.7108229101 70640.8540109098
164819195.7100431621 133437.7261657417
165464837.7815632820 136214.4437510669
171709525.3192570806 160925.3526649475
154119407.1024469733 70157.9174378216
158303075.1190683842 99649.0581383556
152413388.1504258513 53795.6866523623
158083718.8145883381 99165.1663784981
165440436.1042124927 135994.5183222294
172262115.7614444494 162930.2480468750
158836880.2112011313 103247.5684241338
164987855.7851673365 134049.6644618213
172020923.7015761137 162141.1449737549
154197095.4494113922 70259.1036523283
154098280.4139155149 70157.0172494352
158974679.6530387998 103365.1022591872
161728781.3225417137 118986.1167646945
153127693.7263512611 61766.1568026990
151635544.0210429132 39329.0038977992
158883170.4854038954 103311.3535367846
158702605.7359526455 101854.8084754033
158684683.5848703980 101804.8483590169
152440450.6776049435 53834.0191160887
158434224.7529217899 101214.4265784307
153275043.5567772985 63562.5351888216
157874272.1090558767 97455.3109731078
174523594.1206970215 169471.0930175781
161234876.5609512925 116548.1942280289
154054595.0755500197 69629.7676495761
174168309.4947514534 168437.1922302246
152453388.1437831521 53928.8678671569
174059818.4920965433 168358.7932434082
152470945.7783532143 53932.8602973819
160966295.4059596062 114841.5869850218
157606063.1907491386 95595.5744497180
172353656.0365144014 163078.5937957764
164132669.0395409465 130103.4174804389
151897130.7684550285 47693.3327590823
152478313.3941614926 55011.5694648623
164419567.3193808198 131731.7760064304
152273624.2412319183 53227.7551948428
157956422.8228783011 97689.1073019356
153955295.0310528278 68469.1239999235
161696063.3505323529 118750.3120549470
163718482.6623136401 128108.4270209372
151870986.1706649363 47424.8834579587
153845565.1314478219 68152.3751086444
172980539.6189355254 165095.2032165527
151642659.1325323582 39468.9768607002
153874164.8428457677 68268.6423912644
151606416.1374996901 37436.7352033835
154153416.6647458076 70158.5761852115
151980652.6805873811 49392.4780161530
164214610.3287957013 130449.9518677294
160883383.6389343739 114596.6959175169
157814034.3652421534 97283.4676992297
158348353.8828653097 99809.8914738297
164947486.8247880340 133851.6661053300
172561642.1589350104 163494.8883285522
158139094.9874564111 99230.7401817441
172684335.0660429001 163798.2397003174
158183600.0628506541 99434.1433799863
161593145.9712340236 118333.6282095015
161280717.0642275810 116815.0352718830
161216280.5176516175 116548.1915992796
151844935.6276946366 47222.1336217970
153804173.9405735731 67923.1630353183
172644787.9284063578 163630.0777282715
153549155.6797972620 65821.4584910572
153492633.6078678668 64365.5045139194
160613479.8300167620 112451.1048659980
151687690.2068591118 43163.0865373909
151747175.3505665958 45139.9591952413
160420535.9301391542 112104.0691962838
164279992.8913256526 130471.1991309226
152486543.5381947160 55042.9946529418
163987117.1330490708 129565.9841956198
153773377.3203511238 67307.9844418615
163880085.0966931581 128419.8067664206
160694096.9583549500 113000.0318894088
160960447.3408690691 114603.5950166881
160289960.8943038583 111267.7770957649
159118383.3089007139 103441.5536214709
159197205.5559674203 103804.8096639514
153068433.0383248031 61605.4008943862
153344693.2080800831 63892.6410613060
152506583.6828033030 55203.6037254184
163205320.4766033292 125816.5727677494
163916583.4082199633 128436.4659008384
159213153.1666409969 104914.2682821155
167001904.0621757805 140516.1498213410
167097695.2582291067 141601.9809039235
159562096.5472207367 106939.9138938785
163592083.7213454545 127532.5014995933
154632000.6316270828 72502.6270205677
167007862.8360525072 140788.9433825612
163618478.4536980093 127859.3795813620
167152289.0305802226 141625.2060542107
163953750.3438770771 128500.5312723517
159453171.0167414844 105833.7805078626
167041904.4111267328 141211.8733099103
160040350.6381716132 109343.3089349866
159966726.9967279136 109090.5895746350
159852087.2352427244 107691.8044794202
159656551.4500876963 107057.4477289319
159941556.4967974126 108849.7261181474
166573921.1686548889 139817.8864977956
166261953.6275185943 138170.0539630055
155127037.5981801450 76766.4522881061
160726821.2183297873 113143.6195270403
153243667.7114470303 62260.0880445838
159763181.0801785588 107552.2221000791
159727729.1517869532 107541.2844904065
155064362.8774235547 76610.7552273422
155495771.5852458775 79023.1661557108
155556402.8594110310 80232.2573875934
155371802.9643923640 78928.1877689660
155619525.8081811070 80647.4912046939
155430005.6524886787 78955.9844688922
153135070.4390555918 61962.8380665160
155286374.9920986891 78550.5466942340
155013733.0277365744 76309.7456369102
154970805.0546357930 74810.8002342731
153175699.9457313120 62235.0162540353
154647051.7197670937 72803.8891305625
154766233.6627555788 74415.2296613157
154930298.7855165899 74760.4405526817
154359875.8643117547 71362.7203203440
166383373.8256371319 138321.1743118763
153001488.4968806207 60162.3691296279
166520034.8964805901 139180.0984735787
166403237.1305427253 138661.8884842396
154786738.4026113451 74655.5713089854
177000175.6094665229 170470.0900878906
154716089.4130418003 74075.8914227933
176876513.1000518501 170432.7626953125
159852241.3896024823 107697.4046775699
159121408.4616338015 103500.2672305703
152988040.4459288716 60017.4713450945
152909258.4422074258 59768.4239055193
176834674.5455110371 170421.2309570312
153759622.3835878372 66384.8321171105
156653860.8982713521 85753.6748231947
153652888.7564903498 66032.4295611084
153737651.7879129648 66299.2659531087
156291668.8408088684 83393.7414431274
156469460.3149989843 85340.1960940063
156726891.7308138907 87179.4313341826
156727626.5266007483 87229.9426760375
156811467.7165443599 87437.9943337888
156406640.1409716010 85196.8008303344
156664848.6788633168 86686.7775132358
156343354.5321966112 84653.0736384094
156686837.7194947898 86715.1825937927
156066855.5042627156 82648.8989023864
156366962.7037223279 84682.0407480896
156303468.8679174781 83531.4222559631
155933525.6315978467 81123.4473414123
156176113.0708264410 83132.7356638610
155892193.8210200667 80737.7841167450
169963402.6668626368 147128.0202264786
170041887.2198559046 147664.5246210098
169664147.4855783880 146471.8563165665
169536485.8454809189 145752.4357233047
170146234.8276619613 147803.6015295982
170336762.3010985851 148226.5517969131
170032048.5780044794 147151.5009546280
170263014.2091597021 148200.6446924210
169312412.6311372519 144692.3395395279
168831166.6367444694 142714.6891787052
168728683.1414909959 142642.7508242130
168672468.9171878994 142156.4089510441
169046869.8913111985 143225.3357691765
168970154.1316264868 143038.9257204533
