156150657.3129189909 87597.2535265237
155987724.6178634167 85080.2749193460
171304906.9017366767 161580.1555633545
151529251.3718805611 37041.6489843130
152058859.3391008675 51432.7990829349
153422026.5462970138 65119.5012550503
156022321.7244797349 87113.4167650491
156611235.8421753943 89727.4085462391
159068907.3231178522 105098.9064710289
173919268.9401652515 169561.8614501953
159247848.6680109501 106954.3251874596
163927905.2328921556 131215.5982290208
164858479.4013866782 135237.8029456288
171528266.9924334884 162170.7207794189
173556111.3142832220 169071.3363952637
159190524.0539288521 105693.5718915612
159143868.3285582662 105316.9236287624
158859295.6177433729 104921.1833417565
171340335.8791671395 161618.4338226318
174480193.0803011656 170533.1372070312
156488219.5945579112 89422.8879982978
158477835.3313075006 101462.5078519136
164390228.2911918759 133550.6529698521
174242861.5937982798 170470.7980957031
174128539.9244623482 170355.9561767578
157338965.8392293751 95309.6378861666
173410318.0452496111 168584.4502258301
171146058.6635437012 160959.9283294678
176662400.4670539498 170997.5964355469
155401068.0920474529 81298.9990363419
156870436.4424670935 92816.1885792762
151487392.1939977705 35063.1494202018
155392919.1538337171 81110.4602790177
164090080.5929399133 131732.3388854116
158486810.8803148270 101588.5235626698
172730520.3597579002 165931.2094726562
158316580.1888125539 101380.8643510491
158514193.6840875149 102681.1219957024
165102538.8684863448 135965.7032216340
174576122.3701867759 170535.1628417969
158588282.0445134342 103214.5787274987
170080596.0681355596 156823.9565277100
169748791.1543865800 155669.0261230469
155721650.4995527864 83420.1565680802
165179176.5538228750 136895.9357655793
153159549.0214915276 63602.7098673880
170264113.1471952796 157697.0746459961
155600752.5413306355 83253.2403388321
173071826.0976440609 167416.5457458496
172766909.6021091044 166348.9564208984
151523645.9360498190 36418.3951584846
156936178.8635399938 93075.7836720496
170505801.3275681734 158976.9003448486
170403402.9545518160 158193.8759460449
172802630.5869539678 166798.9450683594
170343050.7963371575 158168.2070922852
156660994.8102342188 91270.6262460053
157196714.3181626201 94783.2884746939
156939209.8146348596 93142.7258107215
176632333.2845742106 170990.0147705078
155517524.4431407154 82926.7031073868
155504082.6451869905 82755.1162905395
156433474.9418146908 89256.1552655995
165129118.1664370298 136071.8857167512
165299618.0784493089 137229.7875621915
173364719.9007204473 168505.5496826172
155493340.6903048158 82677.6264986694
158518856.1827965975 102884.4078290612
170326171.8235123754 158037.4856109619
176401981.9775072932 170807.6888427734
156307125.7338669896 89087.0266492665
158527636.5115700364 102930.1694352776
173519331.0468496382 168925.2580566406
151471005.0685624480 31429.1650144141
173659558.0746054947 169156.6030883789
170797472.9376690388 159834.3394165039
172361101.8279930651 165249.3153991699
158661107.8607801199 103318.8896222115
151488999.5564540029 35070.3763995171
156014573.7429714203 86480.8424077034
164952309.3401441574 135594.7689259797
170148721.6362751126 157484.3991699219
174035426.3254271448 170220.3712158203
174085635.4404792488 170240.5794677734
176486931.2208103538 170939.4000244141
151873648.6080768704 48853.1185833067
151471901.3477413356 33057.0155854961
176579479.6754914522 170946.7636718750
172605389.6468459070 165754.9858093262
173241581.0947887003 167512.3869934082
164032104.6300203800 131676.9363703877
172518920.0745626986 165734.0306396484
170988645.6913464069 160467.6889953613
158547882.5783194304 103004.1813886315
170495797.6004077494 158476.0266113281
164948741.0482705235 135446.4393430948
171948407.4560438097 163030.8509941101
164798901.0094175339 135203.5068105012
172026269.4649049342 163624.8314857483
170598260.4428619146 159403.6792602539
164993927.1382147670 135823.6879018098
164267924.0795750022 132653.7487688214
172283802.5081839859 164955.0500221252
164942282.9052126408 135441.3094493300
158391964.9893674254 101457.4547746330
165152787.2649673820 136490.9393056184
172928226.1579356492 166963.3173522949
165303434.5473778248 137265.0015767366
152994418.7440008223 61777.2336507291
172900634.3195013702 166950.5579528809
158716407.5997844636 103448.4686811119
164767922.2777811885 135189.3311513215
157008460.2974789739 93276.4960404634
157835003.0053196549 98480.2365924120
164150113.4065443277 132008.0014830679
164753705.9666761756 134851.8198094517
152931445.9414473474 61483.4418131709
171521977.8192325234 161826.4275665283
164290494.4702321887 133145.2151951939
153028032.0511333048 62268.7589292377
152938366.8530079722 61524.5011860132
152355717.0857872367 55353.7255978882
153205339.8414286077 63752.7163076848
156841439.3083973229 92678.4573133290
173312665.3192817271 167830.5357971191
158155512.0949569941 100897.0275895745
153235391.7241561413 63759.6631508917
171502294.6548033953 161619.3102722168
152022819.1710430980 50853.8393937200
171034911.1537566185 160715.5281066895
152192884.6282852292 53320.5837521851
157844074.5249416232 98599.7752040476
153130180.8696342409 63225.4667078257
157178871.9869909585 94747.1323506385
157915495.6159686744 99279.6991022527
157692785.0024869144 97113.4079061598
152768384.3126343787 59741.4434714764
158060655.7729577124 99565.5320308357
163640150.4746007919 129637.4201960713
156724804.1670133471 91354.0584485829
171265620.5598675609 161225.5766143799
156890730.9761840403 92831.8261865079
151478036.5201266408 34821.0488238335
157858214.4458818734 98991.0136312097
157203398.4151662886 94919.6085137725
157589298.9686470032 96977.8016190082
151561631.2285182178 38640.4269516319
171748294.5126484036 162711.5838775635
156616924.2436798513 91042.6418263465
157113287.1185592711 94115.7193562537
157419278.5492508113 95343.7517164052
157525169.3084797263 96690.6240792572
151720516.7232224941 44785.4473386556
163262831.4720671177 127792.7893076241
171976714.1288059354 163374.1566162109
171582938.8430253863 162499.6225128174
163054215.8619555235 126128.8912154287
151671225.2768642008 42640.4827190936
171902832.5061911941 162950.5626983643
163709574.5163696408 129959.2240672261
172072303.7498179674 163972.3371734619
152590128.6319774091 57713.9407182187
151826707.0584647655 46988.9763713926
156459588.2936863899 89373.4784888327
151829388.5212291479 47415.0937220454
152809275.3727661967 59759.9719987363
164911546.6961717606 135284.3215975314
151599523.2738740444 40678.6397720873
162818176.6690261960 125460.1580763906
163310962.4030534923 127883.5536418110
152004767.7984920442 50837.6820984930
151787668.4116367102 46819.6966014951
156019292.0556396246 86688.5016193241
163330916.8038513064 128112.4726176411
151504323.3207325339 35090.1574311992
151626980.1541214585 41214.3233314604
163138616.8762421012 127214.8273622245
163327267.3097732663 127912.9856215566
151618214.5259156823 40972.3306503594
155749717.2218842506 84655.3597736210
155771727.7996736169 84785.7600421458
151514614.7312727571 35196.4894031873
165484127.1114947796 137462.0925306678
165460708.3357149363 137307.7360690832
163509618.8912495375 129241.0223647207
155742504.1536416113 84577.5883165449
163151512.8278223872 127456.9279585928
165470691.1290308833 137317.4265664816
155351363.0787541568 80435.6922569722
155214020.8146308362 78533.5027718237
155477441.0545000732 82344.2466164082
159750456.7752962410 108391.5051897764
151593120.1328090131 39225.2826675922
152352643.3462323546 55105.5552774519
151558704.8042489886 37306.5923532993
164141626.0980663300 131852.3946566135
151984318.5885909498 49517.6191278845
152337082.2675003111 53724.2464973181
152323865.1503397226 53633.2981992811
152281272.8029269874 53476.9078641981
152306042.3639831841 53606.6098748147
151572551.8365137279 38939.1888046563
153308762.7715910673 64031.5965368599
152248766.6480107009 53366.5637060255
152190364.5388873518 53072.4134317487
151909640.4851182103 49213.1541271508
151962111.8810343146 49462.2015667260
153598228.5787350535 66699.2527669966
169612308.7554491162 151923.4104614258
169695332.4440505505 154095.2902374268
159639889.4290761054 108203.4085319042
158146835.9138832986 99610.1215672046
152635841.7801316381 57733.0263457298
169698670.4766459465 154155.9352111816
169661100.1055307984 153940.2019271851
159795882.0532633960 108812.6738709807
159845509.6082078815 108867.2495793700
159790180.8261100948 108802.9491600394
159766654.6894277930 108800.3657993078
153285536.3896563351 64009.1996580809
153465197.1258310378 65490.9505253285
159105147.7324426174 105186.9961439967
151543035.4847574830 37163.4973411113
159438277.0096787214 107134.3148911595
157820599.3435524106 97708.0485095382
162751688.3654795587 123876.7071754336
152575947.3030689061 57387.7777495384
157760260.6154451668 97482.7098011971
152672950.0115680695 57942.9789544791
153986034.2190133631 68536.6524677277
152332503.9199935198 53673.8802763671
162496686.0930486917 123250.7809490561
162007853.2842890620 120630.5379324555
162271117.7478687167 121630.3760714084
161906535.8224157691 119429.4855098128
165808035.0323285162 137608.2578684986
165844655.5664950311 137774.8506768048
165946628.3240011334 138077.4568822980
151773416.5520707369 45240.7721638978
152098462.9844577610 51433.0792190433
151718047.4506717622 43397.9864530116
162199591.8882530332 121290.7895717025
165920079.2632383108 137815.8124475330
162074208.2772716880 120939.9656210542
151715389.9521217942 43219.1738767177
162454324.7144626379 122646.9626814425
154119407.1024469733 70157.9174378216
154197095.4494113922 70259.1036523283
154098280.4139155149 70157.0172494352
161728781.3225417137 118986.1167646945
161234876.5609512925 116548.1942280289
160966295.4059596062 114841.5869850218
153955295.0310528278 68469.1239999235
161696063.3505323529 118750.3120549470
153845565.1314478219 68152.3751086444
154153416.6647458076 70158.5761852115
160883383.6389343739 114596.6959175169
161593145.9712340236 118333.6282095015
161280717.0642275810 116815.0352718830
161216280.5176516175 116548.1915992796
153804173.9405735731 67923.1630353183
160613479.8300167620 112451.1048659980
151687690.2068591118 43163.0865373909
151747175.3505665958 45139.9591952413
160420535.9301391542 112104.0691962838
153773377.3203511238 67307.9844418615
160694096.9583549500 113000.0318894088
160960447.3408690691 114603.5950166881
160289960.8943038583 111267.7770957649
167001904.0621757805 140516.1498213410
167097695.2582291067 141601.9809039235
154632000.6316270828 72502.6270205677
167007862.8360525072 140788.9433825612
167152289.0305802226 141625.2060542107
167041904.4111267328 141211.8733099103
166573921.1686548889 139817.8864977956
166261953.6275185943 138170.0539630055
160726821.2183297873 113143.6195270403
155064362.8774235547 76610.7552273422
155286374.9920986891 78550.5466942340
155013733.0277365744 76309.7456369102
154970805.0546357930 74810.8002342731
154647051.7197670937 72803.8891305625
154766233.6627555788 74415.2296613157
154930298.7855165899 74760.4405526817
154359875.8643117547 71362.7203203440
166383373.8256371319 138321.1743118763
166520034.8964805901 139180.0984735787
166403237.1305427253 138661.8884842396
154786738.4026113451 74655.5713089854
154716089.4130418003 74075.8914227933
169536485.8454809189 145752.4357233047
169312412.6311372519 144692.3395395279
168831166.6367444694 142714.6891787052
168728683.1414909959 142642.7508242130
168672468.9171878994 142156.4089510441
169046869.8913111985 143225.3357691765
168970154.1316264868 143038.9257204533
