192127427.8009964228 177971.5102192163
192236028.2976717055 178325.5093036890
193098847.4101420939 182281.5777236223
198926489.3341270685 197638.6665649414
217686325.9106131494 203391.6577148438
217478707.3821201026 203313.5723876953
184879933.1915126443 97971.9428334567
185039777.8676909804 103160.8496792228
185792150.9092954099 118084.6688891416
186115297.0363221169 122357.6497948654
185894779.9305426180 119521.3166795624
190819143.1089029610 170073.0290511698
196367943.2958548665 192125.7111053467
184696086.1674318016 89529.3375458303
200946765.3426494598 199833.2679443359
204982588.5470885038 201882.9583740234
205176951.3139731288 201898.3175048828
187627415.0975700617 147018.8566212766
196701811.8158820868 192776.0057830811
184846795.4167592525 96568.6109722768
185923306.6253015995 119548.0259591076
188733511.1289299428 154520.7258236818
190639017.7145230472 168900.9578078836
196886153.1138179898 192822.1278686523
184675237.5940145254 87836.9684481686
188056990.4670819938 151270.2079873197
193646451.6785667241 184194.5278282166
188450528.0269533992 153087.0892422609
192678932.2121646702 180583.8552924395
195822640.2577973902 190655.7042236328
198248540.3055513799 195203.5859146118
188512704.7475716174 154213.6658718996
204546166.7836229503 201841.8253173828
184725852.9213325083 92541.2740226868
185953753.4528771639 119964.1421267604
187922431.8497927487 150019.0422104858
188173612.8973107040 151948.5193570070
196916403.7386515141 192880.1794281006
201459547.6451906860 200133.1242675781
188151102.3010874689 151393.5553172622
190495686.8160271943 167888.2442306131
192619038.9659280181 180506.8581305742
204283386.9143199325 201510.4143066406
184704619.5096945167 91050.9435176137
184794357.4297156632 94759.3226333740
185022057.6072356403 103029.7320319745
190680625.6764850318 169222.6876052469
192510302.7651282847 179397.9416571856
185852086.1937883198 119260.3677584743
190587464.7736636102 168374.2056716532
187496713.8745874465 144726.9919098876
192139873.7475017905 177995.4101215601
201266644.4280644059 200068.0272216797
187816091.2475454807 149038.6649483703
185777172.7991937995 117803.5666827215
187897639.0878564417 149350.5388192199
192283846.3003148735 178585.8240925074
196091333.3539870381 191349.3123321533
196648752.9001850486 192716.0915985107
201505797.8951568604 200201.5457763672
217048389.1851492226 202921.6926269531
184903431.9291319847 98998.0313130948
185229916.9596712291 106297.4542170125
190461574.9003773332 167599.5349787325
192060935.2986066639 177482.2971760035
185109107.1682565510 104568.1450958275
192958804.1714193821 181518.0054732561
193307336.3513057530 183248.3714542389
198672271.3676459193 197023.1232910156
199029263.4899439514 197903.4889526367
201072450.8131349981 200041.1036376953
184920586.8075295091 100064.5686787101
192961852.6869503558 181522.8827315569
184678107.3843962848 89441.6951293829
184707594.1221095324 91474.8369750860
185791849.7497764528 117987.4170149183
192967377.2909906209 182197.0813208818
193352565.3263387382 183383.3848648071
196545676.6556465626 192648.2983856201
196465171.3644053340 192165.5084686279
187908727.2328414619 149578.1269734316
196234629.2124300003 191969.2336883545
185930971.4796942770 119640.1760954661
188219106.7286417186 152474.1016934328
192002701.4960401952 176367.1878443956
198629301.2499553561 196600.4684295654
200698592.3100510836 199727.1184082031
184877208.8237578571 97082.4229583624
184939451.1288695037 101031.1731587979
188001803.0078240335 150857.9289029054
192125615.5266811848 177493.9073139429
196162160.4186322987 191646.9888916016
195832367.3978954852 190916.1079101562
198997266.4032241106 197833.6383666992
217242985.9201042950 203011.4134521484
195734276.8632209599 190243.7377929688
184776001.3734578788 93483.7877273443
185169187.5559205711 105346.8515502843
192753113.3431793749 181180.3914557695
187744208.5915500224 148311.1826600097
187678084.7555092275 147492.5985972546
187678878.5081962943 147630.6826790832
192309910.2749336660 178815.0390583277
192236572.0028989613 178584.4977680445
184857161.7205607593 96844.9092880371
184818514.3504082859 96543.0180526855
192540950.2415390909 179484.4308171272
192393342.7249914706 179391.0951801538
200289162.2659690678 199367.4884033203
204118592.1043511927 201409.9776611328
217027955.1450509131 202878.4241943359
185926728.7312077284 119630.8729571356
200505829.3535587788 199512.7662353516
185134612.0010007322 105149.8317244384
187506112.7650000751 145411.6784671284
184912529.1632398665 99237.4882900449
195574193.1134130061 189911.1545715332
205229816.6402259767 201901.3338623047
195605200.6026768386 190019.3659057617
198594553.0614543259 196482.5794372559
187537834.4495359361 145595.2563141845
198977611.7966946065 197656.8706054688
204682274.7919104099 201849.6527099609
188041213.0636139810 151097.1111920290
195380914.7167323530 189420.2887420654
191048831.3289814889 171048.2037185282
199246389.1945293546 198177.1694946289
192813986.2312675416 181384.2740393877
185959962.1916991472 120653.7674018778
187579571.1262600720 146527.4872406982
187812485.7112611830 148880.6289528869
194872582.8578916490 187943.9281158447
185065866.9492588341 103365.7807463738
190672688.8024883568 168913.0889270306
192717634.2947043478 181073.3445807695
198741126.3557857871 197369.7092285156
187614174.5604326129 146953.8558510803
192938899.1548627615 181487.0333319902
199169408.7217584848 198147.4009399414
187858066.4612407088 149066.5334390663
199610837.9450380504 198447.0232543945
195640216.5481075943 190179.9183197021
185818542.6296679378 118393.4520345693
192965722.4365403354 182032.1317206621
194646127.4623261094 187440.9348907471
184671456.8726893961 80348.3672228434
190781674.1025866270 169387.1747878641
194033754.5402866304 185767.9644012451
184968634.2617371976 101201.5651849243
187178610.8530983329 140617.6272484129
185692856.9789714217 115829.9829164511
194911373.9030133784 188061.3003082275
198719410.3884286284 197116.1801147461
190688261.4101565778 169236.3406814188
191525914.8119454682 172182.7967704386
193618865.6050783694 183959.8351813555
195486034.8323735893 189762.0536346436
199820073.7026244402 198872.5770263672
195166106.0095861256 188891.7113494873
187778859.1511973441 148737.5512703918
194702813.0895242393 187738.5018310547
194382623.1755823195 186906.1239929199
194376106.8677962720 186611.3462448120
193694568.8069870174 184506.4551582336
200642841.9163311720 199560.3323974609
193854801.0214582980 184983.2610321045
199613073.2962542176 198475.5711059570
193576244.9288489521 183689.0779037476
198486839.9664617181 196210.0760955811
200013272.8638583124 198909.1887207031
200520347.7402600050 199548.0032958984
190977850.6601627171 170337.8222182840
193654533.2077107728 184365.4343520403
194010757.8615784943 185722.7830810547
193958631.7736823261 185400.6350097656
197467551.1353914738 193748.2461776733
194293927.9069497287 186367.5572967529
187710144.5440562665 147739.3449715637
187882109.6725150943 149283.7734718695
193887961.8670283258 185171.9918060303
193961781.1862526834 185572.3486785889
197993060.2692778409 195022.1315917969
200246078.9859720767 199344.4079589844
185728543.3416237831 116607.2912736898
197947634.2245335281 194823.9856796265
197319134.0808227360 193348.6363754272
197570385.7900293469 194337.3338241577
190988726.7494963109 170550.7971671671
200164930.4188157618 199213.1657714844
193796997.0201933086 184655.0497426987
191278019.6483242810 171646.2547900677
190878331.1974867284 170075.0153030008
216647644.6456217468 202629.1280517578
200130132.8280493915 199032.2620239258
191223127.5756441653 171536.6001201719
187264916.3848465085 141926.0019623106
197349054.6375524700 193516.2667999268
199920304.0035884678 198890.1527709961
217247664.6494274139 203095.3251953125
216844982.0834223926 202815.2485351562
185752492.4139509499 116963.8729447378
185759701.0051388144 117597.7701555258
187117953.2836484611 139568.0448089903
187784140.6811260879 148776.4551465623
187171329.8287494779 139927.7369476622
185592849.1402714550 112960.1478830152
187189018.3777095079 140665.4643646544
191522846.3670044243 172035.4303268045
199772989.9446349740 198683.5590209961
185145980.3390374482 105241.4323666119
199372742.9686116874 198210.8351440430
187217322.8947273791 141103.6658645933
191303915.0523127019 171798.2953457832
204017946.9926030040 201180.8516845703
187131297.7396661341 139848.4185272520
204357591.6218541563 201634.7924804688
185075094.9551907182 103511.6995528075
185131006.1975051463 105109.8674895349
185285826.3994735479 106459.0916564539
184986005.7089717388 101629.2979331943
187259896.0476941168 141600.7267395323
187220643.0877783895 141290.1463104552
197266000.1827193797 193289.3372802734
187233908.7124406695 141554.1977630919
197336955.5893070996 193505.3168945312
185012592.2703055441 101988.3501951718
185028726.0033459365 103117.0303343865
197114541.8417223394 193154.6544189453
187430540.2130693495 143455.6918274229
187478405.4475479424 143776.6368347472
186002772.2210906446 120775.8605528357
187391357.7125192881 143384.8113495177
187483942.3095956147 144500.9826904600
185842979.2354205847 118578.3524047579
184983020.3034823239 101476.2341775033
187474773.9884018302 143691.5548340147
185697657.1369301379 115886.4572038078
216483319.8609519601 202435.1214599609
185621523.5493328571 113888.1210733228
185681557.2139988542 115777.5188546949
203867040.4843775928 200906.2659912109
190402145.8074398637 166108.1808496788
198163950.4773350358 195057.2296142578
190458200.6041674316 166271.2213491052
203549264.3804762363 200494.3957519531
203943771.5843508840 200935.4053955078
185600989.8262544870 113057.3035680675
185664491.1063587964 114745.7950835139
185629199.5661498904 114707.4800207042
204065606.5204438865 201235.2895507812
190270428.7658774555 164949.3141609319
203948509.7289528549 201080.2808837891
185608557.6618786454 113775.4675309830
185672338.6826478243 114913.2765478999
189458290.8393275142 158921.9764033239
185724833.8103244901 116204.0337695503
189369635.6494234800 158390.7797785681
189570674.7651558518 158987.8992243689
189621741.6951420903 160048.5312949102
189235914.0897576213 157968.7595148962
185538204.8359842002 111890.1090490245
185571090.8483667076 112925.4657079601
188911670.7509736419 155237.7564558517
188948864.4549990296 155416.0486384314
189153062.6245159805 157209.3331598490
190381459.4396657050 165557.3191062100
188808988.9131639004 154536.7099508774
189128687.4960289299 156900.2388126235
189106378.0923391283 156878.1690607946
185558905.6457682550 112079.4325488643
185347128.6027951241 106892.6804870623
189179121.1962275505 157364.0312971603
203548220.8427227736 200291.2791748047
185483287.2314825952 109639.8679343718
189027722.8008505404 155788.7443851810
185388237.4030174911 107347.5140375528
190151985.8516711891 163820.4387346394
185335984.1962781549 106865.3574277419
189011439.2883218229 155691.4500673693
203181786.7188639641 200249.5325927734
185520452.3388814330 110727.6275435942
185441359.1691170335 108724.2544499892
185489068.3297075331 110508.3390599745
185482092.2788522243 109299.9520789641
185404090.6851808131 108211.8798133391
185412467.0229039788 108228.0206592339
185476268.9099470675 108781.0524317506
216329878.5997840762 201976.7999267578
216330132.6956110895 202201.9527587891
190357985.9460572898 164978.7328048833
191886037.9680688679 172431.5659638047
190122710.2004361451 162980.2136226781
190074064.3491315544 161890.3407074101
190046350.4982089996 161381.0350586064
190107434.4274218976 162783.8322845586
190055747.2395089567 161399.7160888799
190132052.5951623619 163086.8142944463
190016306.4210799634 161257.8235622533
189969773.0645753145 161212.0468288548
189913364.9425584078 160156.3015250787
