193839941.1498918235 177881.6568541527
193548610.3553409278 177010.4407782555
185247059.7965742946 80110.9168058322
193658961.6358441114 177667.5402655602
193500897.0563740134 176930.9803442955
193565402.8227050602 177480.4003729820
185279823.6863187253 81365.6639982150
185234734.2750695050 79966.1811185763
185695750.0060854852 99768.7600561338
186124363.6094773412 111495.9905607845
186160396.8090350032 112012.1073814775
190089849.2963857651 160246.7998166084
188171857.0433074832 144859.2413633615
195343883.8580862880 182387.3566780090
195355922.8423039317 182516.6243286133
195075309.5804356933 182110.1687812805
185341333.1215465069 83919.8453451083
185754986.6747097969 103800.0231658476
185815218.3576244414 105293.4196502226
188123420.4483381808 144813.4646299630
188083646.5902887285 143733.3279112130
190530099.0964350700 162077.0546101630
193750883.6900799870 177754.2898993492
194917137.3898710907 181882.8347053528
194705227.0625523925 180878.4924850464
200529715.2637455165 196383.9843139648
203022521.3781656921 198793.0136108398
202699280.7724304199 198780.1075439453
203420336.5727545619 199417.5745849609
185775392.9518570900 104248.9938689726
185648653.7026665807 99717.8357311445
188045995.8346097767 143444.3143458515
188325030.1750447452 146353.6592100412
189391308.2759011984 155740.3225912675
194808431.2807671428 181006.3126411438
203098084.1610940695 199293.4832763672
190267889.3879108131 161353.4171681404
190212703.8044025302 160841.6087953150
200675490.5317843258 196565.9106445312
186014968.0192262232 110179.9344780589
188274917.9427971244 146040.1178235263
188033611.3232345879 142827.3116758615
194501603.4909251630 180240.0909767151
194849730.8389750719 181323.5773048401
200856817.2622362971 197132.4063720703
201330410.2610600889 197538.5391845703
194593496.7158626914 180828.8257179260
203415139.0145308971 199311.3138427734
188026363.5004467666 142611.9232533723
188572406.8656104207 149327.3327694982
190871871.1443356276 163532.6483460963
194180193.0215669572 179435.7290878296
201210972.2280887663 197485.6936035156
203081943.5614791512 199132.9099121094
188176063.3531429768 144883.9241789132
194214612.1221909225 179455.5546698570
185297268.0002080500 81896.5248533175
185740666.9747346342 103523.1052581328
186000665.2812940776 110110.3951628353
188986192.7938094437 153228.2011351213
197786620.1137659848 189320.3803253174
217182880.9623014033 201246.2449951172
185309404.9917954803 82346.4566893191
186157096.4777398407 111535.6072027828
190749867.2070773244 163181.0713178217
197606933.9019633234 188634.7304229736
217000050.6485981345 201139.0329589844
185326358.5824502110 82769.4839100451
189232595.4573347270 154966.5483183488
189065563.0553795099 154315.0490053371
189047394.8650922179 153890.3032965288
202640085.4610324502 198569.8300781250
185362112.7218292654 84782.0102362246
185313024.4110257328 82758.6897444339
185307692.2551363409 81937.8879714892
185425656.9913139045 85646.5170322345
185411169.1028496325 85051.0044155926
185728221.0282292664 103491.7912627715
186182659.6776345968 112073.6356136943
190930109.4724083543 164117.5115198195
185360632.4487419128 84008.3848606036
185434264.1847122610 86501.7924314425
189055877.5119283199 154273.0541624650
189024685.7631326616 153638.4899839982
188925121.6029643714 153182.4637083635
189884458.8856626451 159485.8163094521
200784672.1127762198 197039.8885498047
190698185.0991326869 162917.3453694880
186093149.5985869169 110562.0414936687
190359120.3889226913 162031.8128663599
200445629.0043081939 196125.3336486816
185864167.2520827055 106659.4157850887
189637854.2511621118 157047.9923653603
189746754.0950472653 157713.3532626629
185910495.7339620888 107264.3954384471
185918749.9355245531 108443.1112044002
186237749.5853307247 112685.4929479505
188690765.8527211845 149340.3146908097
189496687.7980819643 156371.3134875298
189325335.0550654233 155673.8516287431
200215348.9939769804 195434.9353332520
200922730.4664821029 197259.0637207031
200904425.7879138291 197234.1638183594
202049648.2216195464 197959.1052246094
202152202.8663923144 198240.6721191406
216616106.9194297493 201134.1176757812
186208346.0740928054 112264.4760090257
186315291.8351880312 113530.6328083421
186761772.4077600539 113653.2362018968
189292411.2295860350 155646.7599444389
185878944.9422917366 106760.0957198399
185917975.9809572101 107348.4746725704
186042415.7309733331 110462.4596821214
188120575.3512191474 143937.3183134347
188550269.0720707476 149162.0638720989
190686971.3698863387 162476.1421055794
190601024.1667050719 162416.2857518196
193262146.2252140045 175951.6011786461
188299437.4101198018 146323.4828947335
217910868.4775498807 201259.1708984375
200325011.6300123036 195974.2700500488
201368368.3503554761 197578.9949951172
202092733.5015518665 197959.6477050781
185479951.4457546473 86793.5524423481
185779844.9283655286 104958.0793929356
185785664.5220276415 105135.4016640331
188339166.0200198889 147014.0617216378
193157131.3025270402 175535.7623648643
199940631.5404016972 194242.8958892822
193231773.7531018257 175930.5348944664
193972531.6314891875 178529.5407080650
200046729.2386566103 195074.0629425049
217202427.9817213714 201248.0212402344
185880606.1132264435 107186.1078694011
188498841.7983725071 148061.3336566538
188220672.9869486690 145923.4712675363
190702714.8485375941 162934.2479100227
197425732.9680790305 188191.8746337891
200131836.1167788506 195298.5267639160
216459655.8512938917 201041.0201416016
217087437.4292932749 201201.4370117188
190340387.3047446012 161778.0071873665
190596009.6218124330 162281.5194554329
185995489.1026640236 108697.4461723710
188345132.8501423597 147108.9627040476
190105160.3053053319 160592.3314366341
194354023.8664557040 179597.1035284996
202492896.6483182013 198366.0767822266
188761163.3053257465 151173.2505667023
193356537.0362930894 176496.6995673180
201200718.8604792655 197306.7332763672
185834680.5143694580 106409.9693586971
193395166.2809170485 176515.1050275937
194418262.7345737517 179906.2684569359
198284447.3304320574 190239.2472381592
193277787.3386831582 176082.2325720787
200320467.5585781336 195531.2535705566
202121764.6509020925 198007.4484863281
188905308.5804607868 152588.3442771249
199924219.1759087741 194085.2426147461
200329457.6939332783 196001.4217834473
200847122.4620173275 197065.0364990234
200756933.5819877386 196784.1201171875
188704930.6699543893 150811.0511410050
190155302.7212842405 160636.9509434700
190239857.3004838824 160990.2781472206
198312691.4907059669 190479.9233093262
188216245.5847694278 145234.8361171335
188878377.0480333865 152305.9136493020
190168112.7812198400 160774.1104893684
193444013.3220598102 176687.1665320396
194412877.5011478662 179676.1883826256
197807013.1290778518 189557.1678009033
198007304.1528871953 189775.7803497314
197959222.2028803229 189575.3539276123
201983705.7528671026 197931.5858154297
201787448.5698992610 197666.7746582031
198454174.5577151179 190923.5035858154
185548993.9260663688 89017.1230854602
185552350.1929225028 89263.0230917544
188549987.1321104169 148797.7837813944
188311889.2563286126 146323.8858684152
198022928.6464565098 190081.0024871826
185548749.5483176708 88195.0596975894
185525108.6221161783 87301.7871031375
185482665.4748036265 87270.2300505252
185600924.7494252920 92586.8086890574
197598930.6387948692 188564.6548309326
188345911.1622746885 147295.5242351145
188237305.8578342795 145993.6229976267
188297610.8605705202 146295.0879956335
185598209.5676710606 92386.9675826426
185568666.0334841609 92330.8306311960
185588431.8346410096 92374.5189971323
189883936.3967905939 159253.5478405952
194281608.3068664074 179574.9231085777
197284246.0851964056 188119.2315521240
188423655.1307598054 147624.8770909309
189718904.2896569371 157066.2522549629
185646555.1706899107 94265.1069337646
194154130.7752667069 178725.9846739769
189795749.9705561697 158578.6827893257
197635444.2200737000 188963.2191009521
185615439.4966436923 94139.6057581599
188445127.4214897752 147844.4776005745
194118946.4286822975 178655.3811011314
193959498.0488895774 178251.2714667320
193862591.3905731440 178197.9643378258
197582644.8916957974 188556.3515014648
197699881.6593047976 189273.0089874268
199842186.5863377452 193312.0969238281
188815393.4499220252 151194.8696532249
189810809.8923368156 158612.1985669136
197273908.4151594937 187355.1266365051
196378809.0934362411 183806.4751472473
193140808.6019398272 175211.7294807434
196457432.2463147640 185502.7245674133
196584821.1539661288 185574.6548042297
199571198.1167398095 192849.6396789551
189755797.6416739821 158021.9159741402
188650354.9021100700 149330.8460131809
196605534.1909775436 185624.1986274719
196389371.0351815224 184099.3660163879
199804130.1409190595 193149.5441894531
186791776.4048613608 113709.7446353473
192987783.9223572016 174244.8988533020
199764861.2010957301 192919.8507385254
186923362.8106317818 114122.6520879306
196701891.8244293630 186212.9333686829
196824983.3544694781 186540.2279510498
189585769.0965477824 156406.3992733955
199796500.9380256236 192941.5673675537
199702691.7857912779 192870.2548522949
189599090.1496307850 156672.6039967537
197105101.4221255779 187093.8027496338
199367965.1353621483 192048.7721557617
199240271.3183759451 191838.2700805664
197448638.7248949409 188192.4738616943
199187680.8136087656 191372.2265014648
199264278.9583326280 191877.6283569336
193086557.3030972481 174965.7931585312
191511645.8164332807 166453.5155630969
191354545.2516369522 165803.4990321063
191422344.8929790556 166044.3885928057
191455711.2932713330 166416.0986414813
192907011.5858145058 174208.9351692200
197066353.5485793948 186818.7462310791
191855530.5937089622 167881.2738504410
199116993.9840540290 191018.6972656250
191745568.3595473468 167138.9008722305
196956357.0479221344 186674.8408050537
196554778.4251363277 185517.3756256104
191736966.0595199764 167050.2334909439
197033597.9022161961 186795.8795013428
191555747.7669674754 166878.4743661880
191886828.5682200491 168371.6535205841
196895210.3419603109 186624.7794036865
191960566.6285094023 168681.7300891876
192752941.3011175692 172972.3093576431
191986840.4393110275 168814.6067981720
195996602.4774563909 183196.9764862061
187248420.8198338151 117499.0545592676
195893191.7305412591 182900.0555877686
196067530.3985623121 183445.9645996094
187319126.3896026313 118227.1676514149
196209233.1202420294 183602.7833862305
196313906.6143082976 183765.0157012939
187179177.9131148160 116255.5198760401
192791951.7417820096 173182.5066566467
192423138.1419701874 170963.6589679718
196216807.6842149794 183656.3161010742
187284314.4069827199 117635.0431151758
187222454.0075212717 116637.3754287134
187158766.4244275689 115908.0336051355
192202491.0941190422 169647.5528812408
192633136.0893525183 171913.8039165735
192644075.2327975631 172367.7698459625
192499182.6186797917 171343.9507541656
192304714.3842178881 170650.6942234039
192457584.6156748533 171225.5018558502
192207651.6466798782 169944.4319648743
192259349.3818075061 170285.0016937256
214786179.0071108639 200036.1739501953
214391126.7652041912 199491.9770507812
187130395.2863034904 114234.8922036651
214147943.0656696260 199473.9222412109
192464614.5600100756 171244.9436283112
192429168.0225483179 171161.6107425690
192535259.9624235928 171750.3454837799
216254066.8736294806 200043.3576660156
214485975.5647115409 199725.7255859375
187664349.6698059440 118897.9833365232
187802650.4915499389 121781.3667791635
187758437.4370290637 120308.1434307843
187826342.0437824726 122262.2432843000
214546092.7944868207 199800.1860351562
187776991.7302897871 120469.5949841291
187989481.5007902980 122316.1356534809
187694951.6364907324 120229.1014385968
216329364.0113402605 200203.6726074219
