56239423.3936673924 3374951.2226562500
61423617.2244380936 3382547.1132812500
52088634.3145196512 3271278.3906250000
53282639.1498618647 3331813.3554687500
50674432.9866199642 2996654.0273437500
54948243.0865335763 3368203.2656250000
53190895.2293545678 3327764.7421875000
54459811.5840029195 3365778.1914062500
58062303.0115237832 3381582.2265625000
50637109.3673653603 2949935.5273437500
50849927.3886759356 3076241.9531250000
53047682.2554355636 3324947.2148437500
53111362.3601654992 3325422.9804687500
58353518.2275555730 3381612.8515625000
50991014.2881194949 3133279.2812500000
50960759.6314354390 3127092.2109375000
52895976.5703157410 3315860.3515625000
50796519.3796008825 3062019.9804687500
52987692.0443569347 3323109.8164062500
53086584.2356971353 3325419.9179687500
56448981.4440772310 3378397.5585937500
50977369.0834652483 3131305.1367187500
51001236.5953775793 3134435.7109375000
51565761.4767732769 3223759.6093750000
51432996.1125409305 3207845.9414062500
53046055.2420046180 3324454.6679687500
60600046.0269369408 3382416.7304687500
50935987.3048637062 3118346.9453125000
54614928.5183528289 3368190.1289062500
56665987.3788499609 3379705.4687500000
50662617.2000539601 2986660.4101562500
52177781.5500617027 3277244.0507812500
50949850.7129895389 3122436.8203125000
54568438.7622850761 3367102.4218750000
50852472.3823644221 3078527.2929687500
50981137.4373480082 3131956.9062500000
51600828.3619230688 3228261.8828125000
50635408.1530433819 2947088.6484375000
51248490.0109440833 3184615.0468750000
51639181.6051603779 3231959.5117187500
53083189.4703114480 3324985.9882812500
50812554.3067921177 3066729.6914062500
51539087.1197098792 3221784.8671875000
52887915.8088151962 3315247.6914062500
51712760.1622332186 3240481.7656250000
52186983.9304404408 3278593.5664062500
50683193.2619729266 3000380.8359375000
51980462.7927025855 3263810.3515625000
52410585.1663506180 3290452.5195312500
89856825.2363822013 3383647.5898437500
50622116.2948680446 2940341.0351562500
50830290.6436786354 3073889.4375000000
50942059.2448589504 3120090.4531250000
52336722.1860695407 3286767.5156250000
53024740.3365932927 3324449.9570312500
51844157.9285681769 3253294.0429687500
51881998.2756363526 3255852.9453125000
50954018.9883631319 3126038.7109375000
51447589.3054279312 3211356.1562500000
51200806.1473151371 3174133.9843750000
51868746.2343240157 3253776.2148437500
60926381.0642429069 3382441.3476562500
51236738.2588822022 3180855.4492187500
53268878.2545052692 3331151.6289062500
89390409.2020416111 3383633.5625000000
50617421.0009879544 2931203.4375000000
50688844.6577197835 3003748.3789062500
53400005.5053091571 3336620.9101562500
57339340.4133092389 3381107.4531250000
51238027.4757173806 3182588.0273437500
55231353.3392236307 3372954.5703125000
51119558.8145813197 3158045.8750000000
51826865.7315258682 3250297.1562500000
51495954.1686584428 3218140.6367187500
51020883.3996999264 3138157.6523437500
51062085.1625552922 3145445.2031250000
53189364.9013285488 3326849.9062500000
50669095.1171726361 2991429.9960937500
52273595.0623352006 3284461.8320312500
51771629.7416777685 3244852.1523437500
51792052.8368677348 3247747.7226562500
53833813.3009159639 3351844.7109375000
50681797.9473755956 2999556.3320312500
53602138.2043592185 3344360.2851562500
61248691.6432182789 3382496.0195312500
50751989.5037732124 3040535.0820312500
51784981.0737815797 3247046.6523437500
50786690.3773333132 3057954.3203125000
50669903.7109596282 2995347.1953125000
50834263.2245570645 3076226.8554687500
51682849.6452697888 3232288.1601562500
51840533.5238292441 3250709.9414062500
55273811.0489650071 3373529.0859375000
50797138.1338377669 3064077.0664062500
51792969.0721900538 3248886.9179687500
57429698.1724873707 3381142.3867187500
50908541.3124812841 3106287.0117187500
52246466.1463216767 3282917.8867187500
52111762.6656944454 3274254.6445312500
52020348.5275213048 3265780.1015625000
51693604.6949591041 3238844.4765625000
57967058.3755877689 3381495.2500000000
53559092.2749783173 3340118.5390625000
55187166.1464949846 3372479.5664062500
51310338.9390061349 3193159.7851562500
54009371.9118847623 3356710.6953125000
51295190.3837742209 3191934.9765625000
51363424.1655943319 3201286.8789062500
91173454.0165471584 3383672.4570312500
51581801.4086623639 3227733.0078125000
50728720.2697278038 3029707.5468750000
50934366.4167601764 3116948.5156250000
56669079.6254546568 3379809.2382812500
50765345.9616791904 3050183.9296875000
50815048.1488021240 3067799.2421875000
53905908.1259048060 3352956.9062500000
50923662.7067247108 3107613.6875000000
52925126.3445398435 3317359.2265625000
51278530.5903719440 3188932.0429687500
51199481.5578670949 3172348.1367187500
51423825.6784947366 3206147.5742187500
50611181.6251965389 2922961.7968750000
88471487.3891275674 3383595.3906250000
50854431.5632568821 3082197.6953125000
51171210.8207150698 3170270.3398437500
50603208.4041364715 2909323.1132812500
50604428.6223247871 2910212.8789062500
50598716.2918536067 2904409.7773437500
50929191.0179821178 3109333.4218750000
52351390.5060266480 3287146.7773437500
51460631.2889154106 3214322.1445312500
50769812.2492346615 3052094.5390625000
50822346.9339734763 3073522.0468750000
50884707.4457539245 3089586.1484375000
50929256.6293937042 3112876.1132812500
57802357.9642162621 3381446.9843750000
53650340.8590315282 3345631.5507812500
51835057.0650267303 3250502.7304687500
51170512.9108399302 3168212.5429687500
54593941.5533455461 3367583.4335937500
50605043.4793107957 2913703.0078125000
51148188.3143912703 3164488.5234375000
55414731.3347652853 3373878.2187500000
88899901.3812590390 3383596.1601562500
50816312.8731174767 3071551.6718750000
51202334.3586817533 3174572.1328125000
58527717.1371008307 3381757.2148437500
51096431.5553353503 3151794.0625000000
51396394.8342851698 3203360.7968750000
50807120.2879534215 3066098.5742187500
51400520.2927009091 3204264.6914062500
52068591.2026034370 3270947.3906250000
50609613.7624791041 2919226.8085937500
54345102.1022367999 3363907.3203125000
51139241.1902325600 3158783.0742187500
50760395.6318261176 3047950.0039062500
51180073.4585727900 3172232.7460937500
89184988.5212949961 3383612.2656250000
51386591.3021879792 3202305.9765625000
89779054.7230952531 3383634.2929687500
51775999.3654127941 3245359.5859375000
88233846.1309622228 3383594.9453125000
54092340.2716116682 3358911.7734375000
61491394.6421772018 3382592.2304687500
51946372.0997249857 3260348.1093750000
50747294.9007173851 3039315.4687500000
56831503.4053560197 3380178.7890625000
57539242.9441260323 3381238.1757812500
50786192.0672815591 3056792.6992187500
51354910.2038326412 3199548.8085937500
60975999.3108750135 3382486.9648437500
89009757.2598474324 3383605.9843750000
52920724.2454387844 3316600.3046875000
50600750.4345010966 2908953.8554687500
56317658.2534963712 3378330.3515625000
54959605.2509187087 3370595.7382812500
56824086.0997829139 3379861.4335937500
50897020.8054010868 3094896.3710937500
51104686.7804126218 3154195.7695312500
88240721.7038807571 3383595.0859375000
52090112.9442571923 3272151.9726562500
58906388.2931165844 3381839.0585937500
50702435.6109855175 3011250.9257812500
54225494.8148336112 3362575.9492187500
54494353.0440689996 3365950.2343750000
51777487.9492916763 3245436.1445312500
54579892.7119332179 3367573.6523437500
51968752.7235925198 3261239.9179687500
50729808.9122000039 3030105.4570312500
53720723.9149651155 3347154.0625000000
55228655.6971126646 3372705.5039062500
56379160.8003358990 3378333.9335937500
59003205.9950146675 3381880.6054687500
50865409.3381575122 3087044.7304687500
50918213.4830769226 3107001.1328125000
52751563.2708513364 3308557.2851562500
51140986.4267749116 3161005.6132812500
88054626.9528896809 3383591.3671875000
50728550.7207638845 3027930.4687500000
53782411.7630508691 3349877.7421875000
50725590.2743919641 3023762.6406250000
50924695.2313576639 3109315.2773437500
50730395.8915844783 3032373.7265625000
52622516.9646395370 3302684.5898437500
50655568.2810165212 2973832.0937500000
52593379.7760723606 3299515.7773437500
60860666.9512521178 3382436.8984375000
50897606.0344037861 3095046.2500000000
60310171.1617237553 3382210.2109375000
50898751.7502436191 3099732.8593750000
57087685.4847301394 3380643.1445312500
50752976.7121826410 3043289.0468750000
58227992.2922553048 3381597.1484375000
50741896.1509338021 3035680.1796875000
51907659.0252461806 3256098.7187500000
59280981.1128323823 3381910.1875000000
52643251.3429645002 3304031.3320312500
52620600.9832169786 3301007.7578125000
89169610.8765735030 3383607.9882812500
52776080.0672224388 3309691.4960937500
52702879.0581771731 3306566.1875000000
51938932.1208696663 3259314.5546875000
50703537.2718639523 3011896.5898437500
50735470.0265314132 3034815.8867187500
51179621.1283509433 3171073.6171875000
50655464.1655734628 2971195.5078125000
52832070.1651378348 3313890.9218750000
50887956.8014444634 3090033.7109375000
59925439.7796250656 3382171.7617187500
50667701.0360038057 2987155.3398437500
50726486.3134557381 3027677.8828125000
51094308.5311142728 3147005.8710937500
50710928.5759357810 3018917.8359375000
54232656.4674755856 3362579.7382812500
51055085.8178958595 3142100.6093750000
59929652.3704090267 3382172.9609375000
50724786.0636906102 3022201.6054687500
50691061.7753807679 3005495.9960937500
53494441.0256562680 3337406.5507812500
50705244.3013955131 3016304.7578125000
60459111.5067707002 3382236.7460937500
50713547.9770320281 3020208.5234375000
54138538.3258105442 3358937.3593750000
59751093.1271338612 3381965.9335937500
87131222.5099037886 3383558.9765625000
86160847.5751669109 3383549.8984375000
87297643.1776659191 3383577.0390625000
87253736.4396761358 3383561.5078125000
63717532.1882022396 3382982.5820312500
86276010.8683046997 3383552.2851562500
64167680.4152226746 3382983.0625000000
50896114.3670263439 3092292.3671875000
52561237.7720320374 3297359.3515625000
63516783.1905570552 3382977.3398437500
53485603.2592065856 3336931.1093750000
86793922.5125376284 3383558.6015625000
86426592.8737440407 3383553.4023437500
88018224.0037924051 3383580.0976562500
64851667.9101507887 3382987.3281250000
63802469.7117531747 3382982.9414062500
86038281.1637413204 3383528.4882812500
52460104.0444965288 3292813.1953125000
84772114.1814184487 3383511.9882812500
63333195.3905058280 3382964.1289062500
52453125.7682099789 3292164.6328125000
84543307.3908780664 3383509.5937500000
62935737.0002275184 3382750.4804687500
64614929.3264598176 3382985.2343750000
63318505.9332718551 3382959.2500000000
63186468.2818687856 3382903.4648437500
83659014.2481734604 3383465.8281250000
83937356.9874830693 3383467.7265625000
62244108.3553912267 3382615.4960937500
84144577.4067936987 3383470.9765625000
62339986.2845560685 3382622.6210937500
84271447.6251712292 3383487.3515625000
83598344.3618609160 3383462.1054687500
83149216.1433423012 3383443.5507812500
83511258.0599692315 3383444.0078125000
62367231.9660874382 3382625.4492187500
82076554.6888992935 3383344.1914062500
81763092.1677719653 3383336.6640625000
82969221.1360537708 3383349.0117187500
80568802.7824752480 3383264.0742187500
81402342.2106102556 3383284.5976562500
80913826.0336339623 3383282.2460937500
81348558.1856559813 3383284.0781250000
80345843.5422528535 3383248.4218750000
79678753.1321550608 3383210.1250000000
79818901.3093690276 3383213.5546875000
80120744.0137633532 3383219.0859375000
79168055.6059942544 3383204.5273437500
80065210.9197072387 3383215.8085937500
78548032.6396215707 3383203.2343750000
78390990.4462819099 3383193.3281250000
76770895.5575034171 3383048.9687500000
77968229.4850991517 3383090.6054687500
76674890.4080372155 3383013.6523437500
75296200.6582764387 3382998.0468750000
76388931.9104446024 3383010.5820312500
