51554807.5238123089 3216967.2031250000
52500634.1749720350 3290942.9140625000
53011383.3574840054 3313289.1406250000
50650630.8202372193 2985843.7929687500
50650131.6671489328 2985019.3203125000
51594622.0382017642 3223212.8750000000
54363550.2150746733 3347842.1757812500
50584593.4305908754 2889963.9414062500
52187576.4654207006 3271743.6171875000
50581326.7777163386 2887406.8828125000
50610564.1192300022 2938126.8085937500
52416304.2217380032 3286450.7695312500
54611480.4007220939 3350381.3554687500
53438840.5723976716 3325480.4218750000
52899587.1895929947 3308825.2343750000
50844067.7175795808 3088064.1210937500
52093299.8335870728 3266693.2031250000
88494979.6227110475 3383572.5156250000
50946625.0068349987 3129453.0664062500
51039069.5933238417 3154408.6093750000
51082847.9515045583 3161289.0742187500
51048365.6527926028 3155684.1835937500
51247577.1823112518 3183856.7265625000
50589464.5601502061 2900985.3750000000
51144377.8038531244 3169083.3359375000
51068885.3648328707 3158069.6132812500
50739034.2745891660 3048177.1210937500
50647590.1740936860 2972994.9921875000
54572018.3851341605 3350057.1445312500
50942888.8565288484 3128440.4921875000
51103623.1075666398 3162841.1718750000
51126340.4894598126 3167437.7343750000
52789701.5329174027 3304254.2226562500
50649946.5724414364 2983470.0351562500
52844359.3760455027 3308018.5859375000
51007969.7335376740 3146442.6054687500
51025218.0127417445 3153732.7656250000
51013450.4140790403 3150993.7734375000
51246180.0585857779 3183113.6640625000
50621024.1811172664 2951803.5000000000
50972515.4100032076 3140471.2500000000
50951918.9944263846 3134883.3515625000
51109144.4373989701 3163711.4609375000
51454629.4953992665 3207772.7578125000
50965774.7669309080 3139417.7500000000
53115436.9951772317 3317829.7148437500
50573904.3264954463 2871182.7812500000
50598236.7130581811 2913769.6953125000
51008662.8650786281 3148384.5195312500
52445483.6367712244 3287882.4492187500
51571061.8656412065 3220922.5742187500
52142303.1444877908 3268737.8789062500
50993977.5677710474 3144450.6562500000
51283709.2495498359 3188525.2265625000
50907963.1891155392 3115020.9570312500
50583431.8863618895 2889203.6992187500
51388366.1446569562 3200517.9140625000
50932352.1534106880 3127069.3750000000
87031565.3388717622 3383555.2890625000
50587890.1814442128 2897717.8808593750
50750629.7265349701 3052233.8242187500
50963975.8884343803 3135914.7109375000
51263860.2521935999 3185313.8476562500
51581870.9571664333 3221001.6406250000
52269151.3574989066 3280552.1093750000
50579155.5437264368 2884378.0761718750
51104290.8162059039 3163097.2812500000
50742764.1944606602 3049935.5468750000
50710376.1508856416 3031655.9570312500
50920535.7486623526 3121284.8710937500
51309732.5553636551 3191763.8867187500
51409362.8622545004 3203235.1093750000
51362292.6992834359 3198178.7304687500
52463618.8945901319 3288985.0507812500
50799643.6005471274 3073761.9765625000
52240973.3412048146 3278684.2578125000
50688445.0286693573 3014076.0625000000
51230979.8053873926 3182289.4296875000
51434260.8899950832 3207614.3984375000
54126280.3105265573 3342720.7656250000
50617794.0066408440 2945891.2773437500
54163707.2563958243 3343098.3554687500
50666428.7860482708 2997671.2500000000
55233616.1464046240 3360032.0312500000
50809988.5729376003 3079154.4101562500
50605743.2902469113 2930013.0820312500
50802757.9739005938 3078391.7343750000
53509971.5510211810 3329710.8906250000
50642403.9819287434 2967362.8789062500
52207225.2682253197 3273121.6757812500
50581188.4195927531 2886155.1015625000
50573482.5173096284 2869266.8964843750
54875434.4077914059 3356669.1289062500
50667743.6538187265 2998380.8710937500
52233001.6081980988 3274245.3554687500
50584906.4432788268 2894354.2792968750
50654511.0533782989 2986984.5742187500
50578529.8904787004 2884090.5957031250
51329689.6451463550 3196070.0195312500
86550828.9121930003 3383554.1757812500
52319143.1395440623 3281371.3828125000
52237965.6254834905 3278472.5898437500
50829413.5484560281 3087720.9257812500
50613559.6484806165 2939192.2187500000
50579451.2757123932 2884514.1660156250
50582040.1200910583 2889178.2832031250
51616853.5207911879 3225583.4218750000
85607359.4722398520 3383536.1484375000
52205667.5606882498 3272350.8984375000
55095526.0125313401 3358544.9804687500
54794057.5818883181 3356317.6718750000
50622502.7272392139 2951849.1210937500
50575993.5962138399 2878540.2539062500
51190882.7490459234 3174303.3476562500
50615759.8639933541 2945448.6484375000
53383170.4791710377 3325215.6914062500
84962220.8328964114 3383530.2070312500
52064362.1049802229 3263524.3750000000
50610301.6842991188 2934605.9765625000
53833309.3271994218 3332537.5429687500
50663644.7944887131 2994409.6289062500
50658917.5205306038 2991206.0507812500
50636278.0089098588 2966066.5507812500
53592094.8809130564 3332297.7343750000
52046022.4141233787 3263202.0000000000
52180582.9055425599 3268956.0000000000
50821568.2762498781 3083988.2265625000
52124940.2337966636 3268543.0507812500
55207012.6643905416 3358852.7148437500
50648178.3114681393 2979888.7695312500
50656493.0378230512 2989894.2890625000
50608267.5416516215 2933786.6054687500
50777047.2318114564 3064350.4023437500
50929912.4816902876 3123846.9414062500
53234096.8523365930 3321817.8906250000
50660344.4956030399 2993401.8984375000
51535639.3142193407 3216631.0468750000
51971467.1792623028 3256886.3203125000
50948324.7853396982 3131492.4687500000
85722015.1142082214 3383539.4101562500
50716247.9030026942 3036534.3476562500
55220915.5392532200 3359073.0312500000
52003391.7642239630 3257506.2265625000
52566876.6110886708 3292916.1406250000
52841428.8807697818 3304801.4453125000
50786978.9887377843 3072059.6484375000
54441974.4625135958 3349391.8242187500
50670685.1936157569 3000382.7304687500
50631815.4504403844 2959165.2968750000
52422679.6942455173 3286896.5859375000
54203305.4766851217 3344228.7421875000
50574481.9115182161 2873692.1093750000
86511796.0569804311 3383553.4921875000
51613681.3364007622 3224362.0390625000
50674937.0309048146 3002616.5039062500
50886798.2469926775 3103573.7656250000
50599428.3826128840 2917571.0703125000
50603272.4203389958 2923020.3027343750
50712177.9417571351 3033054.2773437500
50730528.6663965583 3042663.3164062500
50675656.3057818487 3004177.4414062500
51902134.7379347086 3251517.9804687500
50719281.2479158118 3038799.5703125000
50747757.1427209154 3051957.4882812500
52936691.2592067420 3310513.5195312500
53024634.3370366022 3314739.6328125000
50668634.9977012649 2998617.8164062500
50774318.3102942333 3063064.0585937500
50761447.3889124319 3059541.1015625000
84757243.2963644862 3383524.9218750000
50602778.1607536227 2921427.7539062500
50794320.0593265966 3073415.6757812500
50634177.5995464623 2961298.5507812500
50783169.3935670629 3070294.3359375000
50813873.0500964820 3080307.1210937500
53205721.1792622730 3319565.5976562500
51513453.0803648829 3212409.6953125000
85784513.0261036754 3383549.0156250000
50628990.9210055992 2958001.5546875000
85951578.0388784707 3383551.0820312500
51464108.9918412864 3209029.8164062500
84445924.2090798914 3383507.8203125000
50687335.9621860832 3011631.5156250000
84028316.5815843046 3383480.7734375000
50605452.7375315279 2925906.5683593750
53051358.5719764307 3315898.9765625000
51703198.7506622225 3232245.0078125000
52976146.7356152385 3310806.9804687500
51891105.5842396915 3248635.1875000000
50771556.6838935241 3060292.8437500000
51828306.7280299664 3243311.1484375000
50877301.0757111609 3102313.4296875000
50889947.0211905390 3105296.7382812500
52751217.3656756282 3303154.0507812500
50906400.3757972270 3112514.5742187500
51899793.1244115382 3250642.4765625000
50754587.1568963304 3056552.4921875000
51785125.8302219957 3240592.5000000000
54651725.8844284564 3352294.3007812500
50728157.7392565310 3040504.3554687500
51866406.4427282363 3247842.0195312500
51230129.6111126244 3179249.1445312500
51732807.8192688823 3235666.7226562500
50894936.9150950164 3110530.1054687500
51737620.7651200742 3237200.5429687500
55014612.4960043654 3356807.2539062500
52761427.9113399386 3303157.1640625000
50601249.0990016088 2921396.0937500000
51712983.8794563115 3233388.4062500000
51750378.3647422940 3237364.6054687500
52585768.0250532478 3295736.7656250000
51470604.4817051142 3210396.9140625000
50848344.8431117088 3088492.9921875000
51213420.8860855103 3178518.0546875000
51307850.2234409750 3190725.5351562500
50732865.1522416994 3045799.2578125000
84326804.3471845388 3383490.6914062500
54713494.8437931687 3353519.9726562500
50722813.0289975777 3040244.9453125000
50595213.5800164193 2910012.5742187500
50827731.4036024064 3085569.7851562500
50598623.3985531032 2916181.7988281250
50695927.3013258204 3019064.8828125000
50693944.5482119769 3018305.0195312500
51968372.3029891253 3251906.6601562500
50594605.9034980983 2909968.4218750000
50852502.3553767800 3094868.8281250000
50679970.6964528337 3006194.7265625000
50685642.6018638089 3010910.1093750000
50709949.4456833526 3028767.6289062500
51432874.9184442908 3204086.7226562500
50741148.6786023304 3048306.1679687500
50728673.3288380727 3042041.2578125000
50596531.2522998229 2910778.1484375000
50632872.3681055456 2960821.5117187500
51846642.7269246727 3246034.3203125000
50571958.7897538617 2864035.3203125000
52683462.8530510068 3299136.7929687500
51321045.2448259890 3192063.3671875000
51723983.9028979391 3235278.0898437500
81953915.5178835541 3383433.8867187500
80867052.9267968684 3383421.4414062500
50671819.1332270876 3000875.0937500000
50849576.7122779936 3090538.2578125000
80675555.4499557614 3383410.6054687500
51562889.3392387480 3217226.1367187500
82159884.2937891185 3383436.9257812500
82249198.4012223184 3383437.4375000000
80728259.0992290378 3383416.0937500000
80810875.7739085406 3383420.7968750000
50632269.4474046305 2960206.2812500000
80080008.5051519126 3383389.6523437500
50700143.6750585362 3022751.3203125000
78665042.6205424815 3383371.6328125000
50706965.5611955673 3027146.8984375000
56284675.0647681057 3363535.4375000000
50575548.3527988195 2874018.7675781250
50644567.6978073120 2970844.4531250000
50684524.6945386380 3010260.9960937500
50701769.8164322153 3023910.9726562500
50642545.0106250867 2968790.4453125000
51179176.4012168348 3171617.0781250000
79418094.8610187620 3383378.6093750000
80238685.5718090236 3383398.4648437500
50573076.4310902879 2864127.9843750000
50594043.4179467037 2908550.7636718750
50594178.6215084866 2908596.3066406250
54038978.3539165258 3338799.3906250000
50639372.8744283915 2966996.8125000000
53991229.3658640310 3336381.1289062500
53920471.3898595646 3335312.3281250000
53920726.1808626056 3335719.3906250000
54017347.7263015434 3337802.6484375000
50596600.0772157162 2913666.7187500000
53889928.1618725136 3335180.4687500000
53857230.4124433100 3334107.4140625000
50578084.6470636800 2879221.4921875000
50592024.2125333175 2902584.5390625000
50592921.9406847805 2904326.4960937500
78168251.2510032654 3383014.9726562500
77784225.0690819025 3383012.7851562500
78277696.5073404908 3383018.8085937500
57195698.5747777745 3363568.3281250000
77534604.2051255703 3382744.9726562500
77757708.4606973231 3382878.6757812500
57476990.6065988168 3363648.3710937500
57486084.5374297798 3365034.6093750000
77176173.4794355035 3382329.1914062500
76962291.5669893622 3380565.4609375000
75823751.6891669631 3379724.3125000000
74234751.8576918542 3379677.4609375000
74020434.0194805861 3378905.5039062500
76247059.0178334713 3379746.1640625000
73832299.7131367475 3377474.3593750000
73512925.9450631291 3377468.7265625000
72114488.7690108418 3377281.6484375000
72101402.7150416821 3376550.3398437500
70785885.1925844848 3376362.0039062500
70214977.3791964054 3375581.8632812500
68561585.1506935060 3373054.1835937500
