54801593.1573729664 3357380.0507812500
50751474.6821172237 3055507.1679687500
54516397.0670216009 3351772.2500000000
50736430.6924482062 3051009.6093750000
50950479.6737438440 3134203.9218750000
51544088.3743721172 3226807.0468750000
52001059.6814325899 3258538.1054687500
51558528.3145378157 3227624.2929687500
50769513.8642293736 3063425.8046875000
53278762.2263509929 3324580.0937500000
51942349.5114185214 3257631.0195312500
50661481.3912637308 2995073.4726562500
50776743.0059371367 3067189.1796875000
50807035.8508374617 3081588.7070312500
50831196.0600201264 3090632.4375000000
54671225.3568745926 3356030.2109375000
50614499.4979216382 2946080.2500000000
50799685.1982426122 3079723.9062500000
51920217.7349343896 3256217.0468750000
50671059.3273900449 3003694.2460937500
51689981.7236953229 3241257.0585937500
51679088.0015567392 3239293.9648437500
50654218.2916396111 2991558.0273437500
50973389.1984557062 3140928.5781250000
52740604.4228890017 3305801.9062500000
51268609.6185732782 3190174.5039062500
89075289.6298026145 3383627.8789062500
52376378.5100745410 3291254.6875000000
50590169.9646308050 2905411.3789062500
50849357.0272286013 3098287.7226562500
50845727.6014547870 3094538.8906250000
52216590.5406305343 3282301.5898437500
50810022.8487073109 3082788.5781250000
51175742.3983620256 3182194.9453125000
51978703.7605607808 3258442.7187500000
52070411.9080078900 3272469.6640625000
50724169.7770735770 3041303.3671875000
52180883.6593990326 3278769.0117187500
51616164.2667881325 3233947.6875000000
51705066.9894382432 3241672.5859375000
51713184.2018745318 3242434.3867187500
51564608.0864123926 3229105.2890625000
50661878.8895813748 2998489.1562500000
52585432.2470958903 3300252.7929687500
51828886.3934248835 3250239.8007812500
50714317.3890950978 3036861.9335937500
52329363.5804074407 3287742.9375000000
50832256.6592311785 3093159.3164062500
51536140.9875196442 3225743.9296875000
51621759.1520052031 3234576.5742187500
53394907.0186046585 3328605.9375000000
51048141.8741035461 3159866.8906250000
52004271.0314934775 3266759.1289062500
53100907.1025836915 3319956.9414062500
51779202.2722112611 3247501.5859375000
51347142.4328993708 3199250.5117187500
51001812.3818433583 3147799.0117187500
51596915.2380947247 3231048.4296875000
50640075.5097062439 2977497.9414062500
51654302.3700126633 3238649.4335937500
87432077.0320116580 3383612.6601562500
50772659.7615166530 3064816.1367187500
50942519.6341745108 3132913.0195312500
50586497.5790485144 2899283.0546875000
50894370.0336666554 3112339.2578125000
54953366.9983691573 3360876.2617187500
51827373.8968532309 3249560.3281250000
50674129.0725583285 3005243.0078125000
55658345.5121766478 3365336.6171875000
50884260.7386855632 3111587.5156250000
52125692.4524470270 3272536.0937500000
52030876.7326481044 3267593.8867187500
55154661.3288485110 3362797.3359375000
51665263.1843981668 3239141.1132812500
50685478.4994858354 3014394.6953125000
86216884.3586185575 3383604.2812500000
52739106.1945469826 3304464.4609375000
88133692.1136155128 3383626.7226562500
55909026.8400745839 3365347.7695312500
86607026.2732974589 3383604.8046875000
50598913.0139090046 2919435.7578125000
50600837.5826260522 2922225.9218750000
52764390.0740186051 3306383.6796875000
52458082.2899572849 3293052.7656250000
50666866.0550144613 3003422.7031250000
52694761.6123440489 3303785.1289062500
50573004.9377472177 2865971.5839843750
50621824.4005242288 2954957.2109375000
51413929.3023513108 3207829.2304687500
51727006.2121359408 3242527.8750000000
52393372.5652165860 3291334.9609375000
51329964.6333719343 3197650.7773437500
50650425.0282816738 2989270.5195312500
52283219.9533661753 3284821.1914062500
50926695.2984037995 3127248.7929687500
51130349.8518836945 3171369.1289062500
52314480.1767115295 3285080.0976562500
50686913.4192556739 3014569.5195312500
51704333.9351840764 3241640.3945312500
50642240.1009388193 2977755.3437500000
50806353.1103645936 3080374.8750000000
55299649.6576392949 3363050.0234375000
50858651.1653189585 3098661.6562500000
51204480.6847847551 3183786.9726562500
50655844.8287253752 2994591.2421875000
55348508.2910200804 3364844.7968750000
50907434.4129386842 3119449.7890625000
51788365.2296246737 3249017.7617187500
51104832.0111769736 3169765.0078125000
51361226.9085665047 3203177.9257812500
52326999.1190510318 3286265.8867187500
50604870.7614494115 2925144.9042968750
50584703.6868396178 2896262.8457031250
50590050.4474031553 2904756.3886718750
50590856.8303892687 2905699.6054687500
50596254.4847949520 2917342.9785156250
50588293.2498845831 2903812.4804687500
50878903.8576790392 3104802.0078125000
50814933.3954779431 3083553.2929687500
50817171.7215180174 3085989.6289062500
52156831.9936889708 3276400.4843750000
50589279.0104701370 2904104.8339843750
50713145.9650562629 3034972.3125000000
50585612.6132564768 2897523.7578125000
50863703.6044806540 3103921.6210937500
50600101.4524107426 2920046.0859375000
50914964.3952149823 3121503.5039062500
50575428.0540512130 2876038.6601562500
50592331.3873062134 2910791.1855468750
53415610.3237233460 3329201.3476562500
50821269.0447624102 3088260.3437500000
51820984.2352121621 3249529.0273437500
52914262.4394601658 3310571.5468750000
50583480.0553192720 2892229.4882812500
50583700.4258221388 2896052.9082031250
50665684.7740183994 2999727.9140625000
51004671.3709897846 3147879.0351562500
50628519.5422191098 2964948.6054687500
50695743.0256208926 3022109.0546875000
50904855.1002338827 3118054.2929687500
52874677.4891194478 3310468.1093750000
51322454.4457242787 3197196.5312500000
52247625.5269829556 3282976.3125000000
51380485.1344384402 3206025.7187500000
53475527.7967294604 3330479.2734375000
50943546.6318857074 3133490.6093750000
52722759.8323431835 3304441.8398437500
50648950.1018969640 2988083.2968750000
50921122.3265836388 3123831.6992187500
51111861.1030340791 3170911.7773437500
50646625.9846373349 2984126.5781250000
50642695.3939367682 2980887.3242187500
50678394.3606074005 3009511.0742187500
51471028.2183130383 3214761.8593750000
50632401.2347624749 2969367.9570312500
51449319.8755474091 3213044.7773437500
54832325.0729924291 3359124.6250000000
51511844.2825385034 3219079.4531250000
50619628.3234464750 2950561.7949218750
50644638.9037977830 2980914.8476562500
50636400.2918449864 2973260.9375000000
50638843.9361567795 2977402.3007812500
51145825.0155900568 3175021.1718750000
51219324.7605424970 3185801.8984375000
50951206.0808874518 3135351.8593750000
54406915.2764387801 3349888.2695312500
50749604.5960775837 3053346.3085937500
52625966.0692635700 3301107.7929687500
50709336.3698855340 3033429.5703125000
51471237.6119786650 3214916.8437500000
50580806.5420650244 2887779.7304687500
54597178.1569304913 3355817.0820312500
50883969.7998372614 3105672.4570312500
50608320.2676424608 2934536.7929687500
54382795.7168205008 3349585.7734375000
51292225.6270840839 3193927.4257812500
52499169.0128945187 3295030.9257812500
51472824.9551720023 3215389.3789062500
54264632.2779656500 3347813.9335937500
51425530.5177619606 3210343.7304687500
50613361.2724563777 2940891.4472656250
50732505.3427206501 3046685.7265625000
50977317.9728429914 3141071.5000000000
54245845.7031795532 3347545.2929687500
50961750.4428130686 3137430.1601562500
54202774.7962798625 3344999.6835937500
54268753.2421814948 3348143.0898437500
50706830.9362958223 3029477.4609375000
50688329.0115616322 3017714.1757812500
54219400.8907773346 3347511.0312500000
50601596.1018344685 2922603.2421875000
53874696.7918599397 3340167.1210937500
51024017.1121648699 3153899.7656250000
53940430.0722018480 3340707.4023437500
51272690.0746063143 3193198.5898437500
53709237.5953638032 3335158.7890625000
54021188.1752018854 3340743.9843750000
53320401.4970569462 3326730.4492187500
50631664.5392335802 2967804.6054687500
51192517.0790376216 3183081.7890625000
51244293.9596256614 3188548.6796875000
51149210.8237804621 3176702.1835937500
50699937.2172352001 3025381.6875000000
51166851.9898011535 3179989.5546875000
53564950.5732410923 3333404.3359375000
50711052.1582393497 3033879.1992187500
50717079.6398826465 3038360.8632812500
51074498.7426630706 3163822.7617187500
51082412.9537005574 3166655.4296875000
50633890.0344580114 2970488.6914062500
50625754.0123961046 2959611.4726562500
53759914.7037690282 3335182.4140625000
53786891.6225080267 3335946.5742187500
50781642.8760863915 3069063.5117187500
53796464.5085784942 3336169.2773437500
50745446.7354993746 3052775.7109375000
51038604.8776011169 3157763.8984375000
50626071.0248407796 2960788.4335937500
50635684.3730659857 2972026.7695312500
86005079.6478288770 3383559.5234375000
50579880.0810750872 2885315.6660156250
51040911.4956715107 3158289.5000000000
85676919.5147317052 3383544.7890625000
85927008.8930298686 3383549.0429687500
51010652.4766416401 3151561.1054687500
50937464.8993138522 3129810.0390625000
50684521.6155061200 3010751.2578125000
50608049.1735168993 2933127.9921875000
50577961.3866266757 2880086.7031250000
54462781.8199091703 3351374.9960937500
50689333.8040701523 3018354.6132812500
50980170.6096396446 3142460.2460937500
50912423.0443633795 3120159.9023437500
52959614.1565057859 3311128.1484375000
53231385.7130244598 3322140.8320312500
50718368.2519529611 3039057.1562500000
50581683.9454002008 2889566.7753906250
50902211.2383027226 3115349.7070312500
51342683.7428499013 3198233.4296875000
53011383.3574840054 3313289.1406250000
50610564.1192300022 2938126.8085937500
50972515.4100032076 3140471.2500000000
50965774.7669309080 3139417.7500000000
50573904.3264954463 2871182.7812500000
50579155.5437264368 2884378.0761718750
54126280.3105265573 3342720.7656250000
50605743.2902469113 2930013.0820312500
50573482.5173096284 2869266.8964843750
50578529.8904787004 2884090.5957031250
85607359.4722398520 3383536.1484375000
50575993.5962138399 2878540.2539062500
84962220.8328964114 3383530.2070312500
50610301.6842991188 2934605.9765625000
50608267.5416516215 2933786.6054687500
50786978.9887377843 3072059.6484375000
50574481.9115182161 2873692.1093750000
50603272.4203389958 2923020.3027343750
51902134.7379347086 3251517.9804687500
53024634.3370366022 3314739.6328125000
50761447.3889124319 3059541.1015625000
84757243.2963644862 3383524.9218750000
50783169.3935670629 3070294.3359375000
85784513.0261036754 3383549.0156250000
85951578.0388784707 3383551.0820312500
84445924.2090798914 3383507.8203125000
84028316.5815843046 3383480.7734375000
53051358.5719764307 3315898.9765625000
51899793.1244115382 3250642.4765625000
50754587.1568963304 3056552.4921875000
84326804.3471845388 3383490.6914062500
50571958.7897538617 2864035.3203125000
81953915.5178835541 3383433.8867187500
80867052.9267968684 3383421.4414062500
80675555.4499557614 3383410.6054687500
82159884.2937891185 3383436.9257812500
82249198.4012223184 3383437.4375000000
80728259.0992290378 3383416.0937500000
80810875.7739085406 3383420.7968750000
80080008.5051519126 3383389.6523437500
78665042.6205424815 3383371.6328125000
79418094.8610187620 3383378.6093750000
80238685.5718090236 3383398.4648437500
78168251.2510032654 3383014.9726562500
77784225.0690819025 3383012.7851562500
78277696.5073404908 3383018.8085937500
77534604.2051255703 3382744.9726562500
77757708.4606973231 3382878.6757812500
77176173.4794355035 3382329.1914062500
76962291.5669893622 3380565.4609375000
75823751.6891669631 3379724.3125000000
74234751.8576918542 3379677.4609375000
74020434.0194805861 3378905.5039062500
76247059.0178334713 3379746.1640625000
73832299.7131367475 3377474.3593750000
73512925.9450631291 3377468.7265625000
72114488.7690108418 3377281.6484375000
72101402.7150416821 3376550.3398437500
70785885.1925844848 3376362.0039062500
70214977.3791964054 3375581.8632812500
68561585.1506935060 3373054.1835937500
