53927564.3341926709 3351647.7421875000
55255780.7076734528 3369251.9882812500
57719848.6292081997 3380680.0234375000
50814586.8239142969 3048528.8632812500
51199419.5511830002 3162624.6054687500
52655355.4607212096 3298565.8203125000
56835777.3399945721 3379043.1015625000
56835854.7455214858 3379156.2773437500
57108100.1095053032 3379854.8593750000
50810136.8263682202 3047148.8164062500
51010702.0051879063 3123565.0507812500
51080380.2729777247 3142427.4101562500
51233706.6242054328 3164509.7187500000
51516321.3142984435 3210124.0312500000
51568231.1714176089 3217028.4375000000
52912022.9277239144 3310367.0468750000
53038240.1285169721 3313983.0039062500
57170623.4424204603 3380340.0546875000
50818296.6582097188 3055688.7851562500
51051627.8722453639 3131401.8046875000
51051553.0245602801 3131138.7304687500
52993845.9095280468 3310838.1093750000
52755665.7123719156 3304885.0039062500
54004974.6425544545 3352237.3281250000
55262481.0935405046 3369713.9257812500
57047220.2658453584 3379680.8593750000
58228612.4149816707 3381303.9687500000
50797541.0168606117 3041305.6210937500
51174516.1328476295 3156474.9453125000
51055002.1048179865 3137100.0859375000
51264533.0441102758 3174458.8593750000
50681691.2892780155 2975481.2734375000
50766786.0374504179 3028679.5742187500
51238054.2527590320 3173649.8632812500
51351728.1401724592 3192277.3085937500
52886729.0974763185 3309562.5625000000
50696902.9831991643 2987811.9023437500
50839863.9974273965 3064707.9687500000
51085862.4435601607 3143841.2070312500
51084222.9090790376 3143831.3789062500
51115214.2536053732 3147081.6718750000
51271078.4038749635 3179300.3164062500
52485332.4028815478 3289496.7226562500
52871547.8090716675 3308772.9570312500
52915881.9089089260 3310478.8828125000
52532184.4637538940 3293060.7460937500
53042971.5160393566 3314827.9960937500
54135499.0533118397 3354796.8320312500
55069292.7587949857 3368096.5234375000
58307250.2585660964 3381309.3281250000
62753471.3423024788 3382671.2812500000
86666083.9996119291 3383525.5078125000
51105744.9910485968 3146377.6484375000
51804908.5599358678 3241566.1679687500
52074797.8772461489 3262565.3203125000
52814258.7125542089 3308479.8671875000
53706859.4854107723 3343536.8828125000
58443583.7860732377 3381312.1210937500
51194411.5087491646 3161416.9843750000
51137729.5460831448 3149232.1992187500
51099371.4643109515 3146040.9101562500
53895835.1283917576 3347908.8125000000
54776018.8998287618 3366523.0976562500
54884693.3851396814 3367298.8437500000
58666034.2005059868 3381349.3906250000
50684345.0046858191 2982182.2265625000
50695678.0253855139 2987606.9882812500
50830875.6189187393 3062121.5664062500
51855069.5193749666 3243801.2890625000
52153463.6305524111 3266256.0468750000
52812307.2855245918 3307251.8867187500
53696677.2472745776 3342088.6484375000
55232811.0323905349 3368278.2734375000
54795577.3026423305 3367027.2734375000
56260703.8896143660 3375129.2539062500
50801385.5524166599 3046080.5664062500
51159618.7389571443 3156430.6562500000
51414155.2736476213 3199963.4609375000
52727853.1713159159 3303401.8164062500
52662646.9198791832 3301807.1328125000
52494506.8368345350 3291510.7539062500
51298618.2064999640 3182935.1640625000
51316434.5037949681 3187420.6132812500
52058338.4371344894 3260207.6523437500
50658159.6246527359 2941595.3554687500
53758778.5989039242 3343631.7968750000
51752381.1026724726 3230239.6835937500
51742751.0364291742 3230145.1171875000
51974018.6737393141 3256495.2109375000
53899575.7684404850 3351604.3671875000
52429384.2104614526 3283694.3398437500
50670675.7406511232 2967488.4570312500
53034190.8578419760 3311912.2109375000
55162304.7766291499 3368213.0507812500
56526754.9025844559 3377780.9492187500
51097704.2612698898 3144806.8515625000
50835871.9516422674 3062467.3359375000
50964977.7758362517 3084023.5820312500
50702518.8135265410 2989891.8750000000
50859583.3597503379 3067841.6523437500
51543887.6312391981 3212594.5820312500
51574047.3579452932 3218330.4179687500
52702991.8681931123 3302881.2265625000
53385588.3773700446 3326221.1132812500
50706094.3713600412 2990631.4648437500
50729583.2283807769 3006007.2734375000
51144873.6293692067 3151205.0117187500
51555319.2128461152 3216721.6953125000
51913407.9351329282 3251802.3359375000
50661546.3690040186 2945184.4609375000
50673946.8246029839 2969857.4179687500
50665838.4809639677 2952266.5156250000
50715964.6702958941 2995388.0468750000
50780324.2844521329 3037923.8593750000
50829137.8639799878 3060205.1679687500
51854879.5974788070 3242609.1328125000
50678532.2239571810 2974544.9218750000
50784977.2734763548 3038061.3710937500
51528216.5164408833 3211005.1601562500
51861918.1116162762 3246643.8554687500
83659014.2481734604 3383465.8281250000
50692334.1828615069 2987040.6914062500
50869910.0911450461 3072139.5859375000
51335842.6030892730 3189108.3789062500
52655984.8961326480 3299310.1093750000
85168832.5373540372 3383505.4140625000
50830837.7557721660 3060395.7148437500
50914534.8401943073 3081831.4648437500
50950452.8167519346 3082499.1289062500
51504379.1586998701 3208844.0507812500
51903794.2807529047 3249697.6679687500
52712181.6934423968 3302885.7695312500
54478249.5357115269 3362555.1992187500
52611737.2485341057 3297772.7890625000
51961170.5476595759 3255061.6562500000
52586022.5457715467 3297014.8007812500
53805781.6121728942 3345163.5351562500
52078190.7647758648 3262622.6210937500
50706783.2305180728 2991785.4257812500
51855236.6009483710 3245678.3593750000
51894669.6858364195 3246827.0742187500
53394577.6766221672 3327234.6328125000
53546538.0786292031 3334007.2382812500
53627954.3359758258 3340083.5976562500
54164212.4483482912 3357113.5039062500
56397181.1863338277 3376778.4609375000
57806296.8838195875 3381010.8281250000
50674796.5480651036 2970455.9179687500
50894390.2667961940 3080486.0664062500
51957586.6055539697 3252205.1875000000
58234340.6082110852 3381306.6328125000
50864007.0575274304 3071870.8945312500
51466420.1226168945 3205949.9453125000
53830350.4049826935 3346906.9140625000
58866426.2311088443 3381357.9218750000
83937356.9874830693 3383467.7265625000
51381258.2167291716 3194797.3906250000
52439942.6418271661 3287250.8984375000
62244108.3553912267 3382615.4960937500
51345718.0692845210 3189440.0781250000
54025466.8776680380 3353348.6054687500
51608554.9401215985 3219382.5898437500
53370471.2540953159 3325845.5742187500
54138103.4129568264 3356344.7539062500
58211337.7205197290 3381091.0976562500
84144577.4067936987 3383470.9765625000
50828929.2729924098 3059073.3750000000
50688244.3724127486 2985480.4296875000
50815742.3027910963 3050917.3867187500
51295049.2766679227 3182345.5312500000
51405729.1181807071 3197073.6718750000
51706395.1676593944 3227324.1718750000
58718775.8701441288 3381354.4804687500
51314430.2516368330 3184994.2304687500
56447739.7979418784 3376813.2734375000
62339986.2845560685 3382622.6210937500
53406197.5736732110 3329532.8828125000
53523682.1969104111 3331487.1679687500
56418034.3733497113 3376812.0820312500
53547088.3813373446 3336241.9609375000
55934765.2077209502 3373898.4296875000
51397448.6881718040 3195872.5351562500
53577724.4826710522 3337036.7421875000
84271447.6251712292 3383487.3515625000
54279044.9465713128 3358956.1953125000
55524124.8401905820 3370497.4804687500
55805020.2381118089 3372199.2773437500
51380488.6681739464 3194386.4531250000
62164100.4315797314 3382490.2773437500
83598344.3618609160 3383462.1054687500
50785846.6902811602 3040195.3710937500
85129812.6877224892 3383503.5351562500
51501294.6406108811 3207928.0546875000
54023908.8687562868 3353228.8242187500
54098182.0223267376 3354636.9453125000
57743787.8071632311 3380775.6484375000
62682362.3084062859 3382643.9882812500
51366214.2270601541 3193375.7812500000
51364725.6431812793 3192658.4687500000
52107890.5823266283 3265450.0507812500
58893142.0543178543 3381603.0859375000
50756398.7501229569 3023276.7070312500
50769100.5679269359 3031736.8476562500
50678515.8858047575 2972815.4296875000
50791552.2005908862 3040990.5312500000
50775823.5814594403 3033738.0625000000
50760994.2908570468 3023486.8203125000
50778081.2583672777 3036495.9023437500
58889568.3596752807 3381362.1132812500
52019552.8169054687 3258980.0234375000
58868370.2083975747 3381358.7656250000
50753692.2940721288 3023025.6015625000
50726895.0497877523 3003990.6875000000
50749341.7389311045 3019049.6640625000
54083211.7440536171 3354076.4609375000
51766844.9586326629 3232010.4257812500
51750966.5312718004 3230224.9921875000
62556175.4860158265 3382636.5859375000
50747500.1076086611 3011866.5781250000
50748266.7172020972 3017392.1406250000
55305828.9790114164 3369783.0820312500
50678003.5664994642 2970978.5976562500
83149216.1433423012 3383443.5507812500
51224933.4063788131 3163173.6367187500
52477466.2183398902 3288140.3632812500
83511258.0599692315 3383444.0078125000
54657802.2009136751 3363078.0390625000
62367231.9660874382 3382625.4492187500
52361892.5577831119 3281236.4531250000
55673257.7586496249 3371993.4140625000
55493267.8240812346 3370314.6406250000
82076554.6888992935 3383344.1914062500
55594444.5535814092 3370690.1562500000
81763092.1677719653 3383336.6640625000
51791698.9560770094 3238163.6523437500
82969221.1360537708 3383349.0117187500
55496696.5204424858 3370496.9609375000
50744018.3872734904 3010424.2695312500
51763470.7004844025 3231702.8007812500
52091462.1954632252 3264338.7109375000
50977903.0331232324 3089715.7265625000
51730994.7915928885 3228662.2304687500
51802917.1851392761 3239606.7187500000
51769479.3756494001 3235032.7539062500
52354665.3349622488 3278480.3476562500
50739373.5511036217 3008967.7382812500
51776280.7978582233 3236007.0351562500
52366096.9165691659 3281962.0546875000
52209477.5479073226 3270634.9023437500
51689268.2877626941 3226519.8398437500
51000964.6221357584 3094801.6171875000
51793354.3554764464 3238377.2617187500
52351300.6938406453 3278351.7070312500
50722959.8133512363 2996867.3671875000
52209579.6345869079 3272308.2968750000
52318999.7638207600 3276951.9609375000
53203788.5177205876 3317256.9296875000
53212906.7021523640 3317789.8203125000
50726195.0013176575 3000119.1601562500
50726687.0966766849 3003291.7578125000
61769822.4166937768 3382403.5156250000
61725469.1298085526 3382397.1757812500
53182648.7087537795 3315723.5585937500
53210514.5329500958 3317689.1835937500
80568802.7824752480 3383264.0742187500
60887271.6177197844 3382138.1328125000
81402342.2106102556 3383284.5976562500
53151582.4765533060 3315469.9375000000
80913826.0336339623 3383282.2460937500
61885164.6656140164 3382408.8867187500
81348558.1856559813 3383284.0781250000
52295964.3997617885 3275580.0390625000
52242691.2857417613 3272351.7187500000
52251930.2767962515 3273781.5625000000
80345843.5422528535 3383248.4218750000
51754810.7919084132 3231079.0429687500
79678753.1321550608 3383210.1250000000
79818901.3093690276 3383213.5546875000
80120744.0137633532 3383219.0859375000
79168055.6059942544 3383204.5273437500
62916121.4848145843 3382689.0507812500
80065210.9197072387 3383215.8085937500
78548032.6396215707 3383203.2343750000
78390990.4462819099 3383193.3281250000
61901206.9092560112 3382430.5781250000
61563839.4074892551 3382162.3984375000
76770895.5575034171 3383048.9687500000
77968229.4850991517 3383090.6054687500
76674890.4080372155 3383013.6523437500
75296200.6582764387 3382998.0468750000
76388931.9104446024 3383010.5820312500
60626241.5959071293 3381885.4140625000
75159505.4587892741 3382773.7539062500
74769412.2842121124 3382732.7812500000
73286432.0400295109 3382714.6953125000
73104555.7036586404 3382709.3593750000
72594754.4169130772 3382691.6835937500
60432418.8851505592 3381774.1328125000
60093867.1904269755 3381641.0195312500
60450269.8920743689 3381799.2890625000
