54597740.6620170176 3364895.4765625000
51874525.7049168348 3250292.5820312500
50741896.1509338021 3035680.1796875000
51279451.1961382553 3187044.2421875000
51883910.3815026730 3251551.7773437500
54436502.4844602048 3364003.3789062500
51337244.3885066733 3194434.3593750000
51907659.0252461806 3256098.7187500000
53910111.7589980885 3351932.4335937500
56130107.5367720947 3376907.9570312500
59112636.2415304333 3381880.6054687500
59280981.1128323823 3381910.1875000000
50735230.8728197068 3031993.2265625000
50957314.7828796655 3113915.6289062500
51230010.2884137332 3177104.6367187500
50987703.8683115095 3122484.1484375000
50810698.7294089198 3052892.3125000000
50988634.3643321767 3127085.1757812500
51203140.6580966115 3173984.0507812500
51859829.2249491587 3248002.9179687500
55691243.1341529340 3374055.6914062500
50640645.9866106212 2938920.0976562500
53217206.4655875191 3324850.3906250000
57097603.3608845547 3380642.2070312500
88278135.5578565896 3383591.7226562500
50777994.5370238572 3048020.8593750000
51157970.7381800190 3160860.7968750000
51464895.4517398104 3204767.7539062500
51796076.8248100504 3241816.0000000000
52133249.7375974506 3270012.2929687500
52059634.7835470289 3267655.2109375000
52643251.3429645002 3304031.3320312500
50673953.8602134064 2994235.2031250000
50863169.1675205529 3081067.2773437500
51124444.0594376177 3154134.4570312500
53139244.7144285589 3324464.1601562500
58301868.2203495502 3381597.1484375000
52620600.9832169786 3301007.7578125000
89169610.8765735030 3383607.9882812500
50752685.5849186704 3038855.7382812500
51143078.5730281919 3159148.8945312500
51198121.2516865730 3171199.5273437500
52776080.0672224388 3309691.4960937500
52702879.0581771731 3306566.1875000000
53208841.5475215390 3324831.0078125000
50630375.3382630870 2933452.4570312500
50762810.4889874309 3040088.1445312500
51906557.4568451792 3253856.7187500000
51938932.1208696663 3259314.5546875000
53080041.3880155161 3324226.0664062500
53145622.3599685431 3324633.7304687500
50670688.1440164447 2989884.3554687500
51171844.7075573951 3167844.5234375000
50665973.4136219621 2985290.1601562500
50703537.2718639523 3011896.5898437500
51154594.0001137629 3160614.2617187500
50735470.0265314132 3034815.8867187500
51179621.1283509433 3171073.6171875000
58727870.8396292925 3381667.6054687500
50688400.6272981241 2996162.7734375000
52806065.0964271948 3310642.6796875000
53002475.6792674661 3320018.0507812500
54005746.3009107485 3355066.6835937500
90020348.6933443248 3383620.1328125000
50655464.1655734628 2971195.5078125000
51869095.9711039364 3250171.1250000000
53240871.0427763760 3328966.9335937500
53295258.8203242794 3331459.1640625000
53057826.5866211653 3324129.3789062500
53109414.3875667751 3324348.9921875000
52939609.4956868663 3316115.5703125000
50873769.2275978401 3081410.4687500000
50922455.0607207045 3105097.1250000000
52025266.2778934538 3264202.3437500000
52832070.1651378348 3313890.9218750000
59040621.4678523913 3381839.0585937500
50887956.8014444634 3090033.7109375000
57567497.0480311513 3380961.8359375000
50612453.7724252045 2918679.1914062500
50620605.4419608638 2920284.6875000000
53985550.8438392878 3354288.0312500000
55278008.0485168248 3373386.9531250000
88955307.8337061107 3383593.4921875000
51094139.8847123310 3144843.0195312500
52068946.9195078835 3267738.1718750000
54642024.2958559170 3366933.6171875000
59925439.7796250656 3382171.7617187500
50667701.0360038057 2987155.3398437500
51979241.4247936979 3262446.8554687500
57154119.4972073510 3380648.7187500000
59012991.9538856298 3381808.6210937500
50874589.6627169997 3084507.2460937500
52199596.9789540023 3272558.5390625000
50761619.1265632808 3039029.0976562500
50726486.3134557381 3027677.8828125000
51047060.9268227890 3138110.9765625000
51094308.5311142728 3147005.8710937500
52635270.3850560114 3302352.9765625000
50710928.5759357810 3018917.8359375000
54232656.4674755856 3362579.7382812500
54823320.3977715224 3368136.3125000000
59777157.8610368744 3382077.6914062500
51020309.8981260583 3134371.6562500000
54278403.6461186260 3363081.4687500000
51055085.8178958595 3142100.6093750000
51008921.2515488267 3132350.7617187500
51588257.7246345058 3221409.9531250000
54096205.4729885682 3358842.0820312500
54020357.2019222751 3356284.9609375000
59929652.3704090267 3382172.9609375000
50734193.8017389029 3029442.6445312500
51540578.9133870527 3216999.7109375000
54606101.4846945554 3366901.3476562500
50623571.4524400681 2929109.8125000000
52137384.8981448933 3271445.5781250000
52601483.3062625006 3297661.9023437500
51425719.7597572729 3202916.2695312500
50623550.0592913255 2928635.1054687500
50621542.0067074224 2921298.5117187500
52908753.8500536457 3315613.7382812500
51634728.7937248275 3227076.9140625000
53477866.5081810430 3334973.0117187500
51020006.4781324714 3133630.1093750000
56905582.2440699860 3379934.9921875000
51515128.6603937969 3215299.3593750000
57829831.6103363484 3381153.5000000000
58997000.5299088508 3381742.2109375000
89888148.7679734528 3383611.2968750000
50724786.0636906102 3022201.6054687500
52948982.8378239796 3316183.7851562500
55434966.7628326938 3373610.2460937500
52038800.0625461191 3265473.4765625000
56655690.1946230754 3379697.8828125000
50633120.2511276230 2937325.5039062500
50610876.9553528652 2915361.1093750000
50691061.7753807679 3005495.9960937500
51423670.0679569319 3202440.5976562500
51899867.5163593218 3253726.1210937500
89343877.0872676969 3383609.0273437500
50917607.2652980387 3098121.9101562500
51315565.9150872603 3190970.9648437500
53494441.0256562680 3337406.5507812500
50951511.6343350932 3110128.0000000000
54792639.3758317083 3367562.2226562500
51500391.7998540476 3212658.7031250000
50705244.3013955131 3016304.7578125000
51396343.8929353282 3202019.8203125000
60459111.5067707002 3382236.7460937500
50621847.1363623962 2922974.8046875000
50713547.9770320281 3020208.5234375000
50726309.2826454490 3023356.0312500000
54138538.3258105442 3358937.3593750000
50649820.3923191801 2944461.4023437500
56242023.5257593617 3377307.7734375000
55909977.8965477124 3376123.3554687500
50899388.3830513805 3093764.1445312500
51297615.8915628046 3188375.6210937500
51480985.1416148841 3210253.7304687500
59751093.1271338612 3381965.9335937500
87131222.5099037886 3383558.9765625000
60324049.5356831327 3382197.3632812500
58697910.7296653837 3381611.4296875000
50689751.8454408273 2998565.5117187500
60878916.9432035983 3382348.4609375000
53916160.4246600568 3352620.1250000000
55245955.0467130244 3371887.5117187500
52507126.8641698211 3293306.2070312500
51766915.6285860762 3237361.3437500000
52381618.0623152629 3286920.7187500000
56082531.5665642917 3376694.3632812500
88215782.6672671735 3383580.9414062500
53585978.5380371734 3339636.2265625000
53977547.8230415285 3353445.2421875000
54094867.9365525842 3358840.5546875000
54365147.8739833459 3363677.1093750000
50862430.9782867059 3076564.1132812500
57321713.1209253520 3380768.0000000000
86160847.5751669109 3383549.8984375000
55234835.3842908889 3371412.0000000000
51152068.3383572027 3160384.1328125000
50969531.4663762003 3116174.8203125000
51827395.4460619986 3244989.2148437500
51833289.6636414975 3246278.4414062500
87297643.1776659191 3383577.0390625000
50905663.1508098394 3094250.6875000000
51841237.0504939705 3247823.8789062500
52436514.6471107230 3291319.8828125000
87253736.4396761358 3383561.5078125000
50908547.2429961786 3094506.0859375000
50884877.0332290828 3087499.2421875000
51108374.0539413914 3149250.0234375000
51240094.7462072596 3177749.2500000000
50968106.9460524619 3115665.3125000000
51249108.2557908520 3181083.8164062500
53465625.8317148834 3333992.2226562500
54677973.4130415916 3367147.5234375000
54997128.2129864991 3370222.4023437500
57741726.9619107842 3381124.1679687500
50854615.7996731251 3071900.7929687500
55106711.7452677861 3370910.9335937500
51265176.7550244704 3184939.9453125000
55216477.1760534793 3371408.1015625000
63717532.1882022396 3382982.5820312500
86276010.8683046997 3383552.2851562500
55039585.9227278754 3370796.9179687500
50910211.0974624604 3097071.3867187500
64167680.4152226746 3382983.0625000000
50896114.3670263439 3092292.3671875000
52561237.7720320374 3297359.3515625000
53667394.7953837961 3344908.3710937500
53646298.7202343047 3343554.1093750000
53728393.8394669816 3345730.6328125000
63516783.1905570552 3382977.3398437500
53485603.2592065856 3336931.1093750000
53436739.7379735038 3331756.5195312500
86793922.5125376284 3383558.6015625000
86426592.8737440407 3383553.4023437500
52249030.1435191929 3275250.7343750000
88018224.0037924051 3383580.0976562500
52256192.7025447786 3276932.6640625000
50847578.4951257184 3066646.1601562500
64851667.9101507887 3382987.3281250000
52319712.7915295586 3282562.3710937500
52216572.9259455428 3275070.4179687500
52375436.2622660398 3286834.0117187500
63802469.7117531747 3382982.9414062500
51379134.5667340681 3198428.9140625000
51759384.7342009321 3232806.5781250000
86038281.1637413204 3383528.4882812500
50976299.2682590038 3119342.0976562500
52460104.0444965288 3292813.1953125000
84772114.1814184487 3383511.9882812500
63333195.3905058280 3382964.1289062500
52453125.7682099789 3292164.6328125000
50818232.8395620659 3053048.1328125000
52295432.7145749480 3282024.2070312500
84543307.3908780664 3383509.5937500000
62935737.0002275184 3382750.4804687500
53944955.4535072893 3352664.7148437500
51423385.6517655551 3202163.7500000000
51387706.2980829030 3198962.4062500000
51227204.5074866265 3174478.4453125000
64614929.3264598176 3382985.2343750000
63318505.9332718551 3382959.2500000000
50974119.3156553134 3117440.6953125000
50654098.9275059029 2949515.3398437500
50836805.4416791275 3062634.2578125000
50983757.5675965548 3120913.8007812500
56381406.7592567429 3377418.3007812500
63186468.2818687856 3382903.4648437500
50799809.0680010840 3049455.0000000000
50828605.8721666113 3060933.0156250000
50837469.2001446262 3065894.4179687500
51080380.2729777247 3142427.4101562500
51568231.1714176089 3217028.4375000000
50818296.6582097188 3055688.7851562500
51085862.4435601607 3143841.2070312500
51084222.9090790376 3143831.3789062500
50830875.6189187393 3062121.5664062500
51742751.0364291742 3230145.1171875000
50835871.9516422674 3062467.3359375000
51574047.3579452932 3218330.4179687500
83659014.2481734604 3383465.8281250000
83937356.9874830693 3383467.7265625000
62244108.3553912267 3382615.4960937500
84144577.4067936987 3383470.9765625000
51706395.1676593944 3227324.1718750000
62339986.2845560685 3382622.6210937500
84271447.6251712292 3383487.3515625000
62164100.4315797314 3382490.2773437500
83598344.3618609160 3383462.1054687500
51750966.5312718004 3230224.9921875000
83149216.1433423012 3383443.5507812500
83511258.0599692315 3383444.0078125000
62367231.9660874382 3382625.4492187500
82076554.6888992935 3383344.1914062500
81763092.1677719653 3383336.6640625000
82969221.1360537708 3383349.0117187500
61769822.4166937768 3382403.5156250000
61725469.1298085526 3382397.1757812500
80568802.7824752480 3383264.0742187500
81402342.2106102556 3383284.5976562500
80913826.0336339623 3383282.2460937500
61885164.6656140164 3382408.8867187500
81348558.1856559813 3383284.0781250000
80345843.5422528535 3383248.4218750000
51754810.7919084132 3231079.0429687500
79678753.1321550608 3383210.1250000000
79818901.3093690276 3383213.5546875000
80120744.0137633532 3383219.0859375000
79168055.6059942544 3383204.5273437500
80065210.9197072387 3383215.8085937500
78548032.6396215707 3383203.2343750000
78390990.4462819099 3383193.3281250000
61901206.9092560112 3382430.5781250000
76770895.5575034171 3383048.9687500000
77968229.4850991517 3383090.6054687500
76674890.4080372155 3383013.6523437500
75296200.6582764387 3382998.0468750000
76388931.9104446024 3383010.5820312500
