50741210.5377850160 3048933.5351562500
52499169.0128945187 3295030.9257812500
51472824.9551720023 3215389.3789062500
51404987.2131129801 3205702.6406250000
52751665.4757497981 3304409.6640625000
50590635.9547113702 2904130.7773437500
50961690.7178533375 3135271.3515625000
54264632.2779656500 3347813.9335937500
51425530.5177619606 3210343.7304687500
88643293.6529507935 3383608.0195312500
50613361.2724563777 2940891.4472656250
52648370.5259112343 3299622.1523437500
51186778.6548791826 3182147.9062500000
51415437.8232540637 3207788.3750000000
50732505.3427206501 3046685.7265625000
50977317.9728429914 3141071.5000000000
54245845.7031795532 3347545.2929687500
50961750.4428130686 3137430.1601562500
51470619.2838670611 3210678.0546875000
88481101.0258960426 3383594.5117187500
50662294.6217281595 2995822.0351562500
50687890.1066536531 3014241.3906250000
51515238.5342621803 3217933.0546875000
52042067.6093793884 3259570.7773437500
54202774.7962798625 3344999.6835937500
51336541.6139598340 3197409.0000000000
54268753.2421814948 3348143.0898437500
51379718.9597203434 3203650.9414062500
52111784.8090808094 3269495.2851562500
50706830.9362958223 3029477.4609375000
50688329.0115616322 3017714.1757812500
54219400.8907773346 3347511.0312500000
50601596.1018344685 2922603.2421875000
52380494.4955369905 3286167.3125000000
52740183.7886332795 3304179.1914062500
53874696.7918599397 3340167.1210937500
51055953.9083338082 3160528.9726562500
51024017.1121648699 3153899.7656250000
51817205.1702666432 3242304.9921875000
53940430.0722018480 3340707.4023437500
50695983.2535895109 3021211.5156250000
51241041.5300786048 3186395.7929687500
51272690.0746063143 3193198.5898437500
53709237.5953638032 3335158.7890625000
54605955.3683770522 3354836.4101562500
50584336.1863872930 2893759.8535156250
52417558.0441180989 3288394.6484375000
54021188.1752018854 3340743.9843750000
50722521.2854000553 3040806.5273437500
52233719.0946861282 3278691.4375000000
53320401.4970569462 3326730.4492187500
50631664.5392335802 2967804.6054687500
51192517.0790376216 3183081.7890625000
51244293.9596256614 3188548.6796875000
51149210.8237804621 3176702.1835937500
51307430.7831688523 3193535.5273437500
50699937.2172352001 3025381.6875000000
51111927.6188987195 3169475.0507812500
51166851.9898011535 3179989.5546875000
52166800.1204466745 3273985.1757812500
53522179.8539410755 3329841.5546875000
53564950.5732410923 3333404.3359375000
50616003.9277790487 2945925.6406250000
50685578.2121865302 3012055.8359375000
50711052.1582393497 3033879.1992187500
52289268.6113080233 3281306.4765625000
50717079.6398826465 3038360.8632812500
52324510.2561419979 3284726.3593750000
51074498.7426630706 3163822.7617187500
51082412.9537005574 3166655.4296875000
50633890.0344580114 2970488.6914062500
51237188.1339963973 3185009.4804687500
50625754.0123961046 2959611.4726562500
50918057.7383442372 3121217.1757812500
53759914.7037690282 3335182.4140625000
52224900.0982640460 3277101.0078125000
50649830.7929739654 2983972.4375000000
53786891.6225080267 3335946.5742187500
50781642.8760863915 3069063.5117187500
53796464.5085784942 3336169.2773437500
50745446.7354993746 3052775.7109375000
51123278.2961354181 3170573.6015625000
50806118.1664322987 3079174.0742187500
50993815.4106274396 3144926.9726562500
51038604.8776011169 3157763.8984375000
53532437.4957172647 3329993.7343750000
50626071.0248407796 2960788.4335937500
52851254.0177082866 3308118.7968750000
52471331.2898573950 3291776.3046875000
52801319.9652094766 3305002.1562500000
50635684.3730659857 2972026.7695312500
50643757.6317089275 2978783.0429687500
52429768.3096450865 3290250.1796875000
86005079.6478288770 3383559.5234375000
50927083.2352790833 3123981.4335937500
51714307.1126794517 3235697.6757812500
51642162.3173422068 3229782.9843750000
50866589.0000752881 3095070.3984375000
51049718.3844510913 3158942.0585937500
51591660.5477265567 3224176.5781250000
52425111.5491351858 3288788.6132812500
87399452.5507579148 3383571.9062500000
50579880.0810750872 2885315.6660156250
51040911.4956715107 3158289.5000000000
50770941.2586234286 3062135.3398437500
50621284.6309813932 2948752.4531250000
50636931.5194152147 2972052.9414062500
86970854.2082346380 3383564.7031250000
51948110.8600900695 3253301.0546875000
85676919.5147317052 3383544.7890625000
85927008.8930298686 3383549.0429687500
50622242.6495572329 2948776.1250000000
51010652.4766416401 3151561.1054687500
50937464.8993138522 3129810.0390625000
87540471.4536922872 3383574.5625000000
50684521.6155061200 3010751.2578125000
51695296.4903971255 3233919.0625000000
87476637.4243243337 3383572.5156250000
50915295.3815478235 3120424.2812500000
51692667.2679721266 3233650.9062500000
55005266.9489557520 3357255.5273437500
50639328.0801782534 2975764.4023437500
50890692.0678939223 3107389.5039062500
54433477.5268779397 3349797.2656250000
52007065.9828298464 3257694.8437500000
53429851.5228190050 3328357.0312500000
52261746.3840296045 3280664.5859375000
50608049.1735168993 2933127.9921875000
54794452.0383488536 3356338.2382812500
51378363.0965325534 3202668.4609375000
55761869.7738562971 3360059.5195312500
50577961.3866266757 2880086.7031250000
50609052.4345343783 2933985.7460937500
52062374.2345876917 3265108.3359375000
52190233.5378256217 3275211.1171875000
50630532.7479926124 2964645.4023437500
50640711.1252789870 2977222.0429687500
51991638.4506808594 3257576.8632812500
54462781.8199091703 3351374.9960937500
50750481.3427499309 3052818.3593750000
50689333.8040701523 3018354.6132812500
54405605.0795264095 3348664.1093750000
50980170.6096396446 3142460.2460937500
50912423.0443633795 3120159.9023437500
52843705.4011881426 3305581.9179687500
50614912.2010315880 2942033.0585937500
55085186.3383016959 3359301.5703125000
54833941.7220625132 3356676.8906250000
50851086.7511983365 3092011.3125000000
52076873.2909446731 3266967.1093750000
50657503.2676945105 2991321.0234375000
50687299.6614226550 3013205.1015625000
52959614.1565057859 3311128.1484375000
50811777.7090721652 3079504.2500000000
50652681.0161517039 2988940.0351562500
50842676.0772846416 3090765.5625000000
53231385.7130244598 3322140.8320312500
50718368.2519529611 3039057.1562500000
50725693.7088260204 3043785.5976562500
50581683.9454002008 2889566.7753906250
50902211.2383027226 3115349.7070312500
50925856.6635468602 3123190.7968750000
51034843.7333143353 3155417.5039062500
51342683.7428499013 3198233.4296875000
53171687.6660227999 3318320.9882812500
53011383.3574840054 3313289.1406250000
50650630.8202372193 2985843.7929687500
50650131.6671489328 2985019.3203125000
50581326.7777163386 2887406.8828125000
50610564.1192300022 2938126.8085937500
52899587.1895929947 3308825.2343750000
50739034.2745891660 3048177.1210937500
52844359.3760455027 3308018.5859375000
50972515.4100032076 3140471.2500000000
50951918.9944263846 3134883.3515625000
50965774.7669309080 3139417.7500000000
53115436.9951772317 3317829.7148437500
50573904.3264954463 2871182.7812500000
50598236.7130581811 2913769.6953125000
51571061.8656412065 3220922.5742187500
50932352.1534106880 3127069.3750000000
50587890.1814442128 2897717.8808593750
50579155.5437264368 2884378.0761718750
50742764.1944606602 3049935.5468750000
50710376.1508856416 3031655.9570312500
50920535.7486623526 3121284.8710937500
54126280.3105265573 3342720.7656250000
55233616.1464046240 3360032.0312500000
50605743.2902469113 2930013.0820312500
50802757.9739005938 3078391.7343750000
50573482.5173096284 2869266.8964843750
50667743.6538187265 2998380.8710937500
50584906.4432788268 2894354.2792968750
50578529.8904787004 2884090.5957031250
51329689.6451463550 3196070.0195312500
50829413.5484560281 3087720.9257812500
50579451.2757123932 2884514.1660156250
51616853.5207911879 3225583.4218750000
85607359.4722398520 3383536.1484375000
54794057.5818883181 3356317.6718750000
50622502.7272392139 2951849.1210937500
50575993.5962138399 2878540.2539062500
50615759.8639933541 2945448.6484375000
84962220.8328964114 3383530.2070312500
50610301.6842991188 2934605.9765625000
52046022.4141233787 3263202.0000000000
50821568.2762498781 3083988.2265625000
50656493.0378230512 2989894.2890625000
50608267.5416516215 2933786.6054687500
50777047.2318114564 3064350.4023437500
50660344.4956030399 2993401.8984375000
51971467.1792623028 3256886.3203125000
50948324.7853396982 3131492.4687500000
50716247.9030026942 3036534.3476562500
50786978.9887377843 3072059.6484375000
50574481.9115182161 2873692.1093750000
50674937.0309048146 3002616.5039062500
50886798.2469926775 3103573.7656250000
50599428.3826128840 2917571.0703125000
50603272.4203389958 2923020.3027343750
50675656.3057818487 3004177.4414062500
51902134.7379347086 3251517.9804687500
52936691.2592067420 3310513.5195312500
53024634.3370366022 3314739.6328125000
50668634.9977012649 2998617.8164062500
50774318.3102942333 3063064.0585937500
50761447.3889124319 3059541.1015625000
84757243.2963644862 3383524.9218750000
50794320.0593265966 3073415.6757812500
50783169.3935670629 3070294.3359375000
50813873.0500964820 3080307.1210937500
53205721.1792622730 3319565.5976562500
85784513.0261036754 3383549.0156250000
85951578.0388784707 3383551.0820312500
84445924.2090798914 3383507.8203125000
84028316.5815843046 3383480.7734375000
53051358.5719764307 3315898.9765625000
51891105.5842396915 3248635.1875000000
50877301.0757111609 3102313.4296875000
50889947.0211905390 3105296.7382812500
51899793.1244115382 3250642.4765625000
50754587.1568963304 3056552.4921875000
51785125.8302219957 3240592.5000000000
51866406.4427282363 3247842.0195312500
50894936.9150950164 3110530.1054687500
51737620.7651200742 3237200.5429687500
50601249.0990016088 2921396.0937500000
51750378.3647422940 3237364.6054687500
52585768.0250532478 3295736.7656250000
51470604.4817051142 3210396.9140625000
84326804.3471845388 3383490.6914062500
50595213.5800164193 2910012.5742187500
50827731.4036024064 3085569.7851562500
50598623.3985531032 2916181.7988281250
50594605.9034980983 2909968.4218750000
50852502.3553767800 3094868.8281250000
50679970.6964528337 3006194.7265625000
50596531.2522998229 2910778.1484375000
51846642.7269246727 3246034.3203125000
50571958.7897538617 2864035.3203125000
81953915.5178835541 3383433.8867187500
80867052.9267968684 3383421.4414062500
50671819.1332270876 3000875.0937500000
80675555.4499557614 3383410.6054687500
82159884.2937891185 3383436.9257812500
82249198.4012223184 3383437.4375000000
80728259.0992290378 3383416.0937500000
80810875.7739085406 3383420.7968750000
80080008.5051519126 3383389.6523437500
78665042.6205424815 3383371.6328125000
56284675.0647681057 3363535.4375000000
50575548.3527988195 2874018.7675781250
79418094.8610187620 3383378.6093750000
80238685.5718090236 3383398.4648437500
50573076.4310902879 2864127.9843750000
50594043.4179467037 2908550.7636718750
50594178.6215084866 2908596.3066406250
50596600.0772157162 2913666.7187500000
50592921.9406847805 2904326.4960937500
78168251.2510032654 3383014.9726562500
77784225.0690819025 3383012.7851562500
78277696.5073404908 3383018.8085937500
57195698.5747777745 3363568.3281250000
77534604.2051255703 3382744.9726562500
77757708.4606973231 3382878.6757812500
57476990.6065988168 3363648.3710937500
57486084.5374297798 3365034.6093750000
77176173.4794355035 3382329.1914062500
76962291.5669893622 3380565.4609375000
75823751.6891669631 3379724.3125000000
74234751.8576918542 3379677.4609375000
74020434.0194805861 3378905.5039062500
76247059.0178334713 3379746.1640625000
73832299.7131367475 3377474.3593750000
73512925.9450631291 3377468.7265625000
72114488.7690108418 3377281.6484375000
72101402.7150416821 3376550.3398437500
70785885.1925844848 3376362.0039062500
70214977.3791964054 3375581.8632812500
68561585.1506935060 3373054.1835937500
