50715980.4030360281 759309.4533691406
51238358.8452428579 839870.5629882812
51047571.8346127719 828320.0966796875
53536218.4502928406 927241.9101562500
53230172.0391971916 921494.6865234375
55248000.9034243450 950143.4101562500
50989976.1857026443 814971.2729492188
51963378.5308014303 885165.7749023438
52023577.9558218867 890651.0507812500
55237529.4349027351 946468.9023437500
50633742.9269016534 727897.4907226562
50647072.5097224414 732508.1030273438
50760686.7474730983 772278.8183593750
52161973.4236637801 894163.9555664062
50586694.4912903309 684356.2241210938
51280929.5103670433 842841.7753906250
51550219.7920309380 862508.1201171875
54728872.9957541004 943362.4824218750
50582108.2256318480 677588.7807617188
50610179.2206873894 714171.7128906250
51445095.2638237029 853871.9594726562
51671250.0824563727 867553.4526367188
52184225.5912572965 894722.9614257812
50588701.7493556440 690065.6208496094
50645077.9096253291 731218.6223144531
51359392.3846775666 848682.1557617188
52186183.6165799424 896974.9667968750
52986195.9518690258 916697.5634765625
50648036.0293118358 733451.6679687500
51222605.7580436990 835661.4301757812
51929945.6183398440 882993.2148437500
50646041.4292147309 732139.6047363281
50723022.7944383100 759724.7536621094
50957519.1039086729 812958.5131835938
54339445.6137888506 936885.8388671875
50635649.7296049893 729068.4233398438
52606157.2889263779 907877.0522460938
50577063.6022060215 663909.6264648438
50943812.0515128300 808983.4819335938
51496234.6205000803 856096.7666015625
52055455.5289098546 892512.2172851562
50916882.6812922284 804053.8227539062
50988143.0797439963 814230.2666015625
51140235.9513402507 833297.0800781250
51003512.1768896058 815979.8867187500
51644417.0973478630 865430.0615234375
52022543.3179361224 887770.9370117188
52236346.4810867757 899118.6723632812
54874376.2399032339 944947.3994140625
50583313.9217940643 678732.8776855469
50893020.1236378029 800174.3950195312
50894053.1062301770 800949.7109375000
52056144.8792199939 893139.3022460938
50715979.0527577400 757169.8508300781
51521744.0357357189 861249.4165039062
54451472.4495473579 940943.6259765625
50678011.9837377816 742012.9956054688
50877345.1617651731 799496.6357421875
50749630.9298739433 769818.6225585938
51627201.8747586086 864171.7719726562
52235660.0288311765 898412.3710937500
52565212.4678321257 904823.4321289062
52346576.8121686801 901545.2309570312
53428364.3336895257 924348.3906250000
52666429.3491012678 908005.5405273438
53380850.3363877460 923215.2480468750
53434819.9071329534 924536.5947265625
53189966.0041233301 919139.5322265625
50713437.6037940681 756097.6901855469
50743584.2691614851 766581.2561035156
50955690.1143026724 812876.9638671875
52214596.7596157491 898195.7119140625
66886187.4375340343 971123.4462890625
68260073.6331808418 974271.1376953125
68215835.2765403390 973227.3203125000
50618082.4572278485 717546.1948242188
50955071.3600657880 812649.0874023438
51020019.5330469161 816109.7133789062
51491818.0160731524 855873.1645507812
51532371.2992899790 861397.2885742188
52312816.4092665762 901537.7924804688
54733651.4352012351 943981.9472656250
50712547.8362987861 755855.5402832031
51496967.0615941212 860068.1010742188
51387702.5290759057 851004.5791015625
55075692.5589318350 945429.6630859375
50629683.2064400390 724680.6594238281
50966636.0457742661 812958.7924804688
52364725.7966787517 901714.8291015625
52404599.4185704514 903542.6171875000
51029440.1519043148 821414.0493164062
50998642.2486231029 815402.7504882812
51411568.1595782414 852257.6533203125
52442832.1773400679 904719.1953125000
50938271.6600082144 806981.1674804688
50623602.3739598319 720608.3701171875
53129544.4706637487 918935.8789062500
53033641.0677591115 918612.0712890625
50785584.3163243309 777106.4243164062
51031559.5854313597 823506.0971679688
52837085.9994111657 910228.1088867188
54711005.0741315261 942468.1582031250
50792435.6839783341 777782.2055664062
50946090.6696254537 811989.4277343750
54385902.6510807201 937480.0556640625
50580348.8263756111 672387.8427734375
50706721.4076370001 754238.8000488281
50800089.7062023729 780531.6684570312
51028612.7833548933 816285.1269531250
51032177.2027095333 823836.7949218750
50576918.4472315684 662946.2312011719
50628492.5280146152 722590.2119140625
52842141.8099026158 912020.7172851562
50877029.6680511907 795504.5688476562
54710071.7324235365 942042.4628906250
50712469.7133506089 754609.2971191406
50775612.2998109907 776232.3916015625
52950443.5488845110 913415.0019531250
55596325.2285703644 951328.6796875000
54668845.6070946231 941170.0458984375
50622635.0269330889 720328.1916503906
50755050.1849347427 771571.1362304688
50609769.9087994322 712865.5749511719
51325217.0576503351 844332.6503906250
51732245.8464996442 872901.1230468750
51420315.6296061277 853513.5039062500
54160399.3285094872 931155.0185546875
54851514.9276163206 944061.1054687500
50619561.8523522094 718590.7644042969
52694879.9271832108 908307.4799804688
50578837.1416799873 672185.5002441406
50723660.0978220478 759739.1198730469
50709768.7889487222 754402.2924804688
50825454.9408917427 783717.7431640625
51378696.8216617927 850267.2495117188
50815549.6041183919 782300.9448242188
51125848.0125744864 829311.4091796875
51331298.8128289729 847387.6713867188
50714505.7014277130 756383.4104003906
50817037.9614933208 783231.4677734375
51457266.3308855221 855574.6328125000
51771217.5767514557 874379.5878906250
50746255.7399933189 767014.7988281250
51388693.8551489040 852234.0493164062
51692299.7570781708 871560.0366210938
50619189.7366928458 717632.2192382812
50735270.1290382594 764295.6520996094
51803920.5431622639 876465.0493164062
50587690.6193027422 686735.1740722656
50747913.8250121698 769264.6713867188
50728886.8717514649 762732.8457031250
51711312.4013877437 871672.6601562500
50597772.7636159658 697623.3132324219
50677311.8098048493 740911.8718261719
51873612.0889574513 877972.6660156250
50624115.2404669821 721685.0976562500
52012759.4524192512 887459.7900390625
50730368.1331550702 763399.5805664062
51752617.8134868294 874108.1411132812
50596787.7780761197 691546.6047363281
50625454.7062227428 722557.1650390625
50615739.6353758723 715445.5561523438
50605979.5648970976 709121.1264648438
54031520.6124092564 927987.9560546875
51999707.9870676845 886543.7626953125
50581839.3648771271 675878.0070800781
50616369.8883457705 717328.7714843750
50680771.2496417388 742660.3513183594
50738365.9733750895 765199.8920898438
50943147.0652922615 808146.7299804688
54309298.3991517201 931420.5263671875
50726981.3888037950 762017.7580566406
50770818.3787233531 774064.5878906250
51884011.4890970364 879702.1567382812
50587795.2329300418 688079.4719238281
50611951.4220652357 715229.1572265625
51662330.1163459122 865896.8310546875
50979250.8978213370 813110.6025390625
54099715.0571903959 929865.3642578125
50587035.0021926165 685582.1037597656
51672954.0213709176 870109.4829101562
51996980.1848155707 886226.6879882812
54059261.7635282204 929045.3388671875
50597571.9396660924 696646.3505859375
50576915.5151583999 658125.7336425781
50610164.9599890411 713092.6848144531
50699449.2007209957 749641.6691894531
50811618.7064325213 781478.9541015625
53998563.5500000790 927297.7363281250
50981915.9306684807 813868.7348632812
50642915.8075388148 729318.1513671875
50575724.7838098630 651610.0446777344
51927305.0307952836 880050.2763671875
50673854.9242267683 740667.7409667969
50747427.3694162443 767283.6538085938
51375641.4193788022 848873.2612304688
50764667.6395254061 772447.7734375000
50631596.7434265539 725117.5708007812
50615782.3718025610 716058.3593750000
50598620.3033703566 700770.3081054688
50686360.0616965070 745799.1884765625
50841534.1499540433 785483.2490234375
51829887.0321690217 877477.1811523438
50608701.7854256555 711652.4909667969
50575985.0191377327 657342.3696289062
50606145.1261566430 711069.1318359375
50605541.4168260247 706897.9008789062
50601951.8537810594 706011.1313476562
50597059.6203607991 695570.3474121094
51674235.0358771309 870414.8574218750
50598324.3446761519 697925.1579589844
50583206.9093648493 677938.5700683594
50600660.0822704062 703156.5959472656
50586398.8477920964 683770.6555175781
50698468.1032750607 748807.1870117188
50701302.1525762007 752486.2863769531
50710681.4754646719 754432.6774902344
50700061.2505432069 750932.3723144531
50659333.7724659145 735492.3828125000
50666525.3982011974 738483.7053222656
51320783.4569086730 844062.1875000000
50864125.9640584961 790453.0000000000
50583601.9605544582 683021.4714355469
50672735.0755216107 739668.0422363281
50844033.8671418205 785677.7075195312
50831256.5794525146 784481.0312500000
50833830.4428340942 784752.7702636719
50581807.7348716184 672989.7224121094
50662966.7140121758 737754.1516113281
50855642.2669753358 788835.0405273438
50590948.8580541089 691017.2829589844
50591108.5694393069 691331.6101074219
50575120.7933574840 645961.3891601562
50845911.2114268392 787121.1708984375
50844679.1220373288 786738.9824218750
51208836.4685943276 833318.1665039062
50584719.6018908843 683605.6882324219
50852224.9362808391 787852.6708984375
51214229.3557592779 834933.3896484375
50578464.8939306960 663916.8388671875
50874965.5949414596 790910.8320312500
50827513.5513860956 784422.2739257812
50826895.9341079220 784178.9101562500
