50640829.5172539204 737260.8435058594
50745027.5269512832 775219.6943359375
51164888.8384356201 847464.3457031250
50754506.5344259962 777468.2280273438
50784100.0473323837 785863.8242187500
50731271.4249128699 772163.8850097656
50860708.2826931775 802598.1074218750
51401153.5235533193 862833.2841796875
50649365.1020214036 741735.4404296875
53357718.7869932726 935523.6523437500
51324189.8830673695 858593.3974609375
52958758.8253909126 926848.5839843750
51115428.8398790807 842034.9482421875
53012884.8054896072 929505.6367187500
50929400.2004707828 814150.7309570312
50639727.8563754857 736746.2128906250
50787462.0866695270 786880.0258789062
50689456.2375865206 755036.1166992188
51193209.0055993870 847845.2719726562
53113487.9823731929 930875.5625000000
51053364.5942855999 834093.5156250000
51418839.3757051453 862905.5180664062
51451677.2877238765 865602.3964843750
51269293.1024216786 853374.8300781250
51323073.7887451798 857580.8383789062
51399005.5359192342 862120.7773437500
51116724.7639994621 843016.1313476562
51235410.3377604187 851205.2060546875
51355616.2677580193 858850.0781250000
52704623.9589489400 921829.0917968750
53160235.0221742243 931167.9765625000
51714934.8177852631 881693.7705078125
51256893.2610279769 852552.8071289062
51276832.9226862416 857073.8227539062
50769962.9565646946 784506.9936523438
50581839.3648771197 675878.0070800781
51067149.0194506049 835941.1806640625
51135874.2861588150 846325.6972656250
53376868.3091526255 936001.7451171875
50590785.4273862615 692527.4912109375
51245266.8781588748 851832.5874023438
52516885.3610149026 918014.5004882812
55075011.3588948324 957184.7539062500
50715956.2705201656 763454.6933593750
51741620.3377751112 885371.5395507812
50669518.3529556394 750042.4929199219
50843434.8857850805 797864.9780273438
53177198.7678481266 933116.0214843750
52733516.5112617239 922473.7802734375
51710224.2176390067 879804.7788085938
52441008.7448816597 914648.6113281250
54680796.5783493891 952762.5078125000
51232194.4794196412 850656.6420898438
52574302.9512186050 919764.6435546875
51054860.4467122033 835022.2490234375
55142098.1856305450 957735.9365234375
50595442.5758673400 698705.8593750000
51213942.6750197038 850245.9067382812
50579954.7830164135 672769.7170410156
51239072.9874610752 851643.1801757812
54785425.2073814943 954700.7822265625
55764995.0046639591 963597.6289062500
51208596.8950054571 849010.0888671875
51661365.5049029887 876408.7475585938
50573487.9519355074 651811.0090332031
50594779.5719367936 697093.4233398438
50796016.3290218338 790082.3276367188
51798086.3599541262 888091.2719726562
50634362.3997986242 733130.5295410156
50794900.6142540053 788794.5297851562
51851508.9605586752 891101.8984375000
52862600.6526667997 925270.3583984375
52835826.9401701242 924890.8261718750
51126252.4496119097 843698.5483398438
51932563.1247949079 896631.8505859375
51685121.6464877501 879222.9506835938
50573019.3889649212 651238.4633789062
50576704.8813915104 661877.8710937500
50880859.2766956165 804132.9965820312
50576024.1457707509 657497.7888183594
50835277.5451313257 797484.6884765625
50844236.7959036529 798564.3701171875
50706425.8466931358 761835.4580078125
50848159.8933923990 800901.4047851562
51047878.5975385606 832452.9379882812
68502883.9390161484 977477.5263671875
51110066.0721763521 841928.0585937500
51805324.1592819393 890351.8603515625
50916370.8806100413 812698.3603515625
51121194.8566603139 843466.7768554688
51901952.8372174352 893328.1235351562
53418863.3483653888 936571.0537109375
54985624.4982175380 956950.0234375000
51130794.3013375327 844354.3129882812
51102166.1165754423 841489.9970703125
52107037.6922738850 903232.2138671875
55169817.6523359567 957865.3457031250
51135579.0741541162 844744.9946289062
51831246.1808228716 890463.7392578125
54667438.6014466286 952077.7011718750
51048937.6761152223 833482.6484375000
50721943.3633380458 766870.8879394531
54982540.6616640836 956478.4560546875
51930581.0219795257 896476.6923828125
55495536.7518963292 962549.2636718750
55050503.0508773550 957061.3378906250
50641721.0273319185 737555.5661621094
52003843.3233010620 899694.0351562500
53079746.1136552319 929640.1308593750
50720110.2290542051 765156.3134765625
66817756.0047551766 976034.5693359375
65806768.4888262898 970626.7900390625
54683125.5066299140 953683.4052734375
66191326.2406573966 975413.8847656250
52688485.8028558418 920935.6035156250
52998912.9008277878 928767.9755859375
55171120.9969105124 960062.3085937500
50799543.3846246079 790276.1088867188
51971167.1380229741 898829.7958984375
67365249.8192329556 977072.4667968750
50827533.7836690992 795523.8925781250
50857875.9155503660 801766.1152343750
51956025.2547467574 896972.4428710938
50618375.0329375863 718410.1984863281
51803319.7569534555 888525.7568359375
51022517.1881613955 827739.3984375000
52698647.2350474223 921247.1689453125
51026993.4930286780 830134.3618164062
52684619.6228964850 920392.9648437500
50677426.8142192885 751165.4604492188
50581246.5545270666 675217.6955566406
50682670.4399588332 753834.2841796875
51037416.6346814334 830959.1245117188
50685591.6959340647 754410.9873046875
50776866.1802994534 784804.5976562500
51012685.7397747189 826659.3481445312
51554942.5654392838 868614.0576171875
51500393.2457618862 866364.6586914062
50991500.3401887119 822440.5595703125
52729784.2897043526 922259.0664062500
50990897.5631671399 821903.5585937500
50598972.8443123773 702151.4238281250
50578821.8095112070 666661.3520507812
51918194.5800740421 895520.1826171875
50847912.0917305946 800797.7739257812
51630801.4862081185 876130.1889648438
50700627.8687278032 760681.5644531250
52491028.5140711740 914895.9262695312
55392855.8762996793 960482.2480468750
50591353.9171190560 694992.1567382812
52377443.3000932038 912543.7792968750
52519079.1138104945 918423.0781250000
51039929.1720367745 832155.7749023438
50660798.4096797481 744588.1806640625
53681950.6815490127 939118.0068359375
50812150.1347077042 792774.6450195312
51049167.4901319668 833593.4619140625
52384028.1723366752 913585.5058593750
50754098.7901892662 777355.4414062500
50634272.0804239661 732594.0021972656
50777709.4485620111 785653.8916015625
50800468.4727892876 791135.5380859375
50828672.6642972156 796065.2915039062
50753546.7320696414 776531.6645507812
50828785.8543478772 796717.1777343750
53656928.5684356466 936760.6933593750
52196183.5911366865 906680.0332031250
52156777.1752657890 905465.4580078125
52256840.7604035959 906938.3022460938
50598806.9193929881 701967.9382324219
50772055.9435161278 784716.4960937500
50655258.8790934831 741741.7280273438
50788864.5723561645 788475.7973632812
55934295.1605462283 965621.1562500000
52264402.2461778671 909553.9560546875
55821979.3917643204 965447.0019531250
50636906.4197651818 735322.6860351562
51571291.3252134100 872415.7324218750
55490124.4927073941 961804.7578125000
50636006.8791747391 734504.4960937500
52229310.2698688805 906925.9931640625
52423716.0525931567 913934.2089843750
51581649.8195251897 872629.2700195312
51584140.5248126909 874015.1381835938
50630376.7521544397 731285.7558593750
54194898.3330519423 939280.4804687500
50899559.9505252987 807649.4228515625
50594320.8983154818 696882.8408203125
50949880.5149701387 816079.6254882812
51673277.6414165944 876804.7304687500
50626715.6391365528 727464.5754394531
52193457.8627848402 905686.2949218750
52287660.3825270981 909714.8916015625
52085035.1101085618 902867.6113281250
50746134.2634270117 775981.1337890625
50597265.8147808164 701836.4736328125
50969035.8157808855 819350.6499023438
50632083.7816860005 732566.3386230469
50890909.7350738868 805405.3896484375
50817068.8091898188 794684.0747070312
50600491.7634383515 702231.8188476562
51025958.5309490636 827865.2988281250
55535151.4134550840 963086.4462890625
50574874.0849643871 656133.7602539062
50589990.9281028733 690580.9948730469
50593072.5424052328 696778.4731445312
52069329.9608854353 902367.4628906250
50605681.2500511482 709948.7641601562
52140002.9212818891 903709.0283203125
50763166.3482014611 780448.8398437500
50668631.6514561474 748750.6674804688
51558174.0450108349 870542.6665039062
50587160.6447434723 689934.1562500000
50976367.3515376300 820825.7587890625
50702102.1121222526 760946.6784667969
51788105.1983075365 885857.6406250000
50674285.1565020233 750140.5087890625
50614707.3390752599 717752.9792480469
51724656.7148482352 883010.3242187500
55921401.8386131302 965573.4013671875
50763175.1237850487 781736.9960937500
50744567.3616016880 773432.3735351562
50892090.2899661884 806537.5737304688
55659427.9553942382 963111.8164062500
50741908.5337700844 772882.6806640625
50751526.3435078040 776108.8300781250
50977548.3761959150 821507.3359375000
50702132.8018834442 761772.0419921875
50756471.2065065876 779481.3173828125
50907249.9316085726 808527.8706054688
50973887.2631780356 819975.9536132812
50680188.5572574362 753100.0205078125
51708995.4167218506 879562.9477539062
50700601.8187956885 759875.1428222656
50960835.7978264689 819030.3657226562
50571958.7897538692 645202.8037109375
50696539.2099795118 757836.9472656250
50721702.4002622217 766178.0583496094
50708598.2065025344 763253.2036132812
56286968.8667428419 965876.0996093750
50623773.7672853470 725721.5812988281
50663216.3197520971 747415.2421875000
50661710.5089758188 744608.8500976562
50616895.6378132254 717780.6428222656
50635751.4755483270 733223.5578613281
50948500.2487035096 815979.5888671875
50572931.4909436330 649066.4958496094
55456592.3408922106 961190.8164062500
50586011.3734015375 686053.6667480469
50586929.4693266004 686096.3474121094
50614150.8780833781 715827.7463378906
50662836.7192269191 746888.7294921875
50609237.6568925157 712205.4826660156
50694624.3905752823 756860.0109863281
50646295.6132775396 739527.6748046875
50571870.8917325735 643030.8361816406
50628141.0452613533 729623.4382324219
50575342.6479349732 656773.9826660156
50583026.3215569109 677631.4614257812
50625561.7823188454 725849.5556640625
55715591.6549656913 963123.3740234375
55396929.1234181151 960762.8183593750
50573822.4406853318 651922.8930664062
50572427.3527244553 646207.1474609375
50622334.7493527606 724717.9494628906
50576611.6820058599 658724.6093750000
50574200.8921984136 654483.0212402344
50590344.8238003179 691542.5729980469
50622166.8883813396 721780.6550292969
50588839.8906446844 690207.6755371094
50661898.2694644481 745665.2561035156
50658702.7497786805 744401.9777832031
50941471.2533886358 814503.8310546875
50577903.7135861441 666581.6386718750
50577545.1100997031 664346.5705566406
50577614.1950852200 665258.4479980469
50580868.1030139849 673172.9086914062
50624654.4039076045 725817.0898437500
50618848.1079990119 721657.0644531250
50603735.7133095637 707463.9812011719
50582108.2256318480 677588.7807617188
50610179.2206873894 714171.7128906250
50588701.7493556440 690065.6208496094
50577063.6022060215 663909.6264648438
50583313.9217940643 678732.8776855469
54451472.4495473579 940943.6259765625
50576918.4472315684 662946.2312011719
50609769.9087994322 712865.5749511719
50578837.1416799873 672185.5002441406
50611951.4220652357 715229.1572265625
50610164.9599890411 713092.6848144531
50575985.0191377327 657342.3696289062
50606145.1261566430 711069.1318359375
50601951.8537810594 706011.1313476562
50583206.9093648493 677938.5700683594
50600660.0822704062 703156.5959472656
50583601.9605544582 683021.4714355469
50584719.6018908843 683605.6882324219
