50655477.0821070820 743799.8034667969
52827872.1286206990 926061.7861328125
50760325.3668369576 780269.0830078125
52016826.2113461941 900705.5761718750
51173099.2628641501 848066.8750000000
51912164.4225933254 895839.3632812500
51937272.1914750040 899121.9169921875
52777474.9019456878 925270.3583984375
52945234.3242992088 928785.5947265625
55108450.3712723628 959393.7226562500
53565010.4544815198 939991.5341796875
51577487.3324395791 873292.1191406250
51539584.8796680644 872248.8969726562
51502261.2984894067 867411.5004882812
53482827.7564142793 937830.2402343750
54005288.7389680073 941988.4638671875
53214126.1733262241 934865.3515625000
50982499.1567742154 821732.7055664062
54474390.5233641043 951193.3154296875
50852723.5087310672 802607.8110351562
52664940.6894747242 922396.0976562500
50869691.0917882398 804441.2534179688
52845406.3899898082 926226.1562500000
52186758.8522220999 905677.0761718750
52405649.7959221005 914264.6308593750
55055506.1170690283 959351.9355468750
52372224.8218645900 913899.4257812500
50830724.5194857121 796850.9101562500
52668274.2800183222 922859.6650390625
53039187.1564381346 929812.4511718750
51377171.0086257756 864763.5454101562
50839979.2162707821 800427.8378906250
50691651.7753094882 757408.0493164062
50822592.9192323163 796427.8979492188
50850540.8813998848 801377.4301757812
50588839.8906446770 690207.6755371094
53099043.1452267617 930527.2822265625
50699854.5476969853 760780.5366210938
50946618.2336678579 815429.8666992188
53545943.5871583149 938366.5634765625
53290497.0054749027 936391.3701171875
54810853.9248437285 956231.7949218750
54591095.5175979659 952621.5400390625
51097097.0087699890 838907.8647460938
50743951.9160049632 775219.6943359375
53385240.9601161405 937151.5761718750
50596198.5621359348 699332.7983398438
50644033.2898470536 737989.5786132812
53214268.5792356133 935083.0205078125
50574792.9284388870 659514.3371582031
50687243.5463682786 755483.3947753906
50842552.8829914108 801185.3828125000
53638186.0598357320 941805.1552734375
50591070.6784174591 692548.6340332031
51066899.5676090196 837651.1347656250
53102890.9779449627 934089.8417968750
50684977.5960080326 755301.3405761719
51036295.7024557963 832372.4233398438
52049207.1886628568 902813.3427734375
50576542.3606937677 661805.2985839844
50699201.2911601588 760142.4653320312
51263613.5108381882 856883.7011718750
52983818.6705135703 929682.5781250000
51113224.2118214220 842809.7602539062
51227262.1690519825 851124.7563476562
55354870.4486219957 962405.8496093750
50661703.0730305910 747000.4399414062
50890341.7572746128 807134.7602539062
54442233.4704346731 951028.7001953125
54440745.5784039721 950836.0820312500
52724024.5067677349 923139.8964843750
51112177.8577746078 842752.6596679688
50833772.4403209537 798042.9995117188
52504803.9915279001 918030.6025390625
50826657.5960922465 796773.8764648438
50597152.1279236600 700055.6811523438
54707302.8170241863 954383.8046875000
54642253.2259474620 954128.0146484375
50767894.2550131828 782932.4653320312
51357707.9328313172 862131.5756835938
51262941.5227346346 855922.3666992188
50754187.8262381256 777659.7133789062
51234309.1521671042 853301.9194335938
52370863.1676843017 911515.8261718750
51263174.9353906438 856369.9267578125
52111684.0969984829 903849.2880859375
51234474.4238418937 855284.2954101562
50590147.6426133290 691875.0104980469
52195290.3894920647 905823.0488281250
50913723.4058111981 810665.3867187500
51461974.7568198293 866553.0727539062
54771465.0269563422 955085.7119140625
54601002.5361722559 952968.8369140625
54546732.5481527299 952205.1914062500
52508714.0252018869 918423.0781250000
50685374.8471374735 755424.4465332031
50699042.7144558504 759022.7465820312
50755859.4809587598 779482.2568359375
50684280.2208778039 754680.2270507812
54713533.8806533664 954763.3369140625
52360591.9713712558 910174.5566406250
50938625.4866323620 814672.9995117188
50600731.9914069772 704263.8247070312
50782488.7765656039 786964.4931640625
51116097.8557714373 842826.1323242188
51437802.9369648099 865520.5087890625
50678244.1789799705 754361.4946289062
50594223.5798634291 697316.7597656250
55268148.3283376694 961088.8671875000
50957644.5490782037 820496.9047851562
51713039.0297281370 880607.7509765625
51476451.9377424866 866620.0000000000
51327914.7539385930 858902.3872070312
54743389.9831640348 954842.5224609375
50739708.1256786063 773293.4174804688
54516789.0903007388 952010.0039062500
52096118.0975242332 903298.9765625000
50673942.3585866913 752533.7263183594
54932549.3920894563 958870.5292968750
51199025.1453987956 848765.7163085938
52501286.7297813818 917660.8730468750
55116193.3343880177 960633.6240234375
50904749.4770959690 809015.0263671875
50720558.5683206320 767174.6574707031
51699868.5374655053 880203.0458984375
50598770.7479364574 702781.6088867188
51050980.8277195916 835103.8935546875
50718736.0522630215 766292.5334472656
50975420.4870876893 820551.1298828125
51008827.5769079477 823688.6865234375
50768887.3456183746 784506.9936523438
50748794.5720558017 776585.0156250000
51059216.8709187657 835660.4838867188
50573732.3292278275 653478.6774902344
50955681.0956119448 817282.4736328125
50811633.3673915118 792958.0036621094
51116830.2968654856 844498.4150390625
52481558.9282628372 915807.4243164062
50754542.9775040969 778492.1166992188
50618093.6145080253 718510.9152832031
51871987.7666499615 891763.9775390625
51021604.4780558869 830208.5009765625
50883597.0990095511 805205.7001953125
51104206.3772443235 842507.7641601562
50640829.5172539204 737260.8435058594
51164888.8384356201 847464.3457031250
50731271.4249128699 772163.8850097656
50649365.1020214036 741735.4404296875
51324189.8830673695 858593.3974609375
50929400.2004707828 814150.7309570312
50639727.8563754857 736746.2128906250
51451677.2877238765 865602.3964843750
51116724.7639994621 843016.1313476562
51714934.8177852631 881693.7705078125
51276832.9226862416 857073.8227539062
50581839.3648771197 675878.0070800781
51135874.2861588150 846325.6972656250
50590785.4273862615 692527.4912109375
50715956.2705201656 763454.6933593750
51741620.3377751112 885371.5395507812
50669518.3529556394 750042.4929199219
52441008.7448816597 914648.6113281250
52574302.9512186050 919764.6435546875
50595442.5758673400 698705.8593750000
51213942.6750197038 850245.9067382812
50579954.7830164135 672769.7170410156
55764995.0046639591 963597.6289062500
51208596.8950054571 849010.0888671875
51661365.5049029887 876408.7475585938
50573487.9519355074 651811.0090332031
50796016.3290218338 790082.3276367188
51798086.3599541262 888091.2719726562
50634362.3997986242 733130.5295410156
50794900.6142540053 788794.5297851562
51851508.9605586752 891101.8984375000
51932563.1247949079 896631.8505859375
51685121.6464877501 879222.9506835938
50573019.3889649212 651238.4633789062
50576704.8813915104 661877.8710937500
50706425.8466931358 761835.4580078125
51047878.5975385606 832452.9379882812
68502883.9390161484 977477.5263671875
51805324.1592819393 890351.8603515625
50916370.8806100413 812698.3603515625
51901952.8372174352 893328.1235351562
51102166.1165754423 841489.9970703125
51135579.0741541162 844744.9946289062
51831246.1808228716 890463.7392578125
51048937.6761152223 833482.6484375000
51930581.0219795257 896476.6923828125
55495536.7518963292 962549.2636718750
50641721.0273319185 737555.5661621094
52003843.3233010620 899694.0351562500
66817756.0047551766 976034.5693359375
65806768.4888262898 970626.7900390625
66191326.2406573966 975413.8847656250
50799543.3846246079 790276.1088867188
67365249.8192329556 977072.4667968750
51803319.7569534555 888525.7568359375
50581246.5545270666 675217.6955566406
50776866.1802994534 784804.5976562500
51012685.7397747189 826659.3481445312
50991500.3401887119 822440.5595703125
50990897.5631671399 821903.5585937500
50578821.8095112070 666661.3520507812
51630801.4862081185 876130.1889648438
50591353.9171190560 694992.1567382812
50660798.4096797481 744588.1806640625
51049167.4901319668 833593.4619140625
50754098.7901892662 777355.4414062500
50777709.4485620111 785653.8916015625
50800468.4727892876 791135.5380859375
52196183.5911366865 906680.0332031250
52156777.1752657890 905465.4580078125
52256840.7604035959 906938.3022460938
50772055.9435161278 784716.4960937500
50788864.5723561645 788475.7973632812
55934295.1605462283 965621.1562500000
52264402.2461778671 909553.9560546875
55821979.3917643204 965447.0019531250
50636906.4197651818 735322.6860351562
51571291.3252134100 872415.7324218750
50636006.8791747391 734504.4960937500
52229310.2698688805 906925.9931640625
51584140.5248126909 874015.1381835938
50630376.7521544397 731285.7558593750
50899559.9505252987 807649.4228515625
50949880.5149701387 816079.6254882812
51673277.6414165944 876804.7304687500
50626715.6391365528 727464.5754394531
52193457.8627848402 905686.2949218750
52287660.3825270981 909714.8916015625
52085035.1101085618 902867.6113281250
50746134.2634270117 775981.1337890625
50597265.8147808164 701836.4736328125
50632083.7816860005 732566.3386230469
50817068.8091898188 794684.0747070312
55535151.4134550840 963086.4462890625
50589990.9281028733 690580.9948730469
50593072.5424052328 696778.4731445312
50605681.2500511482 709948.7641601562
50668631.6514561474 748750.6674804688
50587160.6447434723 689934.1562500000
50976367.3515376300 820825.7587890625
50702102.1121222526 760946.6784667969
51788105.1983075365 885857.6406250000
50614707.3390752599 717752.9792480469
51724656.7148482352 883010.3242187500
55921401.8386131302 965573.4013671875
50763175.1237850487 781736.9960937500
55659427.9553942382 963111.8164062500
50977548.3761959150 821507.3359375000
50702132.8018834442 761772.0419921875
50571958.7897538692 645202.8037109375
50708598.2065025344 763253.2036132812
56286968.8667428419 965876.0996093750
50623773.7672853470 725721.5812988281
50663216.3197520971 747415.2421875000
50616895.6378132254 717780.6428222656
50635751.4755483270 733223.5578613281
50948500.2487035096 815979.5888671875
50572931.4909436330 649066.4958496094
50586011.3734015375 686053.6667480469
50586929.4693266004 686096.3474121094
50614150.8780833781 715827.7463378906
50609237.6568925157 712205.4826660156
50646295.6132775396 739527.6748046875
50571870.8917325735 643030.8361816406
50628141.0452613533 729623.4382324219
50583026.3215569109 677631.4614257812
50625561.7823188454 725849.5556640625
55715591.6549656913 963123.3740234375
50572427.3527244553 646207.1474609375
50622334.7493527606 724717.9494628906
50574200.8921984136 654483.0212402344
50622166.8883813396 721780.6550292969
50658702.7497786805 744401.9777832031
50577903.7135861441 666581.6386718750
50577545.1100997031 664346.5705566406
50577614.1950852200 665258.4479980469
50580868.1030139849 673172.9086914062
50624654.4039076045 725817.0898437500
50618848.1079990119 721657.0644531250
50603735.7133095637 707463.9812011719
50582108.2256318480 677588.7807617188
50610179.2206873894 714171.7128906250
50588701.7493556440 690065.6208496094
50577063.6022060215 663909.6264648438
50583313.9217940643 678732.8776855469
50576918.4472315684 662946.2312011719
50609769.9087994322 712865.5749511719
50578837.1416799873 672185.5002441406
50611951.4220652357 715229.1572265625
50610164.9599890411 713092.6848144531
50606145.1261566430 711069.1318359375
50601951.8537810594 706011.1313476562
50583206.9093648493 677938.5700683594
50600660.0822704062 703156.5959472656
50583601.9605544582 683021.4714355469
50584719.6018908843 683605.6882324219
