199159003.6342021227 39720.6522369385
193481738.2507593334 34929.1420310661
185525643.2696692646 21009.3375770147
188036759.3913871050 28109.3480062265
202660013.2207170427 39937.6421661377
194120276.7938600481 35750.5074777184
194106197.0210345387 35601.4130653068
204230870.1719269156 40009.2017669678
193608270.6655282676 35098.2383502647
188029165.0672188401 27841.6110989921
187725413.9815353155 27483.3590403639
198964067.2180626988 39714.0623016357
184598047.6135069430 14353.0855254236
185405384.8696321547 20891.4222721751
187598898.8468506336 27128.2432232121
198073616.0894740224 39345.0908660889
206221365.1723809540 40064.9837799072
184657387.4750000238 15441.8417026185
184862668.7057334781 17617.8723220226
187838362.1135864258 27763.5729781301
198165203.5890912414 39391.7238922119
199300710.8442421854 39740.5580596924
187849235.1702293456 27770.3387484424
197462523.8770596087 38892.1528625488
198841561.2233952284 39672.1843109131
184551453.6176909804 14286.4740463200
188055970.7054509521 28109.8019802145
206169774.6853405535 40062.7216339111
205825773.6232301295 40057.9483489990
184999115.5641298890 18617.5782879875
187775274.4902037382 27737.9252047412
187506047.1418424845 27088.6295719364
185189044.7978588939 19707.2312444659
187611806.6088695526 27407.5635814884
198775261.3360684514 39654.0529327393
187402137.8191157579 26749.0249200085
187482755.0037819147 27069.1058068493
197506088.4955455661 38981.2764587402
198618719.8140083551 39511.3863830566
187899361.4592840970 27819.0580706814
187560937.4797369242 27121.7689767102
188987269.6548892856 29494.6285461521
196919882.3876105547 38350.8343200684
197598486.4397083819 38994.5330276489
187721003.5407807231 27448.5542626599
187623575.7239136696 27409.4430871228
197907664.5178805888 39233.8645477295
200134321.4962949455 39803.1795196533
206261588.9998531640 40070.2196807861
190942705.8493421376 31793.7915781029
199226197.3417927921 39740.0928192139
185284030.1550225616 20067.8766305097
185306983.1855186820 20448.2569805677
190801941.7542383969 31771.3080421354
198105069.8315660655 39391.1038970947
185378764.6120250225 20890.8509666021
186094077.5331481695 22837.7178870365
194986623.7863510549 36328.3526892662
203818491.7633313835 40004.6505889893
188496168.6757238507 28615.9600221253
199778526.2212343812 39784.5342864990
185433875.9560227394 20924.5755214295
184585672.8685345650 14287.6019937226
185248583.2363750339 20050.5880953284
184694142.2256138623 15773.8479059544
194158355.4374370277 35750.8377708122
199790166.9159001708 39787.7760772705
197148798.5148088336 38586.3436050415
197918609.8717430532 39241.7250213623
203344028.1596682966 39979.2578277588
203106351.0347826183 39967.0997161865
205926657.5839107931 40058.2311859131
194370267.5450859368 35899.0709280968
184495874.3633503616 12998.2152365557
197634536.8383233845 39014.5303573608
198391860.5736652017 39457.3850555420
184518211.2221398354 13001.9470497097
198191855.1171701550 39412.3756561279
185336748.5902808011 20544.8431725795
197748861.9111924767 39107.7944030762
193490874.2165217996 35013.3556731865
193882872.0498037636 35424.3841740713
184817705.6641486883 17196.7985659601
190788989.2895549238 31574.4755531218
196811064.5066757202 38295.2845172882
196838049.8038389087 38311.2579669952
197959897.1453418136 39312.7550201416
196772019.6696170866 38265.6431703568
200069494.0268014669 39801.7281341553
205102057.5288687050 40028.3319549561
197144727.5826670229 38564.2748184204
184936529.9033676684 18225.0034699724
185249837.5678660274 20059.1816765280
196879405.4514555931 38326.0719757080
197139504.0630162060 38558.6546096802
205354942.2482084036 40040.8724517822
205486049.5285951495 40049.2558746338
203744706.0511540771 39997.1589813232
185212683.6807553470 20006.9133973332
190825389.3813964427 31793.5202308561
197914525.7780008018 39236.1376800537
185248515.0284357965 20014.3350336372
203601945.3512822986 39995.1735382080
195121726.0684404075 36591.7217007279
184524941.0330289900 13643.2946929492
184541133.3497577906 13948.1477813281
184994825.0758169591 18575.9001649920
197865204.5609205365 39148.3980102539
187378632.1758565307 26414.7411334146
184699320.2401942313 15780.8581652698
202470407.1024083793 39921.1098785400
184937679.7316792905 18280.3007079945
198012354.1574780047 39341.1173553467
185203431.1826640069 19717.6259588730
205068191.4583579898 40020.1369171143
196796421.0184958279 38265.7002363205
184540705.8310694396 13930.4816398181
199505761.5370115638 39770.4767608643
202870042.8643609285 39963.9319305420
184667919.5267712772 15479.3793307923
197209751.1822043359 38644.7698745728
198339926.3044209182 39419.4662322998
191004252.0912334919 31794.4282447062
194644096.5219477713 36185.6032063020
203117878.8197012842 39968.5834197998
185289880.5386044681 20086.6666994859
197777706.5110844672 39144.4269714355
190999371.5265257359 31794.2548803128
205147452.5177922845 40029.6394195557
197340884.9044980109 38716.2884330750
199143115.4758234918 39720.5525360107
190255967.9742605686 31067.4237647917
197260434.5480481982 38666.9250144958
194527286.8104774058 36133.7380508184
187238421.8349342644 26011.5072920056
184837251.6223218739 17264.2233132377
189265070.9935305417 29896.7904039955
205217043.9206086099 40039.7036895752
188515260.8840246201 28625.2164765931
194195638.4776112437 35779.7068589142
193573104.8357335627 35053.1455821505
188631918.6718645692 28922.7718354798
185163588.5078406334 19645.1478541381
188305523.3863602281 28161.1137873245
188192368.3291085958 28112.6924345916
188849603.4355989695 29224.7859484291
188139024.2534116507 28112.5969353890
193938317.4913894534 35439.6559793055
194213669.5330944359 35791.6631560326
184616059.4556771517 14983.6499419610
193684018.0802967250 35119.3603402674
188434121.3493038416 28550.6587383527
186338540.7890945077 23443.6375876591
187254313.3848100007 26293.3915083142
193825195.8851388693 35407.0822602808
194137518.1274852455 35750.7411576807
199062601.3357847631 39714.1280670166
190088799.5981408060 30953.0539832975
199313653.5776339471 39755.4770355225
186135919.0775713921 23072.1845847294
187134041.3026992977 25956.5722854425
187285316.8865207732 26328.4744245739
186001823.0354376137 22424.0535465106
187212587.3855623007 25968.6010648938
188596592.4285314083 28922.1072846985
186048490.7497579455 22732.3440986653
194575635.8155730367 36135.9223120762
190179566.5129308105 31055.8047910597
187333393.5231361687 26376.8254315587
184600706.2545379400 14653.4320164036
194274388.2637497485 35858.8928961754
203382431.0465304852 39981.1757659912
184684960.9105293751 15765.2448492107
194466210.7451037169 36092.7895026207
200975404.4512877166 39840.4821319580
186091699.5709562898 22743.3902732059
194489866.5067560971 36121.8453803062
189010843.9437820613 29555.7267304993
195443642.3070399463 36808.9655138254
195077708.1834127605 36538.4658571482
201212798.1760403514 39844.4777374268
196763103.7309033573 38184.0660247803
196135124.7767643631 37414.2157396674
190073559.7475765944 30776.7966943647
190390377.9141960442 31184.3924537565
195292456.4803050160 36679.1595613016
187177796.2463649213 25961.4681583470
195904908.6622309685 37370.8440880179
203518364.4273341596 39990.3852996826
203274478.4814137816 39975.1649932861
184675716.6811227500 15718.7275576162
197051511.8475907743 38494.0120964050
200697261.5524761975 39830.5031280518
203563177.5467430651 39990.3897552490
189973971.9284368753 30768.8161292936
200245116.6252776980 39811.6268768311
186042123.9127255082 22725.9718161747
204942186.9660300612 40013.9042816162
196259114.3543704450 37752.2905697227
199968554.2692683637 39798.8367462158
200939538.9089054763 39837.3739776611
184704921.7551358342 15795.5900825610
190266097.3091731071 31088.1518531706
190160269.4372428060 31050.6142249968
189872613.6476544142 30681.0244458582
184608700.4205391109 14760.2532381181
189321834.4995634258 29959.3670068759
200879204.9686739445 39835.8435211182
194800294.6622824669 36308.0368514657
189236563.1366853416 29888.7946517988
200748871.4759363532 39831.2673187256
195357511.9795880616 36767.1541656852
189704117.4097852409 30399.2263501551
186378045.1415625215 23454.4552620267
195443439.1932538450 36782.7677441239
200451895.5312932432 39826.8699188232
196645208.2709869742 38102.9023623466
189958797.5660386980 30711.7963037197
184627797.0430001616 15102.1067804478
200684458.8408800662 39829.3540802002
200378363.7295340002 39820.7433624268
184705478.5943436027 15796.0249392216
185141673.9036585391 19350.8156851289
186260734.2974040508 23222.8528280472
189695063.0539954007 30330.8789751078
189410528.9102923572 30004.4840999502
189588558.4428289235 30309.5714429285
184759050.8431508541 16515.9501255216
189237132.1255590916 29889.7024828530
189276649.5210359097 29939.7353540439
184722074.6707190871 16116.4150803747
199933129.9812825918 39794.2787017822
184779369.3037439287 16694.8404210272
184888130.7782382667 17656.5377351703
199953499.7162201107 39796.4356842041
185060160.9920637608 18999.4453643743
189032975.0839099586 29587.9140039462
185111251.3032651246 19280.8376574452
185056433.0125517249 18986.0152166506
185093553.9128143191 19020.9544235615
185998026.6575165987 22423.8568165050
188833120.0489851832 29216.4610010165
184850973.5619946718 17568.2515688898
185000111.2608631253 18624.9845132848
184962809.9998146296 18319.0020067157
186014785.5087578297 22470.9181711897
184887142.5277405381 17624.7040500703
184918144.7356701195 18001.3752904000
185982568.6157499850 22145.2113003520
195195011.4769801795 36639.5024465919
202569474.2197789848 39922.5158538818
185032410.4894738495 18700.2192871256
201340017.4233700931 39845.7849884033
188558240.2496305406 28644.5515456981
185931945.1400777400 22093.6256923213
185868064.3053058684 21700.7905692765
185833163.2923567891 21341.5633907914
188395457.8973202705 28353.9605444897
185869512.8483842313 21703.4757380197
195579007.4737671018 36927.1060161591
202432002.4160253108 39911.4265289307
202259366.8134491444 39899.3408050537
202167801.3520277739 39878.7630157471
201580246.7762484550 39856.8693084717
201880023.1288098395 39869.7961883545
201777014.5457306504 39860.5386199951
195229556.4020457268 36640.2491551638
195592615.6921187341 37010.6116924286
201520275.9650808573 39853.6264801025
201568866.7863413393 39855.1244354248
195848913.8746502101 37143.4622678757
196154934.3243690431 37463.7628248930
196083334.3833336532 37406.9256467819
196254663.1207912564 37554.7526561022
195875006.5207418799 37169.2775017023
196159464.3466319740 37534.2304698229
196576041.1163977087 37863.2083263397
196596111.5021888316 37905.3468456268
185918956.2686330974 21704.6868953401
185833892.7613455057 21344.3234009454
185844599.3357844651 21421.7985987375
192307846.1077953279 32699.1150144821
192299028.1528604031 32698.1495758384
192666590.6023600399 33079.8666979610
192679789.1369508505 33111.4067373066
192568975.2948772907 32994.4858764946
192438073.4905039072 32785.1000152915
193023907.7750443518 33441.0555816977
192545906.6869430244 32834.2688766806
193057251.0977225900 33444.5692954375
193152922.0581068099 33486.8298711493
187005782.6971904337 23715.7602018797
186952451.5732155442 23683.6388889860
187025555.9388588667 23761.8383976530
187019074.5705906451 23721.4385724132
187021996.6917640865 23748.4771839689
186944719.8152671456 23670.1149021696
192914686.1027164757 33191.9222567528
193336477.6567687094 33692.4911597385
193380074.3867162764 33715.0117285862
