187886943.0955545604 27484.4883365066
184587799.0766926408 14082.6613655182
185051480.8742038608 18943.5266731438
185518167.0356705189 20378.3369580058
187988756.4888800085 27741.1775500852
187697626.5962904990 27369.7245471556
194450294.4525426328 35766.7692373097
199295775.0995535851 39698.8299713135
186148449.6224648952 22818.0923108375
189166456.7659078538 29696.3592516518
194640847.3168307841 36134.4788301587
194254844.0184792578 35763.2623314857
194960701.3886174560 36468.4903317094
194489866.5067560971 36121.8453803062
197095468.6078343391 38496.4485893250
196964061.2982698679 38279.9228248596
203697700.1908610463 39992.5063018799
189010843.9437820613 29555.7267304993
190509683.7128482163 31324.2163978483
195443642.3070399463 36808.9655138254
198168252.1400576532 39240.1447601318
203080904.4520685971 39941.8559722900
184671280.3171019554 15439.0046229401
184827534.3043511212 17186.8409626124
185269800.3102348745 20031.4870675595
197150115.3554208279 38562.6991424561
200434186.8041427433 39822.9932708740
187806555.8109078109 27371.3184265746
195077708.1834127605 36538.4658571482
205105171.5197588205 40016.4500274658
190234775.0165779889 31054.0195442106
198410876.4257669449 39369.4880218506
204023154.9659152329 40001.7997283936
194939471.0680896640 36466.0454854965
196708422.2635186613 38131.8643360138
199209691.9665667117 39684.8215179443
201212798.1760403514 39844.4777374268
184915256.8316111863 17671.8149717732
190336400.2043441534 31095.0777717497
194892021.2523954213 36464.5457516313
196763103.7309033573 38184.0660247803
198145203.7108396590 39192.8692321777
194878227.1063514352 36312.9247922301
196135124.7767643631 37414.2157396674
196882110.7195468843 38190.8738784790
184870363.7050569952 17607.0638560146
190133053.2562251985 30823.9145713713
190073559.7475765944 30776.7966943647
190390377.9141960442 31184.3924537565
195292456.4803050160 36679.1595613016
187177796.2463649213 25961.4681583470
203237822.4873279929 39942.2414093018
195904908.6622309685 37370.8440880179
203518364.4273341596 39990.3852996826
203274478.4814137816 39975.1649932861
203504683.7147405148 39977.9584808350
199055501.0023094416 39650.2529754639
184581638.8687616885 14033.3585812215
187817087.6881649792 27400.0917106522
186093425.4263977110 22748.3460227177
184675716.6811227500 15718.7275576162
190135591.2985036671 30852.0303626921
197051511.8475907743 38494.0120964050
190561167.6398557723 31422.9538800307
200697261.5524761975 39830.5031280518
203738170.6935315728 39993.1717681885
203563177.5467430651 39990.3897552490
198014421.7649874389 39153.8076782227
184824879.7260868847 17076.1684623720
189973971.9284368753 30768.8161292936
198158197.4646529853 39201.6613922119
198170345.9001585841 39241.2844696045
200245116.6252776980 39811.6268768311
186091738.2179254591 22736.0503225541
186042123.9127255082 22725.9718161747
186329054.2386283875 23408.3251792118
204942186.9660300612 40013.9042816162
184589165.0163356960 14103.6280752782
198330709.8186206222 39346.9881744385
198276774.7756349444 39324.8613128662
187255948.7385096252 26293.2397819584
198311295.8458881080 39343.9738006592
187414916.6632311642 26618.5890271397
190371130.6848059893 31101.9863410856
196259114.3543704450 37752.2905697227
199968554.2692683637 39798.8367462158
198180228.7714044154 39315.7111663818
199147151.3851866126 39683.2847747803
187556466.8706096709 26998.2715442259
184603605.1413114369 14476.6829256181
190551335.7681590915 31422.0672279265
197800947.7573259175 39008.5591506958
200939538.9089054763 39837.3739776611
189141996.8847978711 29609.1891771889
189530273.2754723430 30044.2543474770
190520707.9823139608 31415.7096796114
199411634.3786248267 39745.8976593018
184691758.2157010138 15741.1929463455
184704921.7551358342 15795.5900825610
187856469.4216234982 27407.7159420131
194752688.0556588471 36222.3494125009
187343591.6768177450 26360.1506497593
190266097.3091731071 31088.1518531706
190789670.2274371088 31423.4809645005
190160269.4372428060 31050.6142249968
189872613.6476544142 30681.0244458582
187303353.4628692567 26325.2505683632
187336683.2319677174 26328.5571257801
187977904.8162590563 27718.5246940507
184608700.4205391109 14760.2532381181
184660371.8533281982 15412.3062853870
204440767.1461103261 40004.5411834717
185248980.2735612690 20006.9268408602
197868063.2622147501 39119.0207824707
185030896.5222359896 18690.0219265876
189321834.4995634258 29959.3670068759
200879204.9686739445 39835.8435211182
184647984.7380976081 15409.4051623401
194800294.6622824669 36308.0368514657
189236563.1366853416 29888.7946517988
200748871.4759363532 39831.2673187256
195357511.9795880616 36767.1541656852
199600776.9469246566 39753.2361907959
189704117.4097852409 30399.2263501551
186378045.1415625215 23454.4552620267
195443439.1932538450 36782.7677441239
197426769.8343893886 38749.3182792664
187602870.9622818530 27063.2898179296
187525118.5695413053 26722.2880230764
199378411.5423532426 39719.1561737061
200451895.5312932432 39826.8699188232
196645208.2709869742 38102.9023623466
197969837.6775276959 39131.5293884277
199344006.2705514133 39716.3896331787
187503651.5989754796 26698.3358952733
189958797.5660386980 30711.7963037197
199632948.1859437823 39753.5325775146
197300973.9940433204 38571.4109802246
184627797.0430001616 15102.1067804478
185018514.9259964228 18681.4480483589
185195887.3453218341 19647.0286560116
185229420.0940161347 19697.6447258053
200684458.8408800662 39829.3540802002
186169422.3330258131 23070.1190940067
189517929.8997107744 30005.0045326650
200378363.7295340002 39820.7433624268
186247673.6476471722 23162.9490765845
184705478.5943436027 15796.0249392216
185141673.9036585391 19350.8156851289
186374207.1749600768 23441.5720969364
184903000.0567135811 17667.3970376911
204514736.0095283091 40007.0422821045
204404795.0490497351 40002.3099822998
187642473.0679422319 27074.1404797764
187555785.5022551119 26996.4995496006
186260734.2974040508 23222.8528280472
189695063.0539954007 30330.8789751078
198717119.8047386110 39497.1573028564
189410528.9102923572 30004.4840999502
189588558.4428289235 30309.5714429285
189585784.6585821807 30261.7684249007
196902861.2965277135 38245.2588920593
184759050.8431508541 16515.9501255216
189237132.1255590916 29889.7024828530
189276649.5210359097 29939.7353540439
197398178.1536186635 38651.8637771606
184722074.6707190871 16116.4150803747
199933129.9812825918 39794.2787017822
184779369.3037439287 16694.8404210272
184888130.7782382667 17656.5377351703
200181486.8515281379 39805.0871124268
199953499.7162201107 39796.4356842041
185196380.8393554091 19649.3688050566
185060160.9920637608 18999.4453643743
189032975.0839099586 29587.9140039462
185111251.3032651246 19280.8376574452
196982733.7811262310 38385.1857414246
185056433.0125517249 18986.0152166506
188940977.8878068626 29312.2234216708
194052629.8314117491 35299.7355754972
196907076.7717017233 38254.1253242493
186157070.8260198534 22849.1674796268
195122351.4564674199 36563.3924865127
185093553.9128143191 19020.9544235615
193929272.0952521861 35243.1956833005
184863613.6163623929 17575.0954828827
185998026.6575165987 22423.8568165050
188809921.1719836593 28981.8965631503
188833120.0489851832 29216.4610010165
184850973.5619946718 17568.2515688898
185000111.2608631253 18624.9845132848
197648937.9491777122 38870.7378120422
184949795.4654917121 18009.9358067574
199713314.1560417116 39774.4730987549
184962809.9998146296 18319.0020067157
186014785.5087578297 22470.9181711897
188723190.1081341207 28935.7012316323
198926415.5575587153 39580.6387176514
188234607.1363249421 28089.0079356510
188612209.8605100513 28830.1593467927
194153833.0851451159 35363.5791042447
194185790.2042362094 35500.8506878018
197717951.5734734535 38914.2998847961
184887142.5277405381 17624.7040500703
194202432.7714278996 35582.0505474210
186106468.7721661627 22801.7841330692
193854830.3021295965 34686.1428772360
184918144.7356701195 18001.3752904000
197349193.2533915341 38645.4523849487
185982568.6157499850 22145.2113003520
188538639.2420664728 28582.6758257485
188601631.1827815175 28829.7895800209
195195011.4769801795 36639.5024465919
202569474.2197789848 39922.5158538818
193906444.3575721383 35211.3604428321
188201987.8717014492 28007.7448130924
188213288.9550190270 28062.5797151405
188823539.4822621047 29169.0449742413
185032410.4894738495 18700.2192871256
188179427.4986967742 27838.3194362003
194221874.1764454246 35582.4525043517
201340017.4233700931 39845.7849884033
198027600.0648966134 39156.5491943359
188473484.8478000462 28398.4661876041
188558240.2496305406 28644.5515456981
185931945.1400777400 22093.6256923213
188771637.4334523082 28955.4115615672
185997363.7117156386 22385.0693663075
197543044.0421805084 38810.9312019348
185868064.3053058684 21700.7905692765
203011679.9926116467 39932.4963226318
202753884.0925969481 39925.1505889893
185833163.2923567891 21341.5633907914
188395457.8973202705 28353.9605444897
185869512.8483842313 21703.4757380197
203059728.3986459672 39941.7430572510
195579007.4737671018 36927.1060161591
202432002.4160253108 39911.4265289307
202259366.8134491444 39899.3408050537
198624564.2532488108 39415.4649810791
198688112.2975865006 39466.2943572998
202167801.3520277739 39878.7630157471
201580246.7762484550 39856.8693084717
201880023.1288098395 39869.7961883545
201777014.5457306504 39860.5386199951
198713152.3559461534 39467.3627471924
195229556.4020457268 36640.2491551638
195592615.6921187341 37010.6116924286
201520275.9650808573 39853.6264801025
188592067.4035757184 28682.4615248669
201568866.7863413393 39855.1244354248
195848913.8746502101 37143.4622678757
196154934.3243690431 37463.7628248930
196083334.3833336532 37406.9256467819
199014606.8404574394 39590.0922088623
196254663.1207912564 37554.7526561022
195875006.5207418799 37169.2775017023
196159464.3466319740 37534.2304698229
196576041.1163977087 37863.2083263397
196596111.5021888316 37905.3468456268
185918956.2686330974 21704.6868953401
185833892.7613455057 21344.3234009454
185844599.3357844651 21421.7985987375
192307846.1077953279 32699.1150144821
192299028.1528604031 32698.1495758384
185691503.1952112615 20528.7618504066
185640004.3309458196 20484.2063443156
185697153.6151548624 20723.5241443901
185714202.4087464511 20823.6823975830
192679021.6788471043 33103.7658517449
185608412.1565067768 20446.1720646870
192666590.6023600399 33079.8666979610
192679789.1369508505 33111.4067373066
192568975.2948772907 32994.4858764946
192438073.4905039072 32785.1000152915
185683902.5476802886 20514.7960948002
193023907.7750443518 33441.0555816977
185623685.0903175771 20447.8983586820
185608683.8343906701 20447.5310429584
192545906.6869430244 32834.2688766806
193057251.0977225900 33444.5692954375
193152922.0581068099 33486.8298711493
187005782.6971904337 23715.7602018797
186952451.5732155442 23683.6388889860
187025555.9388588667 23761.8383976530
187019074.5705906451 23721.4385724132
187021996.6917640865 23748.4771839689
186944719.8152671456 23670.1149021696
192914686.1027164757 33191.9222567528
193388713.8973033130 33754.6170066013
193342413.6757465303 33714.7016089573
193336477.6567687094 33692.4911597385
193380074.3867162764 33715.0117285862
193750892.7928338945 34067.9467257126
193624003.6166253388 33863.2676790818
193613347.7799305022 33826.0401934250
193598936.7003891170 33821.0139177903
193758558.4740017354 34085.7851255997
193764218.8388215601 34106.7713106736
193791387.7508759797 34128.8237093552
