153028216.4648996294 979281.2890625000
153068403.9757252634 986743.5285644531
153262966.8708113432 1004466.9943847656
153409447.2421368957 1023892.8796386719
153719752.4552550614 1043795.7702636719
153823103.5195674896 1049389.5742187500
153761150.6487879157 1045579.4245605469
153665122.7234265804 1039889.8413085938
155648714.5767430365 1147043.7773437500
161197005.5318576396 1397922.0146484375
161021585.6526244581 1393402.5429687500
164444589.7078361213 1500523.0722656250
164184968.7881309390 1490482.3857421875
164290764.5894305408 1497109.5908203125
175124678.3721922040 1705128.7919921875
175569649.4799848199 1708969.6699218750
175551485.7276483476 1708840.5605468750
152078314.4904536605 805846.0988769531
152095626.8284554183 814907.7629394531
154108488.9529272616 1064458.6396484375
161683120.8954659402 1417047.2841796875
172131098.8260611296 1670911.1914062500
173022073.2196135819 1685588.0458984375
173173257.1457368433 1687048.8320312500
175197078.6752614081 1707123.7734375000
175619438.1258451045 1710670.7089843750
177764778.3898522556 1711702.9335937500
155540258.6805728376 1139205.2885742188
160820975.2650562227 1379000.3994140625
161685723.4734787643 1418727.6630859375
172400992.5192685127 1678239.0048828125
172865139.2550648451 1684511.7285156250
176085579.0415155590 1710975.0429687500
155285706.0086916089 1126686.2397460938
162852385.7671475112 1456043.4550781250
164065149.8370788395 1488753.7470703125
168221865.3671136498 1604072.1074218750
177847271.4370389283 1712386.7500000000
155302468.0238298178 1131691.5932617188
160946143.4082099497 1386900.1708984375
160714364.6169437468 1378247.3457031250
161322153.6494038403 1405562.5634765625
161302877.7343616188 1404170.9375000000
175020326.2718133926 1704161.1914062500
175066512.1343267858 1704977.4726562500
155131320.2471239269 1119537.7587890625
155965638.6544435918 1149979.1943359375
160974119.9406258166 1389940.8046875000
160986061.3621343672 1393040.1894531250
164415979.3478642404 1500418.6972656250
164274119.9387501776 1494834.0429687500
164463936.5075885355 1501939.3710937500
170527002.8696853220 1642300.4404296875
174856572.3890170455 1703914.8359375000
176077505.5898872018 1710922.6464843750
177965519.7406175733 1713403.9726562500
152183355.3646022677 833666.1979980469
153804371.6557608545 1047606.3850097656
155466684.0526224077 1137748.9370117188
161470021.4134199917 1409359.0957031250
168908876.6163999736 1619188.0625000000
172675000.0503274500 1680813.5966796875
173792167.1496651173 1692687.9833984375
175309630.1602202058 1708189.3828125000
153597852.8015060723 1034739.4360351562
153495285.6099151075 1030612.5959472656
154026974.7433473468 1061689.5649414062
158450701.8066011667 1277326.0849609375
161624396.6181612313 1413482.2343750000
164542378.3853490651 1502748.0166015625
164399436.7753584087 1498502.8662109375
169097106.0375542045 1623593.9775390625
158847030.8329793215 1298872.9941406250
168493313.2226875126 1610742.7841796875
168168486.5909775794 1603951.5341796875
172727264.6183658540 1683244.3583984375
172601659.0560196042 1680046.1289062500
172449338.2164709866 1678969.8115234375
155725135.9827097356 1148346.5981445312
155349679.2819618285 1132396.5463867188
155379187.5435557067 1133588.5180664062
168157238.6316399574 1603532.3398437500
169401468.2454560101 1627601.7128906250
173254982.5000137389 1687461.0761718750
158712948.0179693103 1290486.5454101562
163359404.2897129357 1473169.9941406250
170842884.8396200240 1650719.4931640625
163062809.4285453856 1463543.0400390625
154215837.5876665711 1071292.0781250000
152989386.4093935192 968419.1557617188
153705336.3216656446 1040913.2143554688
163183835.8095139563 1467864.6816406250
163784679.0237751901 1484666.6718750000
172154586.6301479936 1673331.3857421875
163099916.5615787208 1465156.7763671875
152149912.5779603720 826565.5510253906
153360323.0986012518 1018549.8454589844
162966659.1688179076 1460530.6992187500
163179587.8720029891 1465573.2055664062
158973677.9876891375 1303918.8310546875
158530280.3563895822 1284923.9638671875
158736774.3035182357 1294720.7099609375
158563377.1318925619 1287840.9902343750
158934389.7681986690 1298900.1840820312
153109903.2902848423 993434.2390136719
155415350.0070246756 1135057.4311523438
158945787.7335627079 1302350.7597656250
158501117.3097819686 1284607.1367187500
161615104.9142797291 1412594.9042968750
163629059.6518059075 1479949.4384765625
168306125.6574576795 1606429.8095703125
152924676.6827434003 965852.3134765625
153367190.2275442481 1018771.5559082031
153687122.9358219206 1040634.3654785156
153963385.5266126096 1057525.6525878906
155347532.7655577362 1132153.4169921875
154966472.9935168326 1110791.2543945312
160930672.0078319609 1386024.8583984375
163746769.6812835038 1482607.0351562500
163926268.3413203657 1487337.4589843750
155447194.0761352777 1135085.4677734375
168278614.6734592319 1604747.5849609375
173857553.7889908850 1693217.8515625000
152593898.9003215730 910565.6506347656
155084291.9443406463 1119411.5092773438
163513583.9686765373 1477042.0273437500
169977444.1491761804 1637793.2304687500
173439442.8320166469 1688943.3046875000
152906277.0807743669 964916.7509765625
153316831.0480657518 1015417.1667480469
154487012.2772257328 1085556.8496093750
154725011.6317591071 1096988.8354492188
154964729.1458007395 1104649.3730468750
155009626.7547993958 1113614.2167968750
163272835.7325158417 1470423.7929687500
163450955.6853816807 1473785.6718750000
168278609.9670054018 1604186.4931640625
154734021.9384682477 1097077.2836914062
154683536.3160237074 1096301.9179687500
154884513.2977034152 1097967.4350585938
154350055.0427771211 1079127.0200195312
154471456.8137330413 1083080.9094238281
152176472.6816703677 829819.8403320312
152345607.1553777158 857114.8605957031
152263418.9425310194 846641.9611816406
152450336.4797576666 893164.0603027344
152863227.1184911728 961604.6655273438
154133544.4751802385 1067281.4616699219
153849930.9256865382 1051698.7741699219
161106413.9186633527 1394176.7968750000
161250613.4936211407 1398005.9521484375
161154515.4681062996 1397692.3681640625
167643261.9500027895 1582917.5283203125
167452696.8608248234 1580636.6767578125
169838866.8583565354 1635564.7929687500
170214554.4424793124 1640412.5058593750
170259696.9281041026 1640997.6523437500
158129550.0183956027 1265315.2138671875
158462582.1670163274 1281413.4775390625
168762273.5927631855 1617322.5908203125
161099892.3758294284 1393471.9492187500
167534550.3977420330 1582751.9667968750
167243980.2554372549 1575395.1982421875
169849457.0404746532 1636758.5234375000
153585888.6340756416 1034584.9055175781
153417375.7701485753 1024219.0236816406
153205504.6224687397 996893.7761230469
153264581.4806622863 1009077.8488769531
152831438.2127671838 955288.0551757812
157567802.2512340844 1237187.0795898438
162691563.8458108604 1447073.3212890625
169217365.9231700897 1624583.4169921875
169701137.1973097026 1633895.8193359375
169560288.3185945749 1631876.2597656250
167480141.8782725334 1582011.3398437500
167823382.8925349712 1592247.5214843750
153017173.5929857194 971146.9570312500
167692965.8034783006 1590382.0498046875
170043820.9534326792 1639218.9951171875
152387029.9121015370 860911.5087890625
152293057.1453213394 856960.0974121094
152868015.3226005137 962404.7133789062
160860236.6488536894 1385004.6474609375
168073073.9240451753 1599825.8222656250
169338649.9698391259 1626596.2304687500
169178849.6979712248 1624062.7666015625
158085729.2341832817 1263316.3120117188
153241050.2835784853 1000367.6174316406
154663139.8955092728 1086004.3791503906
157888598.7732672989 1255014.9624023438
160909254.8235959113 1385008.8286132812
162690421.1762022078 1443345.9550781250
162560398.1311663091 1442599.3164062500
162624926.2483267486 1442856.9687500000
162281581.0252923071 1434570.1093750000
168865457.0187540948 1618944.9912109375
169291567.4511238933 1626287.7265625000
154962887.9234990180 1102818.4587402344
169236397.1673695743 1625736.2412109375
152258087.5249426663 845086.3674316406
152421046.5848546326 861775.0480957031
171716272.9958154857 1665146.6933593750
152421450.7117849588 861885.7851562500
157825268.1253584921 1247996.2622070312
173736492.8383423388 1691595.4511718750
174678519.1353743076 1699790.2958984375
175177452.0779208541 1705332.2128906250
153022511.7386410534 972226.4506835938
152935080.7412382364 968115.9965820312
158347999.3622358143 1273569.0073242188
162050951.3728508055 1426014.1279296875
152534953.0449874103 901172.2145996094
152507444.0404985845 897191.9055175781
161992654.7477720380 1421843.2343750000
152540792.4616189599 903209.2204589844
152518621.2061150670 900689.9123535156
162822476.9907588661 1447167.6445312500
174447694.5413011909 1698293.4990234375
171830270.7212146223 1666713.1513671875
157696990.6741528809 1245352.3500976562
170012082.1635400951 1637901.7949218750
162011684.6858351231 1423283.1904296875
174045457.8666964769 1694076.7773437500
162176803.7665290534 1428710.7958984375
162121174.0561513305 1426675.4570312500
174645143.4481191337 1698391.7128906250
157873316.8301994503 1252014.2607421875
171861893.6095557511 1667404.6142578125
174038101.9017040133 1693238.0585937500
174310018.4641114175 1696052.1298828125
157962371.5836534202 1257340.9023437500
169549360.2150956690 1630559.0595703125
171575859.5764305592 1661208.6289062500
174350086.8144197166 1697137.3681640625
152569352.2649023235 903920.2058105469
157825964.9412215650 1251087.6723632812
171247587.4462796152 1656022.7910156250
177702743.7618185580 1711095.9492187500
152689649.7923217714 914445.3203125000
177681540.7380909026 1711078.9921875000
152757415.6396494210 920724.8923339844
171646134.4145706296 1663816.4716796875
171486219.1657230854 1659726.3759765625
152804651.1161488295 925205.6655273438
152807927.5144524872 934729.6057128906
170560404.7770673335 1644825.8593750000
171005801.5975483358 1653108.1416015625
171185589.2478265166 1653328.9052734375
171450707.4222494662 1658573.5517578125
171239557.3316750228 1654011.4433593750
170715015.6293896139 1647393.2089843750
157173070.0859020650 1211649.8305664062
157340457.2211619914 1224875.5825195312
157197152.5532411039 1215706.7475585938
152796927.8992433548 920809.2326660156
157234268.6623493135 1219740.7827148438
166939770.1458567679 1552719.2832031250
166732563.5207529366 1549785.6123046875
166955476.1561260521 1555833.3730468750
166905771.8697349727 1552598.0488281250
166673156.0810337663 1546193.0576171875
167030964.8394984305 1556876.7910156250
166974240.1709622443 1556872.5957031250
157056949.2092041671 1208420.4409179688
157465204.9945804775 1231278.4960937500
160344220.6225952804 1343427.3876953125
160472338.7244448364 1347489.0507812500
160686055.9988194406 1359654.2758789062
160369304.4822210371 1347311.8183593750
156999137.7973515093 1207211.1875000000
156955724.2744918764 1200591.5166015625
156981191.0096083581 1206403.0332031250
157287065.3127298653 1222339.5322265625
160543720.7593712807 1355565.3330078125
160490203.2155664861 1353793.7011718750
160486767.2319219410 1348464.9804687500
160106681.5435985625 1336433.6791992188
159929277.9660286009 1329310.0957031250
160130625.0994244516 1339526.0166015625
160222758.8509527743 1341928.6523437500
159814133.4325921237 1324980.2636718750
159684420.7724516988 1317976.6748046875
159517332.5544072688 1312857.8085937500
159387687.9168535173 1307193.6401367188
159511146.4152106345 1310886.4062500000
159358464.4463770688 1306201.8544921875
159572838.7696805894 1313948.4033203125
156738602.7897818387 1184019.0800781250
156603007.5774694383 1178157.4291992188
156654476.6193803847 1179632.6010742188
156915797.8669958413 1195120.4169921875
156598727.0627358854 1173748.3110351562
156866902.9607991874 1185896.5102539062
156315990.1088971198 1153768.1684570312
156596714.1033694446 1171387.3798828125
156337802.4107235968 1165788.7558593750
156337333.8930363953 1158065.1655273438
156306910.0521509349 1153191.8896484375
