173856253.6533446312 1709501.8359375000
152515563.5760455728 944991.3059082031
152806322.5143757761 961651.6059570312
152564543.4920988381 947291.5729980469
152439974.5692520142 943655.2595214844
153242243.4036649764 1020121.0524902344
160617743.7969940901 1409910.2075195312
162855375.7912118137 1486272.2187500000
164629963.0635037720 1534528.7949218750
172749154.6281224787 1699804.8808593750
173237598.2986044586 1706109.5312500000
174044006.9163228273 1712355.9804687500
174269244.0662126839 1713403.9726562500
162225298.5709592998 1467815.4804687500
162978167.6545621157 1488962.5117187500
162844927.1098102033 1485533.1503906250
153469862.0106870830 1034203.6403808594
155917606.6699696481 1194244.4003906250
161416779.4613771141 1438501.4433593750
153636241.7074782550 1049222.7648925781
153497476.7770061791 1039709.2761230469
159749701.8694650829 1378576.5375976562
162218633.4358086586 1464999.2998046875
162660905.8132070601 1477350.9550781250
163135326.1507938504 1490685.6542968750
162691889.0867088735 1481372.8916015625
164234982.4626433849 1523852.2656250000
173034759.3556954563 1701213.4218750000
151589697.8017411530 815209.3056640625
151602466.4712933004 822296.2890625000
161841469.1104461253 1454295.7539062500
160452799.3186040223 1404271.6372070312
160057688.8677985370 1389948.2041015625
164624050.9525624216 1532084.4755859375
168904864.9787660539 1635275.5859375000
171989357.6920406222 1689737.7089843750
172080088.9139367938 1690229.8925781250
151740498.0486011803 843873.0646972656
159200945.6135638654 1352596.6948242188
160291109.2677958906 1399474.2934570312
173562510.6815743148 1708898.4921875000
162891224.7888164520 1486820.5849609375
171664642.9061017036 1683557.0087890625
162957654.9588102698 1488104.4492187500
173981611.4639782310 1711702.9335937500
151644319.2304395139 828728.3574218750
160940394.9703315794 1421168.2036132812
162556173.5177292526 1474720.8740234375
173141320.3913749754 1704082.0390625000
152340565.5798940957 931428.1953125000
160559668.2477767766 1408723.1157226562
151661309.1711486280 833048.0957031250
160771519.9728761911 1413930.2270507812
172738182.2577964365 1697170.5673828125
160422758.0775868893 1401177.3999023438
151704960.0361365378 841458.9155273438
160622132.2770478725 1412843.2465820312
160498035.3348199427 1406844.0063476562
151620632.6531568468 827056.9960937500
160240686.2605767548 1398878.1079101562
152343249.5044569075 932497.7543945312
168590138.8523829877 1628685.8085937500
168236942.0371887684 1621489.0175781250
171513463.3298569918 1682102.8125000000
156086906.3030524254 1203623.9311523438
161839991.4404093623 1453745.0937500000
164124618.5032712221 1521198.4843750000
160190078.3531496227 1395913.5512695312
160086597.2722217143 1390625.3095703125
173912034.0248274803 1710650.9843750000
151629265.9544516206 828360.9194335938
155024178.7816894054 1146776.4414062500
159915069.2641437650 1386684.4931640625
155017914.9088018239 1146091.1430664062
168819448.5136301816 1633662.7050781250
160125268.2785677612 1393828.3027343750
168393180.1154087484 1624382.8046875000
168142641.1494808495 1619844.0449218750
168076057.5360688865 1616844.0761718750
160067505.8617866039 1390377.7880859375
159587394.3980992138 1370501.4790039062
159071531.6106043756 1349041.6606445312
168898894.7184732854 1634584.1230468750
155333470.5549797118 1165183.7709960938
168675601.7372696400 1631310.2792968750
172335170.3624297976 1694262.9638671875
152177184.5225376785 914048.3645019531
153045641.7300612926 1002271.5856933594
153470493.0573071241 1036655.2863769531
155944614.2133031785 1195477.6948242188
168302278.8730172813 1622273.9570312500
168516336.0472871065 1628657.3515625000
163645832.7122494280 1505623.5390625000
171780795.7010863423 1687355.5097656250
159644466.3133417070 1373594.4726562500
163721534.2441893816 1509824.8232421875
152396478.9596546590 938258.9816894531
156175865.8494031429 1204723.5068359375
162084134.5376811028 1461624.3994140625
153030296.8379512727 995253.3435058594
163669230.2619578838 1507039.5029296875
152046728.0017392039 898375.5407714844
171251762.6019480824 1676823.4658203125
155482234.4629448056 1173589.5332031250
173329182.9155253768 1706142.8164062500
161056193.9339132011 1425430.8696289062
167219405.7830263674 1591630.4238281250
155009663.1471814513 1145978.2265625000
171211888.5724162161 1675774.8369140625
162019924.9727523923 1459777.3125000000
156042321.0515273213 1200279.2636718750
164823682.2297869623 1536896.8632812500
171402169.6821864247 1681098.0126953125
152381268.7995073795 935451.7912597656
163805349.6688854992 1512966.2744140625
160993151.6298878789 1424619.2861328125
158793159.5016340315 1332883.6752929688
158508250.2507667243 1321052.2158203125
161749046.4990877509 1451470.2158203125
154930213.3390369415 1141611.9501953125
155422541.3077848554 1168641.7387695312
171505461.7429676056 1681822.5136718750
155880681.2814546824 1191155.8916015625
151987214.5271855593 878737.7558593750
163649624.5863353014 1506320.3134765625
172571636.3868036270 1696217.9550781250
158690436.5988785923 1331085.6020507812
164812771.8610265553 1535831.0107421875
172365621.0898649096 1695058.9824218750
167249592.3328338861 1594870.7089843750
158843209.5444117486 1337317.9252929688
170803193.1830227375 1668808.7587890625
170783694.7583492994 1667084.2910156250
171066286.1676813960 1674735.5302734375
152154086.1566526592 909455.5820312500
152289511.9127397239 926387.4536132812
155078408.3020088971 1150146.2651367188
155284171.8631180227 1162179.1503906250
155818742.1286623180 1188325.6347656250
158942865.0298801959 1342128.2143554688
171719175.5544066429 1684611.4746093750
171683934.7014601827 1683996.5126953125
171862999.5599583983 1688440.7480468750
155324490.9927166104 1163451.6447753906
159539386.3919895589 1368115.2299804688
164825178.1701083481 1537883.1718750000
174166347.5843856335 1712400.2128906250
155063502.7617680132 1148750.3793945312
155433607.9672736526 1170965.2333984375
155182045.0770945847 1157489.0004882812
153523789.1309747398 1039951.7797851562
171760716.8592624664 1686358.0839843750
164365464.5540072620 1527416.0126953125
158803896.5005498230 1335860.0893554688
167548653.8265106976 1603744.8632812500
171527476.3283233643 1682513.9765625000
153640744.0408709347 1050718.4372558594
164172692.2078260481 1521688.3457031250
163952184.7180785537 1516911.8066406250
172895870.8332480788 1700600.8994140625
162166563.9582759738 1463805.1035156250
162153906.0378274620 1462748.7128906250
167418024.0096638203 1600801.7695312500
152292922.0400882065 927598.0427246094
166978869.3560871482 1588179.8457031250
167362002.4353568256 1599761.7988281250
159592264.5967016816 1371132.8583984375
159038088.1170891225 1345145.6367187500
162216488.3635594845 1464526.8339843750
158863154.2495003641 1340224.0922851562
167685120.6437061727 1606674.2275390625
155706466.5057851374 1183015.0639648438
163694026.1213443279 1507134.9580078125
167310327.5428790748 1595284.0097656250
164114911.2068238258 1520206.9443359375
167581254.7336492538 1605022.5126953125
161964985.0412582159 1458088.4501953125
152266393.5786908269 924777.9741210938
172678491.8798018694 1696732.4570312500
151842935.7293261290 860718.6140136719
151901730.8108439445 874418.5610351562
152278070.8573680818 925511.6037597656
154837105.1461439729 1131845.3300781250
153537714.3561861515 1043917.9133300781
159225292.2845506966 1354413.0249023438
152006192.6863611341 891793.9370117188
167759882.3595333993 1609720.9833984375
173093293.4247953296 1702274.3740234375
158528441.7032982409 1321544.4531250000
159485600.4063111246 1365073.9770507812
153106703.7507634163 1005907.3186035156
159146667.6522907317 1350738.6367187500
161694853.9113246202 1448927.6777343750
153351739.5836480260 1029765.0397949219
159573451.7581010759 1368424.8452148438
159418235.6427729428 1362700.2436523438
159234019.9886130393 1356256.4086914062
161334207.0969932973 1437509.2460937500
167049000.5915654302 1589773.6899414062
161258825.8337607384 1433819.8818359375
161934271.8534366786 1455519.4306640625
161474912.0596559644 1440578.8906250000
158230351.5228842795 1308611.9409179688
167327155.0926165283 1597164.4902343750
163295168.2111547887 1491111.9228515625
163348433.7696417570 1497011.5146484375
161211258.7407577634 1432680.1845703125
153031714.9675167501 999088.3684082031
170029550.2196262777 1650605.5371093750
161447962.4667064548 1439298.4189453125
161160764.3107814491 1428557.0830078125
155662696.2896344066 1180943.9633789062
155691790.9085202217 1182207.2797851562
155837336.4887353182 1190032.3642578125
161172223.1552927792 1428916.0947265625
157841621.9785496294 1289754.7299804688
169942655.3126982450 1649565.4902343750
157877201.9813866615 1291051.7265625000
157985243.4418288171 1296257.0742187500
169432237.6371251941 1638782.8984375000
158582191.9218502343 1325625.9843750000
163530608.6145686805 1502412.2304687500
152103846.2514039874 903158.9543457031
158202955.3888396323 1306091.6850585938
158577847.3329890668 1324697.4838867188
170201894.1613426208 1654570.8437500000
170107221.5502358973 1651891.1269531250
151804738.0248903334 855292.4177246094
153818614.2346811891 1060386.8771972656
153832557.9617933333 1062566.6628417969
170140414.4074054360 1652957.9628906250
151762625.5972376764 848239.2753906250
158097074.5235713422 1301085.6245117188
158354295.9284009039 1315230.1752929688
152976048.6742746830 994523.2382812500
166037670.8246659935 1561013.1347656250
152252448.4111046195 920236.1965332031
170682076.1684233546 1661189.0781250000
158288700.5719794333 1308855.5273437500
151740919.1452583075 845845.2531738281
170614661.3774443865 1660209.2695312500
153127519.8703135550 1010733.0256347656
154042608.4658137560 1073884.0773925781
158019807.5444619954 1298880.5708007812
160851586.6135569811 1416066.6533203125
169682903.2387037575 1644598.9707031250
166081481.8063095510 1564287.9941406250
170394371.7176065147 1656271.8828125000
170328672.1515688896 1655605.5507812500
153153840.8340083361 1011765.8601074219
157397748.5164264739 1260332.1264648438
157519535.5547530949 1270399.9892578125
153952881.1178125441 1066455.0969238281
153766500.4836955667 1059292.1413574219
157501585.4501326978 1266959.9331054688
157562763.1954375803 1273709.3579101562
170494019.0275266767 1658509.3613281250
154664384.6449545622 1117783.7314453125
154532947.2992224991 1106353.6987304688
154517232.0633698106 1103827.1030273438
157742591.2453942597 1282205.1142578125
157714680.7312116325 1280326.1547851562
169324805.1573382914 1637263.1250000000
153119269.6905187666 1009665.3383789062
154559655.2613720000 1107123.2368164062
165545701.2315842211 1550532.6162109375
154615493.5866288841 1110316.5546875000
165439090.4165347815 1547478.4296875000
154548594.7611546814 1106969.1904296875
169344711.7324014008 1638508.8369140625
165656876.2166137993 1554597.3359375000
165234093.7926622629 1545172.9912109375
154392389.0520125031 1099579.4912109375
165478809.7094146013 1550138.6132812500
165005428.1661276221 1539634.4072265625
165363003.8678750694 1546176.1113281250
154435544.5236644745 1102342.8530273438
165095781.2558801174 1541062.3974609375
153722184.0287685692 1053651.6418457031
154311316.5103262067 1090955.7966308594
154296823.8870105445 1082258.4382324219
151989574.7018374801 879083.9008789062
151974014.2328100502 876614.4746093750
153697866.7808888853 1052381.4321289062
152953047.9244013727 981699.1198730469
166502577.9284334779 1564723.0595703125
166893580.2560889423 1576757.5361328125
166590534.5986227095 1570371.6757812500
166565554.2756721377 1569638.1250000000
166612523.3591848016 1571051.7705078125
166785255.3711183965 1575292.2968750000
166563556.7974223197 1569401.7636718750
152924676.6827434003 965852.3134765625
152906277.0807743669 964916.7509765625
152868015.3226005137 962404.7133789062
152935080.7412382364 968115.9965820312
157056949.2092041671 1208420.4409179688
156999137.7973515093 1207211.1875000000
156981191.0096083581 1206403.0332031250
157287065.3127298653 1222339.5322265625
