153904907.3531484902 1055702.8413085938
154078274.4033305347 1065762.5346679688
154032578.2821898758 1064257.8520507812
153823467.5382255912 1055671.3686523438
159263770.6577273011 1341559.0947265625
159550319.5856928527 1354149.8808593750
160607330.4706873894 1394107.8525390625
162154221.7780702114 1448175.5839843750
166514091.7371636033 1569041.2656250000
159850996.7481965423 1367107.4145507812
160763516.6763449907 1398812.3935546875
161409089.8234877586 1419804.9716796875
161739276.7123255730 1435190.2880859375
166761565.2170270979 1571435.7089843750
166590534.5986227095 1570371.6757812500
169026650.5375813246 1623836.2597656250
153534285.4298673570 1035592.1811523438
159344835.8678236902 1347811.6923828125
161595073.9900461435 1428478.6689453125
161878461.2949145436 1438335.7841796875
162266967.3392360806 1449115.7138671875
170280450.7102775872 1641541.5253906250
174892339.4380082488 1707477.2011718750
175105070.7803495526 1711448.7792968750
175265313.2985685468 1712338.3632812500
151881823.8813285828 840723.8781738281
161851030.0063115358 1436506.7246093750
170437511.6592889428 1644586.4404296875
162086389.4693617821 1444599.8496093750
151857426.1737184823 840601.0979003906
155677505.2820478976 1155727.3945312500
159083196.9600318968 1332785.2792968750
159016289.6251425743 1329978.4863281250
160444739.9328406453 1388377.1010742188
161783359.2227844596 1436043.8681640625
170364059.0818805993 1644396.0751953125
151967210.1139562726 855062.3974609375
152282985.2490132451 895344.4094238281
159193255.0753102601 1340471.2753906250
160161981.6999700665 1378493.2021484375
169075243.5643393993 1626580.5039062500
169264649.6366949081 1628924.1914062500
152429560.6213042438 899199.6999511719
158952932.8375763595 1329005.0175781250
161909874.6026628017 1438800.6152343750
161857812.2831082344 1436773.2363281250
161219788.8479136229 1416288.6884765625
168819549.3935981691 1622305.9570312500
171813049.3614899814 1673571.0468750000
152240323.9258164465 890852.7492675781
152423634.7550346553 897324.7023925781
152492602.7186755538 900283.3955078125
152035132.6452584863 870230.5954589844
152112531.4691671133 881391.5466308594
151969895.9381701052 861666.9726562500
153267793.0246153474 1010961.3732910156
155774337.8060770631 1157068.7900390625
155800350.9271502495 1162528.5839843750
155807079.9474037290 1162854.4511718750
161517164.5153692961 1427879.6962890625
161441169.5758159757 1423147.9072265625
161653862.6824089885 1429972.9570312500
161676210.2207956910 1431429.0341796875
155792119.6931580901 1162165.9018554688
159400406.9226882160 1348703.4853515625
159215127.2511954010 1340780.2846679688
159841719.7695279121 1364888.2456054688
160871335.8993092179 1403152.3886718750
160665748.6217374206 1395566.6572265625
161293975.6712647080 1418487.5458984375
161225022.7235904932 1417722.1738281250
160915670.2988768220 1407316.3623046875
161315227.3573460281 1419301.0449218750
170007669.8531777561 1640973.2871093750
172115706.7587704360 1677855.0751953125
162534874.7759984732 1454432.9082031250
162061082.7257801890 1442088.9121093750
161272300.4012765884 1418218.5927734375
160876862.4213140607 1406315.7490234375
151920676.4091566503 851727.5261230469
152109046.1346846223 870660.1843261719
153429970.7728638649 1027405.0517578125
155622462.6670621037 1152434.0126953125
160711194.5864693522 1398106.7714843750
168941680.7644954622 1623540.5263671875
170439289.7958013713 1645362.3798828125
160638461.1186897755 1394175.2529296875
151924803.6824629605 853817.3708496094
155510406.9360183477 1147539.0727539062
155456259.7597143948 1145815.7783203125
160073111.4957708120 1374234.3085937500
160433479.6510422230 1384524.0673828125
159958273.8110946417 1368776.1162109375
174495717.8872732520 1705311.3652343750
160333123.7240823507 1383997.2275390625
160436617.3463813663 1388299.9121093750
160391262.0507888496 1384479.5229492188
160103698.6649340987 1377378.9931640625
153927066.4542716444 1059254.7604980469
159981884.3105197847 1371871.6220703125
159718851.7411641777 1358729.4311523438
159773055.6631495059 1362241.8369140625
162864409.4190483093 1459863.0205078125
166037974.4159564674 1553889.2265625000
169286862.8516390920 1630627.5097656250
159940513.0866602361 1367742.0820312500
159682720.7851062119 1356343.7695312500
166182006.4253110588 1559896.0605468750
171596961.3559716046 1670588.2099609375
174078381.9315672815 1699113.6611328125
151771517.9147666097 819327.5852050781
153518605.0956369340 1035457.4008789062
155445780.9991776943 1142548.5854492188
159596535.5477667153 1356315.0654296875
163021519.5493374169 1460882.7939453125
171012205.1380907297 1658070.5986328125
153726328.3699046671 1048018.0510253906
153640769.4935526848 1042664.1574707031
166236080.0277604461 1562617.1396484375
172706713.7848541737 1683722.5742187500
174126948.2432931960 1700683.9208984375
151795939.5543815494 828793.8071289062
151782625.5974923372 824088.8454589844
171387953.3974941671 1666962.2939453125
154017952.9955642521 1062956.6711425781
159102999.5627379715 1335078.4980468750
166902045.0284124613 1576157.3583984375
166987192.4412489235 1579566.8437500000
167172219.1013436615 1583532.1503906250
174462188.2062091529 1704117.7480468750
173973691.2943538427 1698453.8271484375
155098482.4739839137 1120810.3505859375
158882845.2748033106 1324503.4541015625
168316531.8476597965 1609406.5410156250
151892288.4336504042 841543.8962402344
151774028.1059027910 824066.5607910156
155224173.5089511275 1132554.5966796875
155545000.8265125453 1149013.0654296875
155362952.4221110046 1136795.7021484375
155487609.7609330714 1146288.3237304688
155208143.3361965716 1127933.2265625000
155048400.9596573710 1116757.3232421875
159120485.1183039248 1335800.6806640625
158642209.5582257211 1312652.8515625000
166565554.2756721377 1569638.1250000000
174095535.0502032042 1699883.1923828125
158624950.6452390254 1308155.6826171875
168542822.6494142413 1616749.2763671875
169802171.8485319912 1639723.9541015625
174140170.1400823891 1701687.6806640625
158502928.9559997022 1304505.9038085938
167044106.2857149839 1580643.1611328125
169801138.5359598398 1635587.0458984375
155142360.4786871076 1126954.6640625000
169225488.0791618228 1627093.9199218750
171304020.9954657853 1664244.2714843750
153959304.2057532072 1059738.4626464844
162786175.2119461298 1457589.6718750000
153379235.6091592312 1024000.2160644531
158397430.3112231195 1295472.1210937500
158352501.9759515822 1292775.7543945312
166612523.3591848016 1571051.7705078125
174734049.4448109865 1705706.8691406250
153384838.8555619419 1024633.3652343750
158419280.7384284437 1299285.3129882812
162782825.8200628757 1457195.7011718750
169705760.6903313994 1635502.7119140625
158544151.4804424345 1305067.6567382812
175020540.6099980772 1709247.9980468750
175083061.3569139540 1709470.9589843750
158760755.9764273465 1314707.0107421875
165700158.0520732105 1545907.4023437500
166785255.3711183965 1575292.2968750000
171542615.6154329479 1668083.1113281250
166563556.7974223197 1569401.7636718750
152684793.4584795237 939577.4184570312
168206263.8427806199 1607415.9238281250
165624572.4229596257 1534688.9511718750
158275533.4983980358 1289407.9970703125
165677299.5447643101 1539861.4550781250
154781967.0210549533 1106818.0776367188
165860373.8007438481 1547005.8271484375
173665884.8345573246 1696145.7636718750
173580913.1617494524 1693493.6171875000
173104847.4496628344 1687596.6699218750
173637358.3850579560 1694352.5429687500
173435852.5984754562 1691871.2167968750
168361653.0067401528 1611749.2626953125
163746352.8827160001 1483582.0683593750
165690291.4252466857 1542714.5390625000
169614607.4976742566 1634373.0898437500
169646380.3681917787 1634806.7587890625
154906066.7057074606 1114318.3867187500
163753742.1234793365 1484306.5693359375
169431087.9827761054 1633105.7197265625
172365982.4588145018 1680189.2812500000
164290020.7302186191 1502119.8173828125
169030760.2760091424 1625454.4804687500
163885273.1170973480 1490924.8037109375
153157704.7120294869 997696.2827148438
153909442.7456735373 1057714.5561523438
154875880.5851504207 1110026.8393554688
171205917.3234792054 1658617.3496093750
166076006.6294768453 1555726.8955078125
171880703.1051380038 1674647.3642578125
171500335.5447374880 1668029.1298828125
172812306.9411595464 1685173.1689453125
173215647.2361100316 1688108.4912109375
164633999.6751211584 1508130.1738281250
164187959.7723293602 1496870.8642578125
163963454.3172131479 1493198.4775390625
153273030.8451935053 1011433.8444824219
172188874.8476695120 1678381.1914062500
153249619.4208166003 1008767.5061035156
154727952.9321663082 1101299.9511718750
167793673.1667678952 1597003.9365234375
172282721.0268701017 1679448.0273437500
172406455.0791185796 1680787.3828125000
164499901.5739137828 1507260.6855468750
172621086.2834341526 1682641.1123046875
167076519.3274892569 1581910.5312500000
164349233.6418035328 1503305.0009765625
164605003.6599690020 1508061.3632812500
164072573.7065744698 1496686.7666015625
167612575.4928900301 1592615.9609375000
153162806.4860848486 998782.3586425781
154805862.7719328403 1108408.0190429688
163851164.5159017146 1487436.5146484375
167440756.5426205099 1589840.5917968750
167830801.3603527844 1599451.2685546875
167753775.7589843869 1596486.3447265625
154588340.0000157654 1096669.6577148438
154575471.2367881536 1094530.9409179688
154450772.2849336267 1079904.0903320312
154523327.6278979480 1089925.8598632812
154102058.8552163839 1068302.6245117188
154434482.5549215078 1073764.0717773438
168011861.5896067619 1603204.3437500000
167596804.2589510679 1592112.1162109375
167926405.3645803034 1599877.0537109375
168129741.6566808224 1604893.9814453125
168249847.5352191329 1607478.8906250000
172865815.7670755982 1685209.3173828125
156389398.1720882654 1175583.7031250000
154289661.4399074316 1072927.4375000000
156134647.1297331750 1166409.9023437500
156294416.8226575851 1175479.5000000000
152777921.5606046915 946073.0339355469
173242439.9823064208 1688685.6142578125
153218185.0068146288 1003138.4775390625
153244533.4443424344 1004577.2556152344
152576131.6927887797 914653.8330078125
153066752.8869357705 982802.5212402344
163589303.7558452189 1480340.2470703125
153068403.9757252634 986743.5285644531
163359404.2897129357 1473169.9941406250
170842884.8396200240 1650719.4931640625
163062809.4285453856 1463543.0400390625
163183835.8095139563 1467864.6816406250
163099916.5615787208 1465156.7763671875
162966659.1688179076 1460530.6992187500
153109903.2902848423 993434.2390136719
152924676.6827434003 965852.3134765625
152906277.0807743669 964916.7509765625
153316831.0480657518 1015417.1667480469
154487012.2772257328 1085556.8496093750
163272835.7325158417 1470423.7929687500
152863227.1184911728 961604.6655273438
153264581.4806622863 1009077.8488769531
152831438.2127671838 955288.0551757812
157567802.2512340844 1237187.0795898438
152868015.3226005137 962404.7133789062
158085729.2341832817 1263316.3120117188
157888598.7732672989 1255014.9624023438
157825268.1253584921 1247996.2622070312
152935080.7412382364 968115.9965820312
152534953.0449874103 901172.2145996094
152540792.4616189599 903209.2204589844
152518621.2061150670 900689.9123535156
157696990.6741528809 1245352.3500976562
157873316.8301994503 1252014.2607421875
157962371.5836534202 1257340.9023437500
152569352.2649023235 903920.2058105469
157825964.9412215650 1251087.6723632812
171005801.5975483358 1653108.1416015625
170715015.6293896139 1647393.2089843750
157340457.2211619914 1224875.5825195312
157197152.5532411039 1215706.7475585938
157234268.6623493135 1219740.7827148438
157056949.2092041671 1208420.4409179688
157465204.9945804775 1231278.4960937500
156999137.7973515093 1207211.1875000000
156955724.2744918764 1200591.5166015625
156981191.0096083581 1206403.0332031250
157287065.3127298653 1222339.5322265625
156738602.7897818387 1184019.0800781250
156603007.5774694383 1178157.4291992188
156654476.6193803847 1179632.6010742188
156915797.8669958413 1195120.4169921875
156866902.9607991874 1185896.5102539062
