174648830.9656558335 1712273.0058593750
174249684.7487342656 1707862.0556640625
170198738.7868910730 1647641.2275390625
169687862.2833402753 1639945.5810546875
154861557.3699423373 1115112.6376953125
154428530.4251942337 1094024.9704589844
154772743.4217051268 1114359.1679687500
158577392.4223438203 1316109.9951171875
159852323.6346949637 1370943.5756835938
160144394.8981844485 1376987.2612304688
162198708.1822816432 1455423.4282226562
164021335.2907802165 1506737.5009765625
168116068.5063013136 1609968.9736328125
169879625.3577982187 1643999.7529296875
169726218.9899737537 1642635.8740234375
171027060.0365476906 1660399.0468750000
171493867.4051382840 1668096.4326171875
174755920.4907828867 1713403.9726562500
152149968.5166475773 895437.4106445312
153770625.6001124084 1055979.3034667969
162449917.9629780948 1459217.0302734375
165076690.6800013781 1540039.9697265625
171571523.0123660266 1669851.2832031250
171695311.0865456462 1670005.6992187500
171063818.0445253253 1660912.3193359375
162175137.2322241366 1451743.7509765625
162075112.5446109474 1446246.4335937500
162280055.5643537343 1457325.1396484375
153722184.0287685692 1053651.6418457031
154586160.9425728917 1103088.1494140625
158945788.3112811148 1331705.3637695312
159033448.9398023188 1336802.4057617188
162195091.0886128247 1453120.1699218750
161858843.3961909115 1446033.1865234375
168057295.6809180677 1608400.1201171875
154495742.9676798582 1102342.8530273438
154587925.4213162363 1106317.6359863281
158995529.9398194253 1335731.0170898438
165259926.8240849376 1544808.1093750000
165016226.9751327336 1539103.8447265625
174489210.7829888761 1710978.2734375000
153915405.5597791672 1061660.2580566406
154483698.4402393401 1101192.6120605469
165295415.3631440699 1545172.9912109375
164891012.9635545313 1535555.3779296875
152264126.4661012590 910737.0239257812
153943431.4012335837 1065952.9628906250
154646576.9624777734 1106933.1115722656
161475674.3354301155 1432389.4365234375
163039751.6677801609 1482546.2646484375
165144969.8928035796 1540266.8515625000
167852644.2603606582 1605711.2851562500
151781738.7170243561 835397.6191406250
153676739.9113094509 1050325.2145996094
154311316.5103262067 1090955.7966308594
161448614.3688466251 1427281.9648437500
169653783.6368828416 1639285.5498046875
153832715.3974035680 1060803.7053222656
158622673.7988653481 1318836.8681640625
158330042.4827379882 1301730.0483398438
160383824.1685387790 1390238.9140625000
161464225.6826308668 1427787.6982421875
164591604.7883499265 1527271.1416015625
165216700.1627589464 1543731.7919921875
168610227.3112574518 1620263.8339843750
169609028.2228138745 1638498.9658203125
165185034.2107243836 1540989.5849609375
153150870.3354077935 1007151.8305664062
153787389.0626269281 1058211.6506347656
154296823.8870105445 1082258.4382324219
164775379.3803974390 1531272.7656250000
164840011.1708130836 1535499.5820312500
165603218.8095439374 1547216.0898437500
165538087.7638849020 1546873.4531250000
168120790.5663265288 1612285.0908203125
168923864.1479955018 1624287.2714843750
168744531.7939688861 1622268.7773437500
152034563.1032877266 881872.3911132812
160407504.1492195427 1392757.8056640625
165698848.6173219979 1553233.1562500000
165670910.8019628227 1552013.9580078125
173541746.8056622744 1695671.2587890625
174054488.3963170946 1705851.3574218750
152022450.4378159344 880317.5556640625
152636371.1350314319 926343.7758789062
155513164.9447636008 1152921.0986328125
155241287.6127112508 1140709.0356445312
155327736.1481470764 1143317.9106445312
155467849.0503162444 1146750.1826171875
165200602.1133372784 1543340.0625000000
151698222.4496360123 798734.6804199219
151917773.2742219865 860896.3142089844
153937337.0677720606 1064344.9438476562
151682911.2825526893 790924.3222656250
152317201.4823218882 914351.8261718750
152478394.6413874924 922569.2260742188
161285694.2139706612 1423986.2734375000
165359831.8198044300 1545993.8437500000
152316972.4824994206 910779.3100585938
154179707.3030847907 1077206.6169433594
159730707.0415320694 1365986.5034179688
167646877.4188248813 1594576.0634765625
174623308.9647637010 1711803.3828125000
160539440.0255111456 1396125.7236328125
168620212.7664236128 1620455.3437500000
152420538.7441648245 919001.0405273438
152533824.8416121602 925624.3159179688
163192961.1130878925 1487255.7431640625
171898274.3414933383 1675991.3017578125
155049412.7905540764 1127107.4340820312
172007607.6756100059 1676469.5175781250
174151237.5197270215 1706224.1757812500
162976299.0365497470 1479167.8730468750
163646066.6410843432 1500679.3339843750
153267441.0286637843 1018789.7705078125
159020421.6670227945 1336270.1806640625
163300657.5798726380 1491793.1220703125
168962088.2853111923 1628118.4960937500
151810812.7407000065 843154.0488281250
152099137.0456759930 890440.3276367188
153193739.0519338846 1011939.3393554688
159759214.0416215956 1367146.7153320312
161086953.4864275157 1414177.2187500000
167653052.7735100091 1595742.0097656250
174411861.9416969121 1709129.4257812500
152431222.7650014758 919899.1630859375
152529227.7301771641 925364.2412109375
151871423.9345506132 854135.7539062500
152216670.7362067997 907325.2021484375
163101958.4712016582 1485174.8876953125
163960230.4561769664 1506530.6806640625
173852440.5011014938 1702086.7246093750
152106748.8004462421 890781.6279296875
153244806.3350110054 1018575.5737304688
153918998.6528986096 1063404.7758789062
158355953.5619389117 1304450.8315429688
158348993.7106621563 1302803.6401367188
171103419.1929030120 1663233.0488281250
151989574.7018374801 879083.9008789062
152070364.1998377442 889786.7968750000
151808037.7374735773 838640.7353515625
151974014.2328100502 876614.4746093750
154060036.8897041976 1073233.7287597656
158539911.6383288801 1314630.8837890625
158496531.6328577697 1311208.5444335938
158366452.6653085649 1305474.2729492188
160452128.1420731843 1394250.1806640625
168939774.8226323426 1627163.6269531250
171077483.9213124216 1661090.4736328125
173761295.9809023738 1700084.1572265625
151943833.7958520949 872302.7390136719
153697866.7808888853 1052381.4321289062
151706926.8935560286 800183.7680664062
155033756.9227266610 1126742.4013671875
154926739.3656667471 1122775.3051757812
160384328.9812632501 1391894.5820312500
161611268.2295546234 1433852.1875000000
161574298.2041974962 1433221.4267578125
169476532.2447489202 1636402.4941406250
158757224.4602858722 1322962.1137695312
151933780.4476822317 865007.2414550781
155091313.4294255972 1127919.8461914062
158635853.3734928668 1320602.5366210938
163421958.1180351079 1495339.9687500000
160864862.8291533291 1408541.7197265625
164394603.2977043688 1519387.3808593750
169176624.4617017210 1632006.0253906250
169086310.7244927883 1630475.7226562500
161261765.8477185071 1421837.6816406250
164288925.0970262885 1518754.0664062500
164033557.5322921872 1509226.9306640625
161374050.2167466581 1426813.2158203125
164083928.4731537700 1514213.6787109375
164184056.3093662560 1514567.8085937500
163886188.5478753746 1506358.9472656250
168546660.8521361351 1618781.8105468750
151742024.1131703854 809936.9819335938
160938596.4222408235 1409675.2744140625
164062900.4621638954 1512790.5029296875
168989051.2635289729 1628674.9042968750
171250870.6837911010 1665885.9765625000
159140102.4710526168 1340792.2739257812
159053777.2064459622 1339538.1591796875
161155103.2104141414 1420194.9814453125
160791314.9205856025 1406052.1201171875
160748786.4466212094 1400168.8964843750
163630385.9482134879 1500264.9785156250
164210005.7218624353 1516704.4521484375
154719076.8650460839 1110574.2573242188
151853646.3236027658 850390.8640136719
154430993.6871891320 1094538.7490234375
160667323.9115587473 1399551.3945312500
163785678.9375842512 1505485.7656250000
167439637.6334957480 1592924.9667968750
160714407.8870055377 1399788.6777343750
164054324.6807816923 1510398.8447265625
151739925.5635420382 804460.8647460938
167676814.0432714820 1596858.6328125000
151774549.8852398992 833701.8125000000
158896455.2423913181 1331356.9663085938
159942507.2588098943 1374218.7133789062
160008396.1024012268 1376375.8706054688
169366737.8169283271 1633680.2578125000
151762425.0397850275 823685.4287109375
153294967.3975299001 1023611.3247070312
151769401.8257462382 824864.9101562500
153414751.4842178226 1032746.0444335938
153341789.3956535757 1027235.0766601562
158955312.5327726901 1335040.1176757812
167720579.5535686910 1599152.4326171875
162612281.2422264814 1462192.0781250000
153997528.7855949700 1068611.0229492188
159229209.8429680169 1346445.2573242188
159545723.5182816088 1359650.8413085938
167784301.5889762640 1602171.8242187500
153382270.4019827247 1028241.3139648438
153501666.0424143076 1039379.3857421875
159153884.7210471928 1344286.9750976562
159226182.8132031262 1344956.2353515625
162432802.6544871330 1457991.9077148438
162612278.1938243508 1460291.2192382812
172248391.5049461722 1680189.2812500000
159812254.5752709508 1368434.7656250000
172690676.4086618721 1683995.0937500000
172732330.8520121574 1685262.4638671875
151742451.3267340064 811076.8828125000
162803886.2929387689 1472914.4287109375
170951330.4341776371 1659915.7333984375
172202392.0954008400 1679720.5468750000
159823435.4546114206 1369578.7675781250
171829522.3583933711 1674647.3642578125
153041067.8757812381 986369.0795898438
153136174.2051414549 997783.7321777344
152953047.9244013727 981699.1198730469
168806390.8682884872 1623086.3710937500
170894412.2761413455 1654908.2275390625
153056135.8352233171 994478.1452636719
162626339.5141956508 1463600.9716796875
167493034.7683560550 1593939.6142578125
171350198.2232360542 1666962.2939453125
166502577.9284334779 1564723.0595703125
166893580.2560889423 1576757.5361328125
171753856.7322821021 1673580.5283203125
162778643.1804211736 1469097.3359375000
166590534.5986227095 1570371.6757812500
155792119.6931580901 1162165.9018554688
172115706.7587704360 1677855.0751953125
155510406.9360183477 1147539.0727539062
155456259.7597143948 1145815.7783203125
166037974.4159564674 1553889.2265625000
166182006.4253110588 1559896.0605468750
166236080.0277604461 1562617.1396484375
166987192.4412489235 1579566.8437500000
167172219.1013436615 1583532.1503906250
166565554.2756721377 1569638.1250000000
167044106.2857149839 1580643.1611328125
166612523.3591848016 1571051.7705078125
166785255.3711183965 1575292.2968750000
166563556.7974223197 1569401.7636718750
152684793.4584795237 939577.4184570312
158275533.4983980358 1289407.9970703125
173104847.4496628344 1687596.6699218750
173435852.5984754562 1691871.2167968750
166076006.6294768453 1555726.8955078125
173215647.2361100316 1688108.4912109375
172406455.0791185796 1680787.3828125000
172621086.2834341526 1682641.1123046875
167076519.3274892569 1581910.5312500000
156389398.1720882654 1175583.7031250000
156134647.1297331750 1166409.9023437500
156294416.8226575851 1175479.5000000000
152777921.5606046915 946073.0339355469
173242439.9823064208 1688685.6142578125
170842884.8396200240 1650719.4931640625
152924676.6827434003 965852.3134765625
152906277.0807743669 964916.7509765625
152863227.1184911728 961604.6655273438
152831438.2127671838 955288.0551757812
157567802.2512340844 1237187.0795898438
152868015.3226005137 962404.7133789062
157888598.7732672989 1255014.9624023438
157825268.1253584921 1247996.2622070312
152935080.7412382364 968115.9965820312
157696990.6741528809 1245352.3500976562
157873316.8301994503 1252014.2607421875
157962371.5836534202 1257340.9023437500
157825964.9412215650 1251087.6723632812
157234268.6623493135 1219740.7827148438
157056949.2092041671 1208420.4409179688
157465204.9945804775 1231278.4960937500
156999137.7973515093 1207211.1875000000
156955724.2744918764 1200591.5166015625
156981191.0096083581 1206403.0332031250
157287065.3127298653 1222339.5322265625
156738602.7897818387 1184019.0800781250
156603007.5774694383 1178157.4291992188
156654476.6193803847 1179632.6010742188
156915797.8669958413 1195120.4169921875
156866902.9607991874 1185896.5102539062
