50628513.5560342818 2558280.4003906250
50710582.1620081142 2650307.9296875000
50767434.5641907156 2684799.0839843750
50780423.9006654993 2692748.0820312500
55071285.5663120300 3038136.3027343750
50658478.4259613380 2606582.6250000000
50660922.0702731237 2613741.6367187500
53770422.1012702286 3011421.4140625000
50678437.5711194351 2626015.3867187500
53783210.0860975236 3015453.0429687500
56267738.0836377367 3048938.1406250000
50649331.6301632822 2599047.4023437500
50932302.4015703499 2757262.5644531250
52913976.4174882025 2977529.7714843750
50705860.0676120892 2648629.8339843750
50697229.1061280221 2644628.8613281250
50602039.9091820568 2531297.3535156250
50749646.2410854846 2669348.9511718750
50782260.6988230273 2696476.1738281250
51750645.0415750742 2899502.0019531250
85617356.5712038577 3063087.9238281250
51009535.1339481324 2784342.5390625000
55446768.3954541981 3045138.5957031250
51476573.1761064976 2862633.4218750000
53682545.8409636915 3008478.8046875000
51010505.4671360254 2789594.9199218750
51200158.3424382657 2825545.1367187500
83333353.6297194362 3063054.4023437500
50912470.9402552396 2754156.6015625000
55110924.5968024880 3038920.8378906250
83466149.1087918282 3063058.8359375000
50962960.5946297497 2773306.8437500000
53528105.1715590507 3007143.8671875000
52488848.3578728214 2954172.5019531250
50735156.2488305792 2660897.4589843750
52438461.5843699351 2954120.5566406250
52324879.6758688167 2946063.8359375000
52230737.2416696995 2938676.7324218750
84397826.2109867632 3063080.2519531250
52288765.3361556530 2943061.1562500000
51158516.4750926197 2821227.6367187500
52206355.8345934153 2936933.0722656250
83182670.0512532890 3063051.6230468750
53554442.9327641279 3007323.9101562500
54482536.5770272017 3028504.4902343750
55932838.4932169691 3048908.7558593750
50574485.7783271074 2464101.4824218750
55785992.8361171931 3046377.6269531250
50592213.7298448235 2511075.8476562500
50700469.6428664252 2645467.4609375000
50846485.4754350558 2724965.2617187500
52350700.9989474714 2948091.0625000000
82991521.1614548266 3063049.2441406250
51359225.6164836437 2849767.8242187500
51336229.9156988338 2848400.6269531250
83472481.5840524435 3063062.2226562500
53526787.1343486309 3007116.6035156250
50642453.9538533092 2584007.1191406250
52246180.0281850621 2942862.8906250000
51817450.8968119025 2901491.3300781250
83724086.4155011177 3063078.5351562500
51191015.1931352913 2824941.2070312500
51726423.7982185483 2897284.2207031250
51703101.4944065660 2893386.0234375000
53316733.6128623635 2995899.3203125000
55448921.1939030364 3045145.7519531250
52105590.8701396957 2931552.8925781250
50579455.1425212920 2478794.0625000000
51264694.9108735621 2833931.1992187500
84770388.1830510199 3063087.1308593750
50605582.5837561637 2532507.6582031250
50851797.5743745342 2727522.6464843750
50581803.7589313239 2485126.1621093750
50599711.6970455348 2525030.0664062500
53476500.2708233297 3004408.0976562500
55257672.2302183583 3041643.2226562500
50573000.5759291425 2447716.3320312500
52046759.2015503198 2924829.6347656250
54529351.0205180645 3030454.5468750000
84592726.6865034401 3063081.6777343750
50897412.2930658907 2746229.4257812500
50665675.7020616531 2614713.8007812500
54093634.8698223084 3021642.2714843750
50778670.2184519097 2691123.9414062500
53581478.5070353150 3007605.6035156250
51993498.3894726932 2915426.1621093750
52823299.8861906379 2975450.4824218750
54212387.8119677305 3023889.6093750000
54918188.4423545450 3038115.0332031250
50670941.9918565601 2622104.3652343750
51209430.7354430407 2828780.0703125000
51809557.4428830445 2901296.8242187500
50635958.2595848069 2576843.2558593750
53457103.1713670865 3001452.6152343750
55843299.9247960597 3046456.5214843750
51490082.7785284296 2867366.0878906250
50688274.8299675733 2631980.0488281250
52068345.9132276773 2927594.2265625000
52734152.6788692623 2969772.2460937500
51205205.2940356731 2826742.8242187500
54369930.3019043952 3027778.5253906250
50748619.7868495062 2669324.1679687500
52171825.1275564581 2934732.6464843750
50574822.4224205092 2464193.0214843750
51121754.5499784499 2812016.7792968750
54832091.1996831447 3033567.9531250000
50695772.8957810476 2641549.3144531250
50789425.1300254092 2698254.5742187500
50659812.7688883916 2608538.0351562500
51084630.6155619919 2805713.5664062500
51673118.5595697612 2890015.7226562500
52215701.7965167016 2936999.4921875000
50961023.4098008871 2769989.9804687500
50988043.3449708074 2783155.0039062500
50575874.8540768176 2466541.7949218750
55497083.8205192760 3045254.3828125000
52561793.8146600574 2959329.6835937500
55205051.2896390110 3039535.3144531250
50738291.9285754338 2663507.1875000000
51498688.4218005985 2870030.3007812500
54309366.1361595839 3024897.7050781250
50800295.3238331899 2703627.4804687500
53525858.6502458751 3005191.2968750000
51480370.9297518879 2863395.3242187500
51440121.9348464459 2861013.1660156250
52063457.8354026377 2926626.0410156250
50718892.3120317310 2653276.4921875000
51018036.9040494710 2790359.3535156250
55775683.4214335606 3045788.9589843750
51658390.5184485763 2888126.2363281250
50588771.3825150505 2503008.0312500000
50902677.3804093748 2751090.8984375000
51169981.2936860621 2821851.8574218750
51223544.0780747905 2829691.9941406250
52634848.5051228628 2962466.4746093750
52638848.4129284471 2964540.8007812500
52704792.7080572248 2969618.8125000000
50606549.5148479566 2535351.0234375000
51123171.3046988547 2813714.0000000000
53761575.0169053897 3008967.6289062500
51104384.2869634181 2811600.7148437500
51624591.0672954172 2881469.2050781250
50705398.6163536310 2646995.0937500000
50667412.6767253354 2617891.8066406250
50590738.0347910151 2505694.7382812500
51360352.3180426061 2850170.0351562500
52665806.6829643101 2968119.1367187500
51087532.8194537461 2807750.5019531250
53114000.0576684624 2990840.0800781250
51382122.4468411505 2852081.2792968750
51585035.4757507741 2877787.5019531250
53950617.5372125804 3017386.2343750000
54003542.3561289907 3018451.4531250000
51322466.3589696437 2844743.8476562500
52699617.8943780437 2968950.0917968750
53049832.3599149883 2984716.1308593750
54331288.4375047386 3027200.2226562500
50601113.6881099641 2527831.4316406250
52000325.8207904547 2919850.1757812500
50656228.7760873139 2605171.5058593750
51054581.6319674999 2799959.3730468750
50651935.8834840134 2600250.8613281250
51071617.9209306389 2801243.5410156250
54699005.1759126037 3031621.6914062500
50694716.1759748533 2637675.7832031250
50575997.4630227312 2471828.4101562500
50773921.6205216572 2687646.8281250000
51039514.1277319491 2796179.2812500000
51051197.9008515328 2798719.7558593750
52580665.3410966024 2962214.6972656250
52669252.0627983958 2968847.3632812500
50942955.2130221128 2761427.7460937500
51395308.5276004523 2855087.2500000000
50600741.1162738502 2526099.6093750000
50597804.1356502101 2522787.6523437500
53115318.0948788822 2990863.5761718750
56367780.6993588507 3049565.8164062500
51025529.9521318302 2793102.5722656250
51018789.3090595305 2791844.7324218750
50876063.3614066094 2738058.5996093750
50880267.7201926634 2739112.5996093750
50642035.3995189592 2582970.5039062500
50594122.2126245797 2513669.3437500000
51902601.0368794501 2910119.0195312500
53069998.9194818586 2985489.7148437500
53351980.7314547375 3000530.3515625000
50597974.5531651750 2524026.1328125000
52983880.1191344261 2981065.1816406250
50646824.3474935368 2592593.4589843750
53441219.9962121695 3001224.0351562500
52854650.3726973087 2976358.1367187500
50865578.2948393822 2731359.3945312500
50886172.6563877091 2742245.1894531250
51882812.1620764732 2908246.8906250000
51908554.6394865811 2912142.8417968750
50654594.4125980660 2603748.9941406250
50943399.2465367168 2763359.2167968750
51995764.6857411265 2919244.2949218750
50913127.8711663336 2755200.4316406250
50751260.2330299392 2672712.4414062500
50914754.8930584341 2756348.7207031250
52494564.5736927688 2957151.3886718750
50734934.6669733897 2660634.5136718750
50581732.0211385489 2483149.5292968750
52847017.9041031003 2975850.6289062500
51296205.8683682829 2836495.5371093750
50978242.4804992676 2776087.3007812500
50829968.1723212227 2716115.2734375000
52815054.2076620460 2973562.2929687500
50780780.7779855654 2692834.5136718750
50744915.8190538436 2667275.4433593750
51296207.1251804680 2839180.2949218750
51624560.1680210680 2881358.8125000000
50575542.5107292682 2466071.4062500000
50772606.6783397421 2685294.4179687500
57704113.4172930345 3051928.8105468750
51310488.3953064233 2841823.3378906250
51801798.0056234449 2901036.7675781250
50821582.0557999238 2714100.9179687500
51545529.9609512836 2873203.0917968750
50658181.9852326363 2605429.7304687500
51631030.8154853135 2883231.4648437500
50586395.6356949657 2495108.6992187500
56520371.3333402127 3051921.9472656250
50592183.4076862931 2507104.7734375000
51584265.5234409869 2877463.0253906250
51568032.1672085375 2876195.2089843750
50816059.1298462674 2711121.6367187500
50833887.9120647833 2716842.9042968750
50969874.6537872702 2773888.1425781250
50804050.9157168195 2706444.8925781250
50576431.3150686920 2472694.9531250000
50578283.6473316029 2475162.5722656250
50737593.1960874423 2663479.3964843750
50981558.4269068539 2776955.4433593750
50693220.0916420594 2637403.9121093750
50728644.2252440900 2659156.4628906250
50719216.0452237502 2654538.9628906250
50689751.9829132631 2635141.8828125000
81563010.5510776788 3062977.7011718750
50688791.6573797539 2633962.6640625000
81838351.0695005953 3062982.2265625000
50690256.8144123256 2636702.1015625000
81970827.9579115361 3062983.7421875000
80872345.5934572071 3062977.4785156250
50816982.4263218865 2711755.6738281250
50614670.8285496160 2541110.2812500000
50615361.5665531307 2544751.1718750000
82372192.5692663342 3062990.0585937500
50615409.6306991726 2545725.3339843750
80460016.5453370512 3062973.0429687500
80649755.8649225980 3062974.1894531250
82394081.9453791231 3062994.2773437500
50845366.5235850662 2721392.0175781250
50573916.3693555892 2462307.8378906250
50609566.5989121273 2538743.6425781250
50617175.7204404399 2546834.8085937500
50839856.7307512239 2719811.1015625000
50618882.6485708281 2547081.1757812500
50635940.0796760619 2562053.9121093750
50626450.2758762538 2554533.2363281250
50573088.4739504382 2454148.1972656250
50953170.4805837274 2766395.2968750000
50596720.2641425207 2517317.8007812500
50864100.9654541910 2727743.2500000000
50591090.1371222213 2505695.7890625000
50624866.7046264708 2552872.2128906250
50580401.2367023975 2481132.6367187500
79393628.7673416883 3062823.3750000000
50584032.3128412664 2489369.8632812500
80160151.7649184912 3062829.4785156250
79480663.7058953643 3062826.2871093750
50579081.7651316375 2477104.7773437500
80183361.7574302256 3062847.7636718750
78991212.8880242258 3062813.5605468750
50583499.3517502472 2486587.9257812500
78255259.0363817066 3062744.2343750000
50587657.0954840556 2497767.8671875000
77539624.1667783260 3062737.5429687500
50583568.4367357716 2488997.2929687500
76130262.5299239606 3062704.3867187500
75134860.8284060061 3062682.9980468750
75397231.4593382031 3062694.7597656250
74738540.2751243711 3062634.4531250000
76348212.2319245636 3062718.4472656250
74815873.1749729365 3062654.7558593750
74023877.3943615705 3062623.9062500000
75141159.8228050321 3062686.8320312500
73746957.0306167305 3062579.8359375000
74448446.7185501158 3062624.4785156250
71880290.1165923029 3062544.7597656250
73626854.2658923417 3062561.6757812500
71492135.8571933657 3062538.9667968750
70528671.7121715844 3062308.9726562500
70432095.1573804170 3061523.1191406250
69041923.9512515217 3059694.1718750000
69876489.0943350196 3060255.9531250000
69080789.3558612317 3059709.4082031250
68933802.9662624151 3059289.3027343750
68604758.5331471562 3054399.2246093750
