54168211.8744153529 3039665.1855468750
50659217.4358023629 2601201.1015625000
51095410.6500896066 2799782.0058593750
50610954.1196143553 2531860.5351562500
50613336.0415271744 2532762.1718750000
51052584.6551717520 2791830.5195312500
51799273.9750196114 2916696.0253906250
53529702.7384973913 3020986.4531250000
59061951.0859577358 3062136.7363281250
54867680.8711057752 3049389.5039062500
50663038.8265645653 2602656.7324218750
51596291.6635908484 2894402.9316406250
53302551.4392133355 3011037.0625000000
51246514.4861274660 2831123.4296875000
51290471.9243201688 2845871.2207031250
52950373.4928575754 2996959.3476562500
53235965.2614585310 3008671.7968750000
53198308.5496799648 3007932.8574218750
51095945.4272558093 2803098.0429687500
51108234.9724758267 2805770.7011718750
52398116.4860392585 2963619.1484375000
50655352.7682062164 2595697.9433593750
50979059.9122710824 2776930.0019531250
51256977.5141509101 2833646.9003906250
51802723.9271718413 2918648.1406250000
51648342.4951560646 2900523.9570312500
59049599.5495113432 3061936.0781250000
51713735.2920651212 2908378.8398437500
50744877.9641640633 2655086.6152343750
51568499.1702012420 2892946.4199218750
51634150.8357210308 2899141.2382812500
51055776.0306124538 2795728.6972656250
50708474.2968512699 2641572.1113281250
50845522.6057174727 2714262.2734375000
51259256.5349690393 2843620.2773437500
50768195.6553849429 2668978.6308593750
52344461.3292450085 2962033.8613281250
52977720.5575964376 2997964.8828125000
53277949.0477877557 3008694.3164062500
50858459.4878526255 2726574.7792968750
51537911.9833176434 2889858.0117187500
51838636.3752197921 2920272.6132812500
56033964.4304619208 3058039.4570312500
59076764.6312421337 3062138.7246093750
51025614.0091641247 2789409.2910156250
50627829.7678204104 2548180.5507812500
51010894.8055938184 2787873.8242187500
59467489.1431975365 3062177.5800781250
50882422.0104542971 2732757.4375000000
50986376.5803020149 2779640.4902343750
52214289.6198300049 2953929.9589843750
60189656.2010621279 3062318.7070312500
87285559.2606928051 3063131.4863281250
57871637.9505497217 3061579.8046875000
51684364.9659479707 2907566.4492187500
51031077.7130057067 2790717.6093750000
57692955.9793803841 3061550.6855468750
50941105.7540031672 2760165.2636718750
50746531.3817949072 2663524.6621093750
51674509.8377605230 2905728.4941406250
51503375.0093656406 2879646.8613281250
58176013.2114528194 3061615.4160156250
58861653.3924613819 3061925.7734375000
51318948.1881136596 2852869.7246093750
52435167.6151406541 2965420.9199218750
56732088.3126875386 3060634.3574218750
59530022.5528904721 3062250.2753906250
50925920.0779688954 2753902.9062500000
50782760.0477157161 2675251.5722656250
56483724.9146743193 3060295.5917968750
51779489.3470239863 2916472.6484375000
55030969.9884717837 3051086.8457031250
59526797.5090879798 3062215.2734375000
50647276.0211238712 2584930.3339843750
52747925.1106436104 2986326.8203125000
56101014.3146387339 3058722.5039062500
59082085.0725321770 3062140.2480468750
51013681.0055886805 2787986.4375000000
52582631.9130607769 2978285.5390625000
58105440.3632018715 3061601.4179687500
58378267.6031735912 3061878.8378906250
51514913.7343486771 2885312.0878906250
50842929.9302410111 2709750.5898437500
50707723.3291325346 2641345.1660156250
51749121.8105542213 2913802.8085937500
50781247.5653003827 2671801.9511718750
51080431.7131427228 2799717.2460937500
50731473.2415720075 2654361.8242187500
52923939.0662772581 2996947.5449218750
53830504.1335535049 3031069.4062500000
58275684.3456026688 3061812.0957031250
51660097.2469174117 2905592.1894531250
50767327.4093497097 2666770.7910156250
50684025.9279693365 2620263.4589843750
50753692.7593806908 2664758.2753906250
52698100.2012477964 2984292.0957031250
53002584.5964044258 3000362.6308593750
50994762.8964185417 2782041.8183593750
50876190.9468251169 2729446.8750000000
50949192.6349793971 2762587.8886718750
51329667.5030956194 2855766.3886718750
50871203.7813920379 2727745.6796875000
57511936.3305517361 3061343.8046875000
50606004.6118680015 2525551.5253906250
53357560.8467086852 3015572.3496093750
50843267.0847944394 2711494.1699218750
56598569.6022314876 3060473.4042968750
50846093.7026444450 2720638.7773437500
88433732.7913295627 3063142.2753906250
54149021.3132557571 3039507.3906250000
56412767.8499616012 3060219.2519531250
51350906.6483909190 2861036.3925781250
56200849.9720279053 3058787.4492187500
50723152.2479604781 2651042.3730468750
50903743.1710146517 2740999.2089843750
52127731.0135386810 2946612.7851562500
53119496.7159491777 3004249.5214843750
52759466.2026375756 2987290.1289062500
52793034.0172057003 2989311.6933593750
51345656.5191585720 2860199.8652343750
50690287.9366982058 2625259.2539062500
52821963.2245047092 2991615.0429687500
57285901.0035829172 3061192.3281250000
51994923.1881203204 2935568.7890625000
52909777.0057417154 2995891.3164062500
50652963.2555083260 2587947.6875000000
51292055.2229890078 2848582.1835937500
50715296.5143976584 2641929.5722656250
52975073.2896653563 2997385.2910156250
50889163.1443820447 2738870.9863281250
50913770.5443731770 2749130.4648437500
52844529.5578723550 2992286.6308593750
87404943.6038906574 3063132.9824218750
50908729.9523908943 2748464.5429687500
51433832.6651303321 2873958.7792968750
57066549.8358097523 3060941.0527343750
50905379.5958445966 2746943.8417968750
55731751.5679193214 3056067.0000000000
50688179.5119388402 2621486.3593750000
50701587.4579408690 2635735.2753906250
50715743.0622861311 2642578.1835937500
51546219.7202102169 2890249.0097656250
54201093.7735035345 3040392.0429687500
50601440.5542147979 2518352.3320312500
50699943.5188663602 2631163.1425781250
50617652.0456539169 2542226.9921875000
50702390.0064060315 2637477.4101562500
52833577.6277428493 2992269.1152343750
61091627.2624412626 3062450.6738281250
50644100.6176506057 2580849.4414062500
51191886.5356604829 2823212.5664062500
51911405.6956906468 2922881.2109375000
53679490.1184251159 3026348.6308593750
53686934.6877582818 3027444.0722656250
50917745.3810527772 2752879.8437500000
53940782.7434386835 3035496.0996093750
54958501.0299296677 3050600.4824218750
51470375.1944837198 2879087.6914062500
50677349.9809704795 2613130.0371093750
53781392.8633619025 3030521.5898437500
53911016.8923856169 3034213.0507812500
51456259.8445516899 2877156.0449218750
50632561.8847967908 2552440.5156250000
50984383.1473899931 2777657.2714843750
50939028.1209997833 2756629.9433593750
51371482.9108259752 2864072.2050781250
61338313.6692999750 3062452.1210937500
51443971.1984500214 2876476.1953125000
54447445.2497140542 3043132.3496093750
53446949.6572251096 3018285.3769531250
50971260.2112654448 2770821.1035156250
56139648.0886601284 3058728.2285156250
50957939.9372294992 2768379.8789062500
50959702.5329068303 2770297.3515625000
50615566.3042545989 2537882.4335937500
52036058.5456563681 2939040.9355468750
51398400.9370108768 2868679.4472656250
86516940.0943429768 3063125.8496093750
87070591.8288859725 3063125.8652343750
51622493.6789232194 2896385.2109375000
61427194.2698092535 3062541.0078125000
50600034.2937810495 2508758.5546875000
51407245.6693187058 2868960.3535156250
50696151.0382362604 2627013.5507812500
50797709.8302863613 2684722.0742187500
50684386.4222938716 2621171.0175781250
51934527.9649069682 2927914.1875000000
51983619.0860718712 2934954.1796875000
86100998.9481555820 3063106.0097656250
57180396.9968079403 3060983.0468750000
50608988.4129735753 2530286.6445312500
51222022.2620743215 2828973.6210937500
57212149.3956301063 3061016.9375000000
87783374.3551075161 3063142.0371093750
50596020.9055288061 2507590.5117187500
51311426.2419629991 2850121.5273437500
54152754.6046668291 3039612.5566406250
53774530.0158640593 3030517.2226562500
86003991.3007338941 3063103.5312500000
85708286.2413288057 3063099.8203125000
50638686.3379847705 2552791.5957031250
51232790.6156791151 2829200.6074218750
60782020.3518008366 3062439.8925781250
86184547.9601183832 3063121.3417968750
50596660.6503989324 2508086.5449218750
60762485.4213852212 3062438.6972656250
57029297.7301680893 3060923.0292968750
50813255.9290234670 2691076.3007812500
53933587.6005256474 3035233.5781250000
52613601.8903730437 2980491.5136718750
52504914.9412552267 2973165.5800781250
54819028.0114037991 3048739.8789062500
50604097.0504726842 2523814.4218750000
50617541.7551346645 2538113.3203125000
85361461.6658043861 3063098.9570312500
87143280.1464685202 3063131.2460937500
53031404.1488430128 3000442.8984375000
50672417.4369167536 2606644.4355468750
85781648.8474678695 3063100.7382812500
85315219.2830877304 3063093.6406250000
87119364.5111300349 3063131.1679687500
50682789.3030412570 2615221.0820312500
54096170.4738258198 3037848.0820312500
51738954.1940694675 2909576.7714843750
52271534.9671750814 2956857.0839843750
50605597.3437992558 2525110.5351562500
52847524.1179349646 2992606.7167968750
51326466.8669417799 2853577.1855468750
50600648.7610071227 2514980.3066406250
50837050.1006117463 2704956.9765625000
50827947.4294652417 2702046.8652343750
51257862.1024864241 2837474.0781250000
50821479.4443991631 2699946.6503906250
52487432.7678032070 2971634.6289062500
51205129.4390649498 2826925.7109375000
50800877.1442590430 2686684.9335937500
50594157.1803962663 2504942.6132812500
51225300.6385796592 2829080.5371093750
50815939.1294039413 2698024.0410156250
50600494.4312228113 2510902.1269531250
50591712.0676067993 2498002.8945312500
50823263.4411140606 2700134.9199218750
50589469.7798692733 2490568.2167968750
51738936.5756083205 2909573.5917968750
53652694.4099668935 3024731.5097656250
50806748.8338027298 2690399.7128906250
50589054.1925308332 2483252.0644531250
52866340.5853907242 2993171.3808593750
54373715.9816108420 3041280.8652343750
52764348.9218926430 2988489.2167968750
85229801.7387700379 3063084.6621093750
84197792.1756537557 3063067.4726562500
84628569.4239714146 3063075.8710937500
54405279.3190813512 3041560.8515625000
84189586.2817395926 3063033.5937500000
54503655.3181736395 3044120.2988281250
50805274.2768857926 2688171.3769531250
51941197.6431508511 2930298.8222656250
52375901.6452296004 2962577.0996093750
50671185.4479338601 2604393.3828125000
54536986.0351131856 3045066.5507812500
52450594.2990836129 2969615.9433593750
84030565.4241890907 3063033.0839843750
83804527.1659131050 3063032.3320312500
50834788.0433280468 2704213.6953125000
55400713.6323145926 3053241.5351562500
51164703.9086174443 2814319.1718750000
53642577.0590109229 3024464.8417968750
53634506.0220060647 3023953.3750000000
51181130.7257960960 2815882.4824218750
52166807.3612857312 2947589.3906250000
54599742.8133269399 3045225.0976562500
54782093.0410906672 3047183.9277343750
52165187.4974883199 2946926.7578125000
52291577.9922274575 2956908.8046875000
82615252.2479663789 3063020.5371093750
52183781.9458896369 2950490.8808593750
52101438.2044670656 2944034.0800781250
54763691.8545556441 3047183.1542968750
81902854.2512212247 3063004.6933593750
83596179.7660116404 3063027.3222656250
51191639.9202696607 2818630.8750000000
83494538.7133940607 3063023.0898437500
51184610.1152827367 2816977.8398437500
51915374.4984584376 2926141.5898437500
81829193.2965941578 3062997.5898437500
50639660.7510303780 2558921.5097656250
80566109.9028501064 3062992.7109375000
80521855.1574603170 3062975.8027343750
82226801.6227310896 3063010.5195312500
51149644.5886308849 2808079.1757812500
80512594.2550316155 3062960.4804687500
79968351.7951460779 3062905.0390625000
80105495.0841520280 3062906.8867187500
78140986.0394338816 3062884.4570312500
79946408.6781078875 3062897.8007812500
76691305.9415192753 3062611.4648437500
76365521.5880485475 3062544.0156250000
77891918.1434675306 3062635.0273437500
77905668.3425768912 3062686.1191406250
