52263096.6968384087 2924113.8886718750
50687937.3092459813 2615133.9218750000
50703422.0223520324 2624514.3105468750
50698061.8163758442 2620488.4609375000
50705750.9349915907 2632691.1621093750
50924839.0618444383 2741657.2558593750
50878607.0999174416 2730655.3847656250
50913203.2741866410 2739516.5078125000
51105665.7792095095 2790034.3339843750
51025684.9842712283 2775376.0117187500
51018493.5583821684 2774161.8945312500
51226357.6239927411 2806745.1757812500
51477327.3205167800 2850175.9218750000
52173476.3681414872 2923537.0097656250
52290287.4266986400 2924727.0976562500
51917786.2452083081 2900626.7929687500
52079102.0855538547 2914665.6250000000
55484628.9402906522 3033291.8183593750
56111619.3232784048 3037214.1835937500
78255259.0363817066 3062744.2343750000
50696523.8383633569 2617648.3535156250
50728330.2173141241 2635976.8378906250
51077513.5143522173 2783067.4648437500
51262232.4458406866 2813250.0000000000
51449262.3738303781 2841785.4121093750
52274475.7389576584 2924458.7714843750
52040309.3222254515 2910559.5156250000
52790822.1030082107 2956917.8281250000
52399557.9560599178 2933495.2421875000
52069169.9260830730 2914545.2734375000
53039768.3599202931 2957930.3417968750
50979204.0696170479 2757901.8496093750
50918199.1979470253 2740635.0761718750
50976483.1918929964 2757892.6171875000
52042112.8690902591 2914510.6289062500
52123477.0601028949 2919493.7421875000
52049574.7851102948 2914518.7832031250
52585498.3514341563 2948841.7636718750
52646860.1464165002 2949441.7011718750
55990541.4535986409 3034270.1718750000
50587657.0954840556 2497767.8671875000
50661280.0232359618 2584150.8710937500
50931347.7000684887 2745520.4667968750
50935975.8923888355 2746202.8710937500
51068837.6285154074 2779697.9570312500
52749896.2993270904 2954990.3027343750
52504300.4295774996 2943941.3789062500
52585195.7962723523 2946377.9375000000
55101900.5437049493 3026316.3085937500
52457055.7833801955 2936544.9667968750
52691454.5040980875 2949532.8300781250
50950495.0793800801 2754103.0390625000
50891763.7559752166 2737835.0371093750
51000439.4420490414 2764438.7050781250
51781654.6379874796 2882898.3203125000
52501628.9083645344 2943935.7109375000
53613407.3573665693 2985571.7832031250
53404129.3942135945 2978909.1113281250
54137220.9380340576 3006895.4140625000
77539624.1667783260 3062737.5429687500
51047137.0288491696 2777852.6679687500
50580508.0538234115 2470010.5839843750
50826229.2863705084 2699934.8183593750
50986262.4080895483 2760801.2070312500
51001327.9877309352 2769897.9277343750
51507647.1172982901 2852371.0566406250
54338932.9007881507 3015502.4609375000
54515461.1846310124 3017163.0625000000
55866618.7274706289 3033305.9218750000
56367558.9053879306 3039079.4492187500
50590263.5784306526 2498434.1699218750
50723875.0809809417 2634354.5097656250
50702266.1751618981 2620968.3183593750
50927204.6038626581 2743625.9980468750
50969772.7875707150 2757692.6269531250
51607073.7632880956 2865118.9238281250
51875336.7872063965 2891892.8417968750
55269795.5417264998 3026467.1582031250
55480794.5914747640 3033068.2148437500
50613784.1112140343 2530311.6601562500
50677467.4548275173 2610190.1250000000
50667140.1739397272 2597509.4394531250
50784945.7723864391 2676848.4492187500
51226506.7084098011 2809084.3593750000
54202520.7647880614 3008271.9531250000
50735522.9228250682 2642595.3378906250
50598451.6894726455 2513856.9785156250
50595124.1807005033 2510186.9453125000
50673687.8489637375 2605781.8652343750
50824956.6687779650 2699268.0546875000
50993107.3538315147 2762493.7988281250
50981735.0494631380 2758426.5605468750
51469038.5802823156 2850113.4003906250
55988126.2526502758 3033451.0722656250
50606913.5331400260 2525021.0605468750
52167357.6283400655 2920299.7441406250
54009575.2605674565 2999495.5097656250
55275903.8212535754 3027789.7500000000
54547005.8211118877 3019237.2929687500
52008298.1643086970 2908252.1386718750
52349938.8039344400 2929252.3007812500
53670399.0771556571 2987112.1035156250
53449514.6172617674 2979124.9296875000
54335588.8233597204 3013911.4843750000
51479646.1177281886 2851700.9960937500
53490675.5160659775 2983303.4335937500
54744253.5449815765 3020722.3164062500
50864144.1904365122 2719238.0312500000
50937283.9702355117 2750708.0156250000
50859450.8140811026 2712952.4570312500
51285754.5487491041 2819958.9570312500
51722619.3055124283 2877181.6328125000
54367210.9500294104 3015979.4531250000
54985021.3375519663 3025397.0449218750
50583568.4367357716 2488997.2929687500
50581551.1755484492 2475184.0468750000
50817986.5458401963 2698773.2792968750
50864155.2768469825 2719328.6738281250
50888533.1547316611 2733430.1035156250
50877043.7556079477 2723148.4687500000
51852724.2281579673 2890339.5273437500
52392094.6875229776 2932140.6191406250
50625534.4098936319 2540636.7011718750
50672551.3945915326 2600060.8476562500
50863611.9072152078 2718800.7089843750
51905600.4793664962 2897387.6523437500
52291500.9700729549 2926270.3046875000
52298697.2570656091 2929064.7949218750
54769411.6943891793 3020807.7285156250
54561720.1956591681 3020599.8984375000
55403684.0771365985 3029274.9570312500
50886125.3444944918 2731703.2929687500
50784072.5527674034 2675956.8535156250
54972709.4469020069 3024449.3203125000
76130262.5299239606 3062704.3867187500
75134860.8284060061 3062682.9980468750
50849175.6981103197 2711605.9960937500
54219594.9393835589 3009046.0742187500
51987693.0066437721 2907475.1152343750
52425357.1349517554 2933726.0585937500
51957652.6548152417 2904018.1113281250
50814254.5943724290 2696530.4648437500
51960557.2001489401 2905084.6132812500
54253925.3671033755 3013027.3945312500
54088946.7601647153 3002020.0722656250
75397231.4593382031 3062694.7597656250
52118465.2921529114 2916850.5976562500
52362169.1307799071 2930383.4687500000
50847964.6512482166 2708406.3359375000
51939495.9321843982 2902497.7246093750
51796800.5829141885 2887787.2949218750
51542521.6254245937 2856557.4433593750
51653286.8641848415 2873023.5429687500
51616682.8883915842 2865714.4941406250
51727385.8118522316 2880148.7812500000
74738540.2751243711 3062634.4531250000
51583479.0410315990 2861690.9804687500
54051106.6540723816 2999888.2695312500
76348212.2319245636 3062718.4472656250
50872772.9096417427 2722117.2363281250
51143977.1263232380 2793800.7871093750
51694984.8925383240 2876406.2695312500
53735383.5288807452 2991663.8105468750
53804552.6696200222 2993557.5957031250
51145426.4440735877 2796419.1835937500
50867427.6805692464 2721782.0625000000
51186070.0158558637 2801155.1093750000
51145560.3640717119 2796850.9375000000
53914299.6302843317 2995110.5019531250
50615255.4576207399 2535415.6074218750
54084975.1324060932 3000352.7480468750
57003253.3996011317 3042359.8398437500
74815873.1749729365 3062654.7558593750
53963863.4660313129 2997912.4570312500
50773441.0296272114 2667733.3222656250
51132139.6506659240 2792342.7929687500
53770559.3709633723 2992760.5585937500
57117555.3802697882 3042857.1191406250
74023877.3943615705 3062623.9062500000
56857449.3085178882 3042286.8339843750
50672639.2926128283 2600185.6347656250
50845232.6696621478 2704717.3320312500
51594118.8188031539 2861990.8203125000
51523129.5175235569 2855431.4433593750
75141159.8228050321 3062686.8320312500
50659295.8848254979 2581157.2753906250
50647931.6104429588 2566544.3457031250
50773184.7592661306 2665316.3535156250
51169819.5628918409 2800310.9531250000
51675919.8068065792 2873892.0507812500
50657249.0812592730 2580543.3085937500
50809185.9867660478 2693823.5546875000
51635649.4659753293 2866423.8281250000
53339317.2447593808 2971229.6640625000
50592339.0703342706 2505081.6328125000
50649868.9435785189 2574818.0585937500
50651957.9390947893 2576803.2988281250
51142578.0428799093 2792517.6445312500
51543458.5507790595 2856604.7304687500
51215183.9446159452 2805814.2089843750
50630645.9827546254 2543397.6875000000
50614450.8701598942 2530959.0605468750
50800677.5982798859 2688521.9140625000
51123634.7616151124 2792227.9687500000
50611768.0295824707 2529445.7753906250
51550546.1695236415 2860779.1523437500
50665572.5906260759 2584870.8320312500
51219263.1938807070 2806651.9843750000
73746957.0306167305 3062579.8359375000
74448446.7185501158 3062624.4785156250
50793455.7320895568 2683970.9746093750
53207776.1638651490 2963763.2636718750
50590536.7520902827 2501106.7324218750
50605102.9330204353 2520160.5175781250
53189528.2643170506 2963543.9511718750
56841878.7830718458 3039303.7890625000
53305950.2716921121 2970620.4960937500
71880290.1165923029 3062544.7597656250
73626854.2658923417 3062561.6757812500
50598164.6978271678 2511999.0722656250
50601012.3119941652 2517750.0800781250
51269117.7014107555 2815085.3105468750
51462289.7183110118 2845080.4394531250
50761481.1225836650 2649652.0605468750
56613453.2130973414 3039187.5390625000
51525578.1870160252 2855893.5761718750
71492135.8571933657 3062538.9667968750
50591539.8061785325 2502199.9023437500
50620369.4376071095 2540188.2851562500
50788687.8773459420 2681585.5605468750
50775484.9700055346 2669953.2402343750
50805575.1596432105 2691998.1406250000
53289243.9805417061 2968078.8808593750
50662183.2432609200 2584354.8476562500
50638570.2483429387 2556530.2011718750
50653678.3542101011 2579736.0878906250
57448758.1903226748 3043240.7460937500
50583044.7260614187 2478747.6191406250
51359220.1569707692 2829603.4492187500
51413198.5971461087 2839895.9316406250
53134766.4099414200 2962927.2500000000
50606191.2083151117 2520744.9843750000
50618689.8685482144 2535774.9394531250
50813600.2958559766 2696069.3359375000
51324692.8656459898 2822785.1054687500
50586496.0385472253 2494190.5683593750
50836414.2452911586 2703248.7050781250
51311492.3486067653 2822449.6289062500
51431531.5159859508 2840291.3652343750
53128872.4898673147 2962053.4257812500
57623539.5027566776 3043768.1484375000
70528671.7121715844 3062308.9726562500
50625609.3834686130 2542856.4570312500
70432095.1573804170 3061523.1191406250
50600142.0840373859 2515892.5585937500
50609721.2260162383 2528517.7851562500
50802430.8196181729 2689924.0136718750
51383879.7712788880 2833602.6406250000
51412466.4302542061 2838930.1484375000
53111324.2985579073 2961057.8574218750
56729019.1237224713 3039293.9765625000
50632314.1586502567 2550928.4414062500
51359993.6595128626 2830590.5410156250
51410629.6946815997 2836691.1347656250
50785459.0499667004 2678087.9628906250
50787208.4822215810 2679676.3417968750
50827335.4999403954 2700799.3535156250
50806741.1383920684 2693085.6269531250
53214836.7354882434 2964221.0214843750
50604492.7478966489 2518501.4003906250
50594520.7313833162 2507698.7246093750
53255408.8928150088 2967442.8222656250
51334697.3852310628 2825972.4394531250
53384438.3461115062 2972197.9394531250
50637956.9123557881 2556377.4570312500
51303194.9678104669 2821610.8554687500
57331703.8190377504 3043190.4980468750
50643081.2087183297 2560980.3652343750
50632432.9971274585 2553242.6269531250
50644505.1282885149 2565053.3652343750
50633791.1324212551 2554711.2070312500
51328936.4025256634 2824210.8769531250
50641524.1853965372 2560370.8398437500
50626021.0673167259 2543100.9160156250
50772773.1271767989 2655547.8652343750
69041923.9512515217 3059694.1718750000
69876489.0943350196 3060255.9531250000
69080789.3558612317 3059709.4082031250
68933802.9662624151 3059289.3027343750
50757946.9925444797 2643870.7753906250
50760732.1029107124 2643979.3945312500
68604758.5331471562 3054399.2246093750
68385704.6230126023 3051832.8085937500
68222387.0836244524 3048403.8085937500
68248982.7768638581 3049042.1191406250
68173684.8628464490 3048278.7167968750
67679430.7175216973 3047897.4628906250
68183539.1610401720 3048366.8828125000
67480316.0710126460 3044451.9433593750
