54958801.0203358084 3049597.1582031250
52035101.1820035055 2936879.3515625000
51669210.9466572404 2896525.8281250000
52573099.2613867819 2973851.4394531250
53622457.5669089928 3022565.7597656250
51349710.7157822028 2841438.1035156250
51583867.9151165336 2886207.7636718750
52461546.2292131186 2969633.4589843750
54733167.8483901620 3046120.3378906250
53720445.1445142329 3026252.5292968750
53458415.8152497783 3017437.7675781250
54260357.8406879231 3036534.4335937500
53987534.3038049489 3032293.5410156250
55231205.3511627167 3052309.9589843750
56094710.1001185998 3055502.1582031250
59943854.0104795322 3062011.5156250000
51941197.6431508511 2930298.8222656250
52375901.6452296004 2962577.0996093750
56498727.3906081170 3059126.0683593750
50671185.4479338601 2604393.3828125000
51635348.6301201284 2891778.9609375000
51430843.9550159425 2863300.3867187500
52407619.0931525528 2965025.0976562500
56528515.7661449909 3059147.9414062500
50610426.2105892748 2517139.3320312500
53766265.2839393020 3028503.6835937500
54536986.0351131856 3045066.5507812500
51570810.4119601175 2884758.5273437500
51645499.1993753016 2892704.8066406250
51976693.6306778714 2930922.0175781250
52450594.2990836129 2969615.9433593750
51534047.7004798800 2883664.1679687500
51652333.5789193511 2893302.4648437500
51660258.1982292980 2896417.5800781250
52997094.3254240826 2994277.9550781250
56541868.0134592652 3059203.8554687500
57941280.1815698594 3061256.7949218750
84030565.4241890907 3063033.0839843750
52585803.8319838569 2975932.5781250000
83804527.1659131050 3063032.3320312500
57463600.3497463316 3060325.1484375000
59384974.4399304911 3061916.6425781250
54689007.2473323718 3045664.3593750000
51140544.4395324737 2807089.5800781250
51494426.3973902762 2873816.6328125000
51604479.4910338372 2888311.0449218750
56159609.1302348599 3057801.4492187500
59616998.7843146548 3061928.1171875000
58138258.9672449902 3061276.4492187500
52707137.9828184098 2983271.6035156250
52654052.2069036439 2981173.9980468750
51488731.2410054356 2871502.4628906250
53095547.8918192461 3001329.3867187500
58227275.3896101043 3061291.0566406250
51440578.9770668596 2864866.1835937500
51586191.4670694321 2887822.6191406250
51683814.2589676455 2898885.3886718750
52819753.7349984646 2986862.5410156250
52603412.4991388172 2978316.9863281250
52791216.3972054422 2986724.5546875000
58475504.4469511881 3061354.0195312500
59727166.4975779131 3061958.7304687500
50597224.2028696314 2504137.6093750000
50834788.0433280468 2704213.6953125000
50934786.3446412832 2746120.6230468750
50591088.3145454600 2481492.4160156250
52765275.3526365310 2984603.7695312500
52619694.6999503747 2980166.0859375000
59321549.9305508137 3061908.3164062500
50663045.6728754565 2589913.6660156250
51517865.4008556977 2878691.8144531250
53039878.6809263974 3000065.6640625000
56246825.4189373553 3058483.8105468750
58335419.9447124898 3061319.9980468750
50602489.9101472721 2516198.3652343750
50681455.7065042183 2610982.3847656250
51507376.2411563471 2873960.8183593750
51217772.5216049552 2824297.4550781250
52930061.0426492319 2993267.8281250000
50596306.1069445685 2503174.2460937500
55400713.6323145926 3053241.5351562500
50909963.2177304626 2739241.1875000000
53411360.3101343662 3014314.0781250000
56126855.2476798892 3056874.1757812500
58978083.5297195613 3061639.7265625000
51064027.1725735441 2788446.3222656250
51164703.9086174443 2814319.1718750000
51836832.9393967763 2916370.5839843750
52644181.8767174631 2980293.0644531250
51470626.7208614424 2870970.4902343750
58735420.0839131922 3061620.0000000000
59123026.3704461008 3061701.6269531250
51617059.5918903053 2891328.3476562500
53642577.0590109229 3024464.8417968750
54863229.2309642285 3049468.0156250000
58564041.3719048426 3061598.4277343750
50936275.4465970099 2750687.0175781250
52837830.4192230925 2989765.0390625000
52350191.3534004465 2961059.3808593750
53634506.0220060647 3023953.3750000000
51528802.3212247640 2880116.4062500000
57673268.0354380906 3060806.9335937500
50808522.5526022315 2685069.8750000000
51326921.3763889074 2840069.6054687500
51229916.3017056435 2826337.0019531250
51542357.3164059967 2884326.4335937500
52633229.9465879574 2980275.3574218750
50920779.7617804110 2739262.0000000000
51181130.7257960960 2815882.4824218750
52844003.9190546498 2990461.4492187500
52715492.3637297228 2984328.2558593750
51046650.7299628034 2784522.7656250000
52166807.3612857312 2947589.3906250000
52844794.0306970850 2990500.7558593750
57921129.3426965922 3061250.8203125000
50707090.7953718379 2621326.5507812500
51256376.9117957875 2832152.7734375000
51330835.4394862279 2841300.4453125000
52695546.4907569885 2982248.5351562500
54506990.8393394649 3043367.4003906250
54599742.8133269399 3045225.0976562500
50829149.3460731059 2700199.6445312500
54782093.0410906672 3047183.9277343750
50663070.1273073331 2595647.1308593750
55333941.5148083344 3052596.5761718750
50701410.2516306415 2618939.7773437500
51725759.4035627097 2901162.3554687500
53899828.3977143392 3032159.9765625000
54450560.9781252146 3041054.3437500000
52165187.4974883199 2946926.7578125000
52275452.0613845736 2955271.5742187500
50651021.3295430467 2581041.3046875000
52291577.9922274575 2956908.8046875000
50829168.3773091063 2701433.7675781250
51192525.3478634059 2818999.0488281250
50593111.6358828470 2491847.5644531250
50601942.6694829240 2512608.7109375000
50856042.7749298066 2713855.9707031250
50973010.9981721491 2758831.6035156250
82615252.2479663789 3063020.5371093750
50601655.0692457631 2511726.7558593750
51001826.0582510531 2769680.5820312500
51209597.8246888369 2823973.5664062500
52183781.9458896369 2950490.8808593750
52140312.8766965866 2946344.3378906250
52101438.2044670656 2944034.0800781250
50615478.8711642474 2527911.9824218750
50696841.6068369076 2613467.9960937500
55895508.1945756227 3055483.8964843750
56743853.8933397010 3059863.4199218750
50833361.6496846899 2701472.2539062500
54763691.8545556441 3047183.1542968750
50945168.7260755599 2755202.3164062500
50997361.7145359814 2765440.0605468750
50844223.1785390526 2707068.4960937500
51415911.1049679369 2854258.9101562500
50907722.4064835310 2735613.7695312500
51428004.8501403630 2854775.8515625000
50656811.0893865600 2589187.7714843750
51429267.5968881473 2858231.8261718750
50749650.8561473414 2645853.1835937500
51706519.0722471923 2900218.5625000000
50880629.9076866359 2727613.8710937500
51310856.1034464985 2838164.9511718750
50940442.3355395198 2750926.4765625000
57472755.9339722916 3060576.5937500000
54739744.3923948109 3046239.9375000000
52004571.7818102166 2935056.7031250000
54852277.3008347228 3049459.5136718750
57784528.1155378595 3060989.4355468750
50649260.1991132051 2571549.1699218750
50601542.7627292499 2504903.9101562500
50875961.8704577982 2724301.9980468750
50961632.8103647828 2758346.0136718750
52823692.3412744105 2988011.6054687500
50927916.6459008753 2743754.3925781250
53006579.6989353895 2996568.9804687500
50726465.3917559758 2634996.4140625000
50624536.7462755069 2532489.2500000000
52553798.7406008765 2973565.2773437500
50606181.3855087608 2516658.3476562500
51254352.8698195517 2831044.2617187500
51457734.6957808882 2866322.9101562500
57262215.7614733055 3060220.2656250000
53374495.8455012590 3010132.5820312500
57637995.4533088803 3060746.7246093750
50746470.2967252955 2641807.5761718750
52506154.8123506755 2970372.8710937500
53613447.4790821299 3021319.7578125000
51038960.9297169447 2779814.6875000000
51835660.8604487106 2916107.5683593750
52002944.7599181160 2934989.8554687500
53560942.0405927077 3020094.5722656250
54479700.5959801748 3043129.7988281250
51293402.5525792688 2835893.3339843750
54819158.5484408885 3047942.3906250000
54822398.6531318501 3048299.5644531250
57841200.2277504057 3061013.5253906250
50734668.5311546400 2636550.2851562500
52902197.8565905839 2991215.0507812500
50861615.2815759778 2719118.7460937500
51415513.4712104872 2849748.8437500000
51767281.4822597578 2909077.3828125000
50715570.3378706798 2625229.8515625000
51085073.2406564951 2794736.1582031250
50888327.6556659937 2730644.1953125000
81902854.2512212247 3063004.6933593750
51096452.0478594676 2797869.9570312500
83596179.7660116404 3063027.3222656250
50713744.0184802711 2623253.2285156250
50646253.3369467929 2570087.1875000000
50873287.2488880157 2722217.6132812500
51015685.5143609717 2771470.9003906250
51075932.3358191997 2792160.2070312500
50636002.6921345294 2550949.3203125000
50869324.2822288275 2721502.0156250000
52766128.4610036612 2985840.1562500000
54076834.7650823221 3033075.3339843750
51741470.9073906094 2905444.8691406250
50861105.1111242622 2718744.4453125000
50990101.7255393863 2763314.7968750000
50761754.8569194600 2645853.8574218750
53272994.2888786644 3007246.4707031250
50721410.9940029755 2632835.9492187500
51133338.6420797780 2804977.8652343750
55646462.4898286611 3053333.1601562500
50855716.4919652045 2712318.8320312500
51682360.9848092347 2897118.5292968750
52037168.3468732610 2937884.5195312500
51892979.4813076556 2923626.7910156250
50614844.2275991663 2522884.1972656250
50702314.4744722322 2619745.3476562500
51191639.9202696607 2818630.8750000000
54650596.8125718608 3045433.6210937500
52054198.0227778479 2938274.7812500000
50614478.8560807481 2520649.8144531250
50700471.4479009286 2617790.9472656250
50593760.7142486945 2494372.1660156250
57115736.3731509224 3060218.6503906250
50857750.6139798313 2717412.5703125000
54729080.2688658834 3045913.9257812500
51802501.9944436029 2912420.9199218750
83494538.7133940607 3063023.0898437500
51032791.9693816304 2775108.2929687500
51184610.1152827367 2816977.8398437500
50899592.6554699689 2733252.1269531250
51915374.4984584376 2926141.5898437500
51138987.5236713067 2805622.5839843750
50823371.9686900526 2693327.3085937500
51735951.9485524595 2901211.6425781250
52247833.0939472094 2953798.1503906250
81829193.2965941578 3062997.5898437500
50930078.2829229608 2745763.5957031250
51851700.2119471282 2918133.7363281250
51864451.9493390471 2919464.3183593750
51853500.0192095414 2919445.4160156250
50909483.9213746339 2738118.9472656250
50639660.7510303780 2558921.5097656250
51019836.9318424389 2771879.1660156250
51799460.9122715294 2910997.2480468750
50645772.7311160639 2566850.4785156250
50994829.7385334820 2763402.8710937500
80566109.9028501064 3062992.7109375000
80521855.1574603170 3062975.8027343750
50627792.6277334243 2538144.1582031250
51064729.6032536998 2788490.7167968750
51041191.9743086547 2780257.2812500000
82226801.6227310896 3063010.5195312500
51383530.0244566500 2844521.6621093750
51353301.9584181830 2842422.5625000000
50630928.5571875945 2547944.7167968750
51052124.1045817807 2785291.3613281250
51149644.5886308849 2808079.1757812500
50629493.6374177560 2545524.0605468750
80512594.2550316155 3062960.4804687500
50795714.2710267305 2671746.7285156250
50798629.5662372410 2676198.5195312500
50800104.4926219583 2676476.8027343750
54285322.6251284927 3037464.7753906250
50804520.5039714426 2680391.7656250000
51407170.1241718829 2846668.2539062500
50822701.5115178972 2689206.7734375000
51069824.3492313325 2789805.2382812500
51121335.2586557046 2802398.5234375000
51109524.0456530824 2799252.3867187500
50813416.2926899642 2686269.5859375000
79968351.7951460779 3062905.0390625000
50793988.3360125199 2653072.8886718750
80105495.0841520280 3062906.8867187500
50789602.4487415552 2652178.0019531250
78140986.0394338816 3062884.4570312500
79946408.6781078875 3062897.8007812500
76691305.9415192753 3062611.4648437500
76365521.5880485475 3062544.0156250000
77891918.1434675306 3062635.0273437500
77905668.3425768912 3062686.1191406250
75999599.0286509842 3062482.7851562500
74741746.3797417432 3062411.9335937500
74949280.2280934453 3062423.9960937500
75602107.2645988464 3062459.0800781250
