162445253.5471287966 6219.7188755274
165695445.3915718496 6939.6416792131
173811371.8186511099 8760.0438880920
152740700.0702391267 3008.5231056904
152625375.2975337505 2934.1588466069
153490904.2494093776 3363.8220025696
153966782.5320967734 3579.0362813498
162915513.1399048269 6247.2142273057
173722782.8211950958 8702.5950355530
173723992.5724467933 8749.3137512207
162667805.4084818065 6222.6312915571
177563917.1208704412 9366.2844085693
162963830.0559552908 6329.7126365900
156607224.0682880878 4476.5042398947
162484619.8190084100 6220.2524925470
176579120.6076071858 9207.6458454132
161027751.2684890032 5819.2031815499
176877504.8387835622 9267.4611206055
153341466.3164393604 3309.9094474359
158239125.2796333134 5010.9765593493
160933999.7598571479 5797.4164109677
165492541.5583864748 6867.1534322953
177055723.5627683103 9283.0535068512
166181321.1892032623 7049.4019088502
158306945.2925683260 5021.1481721997
152030053.0653283894 2573.1830800209
157455413.2148638368 4796.1481915065
162432394.2786826789 6203.3632931579
173528056.2715542614 8687.8502521515
175231189.6234453321 8997.1302566528
174948172.7388497293 8945.1316070557
162890946.8166555166 6233.4146812060
162425435.4622372091 6137.0215908289
162041366.6928961873 6110.7923485041
177886663.8408049047 9381.4229583740
162670757.5839779079 6222.9514540434
172844702.2183995545 8520.7347736359
175705350.6479523480 9075.7993564606
151675877.3434466124 2025.9176995807
165666027.4841527641 6930.8075908876
173266276.8380678594 8605.2534866333
177295315.6153722703 9329.7547912598
151985947.9882732034 2553.7662449574
172573501.7205803096 8485.4575195312
172631665.4807178676 8509.3039722443
157435988.1697364748 4774.8345985957
176016115.0431087613 9124.5051593781
177397884.8672880232 9345.2458724976
153371926.9093832672 3319.8096450241
158029717.8104397953 4995.8406889983
161731955.5674118400 6010.0063727349
161961819.2405418456 6032.2989266366
165624085.8842169642 6921.7839216447
178065573.7767409682 9398.3711471558
161988147.7615728080 6049.5129281359
161625321.5369341969 6000.7318665963
154124680.6061690748 3633.4829533689
161197133.9777852297 5892.8335545510
172460773.4162370265 8477.6076427200
154172384.9481917620 3650.3992379300
161333380.4356234372 5893.5702297477
160734303.6190398335 5743.3755906075
161904191.0330059826 6026.2577777356
162173930.3576811254 6112.4905178336
173267279.8352868259 8608.6206283569
161781335.1616339087 6015.2894514054
161579380.7519545257 5986.3828644454
161593767.9795860648 5998.0573266000
165709464.2700345218 6956.6174415514
173396840.2830224335 8666.7740719318
160732991.4471694231 5702.9689808339
166351535.3102356493 7050.0395300734
175922926.5286700428 9095.2892093658
175817246.5543976724 9080.5255393982
157789498.5966247916 4913.4787464686
161168004.2976737320 5888.5971825570
160744327.4433986247 5779.1370385140
157590398.8595137894 4882.9778843470
175168649.8924000263 8980.1547279358
155336471.1072169542 4090.4826709427
155754464.1379057169 4257.2548425223
175328882.6207479239 9031.9612998962
151936796.3600854874 2444.3067345436
160808693.8151968718 5783.5955748027
151637951.1372725368 1922.4218835194
151649408.3288910687 1940.1939404767
155900682.5735203326 4292.3513734366
176760411.3400343657 9233.9580345154
152484185.5669547915 2899.0629616475
165983537.5626180470 7012.3615431047
155598997.7395692468 4199.7615985895
173567495.9335167110 8688.0149827003
155336968.4992195070 4090.9829358317
160384123.3242636919 5672.2633317305
160025190.2315781713 5567.4145497108
160265513.6138434112 5612.5659395480
177274797.5193210542 9320.7877273560
152439530.4572607875 2850.5518026414
159928052.1738693118 5543.5023161197
174780252.4646603465 8929.1014595032
165825673.7984322011 6965.8709215379
165840952.4074786901 6979.5467470937
177756813.6939375699 9367.2967071533
166080654.7348993123 7049.1018232560
152619012.2878605723 2908.7120783339
172886875.7287528813 8550.9617404938
173875495.0577343404 8775.5273876190
173110400.1128137410 8601.8955478668
152241797.9102024734 2692.0285282826
172957224.5072329342 8587.0649967194
155127508.2302665412 4012.5404300715
155940935.7344914079 4302.0004901231
159450802.8745692074 5416.8873090638
160361108.1778876185 5651.0340801310
173324099.6093691289 8618.1394367218
172792940.8942684233 8515.0688896179
152369488.6617065668 2806.9334289929
155448984.8254221082 4097.6098794962
159732735.2943120301 5482.0706163669
175607215.3590546846 9061.5496082306
151634317.6596699655 1757.4687853998
152431088.2395649552 2818.0083644292
152240346.6140547395 2682.4332137799
174457691.4620452821 8873.0872173309
152305913.0249448717 2796.5026720261
159861332.1228730083 5526.3474531068
160312536.0184014440 5647.9464899326
159551552.3626941442 5433.2625738407
174949859.5006783009 8965.6310768127
159883773.0357663035 5538.4863458896
159326428.5266944766 5375.0542176856
173401494.7210987508 8671.5754661560
151627820.4613206685 1748.2474193554
153682203.2691985369 3447.0542142416
152996646.3552880585 3144.0335738703
164333839.0807572007 6628.9752585149
163842711.7108942866 6505.5614753548
159314765.6788087785 5315.8482292628
159215521.6351918578 5313.0147733582
159027096.2869163454 5245.4966611756
159134697.9084930420 5307.4271650208
151612912.4056987762 1650.6205038886
155819392.8711744845 4266.9039592088
155530503.3220711052 4155.4980981375
158637857.7714256346 5156.1339295996
173350245.1881397069 8661.9188613892
174414723.0514613688 8871.0266857147
158813709.9927777946 5212.5496591223
163978381.4605064690 6532.2898422933
158808558.7268798053 5204.1951529533
158651642.1391622722 5161.9834019380
158624351.7475163043 5143.1556581153
158385125.8746660352 5103.0895150794
153188248.2311276793 3227.2644755884
153177302.6028934121 3179.1642577692
158016988.9611819685 4993.6293710364
152251292.4158380628 2697.0589581227
157499042.8544753492 4827.0957718440
173426987.1664958298 8679.6088562012
158075191.6577259898 4997.0320316447
175032763.5871910751 8969.0057487488
174153879.0829784274 8815.8739452362
157638162.3056276739 4884.1692269934
157275517.5820559561 4774.0513573237
163807083.9698266089 6494.8603297487
165985739.2322661877 7019.4401880956
155793916.1909217834 4259.9538127905
156956465.6619350314 4664.5912132807
174523974.1890164912 8887.8700523376
155053558.2059801221 3980.8538662546
156735182.2206662297 4560.8851499396
165975438.8997670114 7004.9255396581
153412919.7735603452 3336.7530147572
155308725.6822511852 4090.3014545466
156873134.5927951336 4582.9343931474
164078215.1437389255 6540.2697482888
151780947.5913660526 2216.6182392640
155766392.2413713932 4257.7807191973
156736081.2103876770 4581.7361357011
151741916.0470095575 2049.1268978908
173983985.3194139898 8784.4151420593
174654114.1561171710 8903.7005729675
153280657.7514007390 3281.8744471939
157194909.7670990527 4687.0696239569
174084587.8551127017 8796.0751399994
165176538.8321051598 6835.5562884069
156943880.3228834867 4604.9680225648
155861266.1952080429 4274.1711270834
156426825.4986616671 4446.0115015306
156077657.5141270161 4366.7149865652
156293859.4866621494 4429.1629187095
156325637.6642428041 4441.7751295366
176402317.4890447855 9158.4931869507
157174832.9709324539 4686.4688845896
155953648.2720652819 4319.7027746665
164142208.1273107231 6581.4590657965
156431912.1365495026 4458.6914140977
176219811.9758111238 9132.5138626099
156020283.3245840073 4332.3149854936
156209999.1252646148 4384.7783639456
164457484.9739248753 6643.4932933633
164608403.0204930305 6691.5670753304
164181388.4014092684 6595.6485439126
155301343.9399531782 4086.8987939383
163882553.1217173338 6517.8875194375
163965303.6957207024 6518.8236794886
176328108.1203951240 9135.6146316528
163303895.8589804769 6353.5821967904
163415920.0354300439 6383.1211643998
163630868.8718213439 6435.1902347390
172041081.0188640952 8320.9203658798
176476259.4072655439 9171.6224594116
163791201.4843508303 6486.7220168893
176504817.7250961661 9184.3204345703
172423758.0649917126 8397.0869750977
171597286.2296902835 8204.3987193801
171560798.7149981856 8201.8315635421
171586553.0928765535 8204.0556693771
155291763.0920542181 4038.3232202667
165365481.6230533719 6856.0663876989
163472074.5573710501 6408.9609924142
176455020.1685014963 9161.1977844238
164892854.4509588182 6735.1990133977
172278353.2027691007 8363.8909126022
165164907.8986538053 6801.3580061650
172184807.3780705929 8353.4207778671
152056492.2687934041 2579.9954872822
153533267.1204502583 3382.0063859248
165077706.1929296553 6771.2922398016
152119897.2286303639 2585.7995810555
153426282.3553794622 3346.0388873489
153334221.9359885454 3296.9671063817
154990434.8108348548 3891.6535377441
153231580.7305563688 3253.7587075873
154986290.3264493048 3886.8498713893
151727958.1668057442 2029.4305781929
153110689.6787094474 3175.7326934381
151747032.8696585000 2129.2370804439
152154608.0272106230 2602.6927832214
151765524.2017484903 2130.5890699567
153390508.9249605834 3336.7259295852
153786489.2541803718 3473.2821466126
153790013.5954566896 3475.3275926346
164014522.9975819886 6532.3747755742
154648161.0790384412 3774.8457004800
152084255.0210054815 2585.7764986602
154345773.3581144214 3673.6006744548
153204720.1529818177 3253.4937179132
151909810.8731504679 2337.9819277169
170923187.3856375217 8077.1871618130
171072906.2123428285 8105.3682101169
171616355.0923352242 8214.7679551938
151841487.0207413435 2252.9666954179
154600537.1734597087 3765.8007904263
154310810.5926023722 3671.0906095527
154398310.4968093932 3673.7974357630
170782510.6390928030 8026.5495102410
170832292.2554298639 8027.6071856418
170519106.8119181395 7995.9361546044
170308542.5351400971 7928.8186303382
170446831.5143774152 7973.3074288325
170858867.4453766942 8042.7317866981
151863648.1936831176 2255.5831914498
153179409.0284358263 3226.3997150405
170645911.4245663285 8001.7190967207
170187523.0800546110 7896.4366655950
170486255.3532615304 7981.1713443403
152990175.9423954189 3072.8132389038
152981357.3560445309 3035.8820330318
152957554.6002029777 3021.0201881378
170289181.7215493619 7914.8894038801
171166168.6648228765 8111.1103799348
151883455.1406622231 2337.9581993667
151911207.1491364539 2360.4529028488
151828328.9858964980 2250.9927588059
169664615.8378121257 7768.3490631282
169814688.5038765073 7787.1947193746
169503619.8454357088 7727.3833625193
169371068.2560976446 7697.2219250207
169837323.8027181327 7806.5528946226
169744609.5011695027 7776.5073391502
168007829.9978986084 7306.3715464622
167824300.0300305784 7263.2930972129
168227213.4925629795 7360.3306223899
168395031.1183440387 7385.2193209678
168119440.7039867938 7350.1227900535
167591613.6164576709 7169.2893267478
167708874.2052284181 7244.5504924263
167521753.0322870314 7162.3879977072
167275011.2442511618 7056.9117327536
167378677.3707784116 7137.1218158806
168766492.6050821841 7463.2205820526
169303969.0293575823 7571.3170022215
169163130.9371050298 7559.1391134704
168929798.7599474490 7482.6738766874
168792062.9927880466 7470.2048697914
168888820.5095134377 7470.2066119363
168241707.3982709050 7360.7464678934
167729616.6822487414 7247.0503512229
167301182.9849475920 7131.5999045166
