180005596.2063901722 9356.0937500000
167828720.8643621206 7251.2863238504
168483300.6850687861 7393.7302301576
168779892.7011592388 7401.7654005493
167962581.9984370470 7268.2026084115
168888613.5059726834 7458.3062976053
168857310.1015804410 7402.4279635599
168888820.5095134377 7470.2066119363
179546927.9930910170 9311.9682693481
154626706.5947286189 3538.4749424818
168193614.2126803994 7315.8578417155
168241707.3982709050 7360.7464678934
167640398.5074212253 7178.6770335044
167723572.4692049325 7185.1198473776
168097652.8955370486 7296.1362658347
167624578.8422282040 7142.5867803002
167729616.6822487414 7247.0503512229
152099820.2968137562 2140.4875207665
152599217.5119360685 2678.8526241003
154325840.1858720183 3485.6264088514
161807583.8685055971 5825.0413864724
166196052.5179604590 6828.6960326432
167301182.9849475920 7131.5999045166
166760354.6859928071 7020.1992713212
166189805.6403097808 6828.3515959977
172084971.4460347295 7999.5231768191
178194712.8948251307 9038.5010938644
178479921.0932688713 9141.1046276093
178293302.8059189618 9132.7882585526
178650985.3098002374 9191.4047031403
179243125.0179458559 9266.4638900757
179299646.3371250927 9274.5547180176
179310968.2616656125 9288.7618064880
166099335.6580270827 6823.8850566148
165937651.5032059252 6810.7761584519
166709824.5612665713 6990.6089621781
152131990.3237138391 2249.5823525014
152107179.7519122660 2214.7814777913
152435302.0880621672 2569.3917981999
154300259.5075490177 3419.2961857679
156276432.4108070731 4122.7877119610
156448851.6198114753 4169.1422409990
162597192.1960792840 6003.5145687224
162776262.5163554847 6072.2465909563
163112904.7019496858 6100.0246329365
166269850.4800996184 6907.2539795887
166584381.5569929183 6960.2092566284
166278472.1426450908 6910.7391272782
167471631.2230974138 7134.2416041339
171498117.0781553090 7887.2232293505
178430027.6396403611 9135.3904609680
179003554.8006603718 9238.5667610168
179377170.2003712356 9291.4264945984
178826974.1403647959 9192.8058605194
178844820.5929335058 9227.9343204498
179074788.5258192122 9251.9393157959
179097756.2168976068 9255.7864265442
179416558.4363084733 9311.1652221680
152627414.6171560287 2690.0863713379
152373484.3631275892 2473.7731426778
154119306.4701628983 3390.7073270974
156190870.7900151014 4096.9883383343
162638575.2513137758 6041.7372418107
166564891.2304771543 6919.6650325059
166916624.5091716349 7024.7814600909
171696347.0354169011 7903.6313304324
178218057.0872140527 9110.0563755035
163135792.9619368017 6150.8550118945
179783440.8501756489 9326.5290069580
152166752.3508479297 2324.2416218343
152557221.1406019926 2639.4647024356
152528723.3729008138 2599.6727568358
152881944.3272122443 2788.3114403310
154377430.0137649179 3487.7820357743
155699549.0680958629 3915.2875139511
155828470.3476257622 3961.5944059917
156348417.2299745679 4157.8842428753
162000914.3806382418 5860.9398912433
161779180.8730398715 5819.2583955768
161647138.6011170149 5755.9179338458
178631776.0850318372 9170.6354827881
152289588.0225161016 2363.0455098003
152213351.8205001056 2350.7123755264
153869109.5040309429 3287.1172764662
154276773.0000453293 3408.2530033949
156134427.1359930038 4076.7962626049
161820635.3738016188 5834.3766373159
162732758.2763212323 6043.8330285312
166089682.9956200719 6821.3528308867
178523477.0863290131 9159.7244319916
179803169.1033887565 9341.7763900757
152261724.0186180472 2353.5649717599
152848885.0803540647 2788.0121014538
152949444.5446374714 2799.5694384548
152921689.2382338941 2796.8830727163
162588659.1537508965 6003.0738355421
165898716.4780885875 6797.3613300322
165539932.1845838130 6687.9011859893
165755213.2206367552 6735.4308261870
179046739.7036208808 9248.3965072632
152121812.2734605968 2244.1048277169
152593545.7038960755 2678.8512962880
153787293.6601424813 3218.7169838801
154175298.9819082022 3400.3564525558
162495683.0984414518 5996.8937234424
165837625.6849926412 6767.5782489775
179301579.4586243331 9279.8458862305
153825254.5540052950 3281.2471830545
156368572.0426581800 4158.7523834887
156164371.3477509916 4078.7845959442
156443920.8487497568 4160.7971468249
161713783.4271343350 5777.2500261310
162616976.4105480015 6041.3972835411
162255208.3033759892 5932.5019781949
165491611.7063004673 6684.4160382998
166024058.5783646405 6811.6902580260
153963561.0657082498 3318.1659348371
162451771.5532363951 5982.1707046987
162273657.9266705513 5954.5669182302
162664099.2658953071 6041.8623317839
162116218.8016172051 5866.6721044542
152345064.7404656112 2435.8064109209
152346279.3218505979 2472.7057360235
152439767.3122163415 2577.9627846303
154038417.3374465108 3376.1662648084
154417666.5780369341 3500.1674711404
155971725.7354960442 4048.4240988323
162155555.3449174762 5931.9364670278
161504568.1571125388 5732.4287027362
152653770.3032724559 2692.2166163176
156114902.5001863837 4048.8384256596
162598986.4543809593 6016.8909167968
179742871.1137931049 9316.6715621948
152465276.0547195375 2586.3074368062
152412324.2599593699 2569.3911522451
152406230.0749388933 2543.1619099203
153825038.6295861006 3264.5237446816
155752836.8679187000 3940.5210885042
164931069.5997576118 6508.0886444496
179907208.0543655455 9345.4046554565
154248609.3722474277 3404.8973313896
154119838.9080143869 3391.3557187645
154837814.6002863944 3610.7152190141
165633334.8377933800 6688.2765003247
161678158.0002445281 5757.3278917315
152291628.3457910717 2433.7017658773
155393529.0226015747 3827.3481838235
172174673.3564295173 8003.2297944445
172965949.0887111425 8114.9626352210
172884609.0423479974 8100.1557168383
155206661.2595963776 3734.8043243417
153685962.0281444490 3158.6629746153
155094344.5326395333 3717.8880397805
165446981.3904339373 6604.4541019388
165235792.1876631379 6574.9596393028
173100224.3756965995 8123.0786885638
154924448.8961913884 3633.1616257313
165290357.6095362008 6597.7712084567
171366538.1855589151 7849.6276482958
171451902.1858962178 7881.7746323962
171786514.5918701291 7949.2723500431
172679644.5721733570 8087.1464394946
154516438.1576947272 3501.2554148613
154587863.1552328467 3512.9743565056
154850569.6285313964 3616.1118345688
161785972.4469214082 5821.2994082354
171864759.0181685984 7964.3196264803
155016524.0025569201 3642.4160451035
164662723.1905240715 6465.4940080689
172410715.7731465995 8052.5485047717
165013205.3544319570 6532.0192604344
165086655.5216609538 6574.9541521119
155295337.8394753039 3768.7386146369
155488213.3870168626 3829.6345191780
155168964.3183298409 3720.1770695786
155120030.8769164383 3720.1743751350
161237272.3761642277 5603.2647242112
161435896.4188421965 5711.7589982314
154781833.8302293420 3610.7142310920
154612345.0500499010 3513.1544013801
154915146.1640162468 3621.9722292158
164925614.9104865193 6471.9774785088
171401044.8637253642 7864.6338099856
172643931.1608841121 8085.9483727831
172319660.6253998280 8044.8637570757
172229035.5596808791 8030.5348290820
177486075.4128456712 8931.8908843994
171361890.4967501760 7847.7866048235
153488376.4117573500 3068.7912429917
153585705.4430904984 3069.3160584165
161014926.5155244470 5546.1354219168
160700339.3527922034 5459.3057290762
171750717.9756328762 7943.7051362414
154837892.3829493523 3610.7169107082
154494204.0543375313 3501.2540870490
154528829.2106514573 3501.3503040476
153596742.4691193998 3123.5664437009
160675060.6503246725 5444.2551382500
164618839.8603278100 6460.0916237878
177523642.3540809453 8935.4663410187
171295850.0487265587 7841.3273729701
171261635.3935711980 7831.5122732222
164093328.0763392746 6348.8960647779
171241114.9463671744 7792.2053522170
159110435.3620214760 4942.3761194822
164390254.0650250614 6374.2110022390
164144291.9531560838 6351.7536133463
164150901.5580750406 6352.3121474347
171589112.9443902373 7888.1238836348
153730099.5887911618 3182.5241081907
163981976.5021003187 6272.4498270451
163666831.0457043946 6242.1454932987
163787500.8819192052 6256.5450058542
177817616.9076334238 8986.9959201813
177462843.9430130720 8917.3037059307
153416881.5307828486 3049.2028305723
163773125.9219987988 6255.4172197999
158766346.5536773503 4833.9428256109
160970609.7088319957 5534.6546443040
160356676.8084815443 5344.1314183920
160355593.9957109690 5335.2849637716
163318022.6340775788 6153.0867815064
153266857.7467221916 2936.4755931645
160249876.7635259330 5327.2354826424
177599585.0331222415 8937.6050510406
153391520.3834296763 3014.1062996580
163576783.2241077721 6164.4634703482
153384963.4500395060 3010.9139256384
153270097.2501936257 2950.8627493403
159168734.7246412933 4959.4192589623
177984035.7642151713 9015.1217861176
153325852.8469245434 2959.7697625067
160828410.8338575065 5489.6898614615
153261167.0788927078 2933.6993064638
153140634.6026532650 2886.5560727331
153205735.5716044903 2933.5405201818
158939901.4098277986 4840.9856993511
160589293.6356348693 5436.6752778738
177710315.1791263521 8958.0684299469
178035648.7651135921 9024.4347438812
153004254.3866669834 2824.0803761389
152847642.2076213658 2728.5316891882
158991783.8000904918 4941.8644682720
159458919.4052796066 5057.9570549828
159640712.2908598483 5064.5893620354
161144547.1251758635 5563.5870622992
164028264.4601351321 6281.9149031042
159703411.1391522288 5115.0316923762
163614621.8314482570 6188.6740049719
159895479.6104723215 5161.7030752597
159969986.6790134609 5176.6258372915
161353946.8762746453 5625.6904844641
161412370.8542467654 5659.5055937170
159643392.2853722274 5093.9243840081
159403213.5840592384 5052.2428883416
160224252.2741689086 5271.1631764275
170248286.8400270045 7508.3928442911
161134702.5053078234 5551.5017543183
160452287.3578785062 5344.1644735885
160572260.7823979259 5368.9745451109
159994870.0854547620 5217.7345755500
159803298.8189095259 5141.9790311093
159817238.0310209095 5161.7030323846
170551147.0409309268 7590.7811060861
170380757.9891176522 7571.5871945337
170568479.2369140685 7620.4842272714
170584556.1142908633 7668.5421305612
170859380.1161778271 7705.3195598125
171053366.6276039779 7766.9349544048
171014490.2608738840 7749.0771968365
171180609.4608186185 7777.6650912762
170785023.7203446031 7675.9018535092
170574151.3528642654 7638.9926736029
173906486.1337470710 8195.1165934317
173972451.2789250612 8201.7654509656
173316532.3917210996 8142.0079518072
173725286.7637507319 8162.3149808645
174966028.1836523116 8352.4263218045
174701877.7146634161 8318.6122253537
174342707.6667788625 8284.8427055478
174058781.9793024063 8215.1570861936
174337369.7242991030 8284.5510872006
173726878.5942435265 8192.0072277188
158596725.1196792424 4545.8362824724
158710101.3414825201 4606.0728954233
158434066.3890153170 4530.3311702169
158381190.7208768129 4526.5095402754
157629801.2910389006 4235.9431008440
157794021.6218215525 4321.7389540183
158276877.2982200384 4448.7229711364
158005396.9244429767 4385.2863573979
158589900.1336022317 4537.3914851497
158152849.2838749290 4430.6830697779
157742702.9904449582 4306.1000307954
158592916.3158271909 4542.0111018966
158203952.6023901403 4433.3413446943
158072367.5109688640 4415.5879995177
157993811.0883622169 4328.7961451160
157531317.0140127242 4196.7055498706
