157418973.4877238274 4770.1555616655
157568194.8951673508 4773.5582222738
151981768.9936381578 2444.3067345436
152248436.1648853421 2706.3719158864
155861266.1952080429 4274.1711270834
157009191.7191261351 4660.6954176225
157078015.9812893569 4661.2020121905
156469829.5834119320 4464.4055807390
156426825.4986616671 4446.0115015306
160969657.0906462371 5762.5525157088
156077657.5141270161 4366.7149865652
152386695.6671657860 2792.1296576391
155755590.5403713584 4257.2548425223
156954518.0138244629 4584.8728010454
173148540.8636488318 8445.9997806549
160590346.8191852272 5650.6749526229
161158641.5600591302 5780.0126353469
173421137.7120481133 8604.6607322693
174027509.1034541130 8767.4939975739
174525145.5180822015 8855.3011302948
174863601.9128167331 8894.0966358185
176905738.3442552686 9232.7099218369
177266764.4931286573 9296.3842506409
178259525.1607595980 9380.6811523438
156293859.4866621494 4429.1629187095
156778160.4040248096 4581.7361357011
175030535.1195125580 8937.7761421204
177686612.5870875716 9335.1247634888
152407651.6272937059 2794.1932502484
156719473.5502430797 4558.8090087198
161304440.5756494999 5833.9650927749
161339837.5180031955 5857.4061814430
164178971.3215129673 6581.5947108414
173152411.8854329586 8579.2531566620
174873583.2589512467 8919.6186351776
173909057.4902840853 8724.5571229458
173944798.5025137663 8735.3965225220
174599806.0435072184 8856.1865386963
174292260.6217222214 8813.4037532806
152703189.2762765884 2901.5633265620
156325637.6642428041 4441.7751295366
156968253.8773576021 4614.1279089250
174824093.0100800991 8857.6881313324
151655442.7348631620 1847.1228943660
156635702.5776146352 4551.2352735795
157321391.2863321602 4689.8715451978
174945527.7157983780 8934.4014701843
173912566.2533301711 8732.8105370402
174367672.9843834639 8841.8576107025
176402317.4890447855 9158.4931869507
178394694.3762251437 9398.3711471558
157174832.9709324539 4686.4688845896
157285150.7039294839 4689.1307706502
155953648.2720652819 4319.7027746665
156764207.0501303673 4577.0087405466
161341041.4736858606 5869.0616236892
160911110.1127542555 5759.6014796462
164142208.1273107231 6581.4590657965
173470674.1360288858 8610.5435638428
156431912.1365495026 4458.6914140977
173392845.5113696456 8580.2393093109
173639859.4618110061 8670.8510818481
151659926.0492954254 1939.6667538478
173516868.1698715091 8662.4840583801
173863186.6985230446 8690.0878448486
173493981.1500350833 8642.7218434811
176219811.9758111238 9132.5138626099
156020283.3245840073 4332.3149854936
156209999.1252646148 4384.7783639456
172301111.8662423491 8380.1734805801
164381630.5454764962 6612.1888309304
177464091.6873272657 9326.2246170044
175874317.3127649426 9044.2827548981
152341535.2955627441 2741.6114470860
152177216.6001913249 2680.1426735615
164282119.3727358580 6605.1457191293
164457484.9739248753 6643.4932933633
155822430.6406974494 4265.0962619807
164608403.0204930305 6691.5670753304
155149916.4995444417 4003.6678922201
161203865.0342831612 5804.1430361602
173882621.4700422883 8702.7462425232
174110738.6524733305 8772.5099678040
164181388.4014092684 6595.6485439126
173974519.3207134008 8749.3137512207
177240674.3817930818 9270.6917972565
164437426.5006368160 6616.0507045980
166009441.9600901902 6991.4472699621
177694720.6980678439 9353.9226989746
155577021.9583730996 4116.8388001944
175390316.9876255393 8988.6855730712
155389228.9713969231 4093.9784394495
155244669.4817917347 4009.1377694632
164406682.3113046587 6615.4473491494
155301343.9399531782 4086.8987939383
163882553.1217173338 6517.8875194375
163965303.6957207024 6518.8236794886
177979746.9350292683 9377.8233947754
171800871.3559662700 8269.9396262863
171825231.9792380929 8287.6296210983
176328108.1203951240 9135.6146316528
171708296.6974009275 8251.5263648727
177848162.9938906431 9361.8906021118
163303895.8589804769 6353.5821967904
166103600.2423031330 7008.8264928320
151791909.2425933778 2213.9482468171
163415920.0354300439 6383.1211643998
160211949.9227289557 5540.6811915603
163630868.8718213439 6435.1902347390
177090420.2873325050 9262.0814590454
166141470.0443382859 7038.2537497097
172041081.0188640952 8320.9203658798
176476259.4072655439 9171.6224594116
151697652.5391511023 2020.8056575900
163791201.4843508303 6486.7220168893
176504817.7250961661 9184.3204345703
166132959.5136377215 7030.4906664008
175127160.9674066305 8939.4174404144
178184399.4918871224 9379.9664688110
172423758.0649917126 8397.0869750977
175567003.9600880742 9001.1960020065
155594699.0315994918 4144.3368279959
165877100.0497162044 6963.6511655310
160477859.9401749671 5614.7324983830
171597286.2296902835 8204.3987193801
175581013.2020930052 9010.3913984299
171560798.7149981856 8201.8315635421
175505247.5770565867 8996.2739410400
152496031.6638695598 2800.1902420914
165638789.2782222033 6913.4061827634
171586553.0928765535 8204.0556693771
160849749.6171823144 5695.9258349272
155291763.0920542181 4038.3232202667
166312742.5446629226 7040.7873149309
176046055.1619852781 9097.8814182281
165290022.9240223467 6837.8951437020
165365481.6230533719 6856.0663876989
165185437.3982505798 6823.7117743948
165642978.6204470992 6928.5546346167
163472074.5573710501 6408.9609924142
176455020.1685014963 9161.1977844238
165547261.7990118265 6864.4579626775
165364620.4858109951 6845.5335709310
154873963.6612373590 3884.8947904135
164892854.4509588182 6735.1990133977
175613520.0155625343 9028.0813932419
172278353.2027691007 8363.8909126022
165164907.8986538053 6801.3580061650
165250728.3213718534 6832.7588431096
176969647.5832717419 9243.1291885376
172184807.3780705929 8353.4207778671
152056492.2687934041 2579.9954872822
154809601.9826482236 3867.9785058523
153533267.1204502583 3382.0063859248
160585175.2094624043 5650.2911150422
165077706.1929296553 6771.2922398016
154498068.4215578437 3757.6502211959
164965134.6807109714 6751.2950636602
152119897.2286303639 2585.7995810555
154217235.2450889051 3648.1900771530
153426282.3553794622 3346.0388873489
176158442.3204681873 9121.3117027283
176067760.2338863015 9106.9702568054
153334221.9359885454 3296.9671063817
154990434.8108348548 3891.6535377441
158288448.0719372332 4918.1812784297
176581238.7789840698 9193.7999496460
153189176.8795217276 3227.5490897342
153231580.7305563688 3253.7587075873
160815548.2676050067 5689.1073344631
154986290.3264493048 3886.8498713893
157925724.5646924973 4840.3935461459
154072127.5957072675 3572.5625022323
151727958.1668057442 2029.4305781929
153968242.8327159882 3555.6462176712
153110689.6787094474 3175.7326934381
158006558.4133320451 4843.8176653010
161429369.8732319474 5869.2114031281
176805800.4436900616 9209.9455795288
151747032.8696585000 2129.2370804439
152154608.0272106230 2602.6927832214
151765524.2017484903 2130.5890699567
153390508.9249605834 3336.7259295852
153786489.2541803718 3473.2821466126
153790013.5954566896 3475.3275926346
160668394.6860146523 5662.1769697633
164014522.9975819886 6532.3747755742
161515632.8898548484 5878.8877536264
154648161.0790384412 3774.8457004800
151792354.3984214067 2223.1329294385
152084255.0210054815 2585.7764986602
158292429.7864349186 4919.9225785253
153327448.3550623059 3276.1241691156
154345773.3581144214 3673.6006744548
158325452.9725622833 4920.4370218737
153204720.1529818177 3253.4937179132
158192522.5653403997 4917.7669516024
157871657.4483877420 4824.2857299370
151909810.8731504679 2337.9819277169
170923187.3856375217 8077.1871618130
171072906.2123428285 8105.3682101169
171616355.0923352242 8214.7679551938
151841487.0207413435 2252.9666954179
154600537.1734597087 3765.8007904263
154310810.5926023722 3671.0906095527
154183862.2324375510 3599.7951686474
154398310.4968093932 3673.7974357630
154013199.5014417470 3563.9168008642
170782510.6390928030 8026.5495102410
170832292.2554298639 8027.6071856418
170519106.8119181395 7995.9361546044
162797176.3656630516 6200.8631955550
170308542.5351400971 7928.8186303382
162689945.9650156200 6180.8607051462
170446831.5143774152 7973.3074288325
170858867.4453766942 8042.7317866981
162623966.0058389902 6143.1362134383
153017502.8711162508 3116.9395709976
162970530.3747210503 6226.7969838545
151863648.1936831176 2255.5831914498
162056595.8265697360 5994.3894245535
162644423.4877050519 6178.2327443526
162916231.5438035429 6206.7301961339
160340326.0988457501 5559.2361951721
161678233.6501248181 5897.0642045892
153179409.0284358263 3226.3997150405
161803846.2272863388 5925.6410145022
161898416.9280861914 5950.1532008972
162642018.7780666351 6163.6002751744
170645911.4245663285 8001.7190967207
170187523.0800546110 7896.4366655950
170486255.3532615304 7981.1713443403
162322351.2999172509 6073.2502298995
162297678.9505736828 6070.5679512664
162411971.3599173725 6086.1160216971
161958718.0449241102 5983.7382584258
152990175.9423954189 3072.8132389038
152981357.3560445309 3035.8820330318
161787125.5017480850 5916.6635102753
151966336.4899015725 2373.3921843669
152957554.6002029777 3021.0201881378
159991839.3224901259 5447.3015057431
159985905.3325493038 5444.6086574184
170289181.7215493619 7914.8894038801
171166168.6648228765 8111.1103799348
151883455.1406622231 2337.9581993667
152827040.0851943791 3007.4785755127
152601539.4112408757 2898.0184314697
151911207.1491364539 2360.4529028488
152581006.7765588164 2884.8141602776
151828328.9858964980 2250.9927588059
152769241.1655433476 2942.8639334589
152599704.4223982394 2887.1586640465
159545009.5639394522 5303.6793782009
160087949.8790974021 5455.7001849053
169664615.8378121257 7768.3490631282
169814688.5038765073 7787.1947193746
159636290.5829523802 5321.1075801914
159516646.9620414078 5216.6189899118
169503619.8454357088 7727.3833625193
159518193.9543780684 5249.3353273766
159325856.7082915902 5200.9067940121
159594014.8671458960 5310.1405238779
169371068.2560976446 7697.2219250207
169837323.8027181327 7806.5528946226
169744609.5011695027 7776.5073391502
159517791.5894361734 5218.5331124933
159445162.3960303366 5215.4527406366
158985553.6407876611 5086.8593693050
158814413.8586312830 5054.3557786615
158501173.8519694507 4950.3654982850
158704900.8994723856 4971.4956652161
158718184.4666665792 4974.8369778331
158687675.5984070897 4962.1092703085
158752733.3032083511 5017.9318066474
158442540.6224634647 4939.4089266296
168007829.9978986084 7306.3715464622
167824300.0300305784 7263.2930972129
168227213.4925629795 7360.3306223899
168395031.1183440387 7385.2193209678
168119440.7039867938 7350.1227900535
167591613.6164576709 7169.2893267478
167708874.2052284181 7244.5504924263
167521753.0322870314 7162.3879977072
167275011.2442511618 7056.9117327536
167378677.3707784116 7137.1218158806
168766492.6050821841 7463.2205820526
169303969.0293575823 7571.3170022215
169163130.9371050298 7559.1391134704
168929798.7599474490 7482.6738766874
168792062.9927880466 7470.2048697914
168888820.5095134377 7470.2066119363
168241707.3982709050 7360.7464678934
167729616.6822487414 7247.0503512229
167301182.9849475920 7131.5999045166
