153338846.9951900542 3281.8999106928
153452368.5516150594 3346.0375773950
153786489.2541803718 3473.2821466126
153790013.5954566896 3475.3275926346
158190637.1962657869 4857.4352255282
161477466.1439469457 5871.5034658130
164441965.3236564994 6562.1918177778
164453957.0405955017 6564.4615141606
176454390.7308493555 9136.5866775513
176485971.4322395325 9166.1018676758
160668394.6860146523 5662.1769697633
164209327.1175457835 6538.6306034780
164579552.5068209171 6641.8349196172
171835801.1825793982 8235.0729613998
176101364.1635986567 9004.7648653984
176476565.9128894806 9147.2324409485
176396914.2308468819 9135.9766235352
176158172.6100754738 9110.5690479279
176300313.3936343789 9116.0389251709
177520277.6534145176 9301.6111755371
177663916.4781743586 9318.0385742188
178454620.1450738907 9367.1209564209
152192424.3497658670 2602.6927832214
152268289.0952557325 2622.3701075164
155177858.0754426420 3958.4139950052
160772212.9298240244 5678.7018158319
172427029.0531250238 8370.8605228164
176131805.8392085433 9096.2401199341
163651612.4015340209 6429.9484488225
151740263.2329145074 1937.4025208100
152290757.3705549836 2695.2366427032
152380067.4393781722 2695.3212429879
155039151.3932659924 3883.6087413998
155028244.9145508707 3874.6320185984
164014522.9975819886 6532.3747755742
163900099.9397119284 6486.7220168893
163842383.7489474714 6437.8765951627
164000241.6955595315 6501.5048518960
177334939.3391495645 9267.9756317139
177817192.4616743922 9324.0847702026
163663447.0496551394 6434.7771355097
160778410.0183317065 5680.2583463382
161436063.5725896358 5820.3536099154
161515632.8898548484 5878.8877536264
163491032.5476928651 6408.9609924142
155098083.2720972598 3890.4313884945
160683263.3924812973 5664.8501379821
161001265.8682569861 5759.7784841251
172507813.5330900550 8374.4593139389
171526765.0498946905 8185.2490677834
177157974.6201025844 9242.2941055298
176596466.6594504118 9193.7999496460
178033656.3774811029 9361.8906021118
177846751.2250467837 9345.7366561890
172351820.9437459707 8357.0236221054
177450811.2390075922 9271.5609741211
152238518.7730783224 2607.6764141800
154648161.0790384412 3774.8457004800
154705325.8268478215 3780.5836254330
160521168.2564684153 5584.6659166779
160873313.8335486948 5685.3882919114
171906807.8928284049 8287.6296210983
171515194.1477308273 8178.2383378842
176139899.1075498462 9097.8814182281
151750873.8606332839 1939.6666889424
152171336.5919606388 2588.2768635747
177002883.7978253663 9207.2434692383
177093759.3979312479 9224.9934654236
151731476.9025574625 1937.4018748552
151792354.3984214067 2223.1329294385
152084255.0210054815 2585.7764986602
170864171.3703829050 8053.6268404820
177070574.9704124629 9209.6304702759
155481506.7340054810 3971.6585069920
160282221.5822837055 5541.7616037693
160588692.3798611760 5650.2911150422
170117152.0355111361 7890.7123825555
177217316.5104758441 9258.5754165649
155134874.0932879448 3907.3560329298
163464846.8905372322 6357.0001747326
177468251.6358606815 9279.1231689453
155202440.0639854968 3970.9482492031
158292429.7864349186 4919.9225785253
152034122.1045880616 2482.0779458431
153389285.9674230814 3288.8457114740
153327448.3550623059 3276.1241691156
157945253.9599471092 4830.9372587618
152065553.9303815961 2568.8602140991
157700486.0510545671 4721.4771147189
151984101.0816496015 2470.5353432393
153509549.5001421571 3363.6115875829
155101742.5832409859 3903.9598604466
155157555.6717398465 3920.1990924696
154345773.3581144214 3673.6006744548
158325452.9725622833 4920.4370218737
170109765.9575167894 7889.1499804062
171183479.7884048522 8114.0480693677
178468427.3838008344 9377.8233947754
154837404.9079379141 3858.3480525831
153406845.0165671408 3312.6039664789
153204720.1529818177 3253.4937179132
157248879.1091361940 4602.4838836252
158111077.7816600502 4840.3935461459
158192522.5653403997 4917.7669516024
171853041.7861596048 8249.7436612942
151780857.2330648601 2044.0301796347
157871657.4483877420 4824.2857299370
171785777.7554813921 8232.2809537747
157650199.1997167766 4715.9290105760
153393481.8326045871 3302.7248874648
170125585.4838280678 7894.1794102197
157526530.6005836129 4715.8237887134
151909810.8731504679 2337.9819277169
154912840.0318014324 3858.3524979941
171754305.0342321992 8222.2785657742
171236536.0604472160 8128.0685457089
169977339.8670235872 7865.7330763345
170923187.3856375217 8077.1871618130
160815743.2965614796 5682.5706917029
160943238.0484683812 5724.6547281709
157370049.6142345667 4643.7597174351
171072906.2123428285 8105.3682101169
171616355.0923352242 8214.7679551938
171544675.3488070071 8192.5421125093
151841487.0207413435 2252.9666954179
163080851.8403334320 6288.8682931602
170059950.2372409403 7886.4760105615
154600537.1734597087 3765.8007904263
157741150.5199016929 4745.2404570286
170369653.9673837423 7944.5437839627
170717209.1450277567 8012.4666369357
154523599.5443816185 3748.8845058651
154310810.5926023722 3671.0906095527
154183781.9370419979 3590.1460431890
154183862.2324375510 3599.7951686474
154398310.4968093932 3673.7974357630
154105669.8606542051 3564.6733947808
172177906.7403739095 8298.9040189092
154013199.5014417470 3563.9168008642
153750154.2378260195 3445.4863487312
170782510.6390928030 8026.5495102410
170832292.2554298639 8027.6071856418
153434086.7309581339 3336.5598217079
153713944.0987099409 3418.5571437820
170519106.8119181395 7995.9361546044
162797176.3656630516 6200.8631955550
170308542.5351400971 7928.8186303382
152539324.7346657217 2792.6517294892
152476445.1799324751 2781.1888835205
160712632.7038888335 5668.7305998680
162689945.9650156200 6180.8607051462
170446831.5143774152 7973.3074288325
170858867.4453766942 8042.7317866981
157123447.1301566660 4591.9314924879
162623966.0058389902 6143.1362134383
153017502.8711162508 3116.9395709976
157490454.2425410450 4713.1537184422
157404765.6098295748 4650.0135238230
162970530.3747210503 6226.7969838545
153200936.1707412601 3226.4010249944
151863648.1936831176 2255.5831914498
162056595.8265697360 5994.3894245535
162644423.4877050519 6178.2327443526
162916231.5438035429 6206.7301961339
160340326.0988457501 5559.2361951721
161120509.9127816856 5775.4348251838
161678233.6501248181 5897.0642045892
153179409.0284358263 3226.3997150405
161803846.2272863388 5925.6410145022
161898416.9280861914 5950.1532008972
157714822.2158153355 4740.3912220978
160534185.7888148129 5597.3959623594
162642018.7780666351 6163.6002751744
170645911.4245663285 8001.7190967207
170187523.0800546110 7896.4366655950
170486255.3532615304 7981.1713443403
162322351.2999172509 6073.2502298995
162297678.9505736828 6070.5679512664
162411971.3599173725 6086.1160216971
161958718.0449241102 5983.7382584258
161417202.3414273262 5813.5685221081
153126102.6977050304 3135.5387982875
152990175.9423954189 3072.8132389038
152981357.3560445309 3035.8820330318
161460648.9675092697 5829.4732309704
157294487.2714258730 4621.9079533614
161787125.5017480850 5916.6635102753
171783894.0745157599 8229.5100179021
151966336.4899015725 2373.3921843669
160011841.5356874764 5447.6153147803
152957554.6002029777 3021.0201881378
160171798.2471141517 5477.2757726522
156940509.5976744592 4500.3321645319
161375747.8956811726 5790.2061487560
159991839.3224901259 5447.3015057431
156895505.7457826734 4493.0237395823
159985905.3325493038 5444.6086574184
170289181.7215493619 7914.8894038801
159966247.0165705979 5430.6914287196
171166168.6648228765 8111.1103799348
151883455.1406622231 2337.9581993667
152827040.0851943791 3007.4785755127
152601539.4112408757 2898.0184314697
173586004.1629212201 8520.4658010602
152535003.0489279628 2791.3956997084
172332796.0859839022 8313.4486173489
151911207.1491364539 2360.4529028488
152581006.7765588164 2884.8141602776
151828328.9858964980 2250.9927588059
155526354.9474715590 4031.7338976673
152769241.1655433476 2942.8639334589
152599704.4223982394 2887.1586640465
152552226.2960458696 2794.6114018896
152416953.9612151682 2777.6951173285
152287412.5097369850 2668.4999629596
160271271.2784161568 5512.6658591207
159545009.5639394522 5303.6793782009
160087949.8790974021 5455.7001849053
156746683.2853613496 4391.8357426551
169664615.8378121257 7768.3490631282
156737824.8903081119 4390.8782957754
156471212.9554358721 4319.9949416675
156784686.3209035099 4415.6503341257
169814688.5038765073 7787.1947193746
156496044.0267173946 4321.6330916941
156567336.1538367569 4383.5635955393
156133440.0418654978 4189.4748343983
156019026.7732187808 4169.7975101032
159636290.5829523802 5321.1075801914
173195847.8927340209 8436.8079274991
156200329.0414523482 4262.3413695850
156160652.2404766083 4200.7259749927
155848088.0623933971 4078.5176124134
155975731.1048893034 4154.1004918375
155684036.1300270855 4064.2091502704
159516646.9620414078 5216.6189899118
169503619.8454357088 7727.3833625193
155904081.6931070387 4152.8812255420
155966957.7384383380 4153.2237208748
155572464.3692057729 4043.4210814991
159518193.9543780684 5249.3353273766
159325856.7082915902 5200.9067940121
164942779.1577434838 6657.4618675392
164959270.4484928548 6660.2042560323
159594014.8671458960 5310.1405238779
164429731.5799779594 6542.3650295629
169371068.2560976446 7697.2219250207
169837323.8027181327 7806.5528946226
173292799.9969706833 8448.0649870634
164883410.2637612522 6653.1185006417
169744609.5011695027 7776.5073391502
164441888.3584644496 6549.0936916964
159517791.5894361734 5218.5331124933
173157714.3909269273 8413.8833745816
159445162.3960303366 5215.4527406366
158883770.2701334357 5054.6872989507
159045264.8986963630 5088.0023374792
158985553.6407876611 5086.8593693050
158814413.8586312830 5054.3557786615
158501173.8519694507 4950.3654982850
158704900.8994723856 4971.4956652161
158718184.4666665792 4974.8369778331
158687675.5984070897 4962.1092703085
158752733.3032083511 5017.9318066474
158442540.6224634647 4939.4089266296
168007829.9978986084 7306.3715464622
167824300.0300305784 7263.2930972129
168227213.4925629795 7360.3306223899
168395031.1183440387 7385.2193209678
168119440.7039867938 7350.1227900535
167591613.6164576709 7169.2893267478
167708874.2052284181 7244.5504924263
167521753.0322870314 7162.3879977072
167275011.2442511618 7056.9117327536
167378677.3707784116 7137.1218158806
168766492.6050821841 7463.2205820526
169303969.0293575823 7571.3170022215
169163130.9371050298 7559.1391134704
168929798.7599474490 7482.6738766874
168792062.9927880466 7470.2048697914
168888820.5095134377 7470.2066119363
168241707.3982709050 7360.7464678934
167729616.6822487414 7247.0503512229
167301182.9849475920 7131.5999045166
166760354.6859928071 7020.1992713212
166189805.6403097808 6828.3515959977
166709824.5612665713 6990.6089621781
166269850.4800996184 6907.2539795887
166584381.5569929183 6960.2092566284
166278472.1426450908 6910.7391272782
166564891.2304771543 6919.6650325059
166916624.5091716349 7024.7814600909
166089682.9956200719 6821.3528308867
165898716.4780885875 6797.3613300322
165539932.1845838130 6687.9011859893
165755213.2206367552 6735.4308261870
165837625.6849926412 6767.5782489775
165491611.7063004673 6684.4160382998
166024058.5783646405 6811.6902580260
165633334.8377933800 6688.2765003247
