152043965.1997014284 2576.2154797636
155210681.2148094177 4079.3671770345
156566652.7464837730 4487.7913891071
156434642.1653856039 4475.6697757323
159071737.8599046171 5364.7313566368
164270401.7255399823 6673.0935743519
165519928.8927476704 6978.5920487628
177625905.7145681381 9380.5440750122
176993077.5250089467 9341.3354797363
151611503.6269079149 1819.3013458496
152886875.4565101266 3084.4027179994
153714715.2425517738 3446.7671096965
166419683.9870697856 7130.1585847125
165773334.5597288013 6999.6069089160
176051218.0489175916 9145.5670475960
151588045.2667070329 1722.3202545803
155981695.1513251066 4366.6708692093
165273307.0408186316 6911.0866690234
164884966.3009850681 6863.5570288256
165107628.2317850590 6895.2561483935
166493986.6598588824 7191.8640858964
166811620.5272437036 7191.9247285114
173419203.5252708197 8683.0086059570
176171513.7623690367 9167.4640464783
166037498.6128546000 7112.4539355510
163759253.3947279453 6579.2177961536
165865814.3421349525 7082.4645844684
176409683.1385797262 9248.7916202545
155654148.2601988912 4257.2107251663
159064777.3028354049 5349.6701755679
151970860.6350663602 2466.8027603053
152476790.4473872483 2899.0629616475
165293393.1942808330 6937.9415655688
173387819.6884271204 8674.0095176697
176864078.6852715313 9301.8176574707
165013738.8624038696 6877.0859090076
155718730.5022026300 4269.8397861383
155563222.8530054390 4186.0535299030
177161777.0850695670 9354.7789993286
152548864.7622375488 2903.3884046173
163012387.5339474082 6387.6271816790
165452623.4023483396 6974.5692643684
176195298.1557115018 9194.1804542542
152403765.9117640555 2821.3019371724
153644585.6890515685 3429.2697890670
154830030.2057650089 3931.5561772919
162936848.1329747438 6359.8260431387
176578489.9900158346 9271.9414787292
156042752.5228535533 4381.1122371402
176973437.4073831439 9309.2856941223
152805145.3771520555 3030.7073508226
156105543.3110342026 4381.9989004494
158538523.7713164985 5171.7429605419
158922931.2819919884 5286.6729818279
158723859.1695668399 5256.0229721980
162474379.7448479533 6232.6546364709
163302591.1429735124 6454.5738885435
159018820.9772509336 5308.0182767803
153640157.9533107877 3413.9426909458
164081241.5400250256 6670.4976938434
164555524.4833602011 6765.7677398615
164478862.5289468169 6763.0415533253
155060959.7092502117 3971.6223203277
162865743.5827627480 6349.4286363707
164298398.6939732432 6693.6475523182
155701862.9922209978 4262.6355796890
173615468.5735590160 8716.1396579742
163856851.0200864673 6591.6509054371
164337898.0514063239 6695.3495329090
152207430.0376590192 2693.6842861866
152502562.2480640113 2901.5898016820
163731159.2009129524 6550.2602838972
164008909.4499474466 6653.5814092823
165609530.7671785653 6983.7116857134
165708745.7725569904 6986.5670445589
152880634.8420089483 3067.1871481859
155397042.6010341346 4150.4762797900
158691890.7461266220 5254.9738622600
159162882.9047874808 5376.3994081995
162774855.4902792275 6342.3412082293
163753407.9144397676 6566.9781812497
173435818.2411952317 8695.9722633362
177380612.4177082181 9378.6796951294
158884327.9178930223 5278.1364099971
151717658.6510803998 2042.8339841419
156042720.6683305502 4372.5319081989
163580633.3818239272 6544.3477300473
163621544.7295037508 6547.0466915437
163512041.2959131896 6488.9689344235
165622163.3813048899 6983.8321917318
173278613.3974588811 8661.7188229561
153165148.3918992281 3227.2657855423
155531721.6532728374 4179.9571482883
155762787.2332143188 4285.1937057224
163414321.9638342261 6477.6835226521
164676237.3470776975 6772.3888891269
164677371.4709581435 6781.8281882070
177807641.7154184580 9411.8146667480
151728082.2134011984 2052.2174816334
152283454.0938854516 2778.4675444213
155306215.8147435784 4119.4020253754
177322458.5598332882 9364.7602996826
155685241.6479323506 4260.4171430316
154992294.8350722790 3935.0762731171
157484437.6464003026 4799.7469826289
163572589.3343233466 6493.3519667357
165268367.5891880095 6905.4261724541
173542562.9460495412 8712.7841339111
173687579.8363100588 8723.7226715088
177643904.7407937646 9397.8952713013
157397602.4504955709 4777.7541122981
152933291.1674785614 3120.7486592219
162770784.9762098491 6325.2010142459
173339930.8262285888 8671.0988197327
173690882.0456490815 8726.6471290588
152813024.1490190625 3050.2708636247
155447893.3800517321 4165.1743132816
152388730.4007257521 2809.4320061153
151852550.4858425856 2333.6087584728
172799513.8363180459 8559.2100620270
175318989.1610123217 8982.2932434082
152484966.5832968652 2901.5635121498
152705236.0356882513 3024.9931841813
172280594.2976533473 8412.1011962891
151607856.3213018775 1812.9617394765
151853173.4292919636 2357.3426162623
163163305.2120247185 6434.8875860043
172211697.0798790157 8391.3655414581
174923035.3865397274 8934.4014701843
151810605.3222467899 2216.8494406743
155142976.0907918215 4055.7141692386
173183536.7744893134 8607.9686603546
155933891.1460346878 4334.0433451877
157780642.8484933674 4914.6770039149
164216158.7623647153 6672.3680441640
157945269.1464791298 4992.4380283900
173201650.1511990130 8608.8129634857
155282315.1968678236 4087.3621241794
172032998.7150509059 8385.0600490570
155596081.7625457942 4224.5832011448
155096708.7549747229 4041.0163213348
157410064.9668603539 4788.3944521495
172457883.5124497712 8480.6039085388
172343028.4483588636 8416.4371242523
176047526.8344590068 9134.9535160065
152179483.6537175179 2663.6262086725
152222305.3763197064 2697.0589581227
163388454.3019961715 6472.2439739481
171942537.8425976336 8356.5936796665
175106653.2399919927 8974.3636646271
157582826.2856770456 4882.9778843470
158383255.9364120066 5115.5066682095
172368493.6187207997 8440.9684429169
163105502.4572375715 6395.3856227496
158073019.3146551549 5011.7890130276
176363794.5934137702 9199.6575984955
158077973.4619361758 5012.8967300898
162619117.5076850355 6253.7072849371
162485259.3760880530 6232.8810641863
158323750.4436358511 5113.5457574123
153920245.3676075339 3532.3706045770
160685851.7339404225 5690.4649632424
157327652.9011930227 4774.0562645741
172568892.0157852173 8498.3168365359
175981703.8018445075 9127.8798313141
162535938.0260734260 6234.7974556782
154563725.4007099569 3688.9597556339
162768204.4540201426 6281.8890445330
174055098.0715117157 8801.2545909882
152447868.3892142177 2854.7562645994
152587179.6191559136 2917.3966581916
157974219.6804635525 4995.8406889983
174413515.7857831419 8873.0872173309
162413395.8324472606 6219.7188755274
162399245.2609699965 6157.7883716822
152625375.2975337505 2934.1588466069
153966782.5320967734 3579.0362813498
173723992.5724467933 8749.3137512207
161027751.2684890032 5819.2031815499
160933999.7598571479 5797.4164109677
152030053.0653283894 2573.1830800209
174948172.7388497293 8945.1316070557
175705350.6479523480 9075.7993564606
151675877.3434466124 2025.9176995807
151985947.9882732034 2553.7662449574
172631665.4807178676 8509.3039722443
161961819.2405418456 6032.2989266366
161988147.7615728080 6049.5129281359
161625321.5369341969 6000.7318665963
154124680.6061690748 3633.4829533689
161197133.9777852297 5892.8335545510
154172384.9481917620 3650.3992379300
161333380.4356234372 5893.5702297477
160734303.6190398335 5743.3755906075
161904191.0330059826 6026.2577777356
162173930.3576811254 6112.4905178336
161781335.1616339087 6015.2894514054
161579380.7519545257 5986.3828644454
161593767.9795860648 5998.0573266000
160732991.4471694231 5702.9689808339
175922926.5286700428 9095.2892093658
175817246.5543976724 9080.5255393982
161168004.2976737320 5888.5971825570
160744327.4433986247 5779.1370385140
175328882.6207479239 9031.9612998962
160808693.8151968718 5783.5955748027
151637951.1372725368 1922.4218835194
151649408.3288910687 1940.1939404767
160025190.2315781713 5567.4145497108
160265513.6138434112 5612.5659395480
152439530.4572607875 2850.5518026414
159928052.1738693118 5543.5023161197
174780252.4646603465 8929.1014595032
173875495.0577343404 8775.5273876190
173110400.1128137410 8601.8955478668
160361108.1778876185 5651.0340801310
172792940.8942684233 8515.0688896179
152369488.6617065668 2806.9334289929
159732735.2943120301 5482.0706163669
175607215.3590546846 9061.5496082306
152305913.0249448717 2796.5026720261
159861332.1228730083 5526.3474531068
160312536.0184014440 5647.9464899326
159551552.3626941442 5433.2625738407
174949859.5006783009 8965.6310768127
159883773.0357663035 5538.4863458896
157499042.8544753492 4827.0957718440
175032763.5871910751 8969.0057487488
174153879.0829784274 8815.8739452362
157638162.3056276739 4884.1692269934
156956465.6619350314 4664.5912132807
174523974.1890164912 8887.8700523376
156735182.2206662297 4560.8851499396
153412919.7735603452 3336.7530147572
156873134.5927951336 4582.9343931474
151780947.5913660526 2216.6182392640
156736081.2103876770 4581.7361357011
173983985.3194139898 8784.4151420593
174654114.1561171710 8903.7005729675
153280657.7514007390 3281.8744471939
157194909.7670990527 4687.0696239569
156943880.3228834867 4604.9680225648
156293859.4866621494 4429.1629187095
156325637.6642428041 4441.7751295366
157174832.9709324539 4686.4688845896
156209999.1252646148 4384.7783639456
171597286.2296902835 8204.3987193801
171560798.7149981856 8201.8315635421
171586553.0928765535 8204.0556693771
152056492.2687934041 2579.9954872822
153533267.1204502583 3382.0063859248
152119897.2286303639 2585.7995810555
153426282.3553794622 3346.0388873489
153334221.9359885454 3296.9671063817
153231580.7305563688 3253.7587075873
153110689.6787094474 3175.7326934381
151747032.8696585000 2129.2370804439
151765524.2017484903 2130.5890699567
153390508.9249605834 3336.7259295852
153786489.2541803718 3473.2821466126
153790013.5954566896 3475.3275926346
154648161.0790384412 3774.8457004800
152084255.0210054815 2585.7764986602
154345773.3581144214 3673.6006744548
153204720.1529818177 3253.4937179132
171616355.0923352242 8214.7679551938
154600537.1734597087 3765.8007904263
154310810.5926023722 3671.0906095527
170832292.2554298639 8027.6071856418
170519106.8119181395 7995.9361546044
170308542.5351400971 7928.8186303382
170446831.5143774152 7973.3074288325
170858867.4453766942 8042.7317866981
170645911.4245663285 8001.7190967207
170187523.0800546110 7896.4366655950
170486255.3532615304 7981.1713443403
170289181.7215493619 7914.8894038801
171166168.6648228765 8111.1103799348
151911207.1491364539 2360.4529028488
151828328.9858964980 2250.9927588059
169664615.8378121257 7768.3490631282
169814688.5038765073 7787.1947193746
169503619.8454357088 7727.3833625193
169371068.2560976446 7697.2219250207
169837323.8027181327 7806.5528946226
169744609.5011695027 7776.5073391502
168007829.9978986084 7306.3715464622
167824300.0300305784 7263.2930972129
168227213.4925629795 7360.3306223899
168395031.1183440387 7385.2193209678
168119440.7039867938 7350.1227900535
167708874.2052284181 7244.5504924263
168766492.6050821841 7463.2205820526
169303969.0293575823 7571.3170022215
169163130.9371050298 7559.1391134704
168929798.7599474490 7482.6738766874
168792062.9927880466 7470.2048697914
168888820.5095134377 7470.2066119363
168241707.3982709050 7360.7464678934
167729616.6822487414 7247.0503512229
