176426669.8261208832 9276.0900325775
177033608.2263452113 9382.2499237061
152207400.6736387014 2679.7534852421
152757314.4967609644 3069.8113087736
156201191.6695436835 4454.7699262002
162511826.3273191750 6264.6558913343
162559855.8087215722 6267.8461853771
177316361.4444896281 9411.8146667480
151979573.8591260910 2570.2939871540
160166390.7879610658 5643.5865036341
162352096.8388239145 6194.9617959612
162042649.8905587196 6155.5466051050
162361609.2292624712 6247.9214246410
160330491.1533041894 5730.6016109198
151699822.3663775623 2129.9776130670
152571846.8884496093 2959.3388661467
155424168.7202838957 4147.1824907450
171665783.3586988449 8424.2557229996
171358153.0328197479 8375.4762508869
172542572.6630693674 8616.8728246689
176498351.2923688889 9323.1712265015
161327349.4028242528 5972.8690680616
161566679.0208072364 6048.4460383275
161511446.3179637790 6045.7356032484
161448705.4134098291 6019.5063609236
152635315.4132860899 3008.8667208927
172206889.4456946850 8523.0961503983
172619972.4457798004 8641.8306455612
172776334.5807381272 8657.4687852859
172953308.7679077387 8703.8358116150
159853867.4111086428 5606.7500326926
173012399.8274785280 8717.0605125427
153157920.8953024745 3230.2088032649
154854085.8058589995 3932.7583817639
161370669.9521151781 5986.8306437352
171515301.4099671841 8383.4264345169
161378732.1597265899 5992.0303088048
172107939.7195724547 8517.7772569656
177198064.1099341810 9391.2669143677
172055584.4198601246 8505.2699222565
173068089.7631267905 8718.1980676651
176058247.8035246432 9247.6250724792
152842323.1644799411 3100.6207591020
155951393.6029016972 4377.9513239576
157257049.7471717298 4811.5284938216
159894413.9181689620 5620.9560524317
157300972.5637904704 4832.2748717912
156548857.2453199029 4592.6082057357
173792043.1051633358 8878.8698368073
151738700.4807609320 2225.4596764848
160992470.1583716869 5880.3766154402
151931832.5737922192 2467.6336494623
151974031.0467570424 2476.6775787563
159803468.4864018559 5545.1139558646
161652815.0535884798 6052.2779367458
161154297.3918596208 5938.9858942846
171525456.3400694132 8388.6751289368
171821229.0729942322 8486.1862268448
174402946.3364309072 8979.1430492401
172048050.8552881479 8501.9467363358
160697416.4706110656 5829.5257502416
172233308.8442451358 8579.7077608109
173744703.8544149399 8864.6617460251
152729991.6572500765 3047.8413342558
161161299.5370097458 5953.5678239469
175101828.1392963231 9092.4721355438
152586297.4649102986 2991.4256047331
152480213.2681221664 2908.1947030150
165204909.5761067867 6926.0178145387
174784810.5513318777 9049.6220626831
172519129.9281156659 8602.0659875870
175158234.9760839939 9103.2331733704
172661460.6641063094 8643.1313161850
159423090.5578103065 5469.6607810261
160817148.6958736479 5846.4420348027
172344461.9574586749 8600.2555131912
172802910.8692242503 8692.7993726730
151804665.9603702724 2240.3572309177
152837347.1920224428 3084.5805531802
153028862.4952437282 3178.4329482042
159953862.9465996921 5623.9523730338
165841890.3258536458 7094.5901313075
151577263.6138633192 1641.7007582408
165297704.1824697852 6970.5332297303
160668420.8362629712 5826.8153151625
159585469.3786052167 5515.6934692919
159232984.3494797051 5402.3358587119
174202231.3772597909 8965.6995296478
174879551.2691524029 9061.5978908539
164438161.5574030578 6767.8218597241
159480669.2709061801 5486.4694811371
156459769.1721030176 4556.9492279919
165233209.3483418226 6934.3914853551
164961573.6306129694 6889.8871662864
152272725.7536004484 2772.6865330433
173172648.4449435472 8734.4571409225
173266604.2558367252 8775.4030170441
173196439.2991837859 8770.5603971481
160303551.3630431890 5703.0163440842
160513812.3172689676 5734.3875996380
152092724.4195651114 2663.3080155139
173348585.4137919545 8792.5814275742
174192865.4700175524 8954.2204456329
173856477.9573216438 8891.5372962952
151525072.3032383025 1545.8669884530
165353604.8122904301 6985.1325055577
158858653.4233877361 5284.1681272785
159514464.0225822031 5511.7960027548
174054451.1693350971 8916.2766237259
160609435.9749736786 5770.3995856398
160264499.0816471279 5689.2039364927
166016874.3409898281 7095.9278170806
165477616.0219238102 7014.1301453360
151768272.1563486755 2238.8662748641
155614750.8688361347 4238.0680747716
151930294.5302362740 2444.1149748966
164836197.3034541607 6872.9734000184
176681139.9957767725 9338.9259185791
155266252.5565614104 4105.2325846702
173533758.9822025895 8825.8747072220
173797710.9127418995 8881.2535028458
156918564.9162544310 4707.6902906033
173953325.4575477242 8897.0071735382
156648291.8404759169 4624.4593888851
159340828.9930483997 5436.0945353395
165642165.2083328068 7038.3046829947
151674350.7003261149 2028.8576751707
151806398.9004782736 2334.9198205277
165354693.1112648249 6986.4701913309
174647011.4156082273 9028.2837581635
152372872.7504564524 2833.4012211882
152329483.5772851110 2798.9157753682
151654326.8809083998 1940.4310445263
174110774.6177610755 8931.8593463898
154823952.8871687949 3928.5220097699
164317257.0270635188 6714.1379102536
156607308.0368368626 4601.3313924702
176098966.0599092543 9260.9091415405
175987346.6284795702 9244.3688545227
154983487.0454483628 3963.6185406842
151598778.0752280354 1739.2748884288
174371634.0957521200 8978.3669891357
157281349.4680201709 4820.1014707088
151702285.2648070157 2141.1710027761
158740548.1496194601 5267.7781948006
175117730.0888743401 9097.3505458832
154896924.7378998101 3951.1524609723
167723453.0059130192 7487.5257916916
165292884.3349666297 6964.3898190411
167216891.6261321902 7365.4124240894
167329042.5922987461 7383.7089920770
164280687.7063947320 6701.3375142880
167890046.2342554331 7536.1521620173
164069098.0989974141 6655.7332962819
167711619.8450367451 7455.5087566394
167761178.8289160728 7507.2672748584
176630100.0239155293 9330.6862030029
164520594.5537953079 6777.9543231071
167383715.3110468984 7432.3588981647
167438586.2586905360 7435.9959695856
165109606.2322139144 6917.0761903238
167346728.3865295649 7427.3429279346
164513703.4535796940 6772.3909334086
164397739.2362379134 6763.2680181332
175595738.4147747755 9155.4854431152
167484489.5055274963 7449.9733791370
175251485.9510335922 9115.7181768417
175609824.9745053053 9177.5501060486
175573178.8471948504 9154.2526283264
164354310.8630667925 6725.0063818165
167459649.5668420792 7449.0257833125
157197010.4821515381 4795.9081253759
175565727.3893358707 9151.6383323669
157154228.7888229191 4750.7074697017
163162355.6589459479 6385.8936126330
175399291.6434722543 9139.3589153290
166219682.5644998252 7121.2841731776
166888824.6033321023 7320.4301945867
175773024.4008440971 9210.8642387390
163347688.9673118293 6461.2290487289
166387149.6041234732 7211.9623488479
166288915.7293860316 7129.8327056635
152860239.5487910211 3106.5829868761
163278952.5243408978 6460.6159215071
166292106.9566721320 7148.1138184536
175908713.4463378787 9231.9027748108
151679232.8084959686 2129.4089208648
151852900.1720326543 2373.9939111494
156419805.2982473969 4505.8050648602
175830976.2494684756 9213.5086956024
176715508.4416820407 9345.9981689453
151552663.3213413358 1629.8147443858
154801707.0056992173 3832.8684680261
176779556.2836115956 9346.7489547729
166742060.7476418316 7269.2998779756
166788197.9461399913 7294.9484215944
166820266.7153350115 7301.4337415064
159443233.5989063084 5486.1721308032
158988121.1419688165 5321.7465817729
159499262.4824025333 5499.3042487750
151553420.0264249742 1630.4103678380
159243858.1387977302 5408.4111063282
157201669.9137145579 4805.0497944652
156333849.6997017264 4501.9092692020
166305933.6361899674 7171.8863266450
151580627.7629878223 1643.9519804632
158843255.8084207177 5280.2734644594
157074238.5694877207 4744.1538899242
156862330.4920391440 4695.5896504223
158721302.4138036072 5257.6430132570
166740827.2163580656 7267.4896841614
166364939.2636129856 7202.9712807075
156826659.6308862865 4666.4093720349
151582776.6087336540 1722.3202545803
159049369.7665248215 5367.1031572999
162913533.1005322039 6373.4243562804
162753131.3310526013 6342.3412082293
162857329.4437903166 6354.6109197172
151619484.8816087544 1831.7803986233
162928586.8006399870 6377.4377391436
162643499.7667214274 6302.8417632678
155925549.1372751296 4357.5292001199
151611503.6269079149 1819.3013458496
155654148.2601988912 4257.2107251663
155718730.5022026300 4269.8397861383
154830030.2057650089 3931.5561772919
158538523.7713164985 5171.7429605419
164081241.5400250256 6670.4976938434
155060959.7092502117 3971.6223203277
155701862.9922209978 4262.6355796890
152207430.0376590192 2693.6842861866
158691890.7461266220 5254.9738622600
163753407.9144397676 6566.9781812497
163580633.3818239272 6544.3477300473
163621544.7295037508 6547.0466915437
163512041.2959131896 6488.9689344235
155531721.6532728374 4179.9571482883
163414321.9638342261 6477.6835226521
152283454.0938854516 2778.4675444213
155306215.8147435784 4119.4020253754
155685241.6479323506 4260.4171430316
163572589.3343233466 6493.3519667357
152933291.1674785614 3120.7486592219
155447893.3800517321 4165.1743132816
152705236.0356882513 3024.9931841813
151607856.3213018775 1812.9617394765
163163305.2120247185 6434.8875860043
155142976.0907918215 4055.7141692386
157945269.1464791298 4992.4380283900
155096708.7549747229 4041.0163213348
152222305.3763197064 2697.0589581227
163388454.3019961715 6472.2439739481
157582826.2856770456 4882.9778843470
158383255.9364120066 5115.5066682095
158073019.3146551549 5011.7890130276
158077973.4619361758 5012.8967300898
158323750.4436358511 5113.5457574123
153920245.3676075339 3532.3706045770
154563725.4007099569 3688.9597556339
157974219.6804635525 4995.8406889983
153966782.5320967734 3579.0362813498
152030053.0653283894 2573.1830800209
154124680.6061690748 3633.4829533689
154172384.9481917620 3650.3992379300
151637951.1372725368 1922.4218835194
151649408.3288910687 1940.1939404767
152369488.6617065668 2806.9334289929
152305913.0249448717 2796.5026720261
157638162.3056276739 4884.1692269934
153280657.7514007390 3281.8744471939
153533267.1204502583 3382.0063859248
153426282.3553794622 3346.0388873489
153334221.9359885454 3296.9671063817
153231580.7305563688 3253.7587075873
153390508.9249605834 3336.7259295852
153786489.2541803718 3473.2821466126
153790013.5954566896 3475.3275926346
154648161.0790384412 3774.8457004800
152084255.0210054815 2585.7764986602
154345773.3581144214 3673.6006744548
153204720.1529818177 3253.4937179132
154600537.1734597087 3765.8007904263
154310810.5926023722 3671.0906095527
170832292.2554298639 8027.6071856418
170519106.8119181395 7995.9361546044
170446831.5143774152 7973.3074288325
170858867.4453766942 8042.7317866981
170645911.4245663285 8001.7190967207
170187523.0800546110 7896.4366655950
170486255.3532615304 7981.1713443403
170289181.7215493619 7914.8894038801
171166168.6648228765 8111.1103799348
169664615.8378121257 7768.3490631282
169814688.5038765073 7787.1947193746
169503619.8454357088 7727.3833625193
169371068.2560976446 7697.2219250207
169837323.8027181327 7806.5528946226
169744609.5011695027 7776.5073391502
169303969.0293575823 7571.3170022215
169163130.9371050298 7559.1391134704
