177517399.0854483247 15788.4147291373
178837104.6564621031 33343.3778165057
183048378.0781445205 53672.4133412130
183160577.6403505504 53980.3738349695
183129144.2919020355 53890.5266834199
183068613.9162429869 53883.9831822105
183868716.6538413763 56456.4410326084
183939289.4515542090 56552.5202082917
184306730.9247391522 57465.7108483315
178525076.4104456604 30687.3017803777
179993901.0900961161 40035.3779254109
180154476.4594722092 40770.6697726437
182963167.4121694863 53438.5839619637
182814738.3657806218 53281.3634588011
182789146.5720790327 52989.8113729125
184375863.0515810251 57661.8393606842
177856799.9737740457 22725.6107668415
178836688.5586156547 33227.9419603273
179231753.3131138980 36178.8194598258
180124062.1797058284 40503.4331061989
182891031.0926845968 53398.2439549156
188041102.5553198159 66314.6679354161
189995107.3535855711 69520.1908569336
177554244.9262349606 17352.9096768837
178461370.2079060376 30223.6529557109
178667930.1949033737 32448.8303270265
180043752.4121220410 40097.7734153420
183059350.6303332150 53672.6850712486
184156085.2563152909 57240.6137747467
192095687.9588306844 71960.0264282227
177833809.4939088523 22684.4349683993
179164961.0658392608 35620.1849321201
179141693.2125274241 35512.8087473214
179705170.2680984139 38350.4466365278
179917761.3125576377 39993.2338569313
187716378.0697888434 65462.8225157792
189671999.0105561316 69065.7911949158
191177012.5978980958 71114.6141967773
191246200.8588505983 71135.5531921387
192211056.4193187356 72001.9610595703
192227315.2349559665 72086.0098876953
196568298.4991843104 73176.9241943359
178969545.7090132535 34742.0033828318
187803476.9326450825 65830.7838423783
196988197.6086954474 73315.4156494141
177908995.8659530580 23864.6120171140
179175433.9324557781 35787.4022081047
179824556.4398205578 39338.7402762920
177799233.2206492722 21852.8523390201
179733553.3451751173 39081.7517509013
189153985.8472262919 68405.3956489563
177831589.9368554652 22614.3434068434
184295703.3459973633 57384.8230211338
189784825.4113393426 69116.2774276733
177788784.5637495816 21799.2265697219
179581809.2846874297 38018.6705117375
179725715.7101286352 38718.2719280869
179414354.6078631580 37210.2650244609
179799965.5413362682 39194.2699380070
189971299.9978285134 69273.4264450073
197019211.5194671750 73322.0596313477
178813131.8620271683 33194.3373943269
179557631.8887409568 37482.9282021672
188216911.4003606439 66589.0128126591
178925410.0646423697 34252.1763577089
182632864.2066868246 52256.7140248008
184151155.3548567295 57127.5580480397
189022144.0346752405 68210.4844856262
179779350.3026271462 39088.2949013859
177629358.4875741303 19047.2360080588
178913092.4796502888 34016.4549361765
178863790.7619758248 33882.6457744539
182640814.0176971853 52291.1441395469
191120462.9662644565 70934.0338439941
189897206.6443749368 69184.8654403687
182650970.9845595062 52436.5972683616
177771790.4521611631 21794.9258864172
184270567.9104875624 57349.4767276235
184548029.2812888622 57926.1626775563
188005182.7959753573 66167.9822228253
177877211.4506015480 22985.7259790397
183780731.5870138705 56094.7260778248
184764576.2949643135 57972.7368203558
189213819.8034959733 68487.3029975891
189209848.0295537412 68478.1928596497
179322368.9328536391 36387.1790514737
189326439.6498171985 68676.5276679993
189142980.7052915692 68288.2603034973
177594686.6862225533 18247.4248256493
177804414.9988320172 21930.2269300692
178600033.1864118874 31498.0455324054
189215843.8184266686 68576.8894233704
178754509.2244607806 32618.5930424631
188976536.7508047819 68141.0324420929
177747934.9542833865 21772.5054029696
178768698.3269576132 33043.2956157625
182318882.6690028012 50706.0913579464
182579947.0712787807 52167.6643955894
188994119.4629572630 68199.4599933624
196688524.5969985425 73245.8145751953
190876315.6507374644 70472.0811767578
178021028.0012166500 24222.6717512553
189059861.7397715151 68260.3489398956
182354632.0698673725 50941.6274408102
177686656.7717689574 19805.7335374246
190715495.0404777825 70169.3730468750
196652657.5101311803 73184.3715209961
182758195.1984588206 52987.6610386558
187925230.8812409639 65967.5671968907
188266070.7148799002 66691.4267101288
193082785.5281482637 72255.5020446777
177570086.4032438993 17436.2214597206
184324410.6409485340 57492.3363413811
191377898.6404449940 71283.5691223145
177640841.2943279147 19199.8643578433
178032131.1027885079 24443.5317195301
187951704.5531309545 66143.4548922032
193117988.4280157387 72268.0529785156
177665793.4609478116 19344.4640272114
184144093.5278924406 56997.8743480574
188725033.6642624736 67636.9592876434
179496613.8393693268 37418.5024602413
179451041.0523001254 37391.8701970577
184678340.6865811348 57967.8906121254
184437142.4425502419 57886.3442308506
179379452.1919008791 36775.5169159323
177602161.4388464987 18376.8604639873
177586226.3923370242 18216.8830570090
179319814.1572908461 36269.1494310796
179571061.5657007098 37610.8407413810
184424445.8957842886 57663.0005544193
191011012.7926369905 70835.6660842896
188954219.4223043621 68105.4404621124
177615313.2094476819 18886.7045457254
177600966.3064695001 18266.2540415715
178055060.6450065374 24451.0068651085
188682152.7954874635 67544.0115375519
190819924.8978169858 70334.2586059570
179387246.3270818293 37009.1696215421
182173951.3466966152 50322.8257688284
177903362.9808454216 23502.4946758692
187800142.2607350051 65676.8327150792
178556376.5271205902 31355.5108993202
187741725.6066828370 65608.2560358495
188700723.8093817234 67579.7488422394
178438521.8080638349 29701.9916312511
178506148.2447004914 30627.0031334907
192954337.7761720717 72159.1639099121
188574113.5332937837 67354.8402719498
182077429.7691639960 49862.0221885443
188820170.6341665387 67750.7880268097
178491035.7500852644 30616.8334862739
182038031.7014666200 49720.7593511343
177718720.4905660450 20062.6562589877
182065686.6933477223 49783.3917611837
190807254.4462300539 70216.8471984863
196682541.4879957139 73195.5332641602
178541497.9570311010 30819.5224611163
184326828.2606856823 57564.1715120301
190852580.0077812374 70467.2487182617
196191094.4450649917 72850.5092468262
178474306.3906416893 30586.1159669757
190883194.3450954258 70597.9880981445
196280528.0597599745 72927.2610473633
196243598.3120082319 72866.6274414062
196253306.5164234340 72890.6975402832
177701678.8084674180 20026.0722389448
177724194.5477937162 20851.6333936923
188889267.5300284922 67876.7961750031
192705925.8098840117 72145.2980651855
192966295.5221092105 72181.8052062988
182573691.5456149280 52141.3167469688
187349385.7803277075 64218.2699251547
190934193.2201628387 70670.9673156738
196735130.8401455581 73261.3457641602
179258225.2457638383 36234.1919604093
182333768.0767003298 50833.2769748271
182008878.7587754726 49705.5103801116
192990665.6721437871 72229.7463684082
192997665.2501713037 72234.2684631348
187918447.4028586447 65949.3970164901
192040996.0688509345 71874.1361083984
187736028.4921898544 65588.5872736424
191193372.7895649374 71128.6169433594
191335563.4773129821 71245.3352966309
191666012.1674982011 71496.9115905762
188729192.4029263258 67655.7706928253
191629405.0975971818 71446.7068176270
191587520.7453601062 71435.7460632324
188454232.4669901431 67011.5907726288
191946699.7125046253 71774.5421142578
182382630.0212702155 51362.2374414206
192037025.1311031282 71860.9958496094
191462639.4353415966 71329.7987365723
178752323.3223973811 32572.9495137781
187609881.3070222139 65219.2940955609
182094281.9590492249 49879.1800763905
184054346.0096824765 56930.1072656214
182275908.7622550726 50681.1621392965
187668228.3010582626 65275.3803846669
191714758.0146492720 71523.2458496094
191955470.9028356373 71795.9346923828
183724033.1783484221 55644.9726592260
180364600.7906255424 41129.5141109457
183059778.9077609777 53728.9587884843
180705642.5692159832 41379.1177238194
178435804.3538713157 29506.2483613640
188462678.9314830601 67044.4973828048
188124840.4204609096 66365.8108339757
178644343.6951931417 31833.2825826257
180310576.8245747387 41074.0439046850
180531246.7341966331 41341.8552342733
182981062.7800941765 53556.5457661338
191874783.6322868168 71700.4858703613
182442327.4668492973 51474.9910664791
182179353.9140107334 50503.8093708996
188416091.8546671867 66964.3499829024
188357897.0743510425 66776.2886921614
178268192.4638883173 26441.7454422304
191678447.1587486863 71516.2005615234
178313278.0732978284 27327.9752922618
183918983.9718658626 56495.9450863898
178389689.7907310426 28091.0501396754
193574184.6080271006 72303.7541198730
194128190.5759962201 72417.0159301758
178395254.2917404473 28159.5540641048
178211108.2198297977 26251.0953088590
178168630.1324202120 25481.3115203007
178417645.1249205768 28932.9131157496
193514992.6440659463 72285.8265686035
178352865.7080041766 28026.2105962508
178157496.4834200740 25341.2067118475
178278975.3257803619 27114.2810308211
178384382.2634137571 28042.4016973250
178351980.4647299945 27600.3999760821
183417085.0937367380 54828.8925712926
183439602.9739396870 54861.3714137552
178156265.9204266071 25003.9264277968
183269801.8646635711 54327.5430721184
183395849.1999563873 54759.5968561647
183498957.0826258957 54959.6960945054
196167461.6999605596 72780.3618774414
182492954.5909084380 51651.8787878994
182415713.7661373317 51452.8606328014
178139227.6360676885 24997.1916255507
178380413.7895775735 28029.1792403930
196128777.3442064822 72763.1230773926
183574073.0123538971 55063.0322828674
196010181.3775644004 72696.2184143066
183346545.6867591441 54609.1510597718
195701348.9605071247 72664.9381713867
178236219.8638643920 26356.2713024453
178156449.5975333452 25118.0784857725
195442552.9695316553 72619.6784667969
182404704.3532565236 51365.0032338146
195550786.1697262228 72630.2720947266
195302006.2686635554 72553.4235229492
195375482.1978455484 72554.7207031250
195211806.0098771751 72544.6354370117
195059972.9940344989 72532.1009216309
194533798.1445314586 72464.0762023926
194614931.6946602464 72476.3887634277
194456195.8116717041 72462.9103088379
195057052.3223768175 72486.7763061523
194314544.9618485570 72420.2043151855
186809284.6913754344 62153.7478770316
186784850.1942307651 61976.0679159760
186625193.1016147733 61242.3522212505
181860841.8717186153 47581.7972294013
181840913.9997740388 47555.9106337200
181902337.1941201985 47600.0999724041
187217613.8708434105 62853.8750144243
187265297.6555517316 62854.7668830156
181934027.8890098631 47919.7801142852
181785847.8087603748 47078.8013512975
187267254.0237458944 62916.9496554136
187204639.0299661458 62834.8755027056
181696859.4147625268 46504.1903608925
181813419.2179767489 47234.4778039343
187317277.6759449244 63007.1934245825
181612827.8787597716 45649.7131790555
181652515.3711080551 45877.4312042630
181605872.6062859595 45511.7557511943
181694122.9973666966 46316.8949036038
187323658.1304782629 63087.6376918554
181444015.0510368645 44615.0595179050
181355560.3959102333 43999.1557282097
181451168.0945287347 44715.2327145225
181548983.2128022611 45121.5688997394
181601293.7940137982 45454.5416170246
186004871.4733207822 59432.9512105584
181536449.9384259880 45028.4749195239
185971447.0500653386 59161.7909322381
186592585.3415753245 60535.9662851691
186328053.3034423590 59921.3849111199
186561890.6699882150 60529.2855905890
186491818.5767683685 60277.7928199768
186437389.4035488069 60152.8069009781
186403997.5810773671 59936.3624363616
186545965.2171416879 60375.3996009827
