196869429.5961415470 71487.2588195801
196592349.2557379901 71473.9750061035
178428007.3117877543 19685.6975720301
178539962.2234488428 21386.4164930955
178440489.9127835035 20437.9933182374
178506526.6974744797 21368.2469573915
179398793.8781664371 32307.9909129953
179589233.8019299805 32738.6165656131
179545914.1247009635 32731.1059473101
181704579.7981180847 46352.6940328962
181738233.3707540929 46407.0107470191
182759550.7283009291 49491.3745114903
182804871.9629919529 49893.9497678380
187484279.3177031279 63436.2237132788
187233068.9076122046 62769.3352168798
187671938.8042089343 63593.7244024277
192774563.8203668296 70176.3217773438
193558048.3197983503 70570.1497497559
192921877.3822802007 70311.3226928711
196373891.6130434871 71332.8999023438
193150484.6959323883 70542.5551452637
193032709.3750002086 70319.4867553711
193083938.4708795249 70434.9484252930
192928075.3544956148 70318.7980957031
196445551.4418630004 71391.8341979980
178615553.3340795934 22179.9987219013
178617267.8660341501 22218.6123175994
179367118.9697689116 32138.5171314786
179531288.4320479035 32723.8056546235
179280821.3665334582 30930.8129709307
179626350.7372053564 32880.1990736667
181652515.3711080551 45877.4312042630
181747897.1873309612 46465.7945618070
181605872.6062859595 45511.7557511943
183164284.9375087023 50718.2313771135
187423244.4671093225 63181.4785766602
187627795.3642044067 63562.9413862824
192023874.9620064497 69063.5348510742
192193089.0811094344 69673.3509826660
195879824.4860530198 71253.3787841797
195234818.9326044023 70670.6139373779
196332175.7131457627 71325.2823791504
191972836.2338124812 69055.5749969482
192647636.5634710789 69997.7099914551
178554445.1583504081 21574.9470459595
178498751.3641264439 21350.8307816163
178694811.2169694006 23075.0230442993
178668030.1130368710 22593.3402232118
181854423.2159596980 46891.0353844053
181948460.5550494492 47150.2341162599
182035926.9047456980 47357.9079961664
182032510.6296279132 47200.9409938938
182141570.8377683163 47811.0997686273
182275606.1069796681 47909.0991794503
182962699.1104120016 50309.9011325936
187184667.7381195724 62638.0652126074
188784460.0069308579 64976.3278446198
188374932.0572085977 64715.7137413025
192028853.8038721681 69384.0434875488
192093337.0359538198 69429.0985488892
192241351.5410060585 69747.8329162598
192591567.9525795579 69976.5798645020
192746902.8262332678 70158.5486755371
195818983.5894522667 71231.4674682617
179457074.9164637029 32689.5529077593
179438865.0097040236 32553.3455102984
182124565.4967460930 47599.4801797605
178681591.3038401306 22964.4881375320
179572514.1813732386 32736.1496824063
179228763.7929837406 30222.5680094007
179457022.1309902668 32558.5666094963
179657677.5777204335 33481.9194847029
179730338.5311293006 33505.0302741434
179308246.5787239075 31811.9895532671
181901123.0854167938 47076.6879453099
182653371.6826688647 49344.6868910994
187470740.8823713064 63253.5494960546
187306194.6404577792 62813.3817714453
192142518.8707819283 69436.9177856445
192261647.7443349957 69759.0434875488
192492174.9844104052 69881.8043212891
181801512.1101361215 46596.2641551349
188288532.9689969122 64655.0312042236
188228659.6250700653 64552.9890727997
181694122.9973666966 46316.8949036038
182937873.8616732955 50243.1303098302
187323658.1304782629 63087.6376918554
187960536.8830490112 64307.1412639618
187886749.1495284140 64111.6328344345
189011639.2531560361 65363.2760391235
192499699.2600887418 69944.9273376465
195699240.5435935557 71203.3344116211
195318961.1331856847 70689.0653610229
195134762.6400065422 70655.5921783447
178745511.4046071172 23105.6392228927
181444015.0510368645 44615.0595179050
185961163.6035876572 58750.6665578485
187103016.7339914143 62173.3999591470
187754127.2069189548 63794.0804243684
188196933.6154891253 64523.3003377914
187560775.6462246180 63519.5276302099
187920113.0326319933 64124.8794748783
187802832.9194255769 64030.4094343781
189193107.6134383082 65720.4152221680
191956540.4004108012 68954.6955871582
192738272.2830865085 70087.1086730957
195638890.6573354900 71165.2772216797
196201132.7981051505 71324.9593200684
189173662.6559779048 65476.2881011963
189441327.5934786797 66137.1582336426
189421112.2681281865 65985.5507202148
189207227.1633757949 65890.3108520508
188454134.7605565190 64897.5431003571
188069920.2001828849 64394.9571085572
187794160.0587607324 64017.8416243196
187691592.6675532162 63697.0997508764
178687019.7759983540 23000.6278355606
181355560.3959102333 43999.1557282097
182985250.9723612964 50339.5592719195
185890708.8203953207 58308.4070783257
186911252.7159242332 61819.0985036790
187176305.7733772397 62248.3292041421
187685589.1172018349 63675.1440776587
187768427.7548400462 63932.7194255590
182932480.6442703307 50140.0096204381
178590414.9174331427 22153.3891270645
178638099.0210828781 22349.9182127705
179071890.6341334879 27279.1979067959
181451168.0945287347 44715.2327145225
183101395.2821609080 50717.4241960149
182829421.0785066485 50075.6018064122
186225042.3351997733 59781.7877965569
186966266.4684517980 61929.3261452913
195411073.4426665306 70865.7174072266
185902076.9596023262 58733.1541066766
186039083.9037513733 59469.6974111199
186902851.9580669105 61173.5499988198
186998172.7790022492 62154.6269031167
181548983.2128022611 45121.5688997394
181639799.4384638369 45520.4982373602
186397038.7609908879 59924.6432399750
186314490.2439839244 59915.8132277727
186057492.0009815693 59508.9795842767
181601293.7940137982 45454.5416170246
186168039.6433782279 59605.4306798577
186259477.3719120324 59812.7647328973
186004871.4733207822 59432.9512105584
187169064.4598190486 62208.5258907676
191556690.7621766627 68431.3471450806
178785478.4393987060 23305.2330568023
178745521.8848485947 23201.7714842549
178795224.8660358787 23349.8889423302
178811935.2100912631 24118.0491153291
181536449.9384259880 45028.4749195239
183169292.0840005279 50731.0569411020
191847567.0997191370 68765.4551086426
195386998.7316453159 70829.0107421875
195534054.6259022057 70983.0062561035
178872286.0671949089 24221.6918202928
178978000.1654329896 26632.2104437044
178904813.9050214887 25728.1963078073
183233775.3935039043 50940.4238844614
185971447.0500653386 59161.7909322381
191682678.8297075331 68566.4263267517
186721132.9561900198 60706.6967976838
178987717.8623977304 26712.0894668736
183406052.5394365788 51115.5413185455
183528182.6170503497 51332.3020554285
186730424.8514223695 60909.1391386390
191640073.7828091979 68448.3803710938
191767665.7699685395 68746.8426208496
191853571.9720717967 68913.0806274414
195515601.6891787946 70961.3406982422
186504673.1687793434 60360.4395809174
186682380.3132250905 60648.7470545173
186654168.9456105232 60615.8748564124
186693933.7329336405 60665.4863275886
186847910.7431856096 61038.5927299857
186205234.4500885010 59623.1025777459
179186917.1435648203 28485.8770880690
186888047.7958765924 61095.5954155326
179224678.3557651639 29268.8642783156
186212739.4046532214 59649.6749807000
186825713.5465078950 61021.3966545463
186592585.3415753245 60535.9662851691
186328053.3034423590 59921.3849111199
178870074.6534343362 24124.9562808564
178880678.8200138211 24847.5439365795
178956679.2201974392 26412.6233828701
179224119.1410112679 29243.6645712843
186613989.8707615435 60587.0116648078
186561890.6699882150 60529.2855905890
196190885.1721762121 71270.4423828125
183420218.6954839230 51175.3600416880
183343296.2545055449 51005.0949888926
179193028.8185802400 28496.1058389237
183052618.4974905849 50615.8416090708
178950562.0926851332 26021.2788788369
179164781.5873448849 28382.0502358964
182876415.5748966634 50077.3944349985
186706879.6903611124 60706.6105079651
186491818.5767683685 60277.7928199768
182516017.5577957928 48321.5432214942
196014098.7099488974 71257.6821289062
179072316.0115272701 27542.7354992917
179134603.7205110192 28330.4777566483
186437389.4035488069 60152.8069009781
186817955.0276767612 60926.6611957550
196421049.9478763640 71342.5334472656
183034438.7161578536 50463.3394988875
186884576.7859983444 61089.2025012970
179077031.7358526587 27562.6633035233
179050386.5544715524 26818.8573504975
179109473.6180441380 27603.5731084040
178900406.1773075461 24932.0199252656
178945170.4526519775 25888.7319995454
178935928.9132534862 25779.2586337617
182790164.9108926058 49507.0085930924
186403997.5810773671 59936.3624363616
191293535.3740115762 67920.9211807251
191488725.5584145784 68147.9794921875
186545965.2171416879 60375.3996009827
191262144.7185750604 67198.6899108887
185571602.7090733647 57444.3088538647
191371386.1737762988 67996.9269409180
191733929.1996585727 68580.2643890381
194834158.2393497825 70589.6257019043
182488398.2705487311 48100.5426378429
191430124.8100034297 68004.9787445068
191454107.9550705850 68138.7400054932
191542810.2958153486 68221.8050537109
185773187.1676120758 57829.7413978484
191356064.6425336599 67961.5459899902
180759908.9436025620 34141.2658630726
191673489.6497265399 68487.0571899414
185479524.1385272145 56968.4067885876
185531538.2403626442 57207.0106093884
185585949.0162959397 57523.0383193493
185683498.0451548398 57704.4683425426
185430439.4899847507 56059.5586612225
185662209.4374092519 57585.2277545705
185525049.7879824042 57135.6833541393
185797139.5513117015 57834.7560793161
185449603.4674495161 56948.6938054562
185713837.8038009405 57818.4050490856
180480794.6050629914 33787.8809971726
185846303.8216313124 57958.6389358044
185592015.6445269585 57533.5098159313
180512475.5811550319 33890.2321750426
180524366.8848827481 33982.5650824225
180583309.1093541086 34072.4606995946
185874627.2272857130 58034.7978636511
185830484.9773728251 57889.1207255125
181017410.7661653161 34262.8051087458
181074797.2640295625 34355.2745465778
181112219.8152997494 34586.1211523556
181151292.8825346828 35604.2323355221
181209675.1767836809 35717.0269210627
181222250.2392910421 35736.8283665348
181129575.3381230831 35413.5595144772
181149978.5609430075 35444.5560959866
181323346.7786986232 36519.9320659183
181273839.8463101983 36267.1282906085
181333517.9734240174 36571.9104725916
181269755.9432955980 36264.1630033993
185378509.5549355149 54770.9319812623
185359669.2889434993 53632.6016166774
185213745.8497203887 52781.9300978184
185157001.9490678310 52428.2518041134
185252658.5063671768 53149.6278741360
185213987.2882591188 53024.9330232143
