188766363.7431233823 66411.7686061859
189510955.3525111079 67511.7864780426
192103347.5610597730 70800.9348144531
193376731.2249009609 72153.5599670410
193730013.0427640080 72162.7795715332
193420970.4532257318 72158.5511779785
194169205.1788088977 72183.0735778809
178530710.5085423291 23999.3499132736
178336221.7846408784 22820.1296372213
178378134.6131743193 23558.8477103510
178403204.6736491323 23574.1413101950
179435753.6312140524 33892.6923818169
179669241.3386247456 35455.8256375976
180015956.1716367006 37480.1121423431
179939951.9478974342 37142.8048148900
180342757.2574923038 37756.0226263851
179929132.8613478541 37091.2480637170
186702743.0850226581 61776.2990321219
192133647.7847146988 71107.9628295898
178355628.3300033808 23093.4342426921
178406223.6919254065 23665.3938136165
178255302.5463327765 21876.6171555319
179346751.6198404133 33818.7629082687
179688273.0751614869 35665.8621877246
179478009.9697876871 34128.8078587465
179866893.1217135787 36997.4024202004
179944675.9495383501 37388.6485270597
186871897.5738003254 62288.0647105277
189131681.7549917698 67176.1097164154
192375752.6018432379 71391.1864624023
178330057.3777894974 22739.2819618978
192679702.5069068670 71730.9421691895
178196058.5709943473 20373.2700572982
178290408.2736080587 22662.2117447653
179478865.0351923406 34595.7028684765
179484960.5778146684 34851.9951932617
179437991.9955613315 33940.1921711154
180042657.5980016887 37617.0554669835
180127207.4882558584 37743.8075421788
183835879.1449550092 54805.5007580221
188821197.2091754079 66679.4886379242
188812926.2910058796 66535.9696102142
188864665.9031984806 66779.7739315033
192589300.4524465203 71679.4201965332
193313030.7308185697 72020.6117248535
178314603.1883023977 22668.4235477247
179457866.7749631703 34126.2764797574
179902723.0619243383 37051.2478803135
179803845.7484537959 36847.4978497960
182659863.2343731523 51435.3874026478
182478800.9787128866 50616.8573807663
183528752.3266865015 53757.7175109535
183878347.4480231106 55061.4537952691
183780560.5093015730 54561.7264983803
183529333.6595196128 53852.7428286225
192114225.3841279149 70823.6651916504
192332480.9332672954 71374.3723754883
192440980.8070070744 71441.3541564941
193142808.9894059300 71957.0436096191
183624602.2748848498 54205.6755263954
188998782.7071090639 67062.3198909760
179339814.2620590031 33789.2151355930
179692262.4183778763 36071.5099958588
179773673.3155820072 36127.9303545167
179544562.7909539044 34935.8380797107
182225177.4587613344 49590.7622545080
183565154.6838787496 54071.5436446816
183838374.6286103129 54936.6686980873
183642889.5475146472 54482.6432998329
188977985.7431975305 67060.4815731049
192247275.0143433809 71287.8190307617
192195202.4936938882 71128.6799774170
193116349.6883634925 71876.9568176270
193082901.4034196436 71849.5628967285
186927488.8877623975 62355.6264475882
186763608.4644365907 61789.1795481741
188968487.4286270738 66927.6242122650
192387514.8740614057 71414.2178039551
192795257.7107259035 71781.3158264160
178227829.1954097450 21165.8319112044
178185773.8541716337 20333.9673834816
183387951.8871032894 53381.6906468078
188671053.9227645397 66382.7507076263
189224653.1359209716 67320.5898494720
193027068.9590772986 71786.9166259766
192520983.3139525652 71611.2182617188
192615738.9425161481 71690.1198425293
192514787.0529493690 71515.5686645508
178142608.8803947568 17687.3178115367
182116322.1388683021 49266.0210604555
188889297.9757582545 66887.7941951752
183432068.9318774045 53675.8555629402
189317174.4344898462 67399.0271358490
189602405.0341826677 67653.0138778687
189255672.8057942092 67350.6143550873
189788671.8397988975 67842.9476966858
182312833.5700067878 50127.2064502722
189256999.7400261760 67390.2760372162
182350364.9838106930 50408.0902732405
182144598.1041643023 49308.6495870537
178161309.3836423755 18758.1222429350
178163985.3584364355 19516.6174040809
179626215.4777845442 35391.4359671582
182168973.2914110422 49377.7669637686
182250710.2199625671 50008.2384298331
183311424.3855037689 53327.1243094343
179593000.0174995363 35227.1134843637
183395198.0932202339 53459.8242007999
183001844.0594353378 52141.6818958923
188416670.5934547186 65516.5060214996
188637297.6715345979 66177.5287227631
183271605.7492034733 53056.4367405578
188504752.2620548904 65698.2840175629
178230801.4759607911 21177.9254828468
179739479.5168164670 36120.4895586182
182751151.5641435683 51707.3191804901
186766605.6538956463 61928.5656870902
179572868.7341851294 35208.5599931885
182715185.0240890384 51545.9111263693
186592840.8655875027 60895.8378871977
188374771.6726750135 65460.2468814850
182534458.5056061447 50807.2658496461
188560684.5444873869 65806.3168849945
179620575.7428018153 35357.5937969424
188454966.1135432124 65527.3559246063
182597592.8627620041 51171.2681400717
182801414.9079514742 51812.2950823931
182645177.6736508012 51353.8973670136
183273532.3454462588 53256.9888851181
188595824.7964325845 65817.9243984222
188596534.7818567753 66144.9785518646
192107163.7505862415 70803.5446777344
179778621.6636817753 36293.1608972736
182546330.8599834442 51162.6381962240
182410292.9899071157 50594.4550907553
192247045.8263822496 71156.4775085449
179672958.8784172237 35661.8647930361
182517341.4915857017 50784.2305562979
183394254.5078428984 53388.3374351498
192044863.8363859057 70794.8032913208
183175271.0529957414 52907.2124420807
182342459.2220892012 50278.9214132315
183269382.1011675298 52976.7991062805
186636609.3134323061 61753.0129069388
183167596.0594711900 52902.8167888328
183259226.4277671278 52967.0435305891
183123041.7978273630 52859.3803440735
191924750.9930591583 70478.4613342285
178117668.0492867529 16997.1707300618
179615341.7092522681 35354.9911060520
182489202.1133944988 50696.9415548331
182924132.6684318483 52134.9888579056
183024962.0641180873 52274.6201882774
183032787.7362235188 52401.3175932571
178147600.1042907834 18534.8105803505
186626063.2893940508 61620.6952914298
186843343.5218758881 62282.9491709769
183003524.0904562175 52145.3325864581
186809284.6913754344 62153.7478770316
187019238.3610280156 62533.1724943817
179434183.9761171639 33834.6099796481
186784850.1942307651 61976.0679159760
188479852.8793772459 65641.0043177605
179288816.9067263305 31860.0704211032
191846981.2081323266 70323.9140930176
178724468.9468839169 26052.1654153038
178953580.3691842854 26950.3495741617
191936274.4313290119 70530.6655197144
186603733.3749953806 61055.0097866226
191938611.9254988432 70626.8802795410
178793331.5523431003 26883.2823071200
192009688.5111972988 70677.0685882568
182036623.7985340953 48378.8492924343
192115726.6009974480 70910.8478698730
178756085.0992752910 26410.5851112418
178666814.3791504502 25064.6770734955
178701557.9936728776 25957.7029042412
179244772.4617595077 31552.8791634962
178684986.6221918464 25255.6769782770
178598459.4185483158 24246.1135169733
178631451.1592940390 25060.7071906794
179318751.7075667381 31873.8427560255
178559131.9202134013 24071.1310121845
179327723.4022082984 31950.4072899148
187695404.1531227231 63845.6078051329
186625193.1016147733 61242.3522212505
187592764.9205697775 63659.4817687105
182044538.7691566944 48488.5619043554
178597448.0426245332 24100.6273681950
181928991.6696625352 47746.8244438059
182051355.4169642627 48507.6679522167
181907386.1192649901 47684.4283010881
181784767.5605279207 46768.4726149212
179253857.0476103723 31561.3481768593
187477764.7679979503 63277.6129065752
181860841.8717186153 47581.7972294013
178569430.9087821543 24089.1367132496
179334779.9014461339 32473.7505624220
181840913.9997740388 47555.9106337200
182066224.3978914320 48636.8700758587
187314902.9137563109 62926.9288550615
187613065.4501081407 63772.6726752520
191562019.6957709789 69442.8597869873
187384944.9236536324 63236.8863669634
191620532.7094273269 69760.2312622070
191558174.2720834613 69414.4106292725
181902337.1941201985 47600.0999724041
182011127.2045538723 48364.0782057415
191762813.8726289868 69939.4288024902
191512817.3105671108 69398.1766967773
191758408.7053235769 69801.5306091309
187217613.8708434105 62853.8750144243
187265297.6555517316 62854.7668830156
191561270.4549380541 69436.4410018921
182000734.6306688786 48294.1115919720
191183698.4338022768 69103.9245300293
191693684.2747151852 69782.6873474121
181934027.8890098631 47919.7801142852
181785847.8087603748 47078.8013512975
187267254.0237458944 62916.9496554136
191760590.8963263035 69926.0903015137
187204639.0299661458 62834.8755027056
187529486.8978449404 63540.0927928686
191606388.3649195731 69546.4935913086
179230881.8014015257 30985.5456054565
191480876.6113899946 69196.3547973633
181696859.4147625268 46504.1903608925
188339723.1964182854 65034.4787025452
188276487.3850083649 64848.5777664185
179201714.1671381593 30256.3487108003
188332385.0660062134 64861.1642570496
181813419.2179767489 47234.4778039343
187317277.6759449244 63007.1934245825
188150098.1557327509 64701.9569206238
188336649.8384107947 64928.2544193268
188218478.8210062087 64783.4883842468
179163205.4943995774 29901.1228019763
181644585.5336456895 45676.5100661552
179224641.5724895000 30898.4208713118
188100267.0067045689 64526.8167533875
181612827.8787597716 45649.7131790555
187484279.3177031279 63436.2237132788
181652515.3711080551 45877.4312042630
181605872.6062859595 45511.7557511943
187470740.8823713064 63253.5494960546
181694122.9973666966 46316.8949036038
187323658.1304782629 63087.6376918554
187960536.8830490112 64307.1412639618
187886749.1495284140 64111.6328344345
181444015.0510368645 44615.0595179050
185961163.6035876572 58750.6665578485
187920113.0326319933 64124.8794748783
187802832.9194255769 64030.4094343781
188069920.2001828849 64394.9571085572
187794160.0587607324 64017.8416243196
181355560.3959102333 43999.1557282097
187768427.7548400462 63932.7194255590
179071890.6341334879 27279.1979067959
181451168.0945287347 44715.2327145225
185902076.9596023262 58733.1541066766
181548983.2128022611 45121.5688997394
186397038.7609908879 59924.6432399750
186314490.2439839244 59915.8132277727
186057492.0009815693 59508.9795842767
181601293.7940137982 45454.5416170246
186168039.6433782279 59605.4306798577
186259477.3719120324 59812.7647328973
186004871.4733207822 59432.9512105584
181536449.9384259880 45028.4749195239
185971447.0500653386 59161.7909322381
186504673.1687793434 60360.4395809174
186205234.4500885010 59623.1025777459
186212739.4046532214 59649.6749807000
186592585.3415753245 60535.9662851691
186328053.3034423590 59921.3849111199
186561890.6699882150 60529.2855905890
186491818.5767683685 60277.7928199768
179072316.0115272701 27542.7354992917
179134603.7205110192 28330.4777566483
186437389.4035488069 60152.8069009781
179077031.7358526587 27562.6633035233
179109473.6180441380 27603.5731084040
186403997.5810773671 59936.3624363616
186545965.2171416879 60375.3996009827
185479524.1385272145 56968.4067885876
185531538.2403626442 57207.0106093884
185585949.0162959397 57523.0383193493
185683498.0451548398 57704.4683425426
185430439.4899847507 56059.5586612225
185662209.4374092519 57585.2277545705
185525049.7879824042 57135.6833541393
185797139.5513117015 57834.7560793161
185449603.4674495161 56948.6938054562
185713837.8038009405 57818.4050490856
185846303.8216313124 57958.6389358044
185592015.6445269585 57533.5098159313
185830484.9773728251 57889.1207255125
