152160798.4817453027 317136.2098794865
160367977.9974278808 661215.2839193344
162748891.8398046196 728800.3984813690
168209281.4902012944 846017.7896728516
176562993.0305064917 966823.5595703125
157542122.5536520183 572680.5454701632
161947728.8436757028 707088.9023580551
162472107.8531421125 719248.7455806732
162545678.2646626830 725211.8648509979
173382343.2913859189 935651.5871582031
176330650.1179040968 965863.7504882812
151640068.8906349838 259885.1932951125
157487049.6496363282 569474.2587781549
164799487.2648069561 777102.4554748535
152098537.0868292749 315473.9303384709
153576392.5932680368 412360.2399668746
153712177.3160403371 420523.8199067168
166882207.2262084186 823211.3008117676
168046309.4873097539 845479.2170410156
173320506.8450187147 934646.8991699219
154452886.9369412959 453846.2154657595
157000995.8420639634 553949.1047044396
161981593.3569733500 707745.7669658661
164677521.6429279149 775693.0406723022
170122786.9103697240 887948.9006347656
173032524.0472139418 926275.3555908203
176661273.9538367689 966833.3789062500
178297966.2319659293 974764.2373046875
179302793.0247310102 976934.1406250000
160653929.0411187112 670368.7540731430
174462308.2200985551 949416.0200195312
176805504.1608547270 967848.4086914062
153638031.0832541883 415468.4970937424
173947268.0341850817 943311.1169433594
175764815.5100205243 960345.4907226562
175781413.1118557751 962156.4326171875
175224526.0514714122 957756.5410156250
151826582.5862526298 288789.1995569977
157411470.8901970088 564731.9052552879
157561093.6236525476 574327.2035995126
173080154.6019688547 932564.0139160156
178007451.9423209727 971606.8291015625
151611130.5125088990 251412.6082022768
153578955.5741067827 413077.0567583814
173442170.9172409475 937051.6896972656
173215215.7477737963 933609.7412109375
173781515.4608790576 940258.5053710938
174084420.0863621533 944180.1772460938
153593151.5742586255 414594.3205999881
173926137.4451895654 942459.2939453125
176668038.7900297046 967087.5366210938
153483280.6515037417 411934.1085496001
163951766.4640405774 759575.1082725525
173450982.6616264284 938103.7658691406
157347270.9274190366 564723.6711447239
157151357.2667275965 561037.8391004205
176263008.9105371833 965687.4506835938
156888892.0974874198 551820.2612397671
173907118.5769338310 941343.8989257812
173966159.5531661808 943960.0048828125
175198659.7252788544 956377.1914062500
175199496.7868075371 957398.2373046875
175987461.7317787707 963213.0532226562
176191271.2685275972 964761.7348632812
157628741.4170867801 575005.2219264507
154478487.7023026049 455091.3389818423
156750820.5410853922 545716.0646960735
160916823.2579774261 677605.8488607407
166960901.3055214882 828413.2803344727
175670018.1767983735 960198.7177734375
176026291.3356597424 963879.6928710938
183889232.1827639937 984604.7900390625
153471915.7832312882 408722.1113013774
154293683.3532022834 446248.9408423953
175812334.5914019346 962373.7890625000
160404135.2222937346 661727.9687185287
163743693.7166537941 755081.3282432556
174865923.1914296746 954228.7338867188
153420810.1825836003 406715.0454135537
158187614.1888429224 583426.8785517216
161085097.8963101804 684181.3896894455
170276058.6752991676 889036.9670410156
151603510.9770480096 247839.4372272209
152023192.0284831822 310684.5329558763
153406666.2226864398 403886.1728539519
154516974.7749752402 456347.1699356191
157812845.7633771598 581022.5455439091
160724621.2413199544 672804.5013418198
183716452.6167171597 984025.9541015625
151889715.2584198415 296870.9077737245
174406885.2295133173 948830.6484375000
175357574.7951727509 959473.9121093750
175832213.4916046560 962553.8466796875
151591110.9539924562 246374.4123405429
169710685.9554314911 880194.3278808594
174477415.1346401274 951033.5327148438
174838707.6324934959 953923.9916992188
184430250.5203445256 984650.8847656250
183465042.6470604539 983712.3417968750
174538878.5527026951 951401.8139648438
169513698.8848098516 876501.7512207031
157887594.0861945450 583311.9351160526
169539103.4526187778 876981.4702148438
157785545.7946327031 577419.8087093830
157747606.4943485260 575084.0566906407
161851269.2512005866 706980.5032863617
169978219.0062324107 885833.4304199219
151818568.0395871103 287725.1664440632
151948036.4130913317 299740.4565158176
152002819.0088756680 310110.8940293702
179280669.5947129428 976819.5341796875
174825420.6878437400 953368.9199218750
151895765.4583190084 297883.0141465577
152640625.6381547749 348391.1304284008
164179318.6499739289 765903.5560264587
152446086.4477697313 335465.7855514670
157768593.4637000561 575967.6201107502
157803992.8062083721 580866.4001586884
152558800.1184791028 346322.9698731676
157491717.6663317084 571189.3411800861
166937446.0757919252 825873.7333374023
152354308.3117863238 335465.7382114800
166686115.4061850607 820720.1969604492
155345374.1659932733 488562.2682178073
170749678.3756924272 895921.6672363281
151614022.3861179650 258588.9021432313
151753642.5041770339 284584.9238688263
170874676.3924061060 898696.4865722656
179013427.8213299811 976692.0292968750
152334726.2191548347 325832.9442054899
157089788.4809882641 557782.6582820415
169553002.5524827242 877761.5534667969
151976293.0580086112 300579.0196533098
177943679.9321560562 971562.7827148438
183383175.5223002732 983301.6777343750
164553952.2992825508 772369.5355892181
156837054.8189447522 547597.2687188983
153706887.9653362036 420333.5820336394
166911920.3373189270 825498.7863159180
152852089.9254541397 372920.1927485466
161648918.8391574025 701509.7780666351
156527221.8720091283 537182.8580918531
161744621.7678706348 702462.0545644760
151699712.0972017348 271834.7321694508
178490940.0883666873 975331.2812500000
153659841.7263167202 420304.6488976531
164095876.5453726649 763438.8826351166
178679848.7993359268 975696.9589843750
152222868.3672770858 324143.9010559395
178920167.4535783827 976577.5966796875
163701202.0098372400 752267.1785335541
169665725.3303671181 880046.2246704102
170609880.7890585363 894280.2292480469
170400677.2267257869 892607.2409667969
169647046.1270838082 879233.1979980469
182863909.2127686441 982184.8037109375
151749751.8084985018 275759.7574061963
156183693.6298153102 522471.8608386517
167953177.6187705398 844623.2744750977
160931730.3029299676 679602.2004156113
162227838.6898927391 715086.8539104462
170664249.7532502115 895267.1281738281
151738746.4727826715 274041.3443286034
152467022.3404560983 335959.1492716940
153654747.9153724611 417469.6837172561
151677267.5872202516 271539.2731236729
167388460.2214351892 835623.2721557617
167553682.7120406628 838643.9223022461
162281072.3716484606 718826.9527416229
178799329.6626190841 976139.4140625000
152285184.4577845633 325712.7959070997
154619064.3930720985 458675.5674213223
156673759.3715257645 540290.2258205116
153422118.6757054925 408105.7021508269
156512345.5050513446 536206.1423053443
167706504.7572276890 842638.9132080078
166580881.2358909547 818259.9171752930
170134448.3786993325 888513.2917480469
170818481.3904562294 896117.4108886719
182843849.4186665416 980981.6455078125
163379758.9199953377 745519.6397075653
167737525.0175878108 842805.9329223633
170277927.4709502757 891155.9060058594
154755576.6852807701 466246.7856007521
167430013.6951225996 835837.5184936523
177897586.3622910082 971431.4941406250
154691526.4298849404 463975.3716604464
156619337.6913131177 539028.0908105373
156273153.6700746119 524587.7109363079
167444311.0108838081 837505.2445678711
161012091.2824887633 683378.9034872055
152186705.8571110070 321826.4121358069
152936711.6656161845 379965.3214659691
154487561.5020324290 456118.6325335205
156459267.9589104652 534608.5527913570
154775135.9892571270 467868.7449115567
166435196.2565343976 816045.0626525879
153181281.6937137544 395509.8520467253
156425483.2590246797 533488.1848132610
160530315.5067464113 667678.7558145523
177463613.7024370432 968700.0292968750
177538054.1889652610 969278.1835937500
177540655.8795729876 969342.8388671875
155864928.2365556061 510288.3590750694
155642572.9240019023 499320.0629021283
171345301.1581920981 899603.8908691406
182524933.2851100564 980111.0429687500
154362286.5957870483 447621.2916520737
154732249.6883869171 464077.2847064786
155798891.1423331499 506166.4228874799
164064124.2462079823 761745.0803890228
182470459.2098459303 979991.5566406250
182234849.5658658445 979166.1259765625
182552202.4074383080 980361.4560546875
160976793.2601515055 680456.8904581070
153000997.8096853495 383644.9392412882
170836818.9194052517 897478.8107910156
154546060.3626949191 456976.8027586989
162108203.7799084485 713863.5705699921
155901306.2839604616 511860.3828925248
156056284.5818864703 515902.8345784303
166289952.5413091183 811225.7519836426
156019284.7291411161 514078.6995433923
160505027.4499603212 663834.5619281530
170081832.9019976258 886814.7912597656
163893848.0632675886 757965.6107940674
153252459.4162506461 397280.5440859795
152962477.7570101619 381811.0907208771
170361989.8452079892 891528.1755371094
161210461.0740974247 688290.1882791519
153153143.9826546013 389331.2322659492
160832816.2009735107 677066.5502171516
154408847.8188401461 451842.9849454761
152890913.6015588343 373939.3307795525
153020340.5165846348 385475.9505988359
182453709.3142922521 979618.4716796875
154186020.0923383236 443311.0720998995
165679335.9602533579 794267.4535217285
163854900.9508047104 756519.5691585541
161267090.3411852121 689321.7921185493
155763567.9983441830 505297.2403232508
160627392.3704798818 669129.3604779243
163615654.2357207239 751497.7124176025
155687234.3173669577 501828.0000698023
181846484.7424017489 977166.5380859375
155601879.4821213484 498781.6649497151
165538862.7760069668 794024.4676513672
160989725.6385518610 681191.5753216743
155566828.9386400580 497574.4344171487
155535605.5973933637 497288.8897373133
165986886.8292466104 805551.0359191895
163200852.9907372296 737997.2156524658
154312243.5490277112 446263.1690306716
165804065.0604359210 799179.8088684082
166332716.7554585040 811277.9293518066
165718507.7235107124 798335.2622375488
169193497.3399384916 866184.2840576172
163221570.4750364423 740895.5071849823
169122227.6346672177 863882.1193847656
169272084.5657321215 868104.1943359375
166126430.9966315031 807438.1708068848
168666114.7711335123 853535.6191406250
155259550.5667344034 485782.9836824738
152675481.2833689749 352255.6598520279
153890135.3771496117 429787.0999468319
161625313.5536452830 699895.3328590393
155215288.6914830506 483531.1753938996
152811814.0475708842 362174.0597667694
153381725.1513508558 402020.9629320555
154963951.3419331908 473014.2797552996
154965866.5464293659 473565.1645209246
163036014.3829069436 734281.0305633545
154098694.4231392443 437369.1664836757
162995562.2595680058 733977.6230525970
152775577.5177831650 361672.5610361099
153883662.2098042071 428941.0906970851
153822843.5245189369 425733.7617175929
161776344.9894867837 703155.7795391083
168912811.4454981387 856553.8913574219
168610234.9267624021 853008.1672363281
168422524.2131591737 851729.3923339844
168951118.0334665775 860260.9260253906
168746737.0610261261 854300.8132324219
168807400.7890203893 856530.9819335938
172252555.7811946571 900151.2501220703
172281686.7575583756 903063.5103759766
158771090.8164506257 584372.0721906237
159892751.0693792105 621681.5723490715
160364330.5245216191 635173.3019781113
160278821.5435436964 628175.5612249374
160354699.0585675240 628673.2802190781
159955297.3249880373 622654.4563665390
159642380.0685459375 609915.9252443314
159638027.8295211792 609814.6373014450
159253987.2841866612 599410.4815521240
159280158.8101304770 600013.1452455521
159320032.2740220726 600998.4557695389
159237226.4795904458 597795.5879106522
159000395.8028662205 589262.9507036209
159065274.9028489590 589658.6450827718
