172675877.5729115605 945758.5239257812
173422240.0241724849 952312.8964843750
154059664.7329241931 441539.0363250308
159280078.0554298162 630085.8308789432
169078608.1380544603 884550.1451416016
172240919.4366939366 934166.2397460938
172187901.8838734329 933722.5268554688
172297601.0837598443 934357.5224609375
172321318.6736833751 940764.4916992188
177442160.3131653666 984166.1933593750
175560016.7279329598 975764.4365234375
159109169.6334897578 627632.5100781620
172867472.2181285024 947134.1938476562
157809628.8049833179 587233.3724846020
177139874.1003026664 984000.7636718750
167910130.2237259150 864216.1071777344
154726042.4059787393 470474.2241053296
159644269.8494338691 638178.0297648618
159320877.7483183742 635659.1126172245
163386084.1691385210 756624.1600217819
167768435.6777732670 861866.9255371094
175770867.6911791265 978248.3818359375
153033161.3915100992 388394.6006117428
156668336.2586677969 546439.7189196997
159382727.1332250237 637770.7943220006
168453918.1594383419 875389.9989013672
168556054.0823625624 880173.3763427734
167884561.9086364806 862769.6301269531
168113880.1480097473 870641.5310058594
154646566.7911896408 466173.6624970407
154689393.4388667643 466294.5441529152
172060256.8151950240 931201.9831542969
168482900.7905350029 876198.2955322266
172547312.6899389923 942916.5478515625
162835134.6472434402 741098.2851090357
168295401.2538115680 873049.1394042969
170775674.6972063184 914115.4882812500
176553553.4272123277 982787.9726562500
185626326.7163614333 990331.1718750000
168380432.8544648588 873863.0769042969
159296012.4623745382 632176.5872265995
168047642.1601257324 867916.8552246094
156827527.9435367584 551069.9361743383
158963364.1160629392 625464.3997265995
168218801.4666950405 872864.2888183594
170975071.3065443337 916860.7390136719
152635867.8283153176 372958.4673200913
153037146.5468036532 391365.0895200337
152740356.5743122697 376264.1535282383
170795344.8327231109 914919.0080566406
151626471.7497040927 261409.1690025345
151672361.2938373089 270531.9154529587
171000089.1617705226 917466.4812011719
154788721.6210388541 473345.8053972548
156612142.2219708264 543850.9318494253
162942190.7202855647 745162.5246109888
163029134.8807443678 747396.5177750513
173746922.0344917178 955231.6342773438
174919492.0172185898 966237.3398437500
175015791.6209400296 971167.1093750000
176506816.3765842319 982007.8203125000
152248295.6969203651 343715.9670142668
163191409.6246182323 751994.8219742700
151672394.1929022372 273145.6785334364
152500158.0525509119 361184.9692878723
176077772.9647416174 980411.7978515625
151562552.6218166947 258415.8517639652
163343060.0274396837 755582.4136691093
162782919.5261192024 739197.5626358911
153926083.8810889721 437446.6176419311
175649336.0775570869 977147.6669921875
165326742.1733820438 801303.8637695312
176197153.9400338829 981712.7255859375
159190100.7583172619 629932.6896140687
176195030.3085707426 981594.1630859375
156857632.0538454652 553629.5999669485
176205585.4657013714 981766.5322265625
152318878.3337484896 349328.3978830203
176098742.4156375229 981415.2841796875
170771791.7522922158 913844.3098144531
152447444.5685967505 360252.0044853425
153249245.7459160388 403237.9059460014
163109725.5280499756 749257.2296085358
158658208.2865541279 615033.8961865604
160835171.6867009997 682433.4983463287
165253924.2546710670 799891.9714355469
154744760.6849898994 471342.0744464149
157156936.8113986254 558054.4263374507
158958708.3159105778 623844.7885360345
161189598.0867329240 691889.3371105194
151913533.1046579182 306585.0499561044
153408716.1138997376 411370.2535025179
154489453.0813502669 461887.5676598897
158289954.4082625806 600203.9044854641
164732407.2234784365 789403.6862792969
185413082.4694564641 990071.5615234375
153662033.6086760759 426287.2061958247
154444794.6373414695 460966.6506182899
161720671.3932870924 703214.4949092865
164579199.0136826336 783607.1639404297
164469134.0672501624 782006.0405578613
165263445.6285816431 800505.6397094727
170904145.9986816049 916236.9367675781
156041116.6064221859 519578.2627705984
175939138.2470507622 978945.2089843750
151502379.9531349838 236261.0246884854
157273230.1108171642 567276.1877890229
157014912.2118651867 557485.4408449233
185561065.3223426342 990199.1894531250
175961179.3966014087 979643.7714843750
151548123.1764815748 254454.3081717522
175565550.9982654452 975953.7006835938
152839517.3029815257 384903.5323050373
161097606.5345235467 691023.1043033600
152006363.8650320768 316766.1082361254
154565168.2416384518 465631.6308858447
153269981.4566931725 406969.6750979424
185184527.6002212763 989877.3076171875
158638401.0076699555 613801.3648073375
169568023.4742120206 893301.1588134766
169425839.8492656052 890926.8645019531
152187610.8161271214 335097.5890367820
152049728.2730869353 324478.6948228717
169544924.4252206981 891903.8808593750
169622375.6209930480 893449.7086181641
169243146.9190970957 888943.7023925781
152501669.3874859214 362536.2439130160
158955484.7452574372 622961.5112988651
160815049.1423710883 680825.4583492279
162528378.4021299183 732203.9410650134
153546055.6792148054 416383.2922144830
158864972.1303698123 620199.0289990604
160780469.5420932770 680726.9714603424
152419183.0106868148 359501.5415204379
153523329.6332008839 416162.8525881767
185082342.0597022474 989722.9580078125
160434511.6576602757 667978.7897243500
174409275.5374266505 962793.7446289062
153483740.7705632448 415281.4266745150
154564805.9193720818 464607.0849945856
152527659.8030572534 365017.3487725779
158574409.9671401680 612022.2022621632
160395736.3778316081 667594.0197086334
158533280.8041229248 608021.0205256939
158577109.8078744709 612648.2614209354
153497247.6335873008 415908.9699711124
158423751.7257162631 607290.4482600689
160747980.8744063079 679300.9381046295
153484898.1419205964 415701.5154035240
160768774.3383304179 679739.4872596264
170882081.3877259195 915608.1633300781
173902142.0753088892 958318.7719726562
164999942.9197672606 796226.7287597656
151872330.2664009035 304756.2563414189
154202242.1333577335 449263.8138451924
152376939.2015805840 351493.2637671965
164133503.3896383047 772843.7778625488
151509462.9044708908 246187.9718811527
162876588.5659420192 741420.5356750488
156556661.0914752781 542089.3153247290
154560826.8513903618 463454.2032806625
160771337.8590023518 680434.5176334381
170149898.2687510252 903132.2341308594
156523462.2915105522 540968.6711024694
156782059.9426589310 550422.4569262915
157192562.6235448122 565493.7914308608
170609939.7591789365 912757.5930175781
170166601.3597435653 903952.4807128906
185061124.0486799777 989634.2275390625
184126651.2581696212 988262.5683593750
170591766.5651946068 912624.6789550781
171190201.4513832331 920526.4882812500
152578563.9779151082 366537.0792723224
171350079.9996808171 922741.8720703125
171089981.8292972147 920062.5605468750
152795523.5669423640 379074.1297537386
174867762.3299542665 964752.4111328125
170020842.4667211175 900486.4729003906
156458489.7643373907 537577.7575215750
157476001.4498885572 574975.1491884291
169847294.9665411413 897308.2268066406
171303376.3496711850 921628.8347167969
156582616.3683321178 542977.6808032446
184333825.1016156971 988735.5732421875
171563164.5143391788 927153.6904296875
184444854.3062003255 989011.3925781250
157433166.8714420497 572803.6128419936
169882518.4963847101 898623.6564941406
151451127.3344284892 224047.2177379445
151760190.9925184846 284966.8431622895
171056103.5509890020 918536.1833496094
174816581.7553429604 963276.7072753906
152148286.7303343117 333402.4823349851
160723312.7216646075 677700.2217350006
173197637.2440327704 950372.5791015625
153157036.5821284056 401060.3334599348
151814867.5507484078 295430.1973175108
160543161.1711511612 673395.0908756256
183725160.3267743886 987183.3544921875
174073921.5403422415 959246.6303710938
153981966.2926631868 441276.0863487473
160474900.8600171208 670702.9855289459
183517943.4113131464 986959.1054687500
171187402.9323076904 920153.4892578125
174260936.0994430780 959849.6772460938
173560202.5559048355 954377.2382812500
151487117.4796777666 235949.0435440571
173498877.0028100908 953772.2958984375
151860392.9362216294 296564.3330497146
152123201.1907422245 327096.9360553983
184200882.9031582475 988512.3203125000
183325177.1184092760 985815.6503906250
173277254.0311960876 950724.8803710938
154144538.0394987166 447130.4655592442
158068669.5134139955 593814.4715370290
166136858.7641081810 818273.0786743164
151726093.1771449745 275700.1934684198
156877763.5657183230 553990.4864978247
183515121.6172274351 986160.3115234375
172151711.2539259493 932662.9667968750
165643917.2027456462 810303.2705078125
155621686.3074723482 507149.0392416883
152105729.0843899250 325643.3395319792
183240462.0574648678 985454.0859375000
163738475.0113573074 762453.0111846924
153893511.8262059987 437020.4657173090
166169480.9059924483 819147.1969604492
165339013.2230997086 803177.6462402344
164474483.2853995860 783419.4765930176
166473853.5330224335 823704.2972412109
166591439.8416563869 826044.5133666992
166836730.7237732112 829874.0916137695
166541342.7498996854 825884.5076904297
166434007.9626294971 822832.3817138672
157986695.5480981171 591610.7387694471
166281466.5488020778 821767.2650756836
166028298.6810151637 816893.3947753906
165678758.3809110522 810950.0568847656
158000370.4661750793 591851.4711646192
157952242.6910832524 590188.4203633420
152017188.6998965740 317468.0713078889
155961954.4700900316 519530.9940938406
156388231.0636107326 535100.0228900366
156209972.7944281697 530220.0410909109
157691035.8099110425 582034.9070576780
153724257.3998556733 428526.1592392259
160975478.2303898335 684708.0853233337
161373548.9085672200 697225.7290573120
161430634.8128316998 697802.2847709656
163609830.4995678067 760448.1855926514
164860468.2071849704 792090.0269165039
152398773.2361755669 352504.2208386275
153606759.7178567946 422720.5384794407
157342836.6077030897 569809.7076748960
153637310.4888292551 424267.6240521255
157408267.8025631309 571186.7880925291
156189868.1552166939 528237.3072361402
164257042.6294366419 776924.2079315186
151880113.3058721721 305240.1914250764
155265879.1102747321 492444.5499395896
155233962.3105137944 491705.9478780795
155794455.2723360062 511943.9437696986
155789600.7292895019 511272.9957164278
155355810.7734572291 495505.1610768009
151632184.0454182327 267959.9678552064
156943855.7526796758 555106.4557387881
163923632.1950420141 768286.5234832764
151727061.8646245599 283529.2424352082
164193154.0487080514 775381.7290496826
151786547.0083320141 293012.3115422639
161594378.1162450910 702463.6851072311
155837587.2738382518 514445.2054121547
161285626.2387143970 693793.6729936600
156972418.3662653863 555282.7896821551
154988187.0780260563 480457.2533189822
157929045.1732110083 587295.1991695836
161912030.6108264327 707217.6898059845
159868022.1192486286 638455.3882207982
151965576.9682785571 310997.8561002612
161930235.7771927416 710195.7187700272
151464565.0685634911 232163.3616025479
154939595.8791149855 474308.2897849381
153385024.5109223723 408908.0645253630
153588454.3930606246 418785.0490567656
151593000.4066815972 260235.2454018506
151538930.6816329956 247394.2628343019
151473477.0320662558 232872.8621399433
167439484.0558107793 838918.0416259766
160367977.9974278808 661215.2839193344
161851269.2512005866 706980.5032863617
151753642.5041770339 284584.9238688263
162227838.6898927391 715086.8539104462
167388460.2214351892 835623.2721557617
162281072.3716484606 718826.9527416229
167706504.7572276890 842638.9132080078
167737525.0175878108 842805.9329223633
162108203.7799084485 713863.5705699921
