153804267.0670628250 425272.3032321157
164320189.7955953479 776292.7961883545
164385208.5872105360 778585.7282714844
177572893.1149437129 975711.5214843750
164287143.6582573950 776103.1825408936
152134204.4918718338 325236.9417858931
152702901.0257016718 362133.6638599932
152560776.1280344129 360140.4505282256
153673701.9175139368 421238.0350628208
155886014.8470119238 514885.9798262172
161388755.7661557198 696411.8025388718
164193154.0487080514 775381.7290496826
165367516.1970184445 798688.9077758789
173986332.5325370133 950502.2109375000
151950232.2298492789 305240.1914250764
151786547.0083320141 293012.3115422639
174123703.6491037309 952731.5283203125
164017012.3350538313 768376.9708709717
175225537.3546198905 963050.2026367188
152413554.0590603948 348396.4241458836
152504028.9953742027 348534.9111542019
155377366.4288452864 495497.0981050301
175287835.9126054943 963377.8569335938
178764182.6896502972 977539.9404296875
156823178.5905505419 550167.3162934833
161646131.1679032743 703176.6870317459
161760832.1863336861 704077.3273897171
161594378.1162450910 702463.6851072311
165105629.4997270703 795212.9102172852
173415889.9015102386 939785.5688476562
156708785.9798197448 543252.9687650256
164366063.3206727803 776803.1546630859
152833653.5700731277 372233.3082926273
173191631.5884595513 937314.6235351562
174863557.1880836487 958866.5019531250
156109026.0375529826 519700.2922623210
152177311.6343049705 328104.4034331950
152253199.2491196990 338629.6573620650
155837587.2738382518 514445.2054121547
173231920.4771853387 937647.8054199219
173599965.6481871605 945487.8344726562
175559188.5612344146 964617.1625976562
160918821.2208774090 680351.5414972305
177509643.1996309459 974508.7094726562
177513335.6801654398 974619.8041992188
152524387.5687039196 349230.3909510287
178046143.1668761373 977145.8066406250
152202342.9741687477 336056.8116589400
165968814.6398554742 808511.8941650391
165648923.9265657067 804196.2835083008
164370498.2391526103 778544.8803100586
165481128.2409219444 801693.4163818359
170061863.0199809968 889736.9035644531
171891550.7240782976 919468.1381835938
175313076.1235259175 963805.3393554688
151953370.8691176474 307474.6644420028
152065183.8965444565 323828.9317761275
161165621.7495474219 689912.1254918575
165374136.5949499905 799566.5768127441
174539124.8421612084 955493.3920898438
177699345.7384724319 976378.0429687500
156726269.8446751833 543407.7728364520
170262062.1333214045 891608.7907714844
169754824.9972583354 883712.3018188477
171747620.8898831904 917345.4558105469
165397188.4793929756 801066.0584716797
171611479.3133049905 914870.6889648438
171885517.0657933056 919297.7963867188
184857013.7907144725 987468.8212890625
153644730.9778615832 420219.8133428069
158858997.5896500647 617032.1066975072
175845782.3326106966 966476.9545898438
173854414.6325429976 947259.7465820312
175390197.1812509894 963898.7104492188
185635509.6494437754 988263.3740234375
185198565.7886617184 987765.5830078125
154968204.5264747143 475434.7782195942
161153470.1844067574 686242.9054155350
169629420.9345395267 880976.3337402344
154049987.9303273857 435163.4956951194
165000210.7253936827 792071.3087005615
156971093.7090706229 553935.0404702775
153468373.6272107065 411944.9491080046
154971032.4836881161 478629.4068255741
161285626.2387143970 693793.6729936600
153046437.2480818629 388923.4262578459
152959046.9630743265 383431.9629971953
171222486.8541063368 908722.3437500000
152786344.0298043787 371828.2921636077
154820635.0898823142 468346.1875459719
170381788.9804165363 894735.3151855469
153191355.5006726980 397005.9363766154
171856195.2254565954 918577.1062011719
171694342.5699645579 917001.6879882812
184911038.6336840093 987559.7031250000
159268036.8990216255 630068.9083179906
173502893.3843048513 942214.9504394531
155259133.3744399250 490723.6352480818
164588618.0171045959 784179.3151702881
165489866.4783515632 801758.6697998047
159470859.5605702400 632781.8243183568
159907247.8289067447 639116.8805927709
154844064.9401707947 470213.4728014041
156972418.3662653863 555282.7896821551
159851884.2779045105 637846.1741871312
169843815.6720762849 886284.6340332031
171364993.6221255064 910124.6513671875
154988187.0780260563 480457.2533189822
156657967.8534658849 541576.6668489032
159393360.8925521076 631101.1825947240
163926653.2521243691 764222.5328140259
169939603.1994677484 886935.0183105469
171475812.8344538212 911131.5463867188
159197926.5421673059 628646.9333401263
156902945.9502716660 553360.1002290301
152815864.2892226875 371964.2553712102
154713531.9553057253 464554.7273408938
155928863.8375881612 515024.2206709437
159509586.8978779018 637529.0570521355
163403233.2804953754 750988.7128677368
155964894.9653158188 515759.6840156965
158948388.5641522408 620035.4211201146
170340745.1659303308 892441.1315917969
175721045.7258763909 965995.9252929688
177405247.2788844109 974148.8691406250
154731128.8105890155 468229.3734361697
157929045.1732110083 587295.1991695836
169382035.8340463638 878076.0705566406
186008527.5811888278 988596.4238281250
153925335.5062853992 431012.9289395781
169359687.3519122303 876330.8325195312
173291040.3227047622 939482.1315917969
158732057.8006511331 614011.3581840470
175644235.0608111918 965481.1357421875
185437859.8698136508 988144.1601562500
185361760.1918547750 987890.5205078125
161912030.6108264327 707217.6898059845
175188571.4456506073 961774.4511718750
155830739.7498510480 510644.3889915996
159350509.5911635458 630426.6970550492
159868022.1192486286 638455.3882207982
159508080.2449076474 634367.3937248662
163781923.9850003123 762416.4672622681
164116420.5663312972 771117.8986587524
153874020.9708870649 430541.3721988797
157972260.8299798071 588062.2096895650
183930078.2488790154 985868.7548828125
154723692.4692993164 467679.1347556412
184376443.3999065161 986175.1699218750
166445396.7446044981 818218.4577331543
166532396.9296672046 821091.5036926270
159132441.6867092252 626889.0007099584
163772345.2675228119 760086.7311782837
175123796.5650737584 960294.6264648438
176184979.2807377279 968040.1010742188
175543316.7183791697 964259.7436523438
151965576.9682785571 310997.8561002612
175946443.9782580733 966728.9243164062
158744907.3941701353 614661.1208271459
166766537.9694435298 822291.6791687012
170035788.0935782492 888343.9377441406
160943897.9707968831 681541.1921253204
161930235.7771927416 710195.7187700272
183637612.7070065141 984970.8564453125
182876483.2050710320 984081.9287109375
153629635.1314537823 419527.5039997539
166067960.0998581350 812523.3060302734
175775704.0896001458 966307.9165039062
171847781.1704851091 918004.5961914062
174307281.1013013124 952859.8886718750
176294343.5782190859 968366.2094726562
151464565.0685634911 232163.3616025479
169430840.5145274401 878365.5671386719
174667914.1285749376 955793.0541992188
154771850.0863829553 468233.9084372818
161489725.4881433845 697534.7544040680
164511510.8909937739 781293.1179046631
153510924.4196200669 414516.5585888028
154939595.8791149855 474308.2897849381
155982515.8799396455 516511.2018878512
184299233.0406656265 985949.9414062500
168810180.2426264882 862444.7526855469
152022948.2094608545 316249.2666024268
166308827.7873854339 817208.7133789062
176430629.6607423127 968426.3413085938
153409524.4910051227 410563.2297845455
155649733.9219578803 505783.9363691859
177004370.6187475622 971459.5180664062
153385024.5109223723 408908.0645253630
183699369.1289738119 985784.1689453125
158986333.7212706208 621243.1372074559
158946882.5221006870 619229.9138187170
153588454.3930606246 418785.0490567656
163146066.6628246009 738675.7849998474
162977660.8899593949 735230.4062919617
158609450.4072809815 610247.3378643468
151571465.4344303608 256025.4479844483
155519124.2862661779 497047.9721311089
151593000.4066815972 260235.2454018506
153137381.6036235094 394747.4567143889
153360236.3539519906 404040.0248601409
154129159.5326448083 437821.7101833444
155361240.8786777854 494020.7636873126
158300856.5151661336 596965.9907220602
172104956.0285472572 922165.4624023438
163546432.8670554161 751313.0571098328
169091469.1039047539 868052.8886718750
151525122.1460357010 245099.9287335307
151636414.0081192255 260971.4586107644
183679557.0493283272 985303.1904296875
158151735.2077346444 594557.7564558461
165301774.8636425436 797503.5605316162
162877657.5477049649 734177.8064384460
176933280.4887738824 970290.6538085938
163152211.6049109697 743838.4372978210
177371202.1304747760 973095.3989257812
151538930.6816329956 247394.2628343019
163375543.7849680483 747811.4820518494
152852933.3061707914 375161.6316716643
151473477.0320662558 232872.8621399433
151875358.2243177295 295463.3552635821
172647860.8931977749 928448.3552246094
151746728.5974726677 282447.7317586156
151487762.9216366410 234289.5909016744
158400301.8948070407 602649.2057833150
169323121.8240635991 875565.1694335938
157908164.2476806641 585718.3207621053
152993479.5193897784 386152.0254361602
176850587.7105101049 969683.8168945312
173128223.4264194369 934992.7556152344
172383540.4553408921 925164.9033203125
158118451.5002629757 593429.0226711705
157811875.5030206740 583875.6127542928
172522715.4768610299 927525.5517578125
172507196.2906678915 925921.8039550781
151876649.8156782985 299082.8419583130
151565575.8719835877 249806.1889897004
157485727.9438281655 572003.3926673621
157444432.3104020059 570796.7069984168
167439484.0558107793 838918.0416259766
172725999.8863176405 928573.1198730469
157462010.8421676457 571140.2902899934
160396313.0840696394 661936.5968465805
166772180.5942147374 822342.6372680664
151734046.5925603509 274173.1121055695
162711105.1192733347 729568.6100234985
160367977.9974278808 661215.2839193344
162545678.2646626830 725211.8648509979
157561093.6236525476 574327.2035995126
157151357.2667275965 561037.8391004205
156888892.0974874198 551820.2612397671
156750820.5410853922 545716.0646960735
154516974.7749752402 456347.1699356191
161851269.2512005866 706980.5032863617
166937446.0757919252 825873.7333374023
170749678.3756924272 895921.6672363281
151753642.5041770339 284584.9238688263
170874676.3924061060 898696.4865722656
157089788.4809882641 557782.6582820415
166911920.3373189270 825498.7863159180
152852089.9254541397 372920.1927485466
156527221.8720091283 537182.8580918531
151699712.0972017348 271834.7321694508
162227838.6898927391 715086.8539104462
170664249.7532502115 895267.1281738281
151677267.5872202516 271539.2731236729
167388460.2214351892 835623.2721557617
162281072.3716484606 718826.9527416229
154619064.3930720985 458675.5674213223
156512345.5050513446 536206.1423053443
167706504.7572276890 842638.9132080078
170818481.3904562294 896117.4108886719
182843849.4186665416 980981.6455078125
167737525.0175878108 842805.9329223633
154691526.4298849404 463975.3716604464
161012091.2824887633 683378.9034872055
154487561.5020324290 456118.6325335205
156459267.9589104652 534608.5527913570
156425483.2590246797 533488.1848132610
160530315.5067464113 667678.7558145523
182524933.2851100564 980111.0429687500
182470459.2098459303 979991.5566406250
182234849.5658658445 979166.1259765625
182552202.4074383080 980361.4560546875
170836818.9194052517 897478.8107910156
154546060.3626949191 456976.8027586989
162108203.7799084485 713863.5705699921
160832816.2009735107 677066.5502171516
154408847.8188401461 451842.9849454761
182453709.3142922521 979618.4716796875
154186020.0923383236 443311.0720998995
160627392.3704798818 669129.3604779243
155566828.9386400580 497574.4344171487
155535605.5973933637 497288.8897373133
168666114.7711335123 853535.6191406250
153822843.5245189369 425733.7617175929
168610234.9267624021 853008.1672363281
168422524.2131591737 851729.3923339844
168746737.0610261261 854300.8132324219
168807400.7890203893 856530.9819335938
