181607375.6754544973 973848.3701171875
182964804.6649358273 977719.3828125000
151859970.4516844153 226104.6053691138
151962803.4331014752 243099.7593481700
152246571.9407572746 303637.3823619694
161120042.3602038324 679212.8467221260
161494196.6642259657 694889.9932751656
161300949.3735096157 686155.9205365181
162443887.0620901287 718590.4427928925
162479357.2319359183 721208.1323375702
169308797.4857999682 867950.2216796875
170407363.0967635214 885270.9575195312
174053933.8249433637 930198.1928710938
182586829.9794500172 977269.3115234375
154190513.2497644722 442025.6456165664
155398644.9022594392 487748.8488487654
161159246.6193558574 682453.6283001900
161409951.1215324104 692098.2696266174
169250273.9399215579 865268.1477050781
170333793.5659891367 884602.3159179688
173613857.8440614343 924653.4702148438
174077597.9255491197 932995.5297851562
175389348.4910010695 945337.2207031250
181840447.1608978808 974739.1162109375
181348002.9184713960 969754.0117187500
154207237.1819600761 442188.7205403202
153985163.9920827746 431750.0303707175
155259550.5667344034 485782.9836824738
155931935.1005017757 508608.4975740366
167561771.6124674380 833625.5548095703
169583811.7240091264 873494.8107910156
173414117.6496132910 919010.4716796875
173740065.7283087075 926109.3867187500
181356320.9987974167 973242.0966796875
152675481.2833689749 352255.6598520279
153890135.3771496117 429787.0999468319
155881293.9144166410 505962.8802208357
155794618.1953926384 502050.6237565927
173475131.5987072587 924540.6650390625
153281468.1082512438 396006.3913035393
155140542.9689054489 475890.0945157927
155887834.9230925739 506615.1945568972
161625313.5536452830 699895.3328590393
169273854.8419464529 866558.0122070312
170095634.6472417414 881876.5512695312
181800755.9340357780 973874.1347656250
182249808.6372872293 976286.5810546875
155575547.1807861626 496446.6061784677
163216807.2560736835 738266.4437084198
162787890.5259572566 726933.7042446136
163289640.4673680663 739879.9056320190
162905114.4641028643 732875.9415111542
174673131.5838186741 937664.8725585938
181231764.6577078998 969052.3178710938
153776324.7584509254 416959.3707664363
156279114.2343108654 509538.0774704866
161582396.5361826718 695753.0245404243
161569936.2334412932 695099.5906047821
175986069.1390784979 947154.8559570312
176066219.8349653482 948563.3803710938
181877318.0974670947 974787.7226562500
181940096.2924237847 975935.1025390625
152391324.9313143194 324735.6623719707
152855656.3957722187 363089.4395001009
163490261.3516079187 744800.7837352753
175576337.0190286338 945912.3510742188
175286733.7797116935 942891.7133789062
182602718.6123778522 977564.6992187500
182130921.7809048593 976091.8173828125
153346092.7561686039 396146.2114747763
153356156.6375637054 397924.0555223875
154870195.8872553706 465468.5120551042
155215288.6914830506 483531.1753938996
155862443.3924529254 505319.0239153557
156011934.3453727365 509412.0388051271
155708624.9890059829 499789.7561537676
167618419.8565411568 835399.7294921875
168034877.9424960613 843822.6193847656
170241351.7616029084 882778.5856933594
175335948.2377901375 943622.5805664062
177624954.6299540401 956408.1064453125
182302337.0661082864 977028.3857421875
151869252.9930647910 231392.7981054942
151893228.3547834754 237050.1833220948
151941766.7733936012 239887.0314610238
152093409.4884700775 270464.8767444268
173407383.8295736909 913894.1137695312
177597817.4394185841 956401.1811523438
178663629.6336688399 960677.5854492188
155669432.6788624525 498354.5586423330
153274275.7554385066 391154.7823557854
155001199.4487686753 474581.7253394775
166611611.3328636587 814281.9172973633
170809531.1665607989 890367.7680664062
175742668.0406239927 946730.8759765625
178701749.2614620030 960995.9873046875
155500795.6150485277 491622.3713777863
155595457.4971942604 497062.6385714464
163288848.7143456340 739670.4194774628
152811814.0475708842 362174.0597667694
162565202.0726399124 724065.3122615814
173429053.8180995584 920765.5512695312
152569440.8734525144 337003.6177740544
153381725.1513508558 402020.9629320555
153105519.4079982936 387875.4188303947
170491124.2488957047 886617.2744140625
176550525.6831571460 950665.6977539062
155380062.7302406132 486263.0787691526
154963951.3419331908 473014.2797552996
154993773.9297733903 474131.0658881121
155104596.5656488538 475449.7993554525
154965866.5464293659 473565.1645209246
154744378.2510834634 463256.2822853975
154524606.0761758387 449593.6778017931
154539927.0751115680 451834.0684182100
154162760.7371758223 439994.1621273510
154585465.7549013793 454651.4491765499
163036014.3829069436 734281.0305633545
167669839.1693038940 836729.7080078125
153994833.6661173701 432491.7488811366
162211185.8874612153 713929.7534236908
167885803.3481363952 842679.2136230469
169144741.2494671941 863407.2028808594
170601648.0870429575 888285.7026367188
170731584.7662415504 889970.5275878906
152006370.8435971439 258174.0517979041
154098694.4231392443 437369.1664836757
153984526.1197583675 430968.2991036825
162995562.2595680058 733977.6230525970
167740358.0373845398 840888.7666015625
173409456.1118094921 917885.8605957031
173804733.2021223307 929055.3769531250
176729501.8926902413 951366.9199218750
178078018.4324420989 958919.2006835938
162588455.3181644678 724306.1091365814
162655747.9606082439 724719.8549861908
152775577.5177831650 361672.5610361099
162553149.3323744237 723991.3591365814
162516611.7821575701 721921.2364253998
170875450.3400082588 890995.3339843750
152166041.4058224857 298392.6763787832
152279247.8282724321 312843.3692805921
152584443.1484535038 340346.4989198600
153948556.5505403578 430300.6012647502
169355538.6142441928 869760.9704589844
154361465.0517476201 444170.9636884332
154572768.3991478086 451854.1437102311
153883662.2098042071 428941.0906970851
152045816.3815600872 268012.8345649164
153659433.6372967660 415892.0662877016
153822843.5245189369 425733.7617175929
153765130.1761029363 416160.8068121600
153536277.0606403947 409453.3442656450
153630897.8852294683 413852.9549304001
161457484.2895952165 692756.5281047821
153786992.8481750190 419471.4769427776
153595241.7527901828 411463.1263568401
161939974.5945484340 705633.4607219696
167726979.2193735540 837551.8291625977
179244209.9594133794 962908.7968750000
161855806.9729841948 703490.6777191162
178873206.4594175518 962120.7011718750
176008001.7554665506 948090.9423828125
176167171.8763170540 948908.8950195312
173972575.3861088157 929927.3024902344
179232029.5266058147 962826.3837890625
170658046.1620217264 888551.2646484375
162134923.2977142632 712929.2244625092
170258886.8332298994 883994.2744140625
169819965.6324533522 877668.5700683594
169750427.9779526293 874090.4121093750
161492573.7068233192 693118.4077129364
166525324.1789388359 813769.3590698242
152094402.4589170814 278690.4800250442
152527519.8019003868 335279.5797785674
178713354.4185434282 961598.5927734375
178380928.1005461514 959716.5244140625
178264584.0994337797 959102.9155273438
169757484.0648258328 876379.4946289062
169651518.1837913394 873837.3959960938
177933695.8779590130 957318.3715820312
162071595.8948448300 710853.9600505829
166037918.0011465847 804187.3469848633
152642164.2268224359 340491.0766862785
152187788.3998525441 300495.8942045696
161776344.9894867837 703155.7795391083
175735643.9731517732 946316.0571289062
174234532.7644237280 934085.4338378906
152105794.4099971354 286848.6451151792
152457253.8569613695 327398.6900847112
174171049.2357921302 933275.1804199219
178022662.2267960012 958100.2963867188
152128192.0914909542 287952.5719416562
166388620.4032714665 812480.2747192383
167120702.3433567882 825677.2579650879
166320100.1204165816 808879.4332275391
177212494.4170744121 953874.1635742188
177218355.1024433672 953993.1767578125
177509973.6931397617 955063.6166992188
177514388.7986501455 955397.5776367188
152228965.1888217628 302149.1165742283
152349778.8796194792 315153.1093925270
153231767.5193230808 389620.7079357952
152339571.7607314885 314190.1771445796
153020788.4069186449 377037.2122605741
169205277.1707417965 865107.6632080078
174260137.4272316992 934289.0227050781
152412273.1500227153 324933.8211375480
152953328.3753400743 372598.8104959145
169513145.3411722481 870131.8005371094
177114521.2606760263 953258.5185546875
152358814.2818343937 317031.7640990168
176976061.2616066337 951720.1679687500
174788704.4237621129 938961.4057617188
174466129.7370149791 935859.1040039062
174484209.3867157996 936249.8217773438
175207132.8566525280 942341.6616210938
152898281.7308598757 370324.8776345864
152948208.2182542980 371648.0776329726
168912811.4454981387 856553.8913574219
174794263.7450221479 939162.5390625000
160806114.8285146952 664226.3155145645
167728320.5506863594 838729.4095458984
168610234.9267624021 853008.1672363281
168422524.2131591737 851729.3923339844
168951118.0334665775 860260.9260253906
152149702.7319019139 290224.9527862735
160725878.8409169018 662926.6912469864
168746737.0610261261 854300.8132324219
167876764.0018393099 841254.3305664062
171398189.1186903119 894573.4497070312
171416902.1854583323 894992.0910644531
171655008.3984781504 897880.5878906250
171460518.4665964842 895602.4931640625
160873956.3742161095 666030.0256627798
152323887.3738954663 313824.5238661175
152162839.5090765953 290234.1782320209
166366141.7907898128 811205.2155456543
152997550.6101663709 373298.0372829512
160591003.2948966324 651759.0345382690
152966106.9847891927 373086.0517497659
168807400.7890203893 856530.9819335938
167596333.3682948053 835213.2698669434
165897546.4270388782 796525.7027893066
158735739.5086622238 584165.7781528234
165914678.2287189662 798058.0329284668
166681130.2683807611 818184.4418640137
172112381.4272546768 898928.3319091797
165907284.1427722871 797327.2914733887
166326926.9693045616 810404.7539978027
172252555.7811946571 900151.2501220703
172281686.7575583756 903063.5103759766
166765062.6680217683 819702.8749084473
167314217.3659750521 830637.3157653809
167164978.7950766981 827630.8442077637
166780654.3386893570 820332.3051452637
166719244.4408742785 818723.0617370605
164200939.8730728030 746701.2817840576
163943225.1761362255 745333.2167205811
164631127.6029097438 760742.5646209717
164569107.6838108301 756192.9564666748
165894050.1881760955 790795.9461975098
165732476.4572428465 787257.7843322754
165605003.7973007262 780381.0929260254
165723738.9719791412 782028.5368652344
164956463.6213112175 767286.4276123047
158076654.1758519709 561881.7024698630
164890772.8605784774 765406.1329345703
165263990.4687542021 776462.8789062500
157691124.7886586189 537709.9027837329
158236807.7752490938 567190.0931256823
165069077.1523309946 770862.4091796875
165012316.1982772946 767418.5020751953
157927009.2466555536 555431.8179791979
164598834.5277076364 759740.7894287109
165240189.0699024796 772958.3942260742
157985810.8986401856 557166.2618993334
159802924.3100160062 618533.5852279663
164847855.6961289942 764412.8660888672
158771090.8164506257 584372.0721906237
158394770.0414827764 573749.4539655261
157760676.9997589886 538393.4409736209
158157895.8962084949 565088.1849225573
158002253.4339066446 558972.4762471728
157994477.4460636675 558819.2282002978
159892751.0693792105 621681.5723490715
157769685.0238378942 539084.0854644179
160410903.8534026146 636239.6293706894
160364330.5245216191 635173.3019781113
160278821.5435436964 628175.5612249374
160354699.0585675240 628673.2802190781
159955297.3249880373 622654.4563665390
159642380.0685459375 609915.9252443314
159638027.8295211792 609814.6373014450
159253987.2841866612 599410.4815521240
159280158.8101304770 600013.1452455521
159320032.2740220726 600998.4557695389
159237226.4795904458 597795.5879106522
159000395.8028662205 589262.9507036209
159065274.9028489590 589658.6450827718
