176182161.4610395432 976607.3447265625
175672902.6556369364 973640.5424804688
176812847.9549455941 979152.0957031250
152527659.8030572534 365017.3487725779
158574409.9671401680 612022.2022621632
160395736.3778316081 667594.0197086334
165300373.8085655868 798095.5778808594
158533280.8041229248 608021.0205256939
158577109.8078744709 612648.2614209354
176964882.9474934042 979558.6220703125
176593756.3286023736 978543.8642578125
175933117.9997997582 976182.1889648438
153497247.6335873008 415908.9699711124
172824175.4066100419 941671.4462890625
152792817.8005594611 376920.6092549177
174984955.0419438481 965770.0087890625
163199642.8529193699 747839.7922363281
156663837.1063747406 543002.5926570349
158423751.7257162631 607290.4482600689
160747980.8744063079 679300.9381046295
160818133.5591741502 680621.1985416412
152318314.7964566946 347633.9706135603
153484898.1419205964 415701.5154035240
160768774.3383304179 679739.4872596264
169277740.3193740845 886426.2363281250
170769409.8264915347 913185.3361816406
170882081.3877259195 915608.1633300781
173902142.0753088892 958318.7719726562
184021159.0184212029 987862.4648437500
185087484.7021603882 989722.9580078125
162798888.6672178805 737971.9165267944
170069740.0158216953 901308.1989746094
172756811.8714552224 941283.8896484375
164999942.9197672606 796226.7287597656
151872330.2664009035 304756.2563414189
153347678.6381847858 406947.5390037596
154202242.1333577335 449263.8138451924
169384322.4905794263 888086.9343261719
173313544.6242913902 951505.1616210938
152376939.2015805840 351493.2637671965
164133503.3896383047 772843.7778625488
170374557.4794067740 906545.6121826172
173695236.0805212259 955189.6152343750
169596462.8093822002 891463.3146972656
151509462.9044708908 246187.9718811527
162876588.5659420192 741420.5356750488
169754524.8282349408 896975.1137695312
152687464.5905263424 367861.4879517597
156556661.0914752781 542089.3153247290
163234670.8604196906 750215.7879638672
162594326.2374094427 732828.9110412598
154560826.8513903618 463454.2032806625
160771337.8590023518 680434.5176334381
170524578.1378824711 908891.2092285156
170149898.2687510252 903132.2341308594
170809077.7294356525 914775.8083496094
156523462.2915105522 540968.6711024694
162836806.3285858929 738480.7689208984
156782059.9426589310 550422.4569262915
157192562.6235448122 565493.7914308608
162918405.1909208894 743108.6989440918
170609939.7591789365 912757.5930175781
163080828.7343372703 746735.7723541260
175085442.1312760711 966389.7592773438
175662625.2761333585 973202.8413085938
175792490.4929037690 973734.8090820312
175647847.2032216489 973124.4770507812
153279331.8510763049 406465.5221945345
170166601.3597435653 903952.4807128906
175497401.7598831654 971684.7363281250
185061124.0486799777 989634.2275390625
184126651.2581696212 988262.5683593750
169549334.4060325027 889861.7932128906
170591766.5651946068 912624.6789550781
172658616.3155343831 941262.4111328125
175109125.6636957228 967703.8520507812
174980430.1356230080 965162.9892578125
171190201.4513832331 920526.4882812500
152578563.9779151082 366537.0792723224
171350079.9996808171 922741.8720703125
175250235.6675763428 970004.1845703125
171089981.8292972147 920062.5605468750
173653934.4922173619 955091.3046875000
152329481.6096726656 348931.5528436229
152795523.5669423640 379074.1297537386
163222773.1590225995 749780.7122650146
174867762.3299542665 964752.4111328125
152507263.1400758624 359168.8977439548
154593197.6494627893 465325.6296202590
169442839.5595992506 889602.6422119141
170020842.4667211175 900486.4729003906
169324808.4412548840 887313.9982910156
175353995.1576815248 970829.8378906250
152689500.7419803143 373072.7091109157
153039080.3433440030 391179.0496989401
154587331.6265496612 464261.9828324370
171425132.7337800562 924226.7663574219
156458489.7643373907 537577.7575215750
157476001.4498885572 574975.1491884291
169847294.9665411413 897308.2268066406
171303376.3496711850 921628.8347167969
156582616.3683321178 542977.6808032446
165225172.8109585941 797678.9236450195
164131312.7508285344 772202.4855651855
175436495.3856514692 970887.7739257812
184333825.1016156971 988735.5732421875
171563164.5143391788 927153.6904296875
184444854.3062003255 989011.3925781250
152519164.9793656468 361695.0689307768
157433166.8714420497 572803.6128419936
169653621.6816823483 893593.1127929688
169882518.4963847101 898623.6564941406
152727152.4410656095 373423.5156040998
172621367.2514722347 940771.4287109375
151451127.3344284892 224047.2177379445
151760190.9925184846 284966.8431622895
151930969.5808231235 307813.0371282014
162735506.6807451844 735350.0743255615
171056103.5509890020 918536.1833496094
174816581.7553429604 963276.7072753906
152148286.7303343117 333402.4823349851
154461267.6945359111 459744.4133408599
154314328.5982480943 453895.1836191764
160723312.7216646075 677700.2217350006
173197637.2440327704 950372.5791015625
152468521.4847504497 358825.9598451778
153157036.5821284056 401060.3334599348
151814867.5507484078 295430.1973175108
152300163.4372730851 347273.7344703215
160543161.1711511612 673395.0908756256
172878443.8457397521 945040.9667968750
183725160.3267743886 987183.3544921875
174073921.5403422415 959246.6303710938
156687344.5150446594 546311.0567540579
163062954.0623609126 746432.8948822021
153981966.2926631868 441276.0863487473
160474900.8600171208 670702.9855289459
152923633.9865604043 386047.2694187971
183517943.4113131464 986959.1054687500
171187402.9323076904 920153.4892578125
172504839.0877657235 938537.2371826172
174260936.0994430780 959849.6772460938
172603550.0069053173 940397.5759277344
173560202.5559048355 954377.2382812500
151487117.4796777666 235949.0435440571
173498877.0028100908 953772.2958984375
173012545.8130053878 948211.9575195312
151860392.9362216294 296564.3330497146
172466498.0543945432 937606.5979003906
152123201.1907422245 327096.9360553983
165838541.6128582358 813601.4591064453
184200882.9031582475 988512.3203125000
161365551.9755403996 695275.3272037506
160835856.0243646204 682089.3016910553
172412640.8410072327 935113.4108886719
183325177.1184092760 985815.6503906250
173277254.0311960876 950724.8803710938
152091724.1408869624 324053.8430043074
154144538.0394987166 447130.4655592442
158068669.5134139955 593814.4715370290
166136858.7641081810 818273.0786743164
172834515.2272999883 944249.2158203125
151726093.1771449745 275700.1934684198
154470292.2072160244 460697.2100146346
156877763.5657183230 553990.4864978247
183515121.6172274351 986160.3115234375
172151711.2539259493 932662.9667968750
172454867.1530849636 937405.8398437500
172338093.1340915859 934623.0561523438
165643917.2027456462 810303.2705078125
155621686.3074723482 507149.0392416883
152105729.0843899250 325643.3395319792
183240462.0574648678 985454.0859375000
178881126.7183855474 979644.7324218750
163738475.0113573074 762453.0111846924
163322452.8525591195 751760.6513824463
153893511.8262059987 437020.4657173090
163408120.3436316848 754937.6997528076
166169480.9059924483 819147.1969604492
165339013.2230997086 803177.6462402344
164474483.2853995860 783419.4765930176
178831791.9325802326 979614.1464843750
163115962.8329355419 747826.7625274658
152620751.2585707009 367292.3970349344
166505111.2617352903 824810.0045776367
166473853.5330224335 823704.2972412109
166591439.8416563869 826044.5133666992
166836730.7237732112 829874.0916137695
166541342.7498996854 825884.5076904297
166434007.9626294971 822832.3817138672
152509127.5965591967 361229.3912535521
157986695.5480981171 591610.7387694471
166281466.5488020778 821767.2650756836
166028298.6810151637 816893.3947753906
165678758.3809110522 810950.0568847656
151566105.6064409316 257208.0455747858
158000370.4661750793 591851.4711646192
157952242.6910832524 590188.4203633420
151938998.7497810721 308656.7701020452
163495621.2790478170 757673.6244964600
152017188.6998965740 317468.0713078889
155961954.4700900316 519530.9940938406
156388231.0636107326 535100.0228900366
152063045.2113915384 323896.7552014205
156209972.7944281697 530220.0410909109
157691035.8099110425 582034.9070576780
153724257.3998556733 428526.1592392259
151560680.5971991122 249879.0133946553
153950019.0153144300 438943.1518360724
160975478.2303898335 684708.0853233337
161373548.9085672200 697225.7290573120
154090248.2700471282 444841.4077197068
161430634.8128316998 697802.2847709656
163609830.4995678067 760448.1855926514
164860468.2071849704 792090.0269165039
152398773.2361755669 352504.2208386275
153606759.7178567946 422720.5384794407
157922686.8341657519 586875.4116667859
157342836.6077030897 569809.7076748960
153662650.4374822974 425103.4803237849
153637310.4888292551 424267.6240521255
157408267.8025631309 571186.7880925291
156189868.1552166939 528237.3072361402
164257042.6294366419 776924.2079315186
161114536.0809715390 689256.7453498840
151880113.3058721721 305240.1914250764
155265879.1102747321 492444.5499395896
155233962.3105137944 491705.9478780795
155794455.2723360062 511943.9437696986
155789600.7292895019 511272.9957164278
157053780.1037962437 556616.9892165713
155355810.7734572291 495505.1610768009
151632184.0454182327 267959.9678552064
164360972.3029974103 778709.9346466064
156943855.7526796758 555106.4557387881
163923632.1950420141 768286.5234832764
151727061.8646245599 283529.2424352082
164193154.0487080514 775381.7290496826
151786547.0083320141 293012.3115422639
161594378.1162450910 702463.6851072311
152253199.2491196990 338629.6573620650
155837587.2738382518 514445.2054121547
161285626.2387143970 693793.6729936600
154844064.9401707947 470213.4728014041
156972418.3662653863 555282.7896821551
154988187.0780260563 480457.2533189822
159393360.8925521076 631101.1825947240
159197926.5421673059 628646.9333401263
159509586.8978779018 637529.0570521355
158948388.5641522408 620035.4211201146
154731128.8105890155 468229.3734361697
157929045.1732110083 587295.1991695836
158732057.8006511331 614011.3581840470
161912030.6108264327 707217.6898059845
159350509.5911635458 630426.6970550492
159868022.1192486286 638455.3882207982
159508080.2449076474 634367.3937248662
154723692.4692993164 467679.1347556412
159132441.6867092252 626889.0007099584
151965576.9682785571 310997.8561002612
158744907.3941701353 614661.1208271459
161930235.7771927416 710195.7187700272
151464565.0685634911 232163.3616025479
154771850.0863829553 468233.9084372818
154939595.8791149855 474308.2897849381
168810180.2426264882 862444.7526855469
153409524.4910051227 410563.2297845455
153385024.5109223723 408908.0645253630
158986333.7212706208 621243.1372074559
158946882.5221006870 619229.9138187170
153588454.3930606246 418785.0490567656
151593000.4066815972 260235.2454018506
153137381.6036235094 394747.4567143889
169091469.1039047539 868052.8886718750
151538930.6816329956 247394.2628343019
151473477.0320662558 232872.8621399433
158400301.8948070407 602649.2057833150
167439484.0558107793 838918.0416259766
160367977.9974278808 661215.2839193344
162545678.2646626830 725211.8648509979
161851269.2512005866 706980.5032863617
151753642.5041770339 284584.9238688263
157089788.4809882641 557782.6582820415
151699712.0972017348 271834.7321694508
162227838.6898927391 715086.8539104462
151677267.5872202516 271539.2731236729
167388460.2214351892 835623.2721557617
162281072.3716484606 718826.9527416229
167706504.7572276890 842638.9132080078
182843849.4186665416 980981.6455078125
167737525.0175878108 842805.9329223633
182524933.2851100564 980111.0429687500
182470459.2098459303 979991.5566406250
182552202.4074383080 980361.4560546875
162108203.7799084485 713863.5705699921
168666114.7711335123 853535.6191406250
168610234.9267624021 853008.1672363281
168422524.2131591737 851729.3923339844
168746737.0610261261 854300.8132324219
168807400.7890203893 856530.9819335938
