165914678.2287189662 798058.0329284668
170083689.3244286180 872711.6278076172
170597999.7919464409 881461.1506347656
175521925.2691977620 939273.8571777344
177161600.1326175332 949601.7236328125
182864176.9992320836 971422.5156250000
183262572.2746901214 972312.8906250000
169969134.9762029052 872661.8756103516
177067062.1402364075 949475.3159179688
154733064.8078186512 438542.0310418373
169628809.0816959739 869393.0877685547
173965425.6151261628 923811.3244628906
174534952.2400858998 928561.3994140625
176683860.1565302312 948548.6748046875
177341972.4233015776 951094.8520507812
176650951.9037019312 948341.8681640625
176607422.5790034831 948066.7392578125
153137545.8488818705 370995.7435766757
153255917.0602686703 381400.9450784341
153039265.2914399207 369541.0897517800
153675025.8314636946 395636.3457794189
153674158.6265686750 394042.6671589315
154359576.0694825351 426314.1511590248
160939780.3756902814 664326.5490789413
161562292.7589592636 681785.1246709824
162467185.6281334758 706657.6443405151
166325728.3451505303 808014.5412292480
166325115.8366769850 806513.3199157715
167452965.3184577227 832613.2164611816
167828951.3739763796 837723.6739196777
167724776.1352762282 836703.6516418457
171470490.2642925084 891800.3935546875
176219375.2547119260 945488.4868164062
175243008.2410711348 938692.5253906250
175543964.7992571592 939937.5190429688
183678325.8923112154 972946.6054687500
176216821.7197005451 944278.2094726562
175851722.2943621576 941647.3750000000
169374603.1936778426 864026.2540283203
174615320.3259059191 930114.4406738281
175619360.3077732325 941643.0151367188
174943609.5176297426 934823.1948242188
175074639.6587927938 937660.8867187500
153340092.1632435024 383336.4948831216
153576030.2963340282 392944.1562303007
153194895.2423267365 374283.5074265897
153742528.5671072602 398589.9105900228
155750798.8566370904 473352.1045909767
155547573.1464473605 466323.4676050446
155732399.3267463446 472500.6207384369
166993072.3502686322 822085.9911499023
166681130.2683807611 818184.4418640137
169153756.5464069843 861648.5579833984
169089605.0881236494 857970.1195373535
171077052.7846061587 888256.5808105469
170706084.1491616964 882891.3311767578
174776435.3776277602 933060.2324218750
183067425.9840454757 972045.3242187500
154270650.5094182789 422194.6813353694
155914634.2662971914 474096.3653331642
160866147.1569282115 661045.2034902573
161048394.0187745988 667345.3945932388
161195482.2929104269 673340.4262762070
161130366.6057268977 668361.7948350906
170429272.5504336953 878087.7761230469
174625867.9811671972 930537.0583496094
174930517.4702248275 933854.9760742188
174114485.2311761379 925616.1440429688
152342614.1303005219 304807.3782067808
152360596.8239977956 305025.0749674729
152599180.8749326468 327939.9777408448
152542120.2751791477 320788.3652936816
154110242.1207181215 415894.9351556068
155284999.7210948467 461779.7213243744
170767574.0540076196 884649.7556152344
172112381.4272546768 898928.3319091797
174690494.5042539239 932389.6513671875
174068941.7327034473 924237.7656250000
174013240.6683415771 924118.9414062500
177762679.7530452609 951943.4521484375
152432687.8659850359 315785.4331699220
152415072.9722779393 314963.0919533578
153517773.4735912681 390728.2776902616
153998260.3875619173 407248.6620155275
166308578.1640850604 804400.5657653809
167162403.3119095862 825524.9403381348
167766288.7506019175 837539.2648620605
182470786.8166047633 970273.5810546875
152110277.0927396417 241240.9971040227
152981731.8868729174 360611.9500957131
155268664.4246998131 460756.7051342032
155095598.0373415351 451136.2706432045
166069828.3740993142 801333.0535583496
166222507.9206613898 804114.8663024902
167091209.6380551159 822563.1962585449
167142205.5200052559 824813.2676696777
182926989.5099776685 971619.1035156250
184055369.9911443293 973087.6308593750
183453663.3428407609 972432.1943359375
152166015.8364005387 255084.2243725993
165907284.1427722871 797327.2914733887
166326926.9693045616 810404.7539978027
167987638.2858042717 840081.9120483398
173899737.2714090943 921889.0009765625
174269195.1272227764 926021.6484375000
174321552.4934349656 927884.8530273438
177873317.7353262305 952490.4433593750
172252555.7811946571 900151.2501220703
172281686.7575583756 903063.5103759766
161321520.4686726332 674365.8054056168
170588780.2675632238 879252.1608276367
171810398.3586245179 897382.7384033203
182958485.7895307839 972044.1035156250
153771580.0828974247 399869.2614828348
153246554.0686735511 375671.2283738554
154208697.9723978937 416445.8199212318
154940520.8903619647 448595.3761457703
171430685.5847299397 891392.6253662109
171334894.8013949692 890814.0115966797
152947142.3940846026 357788.5410062671
152969842.3483317494 360289.0689964890
166227757.2148020566 804150.6128845215
171122402.4872929454 888468.9525146484
170964658.7693715692 885887.2420654297
182210108.1848625243 967675.3237304688
183668905.1622433364 972664.2041015625
171761641.7783356309 896272.1267089844
171270593.4916835427 890497.8768310547
152295593.7967760563 302893.8572674306
154089562.3039089143 413905.7063136697
155233546.9513001442 457004.9296888611
166077313.3591299355 801942.2817077637
170752477.6312345564 883465.4534912109
178229655.6870349944 953035.3457031250
152235539.4465475678 282485.4344315184
153947456.4602704644 404704.6580501199
153979061.5466725528 406213.4936532304
154067065.3083432317 409380.8840480447
155200010.0811543465 455968.9721388123
161248480.1658204198 674173.0379953384
169519639.0667710304 865492.7005920410
170159246.9285097122 875369.1461791992
173851051.2728900015 917194.5043945312
173556837.9166792333 916991.1147460938
178082297.3335152864 952931.7084960938
182738165.7025801539 970639.0908203125
154126225.9766978025 416022.3905230034
152196098.2104989290 261723.1566341445
153811573.3961109519 403536.5393214822
153871547.4072476029 403827.1151208282
155170232.9189484417 455762.2781147361
166525613.3166446090 813643.3268737793
161605552.7723011672 683688.0666818619
152143543.6040646136 253827.2131859995
161615979.6834020615 686202.8509988785
155024459.8610287309 450069.1969726682
166410028.2329800129 812376.9566345215
169866894.5108070374 870685.9778442383
178024131.3259604573 952740.8159179688
170426564.1042290330 877155.7229614258
152294884.6445635855 293755.9130165167
154905495.6324789822 445180.5012882254
155166638.9577734768 451438.7665361664
154879521.1455668807 444976.2240919373
161788525.2919183373 689508.4525375366
152967729.2054005265 359041.6539378762
161481761.4246408641 679166.9243621826
162273553.2143335938 702637.6176872253
166654735.5360281765 815517.7019958496
167719488.4542698264 836265.4512634277
170329060.3718746901 876328.0596008301
162569417.3930425942 707523.1972961426
162136924.3940807581 700170.1771469116
161520466.9920463562 680646.2508163452
152186155.1596242785 257720.5300239511
161841422.2089195251 691817.9003524780
161729570.6009790301 689135.2842636108
162974293.6882332861 720618.9913177490
162899980.3773026764 715231.1725921631
163086152.8065936267 722071.6917572021
166765062.6680217683 819702.8749084473
167314217.3659750521 830637.3157653809
167164978.7950766981 827630.8442077637
152897339.7546909750 357206.9243140817
166780654.3386893570 820332.3051452637
166719244.4408742785 818723.0617370605
169612061.2644757628 867241.7665100098
169019863.0068908036 856498.8568420410
152805459.5905299783 346273.7683688961
160759935.1312150657 655150.0341033936
168975519.2035015821 855993.8395080566
169099278.0003560483 858830.2362365723
152255386.5532630086 293373.6291336669
152871482.0840916634 355097.5608368516
162845875.4683409929 714865.5823535919
163176317.3065391481 726696.6092376709
163522151.6041212678 736164.7396087646
168475545.1743431091 848510.8609619141
154622755.3248367012 432608.7118086121
154619475.9196380079 431983.6512617371
169070758.3830005527 857413.0704650879
164200939.8730728030 746701.2817840576
154558864.6909991205 427635.9979299805
167891143.2555533946 838558.0328674316
168373765.3227538466 846607.2709045410
178398976.3367056847 953586.6337890625
182181177.3844982088 967245.7558593750
168525001.5691931248 848587.3570861816
168111546.7261195779 843655.5238342285
163532017.4753619730 736323.7687530518
167606700.8384879827 834514.0591125488
157785212.2226346135 543838.6405261755
152387832.9688315988 306660.6140688984
157927848.3069118559 555714.1093944311
177879745.9197900295 952519.4956054688
178395968.3733632863 953522.9155273438
177736184.7048948407 951664.5371093750
158243187.4757113457 567898.7176555395
163687064.4209264219 739137.3381195068
158116067.1166761518 562714.9344944172
173511683.5643015504 907173.0139160156
152393274.4067194462 309084.9210719196
158191969.7955920994 566519.7611164264
163499425.7187148333 734261.3115997314
160701121.8827863336 650688.6879043579
163943225.1761362255 745333.2167205811
181673467.8451098800 964934.6176757812
164631127.6029097438 760742.5646209717
180887702.5480150282 957772.9228515625
164569107.6838108301 756192.9564666748
165894050.1881760955 790795.9461975098
165732476.4572428465 787257.7843322754
158752715.5845180750 583670.8166287951
158747907.9157890081 582664.9404358007
165605003.7973007262 780381.0929260254
165723738.9719791412 782028.5368652344
164956463.6213112175 767286.4276123047
158076654.1758519709 561881.7024698630
163822157.6756054461 739680.4548187256
164890772.8605784774 765406.1329345703
165263990.4687542021 776462.8789062500
152722079.8821795881 337784.9549542745
152751830.4758647978 342004.4831360132
152780544.5210841596 343336.2534784079
152487238.3319476843 316572.2206733990
152532195.2003222406 319824.0340002775
181944227.0310632586 966329.8129882812
181607974.5907517076 964242.8041992188
181758315.1413518488 964950.5405273438
152570564.6940540075 321849.6554697752
157691124.7886586189 537709.9027837329
158236807.7752490938 567190.0931256823
165069077.1523309946 770862.4091796875
165012316.1982772946 767418.5020751953
181164960.2100487053 961090.8500976562
181343952.6024776697 962823.1206054688
181391715.9579418004 964124.3813476562
181769176.8174230754 965732.1635742188
157927009.2466555536 555431.8179791979
164598834.5277076364 759740.7894287109
165240189.0699024796 772958.3942260742
157985810.8986401856 557166.2618993334
159802924.3100160062 618533.5852279663
164847855.6961289942 764412.8660888672
158771090.8164506257 584372.0721906237
158394770.0414827764 573749.4539655261
157760676.9997589886 538393.4409736209
158157895.8962084949 565088.1849225573
158002253.4339066446 558972.4762471728
157994477.4460636675 558819.2282002978
159892751.0693792105 621681.5723490715
157769685.0238378942 539084.0854644179
160410903.8534026146 636239.6293706894
160676752.6055390537 643189.1757574081
160364330.5245216191 635173.3019781113
160278821.5435436964 628175.5612249374
160354699.0585675240 628673.2802190781
159955297.3249880373 622654.4563665390
159110669.2794759274 592460.9351654053
159642380.0685459375 609915.9252443314
159638027.8295211792 609814.6373014450
159253987.2841866612 599410.4815521240
159280158.8101304770 600013.1452455521
159320032.2740220726 600998.4557695389
159237226.4795904458 597795.5879106522
159000395.8028662205 589262.9507036209
180820420.4480239451 956214.7558593750
180745432.9827573895 955356.3203125000
159065274.9028489590 589658.6450827718
156743801.9388650060 475763.4543619121
157533748.3935953677 504870.1934041942
157268371.8099032938 495422.7819356883
157335351.4697153568 496418.8693934644
157349578.9643360078 496959.4878283704
156996756.5520903468 484835.1340314115
157375140.8785710633 497694.4718298877
156925637.6990258396 483727.8156720365
157394256.7853680849 498796.7419711316
157039077.4133796692 487637.6490756238
156861799.6400014162 478309.6087728739
