188109639.6079719067 5973489.4394531250
189121224.2194879949 6045058.3867187500
196300207.3089203537 6406048.9218750000
196128134.0205227137 6403350.4570312500
195910213.0840153694 6398575.2773437500
196806054.4411588311 6416344.8574218750
204015152.7196952999 6535588.6542968750
185982433.8058104515 5706171.7753906250
186481146.6771262884 5780524.2773437500
187091042.3673902750 5861510.1386718750
189413893.4781336188 6046502.3632812500
194628959.6369532347 6354179.0507812500
184590398.2232750058 5370371.5761718750
188950941.3227887154 6037859.1210937500
200534792.5427302718 6492484.9453125000
184258720.1192906499 5250679.1015625000
186092167.8327375650 5726023.5605468750
195798057.5556593239 6392519.6679687500
184252290.8300485611 5250524.1171875000
184987647.4868521988 5479019.5390625000
189035178.4017679989 6043441.2402343750
190418477.0031143725 6155841.3945312500
186061416.3066099882 5717478.2304687500
187150895.9781353474 5863623.8554687500
188020699.3346794248 5955094.1484375000
199179385.4616073370 6465810.9648437500
188268773.7566821277 5987692.6191406250
188219157.2952822149 5983646.8183593750
188639188.9887591600 6022164.4785156250
209999660.2123647034 6565838.4199218750
186152378.7490640581 5734613.1660156250
186876268.2262260318 5832826.7070312500
187029958.0450798273 5853098.7441406250
188123177.8229228556 5974236.9511718750
192899661.9111480415 6291935.5039062500
186056812.2080070972 5715984.2558593750
186065675.0934368968 5725687.6933593750
191477492.5474708080 6222076.8847656250
192755747.5295434296 6288630.1210937500
184963776.8637570143 5469581.5976562500
192616995.5216072202 6282894.9082031250
205516751.6272825897 6548682.3417968750
188817305.2251597047 6033633.6171875000
189038680.2077015042 6044135.8281250000
192486217.1875666082 6276998.9414062500
189219579.7265719473 6046148.7109375000
190092460.2868019342 6130500.7753906250
195673669.7249404788 6390495.2382812500
195637570.4119403064 6390440.9257812500
197336037.2793670595 6426543.3554687500
199550671.6418627501 6476701.6250000000
204323455.0080011785 6541292.0605468750
208453393.2926999032 6563910.9843750000
186038547.6316078305 5714061.5527343750
188952004.0085358918 6042337.7480468750
184380806.5165213346 5309369.6601562500
191975437.8953625262 6251858.2695312500
192139346.9511746764 6261368.7167968750
184163407.1728878021 5180866.8808593750
191876814.2628269494 6247371.7324218750
192596914.8661328852 6278932.6230468750
185004939.7310105562 5484472.5859375000
186961121.3635506630 5843333.2148437500
199948923.1232573986 6483324.5410156250
184482237.0814936459 5344193.2109375000
188434782.5698352158 5997374.9707031250
188768147.2101639509 6025537.5156250000
191699783.8611138463 6235424.4296875000
186149579.1030877829 5733941.9414062500
186109189.1971648037 5732347.7304687500
186168611.0563923120 5742123.4062500000
186288321.1781392395 5759157.0800781250
186455431.9379718602 5777435.2441406250
202375877.4317027926 6518234.2441406250
204023684.3763595819 6538097.8398437500
208428265.4044215083 6563782.3828125000
199694093.8718538284 6478240.7304687500
202811833.7531560659 6523690.1445312500
185058589.3756536245 5497857.5429687500
192384516.1297966540 6270708.4355468750
204560025.4482017457 6543368.7031250000
197035634.0203192830 6423265.6718750000
188296932.9531878531 5991756.2539062500
207978352.2565932870 6563268.1328125000
184407368.5743166804 5323050.6425781250
186217563.9586786330 5747210.3300781250
209151816.6342433691 6564568.2890625000
186262945.6902588606 5757844.9648437500
196602838.4706984758 6411768.8476562500
186967095.9348299503 5846904.7343750000
201496647.0968901515 6507836.4062500000
209545569.0052874982 6565820.1542968750
187074691.1226820946 5854760.9140625000
208397573.6633927226 6563372.8378906250
209086412.1330149770 6564336.2011718750
207215724.9780621231 6560809.0957031250
200094952.0417658389 6486848.1230468750
214595099.2464819551 6566668.8613281250
184155296.8289095759 5175334.9433593750
199787613.5610782504 6479629.4902343750
202135949.0799975097 6516637.1093750000
204285165.9838178456 6540243.6582031250
191718410.9469815195 6236997.8027343750
184632485.1049243510 5379876.1210937500
186921052.0897450745 5841764.3808593750
195564684.2797503173 6388596.9121093750
206463277.5842442811 6556945.0449218750
207777839.2397890985 6562527.6210937500
192256873.4593755901 6265406.1074218750
192108668.1953435540 6256837.8906250000
194562572.7732765079 6353868.3632812500
204451916.3530263007 6541437.9355468750
184994357.3706070483 5483178.4179687500
191948549.6425928771 6250438.0859375000
200205511.3936956227 6487523.9453125000
202487663.2439943552 6520234.9316406250
207538971.1216533482 6561815.1582031250
184950962.7464569509 5467891.5097656250
202523976.6570129693 6521325.5253906250
214760940.5364824235 6566744.5253906250
205659567.7568583786 6552082.2714843750
209439144.5592998266 6565603.4355468750
184663194.9556598961 5382026.5937500000
204100909.2888977528 6539382.1679687500
192009923.2049154043 6253641.6621093750
184606835.9461671114 5375961.5644531250
200003880.7197358906 6485647.6718750000
184261780.1340080798 5254643.0273437500
188531149.4168831706 6012592.3925781250
202398851.9004443586 6518279.9511718750
205601481.9653282166 6550809.1054687500
195632220.7280237377 6390438.9687500000
202404548.5254613161 6518619.9960937500
207101429.7923620045 6560470.4726562500
190061414.0920912921 6129730.7050781250
199651602.0742508769 6477869.6777343750
196241714.5652255416 6405163.3300781250
199816320.5121611655 6481910.4296875000
201324941.5710048378 6505044.1367187500
185076783.0078943074 5498591.5488281250
209229202.6160091460 6565145.1796875000
202673001.6166414022 6522089.7011718750
201959027.8470837474 6514053.2597656250
201244832.9742349386 6502951.8417968750
191111425.5595802963 6201590.8828125000
186883049.7092587054 5834156.4785156250
191642291.2528951466 6235216.4550781250
207643932.1420067549 6561948.5742187500
207391841.3507232070 6561324.0664062500
190360762.4280066490 6154199.2636718750
199527167.3058123291 6474502.8808593750
185051550.1081971228 5494606.5566406250
202266437.5040544569 6517812.1660156250
185115161.2118709981 5501443.1289062500
185023823.6491795480 5487526.1523437500
195845599.9930731356 6395760.3730468750
185112422.7646112144 5500654.3886718750
184885622.7109175622 5458002.3398437500
191031049.4624094367 6197594.7675781250
199465837.4910890758 6473306.1308593750
201493165.2986018658 6507162.9375000000
199325579.6182452142 6468332.5332031250
200944081.4785403311 6498498.0351562500
201428663.3434886038 6506513.7832031250
199390342.1892684400 6472624.8242187500
189935233.7821415961 6119232.0429687500
191323141.8501179218 6214195.7753906250
199906781.0778162181 6482551.6582031250
184299349.7292030454 5280930.9765625000
184510955.3732708991 5353761.0175781250
184813560.2017104924 5434116.3144531250
191531631.7990526557 6226471.8457031250
185518428.9121357203 5585950.1894531250
191157465.3086045682 6206360.7773437500
203759119.8370044827 6533685.2402343750
206961425.5798597038 6559987.7968750000
195459326.0416138172 6382736.2539062500
203758394.9942899048 6532240.2285156250
206943324.5881566703 6559960.9511718750
206862058.8165076673 6559804.3496093750
191362026.0365625620 6217799.3281250000
195536227.8143855631 6387692.9609375000
214209118.9286679924 6566224.0898437500
184821959.0358619988 5440426.9296875000
191415864.0394317508 6221836.2578125000
209276988.3226463199 6565160.6113281250
195391677.0341933966 6380714.0097656250
184236969.1416250169 5227708.7050781250
188626423.6292321682 6016930.0175781250
214294356.6893284023 6566251.5898437500
195676482.2256264091 6391816.6582031250
195610293.6530645788 6390101.2578125000
196035174.4140852094 6400310.9003906250
193426227.4290603995 6307011.8066406250
200758594.6472010612 6494442.7070312500
200688459.8751477599 6494076.1113281250
206049407.7381083071 6554140.2636718750
190660368.2308609486 6171981.7929687500
188515217.7227903306 6008785.2753906250
184274403.0573965013 5266865.9765625000
186818139.0350248516 5825588.3085937500
184229592.9412820339 5215411.6855468750
213984073.0301671326 6566110.2207031250
190869671.7629293501 6187170.7734375000
193289875.6983399093 6304035.8535156250
186697990.3187821209 5807939.1132812500
184229583.5172705650 5215145.6054687500
184209392.8855714202 5209881.7500000000
185693541.6445695758 5619693.9121093750
193373392.5397129357 6305490.5156250000
185749799.2106028795 5622612.2500000000
187290894.1289229095 5878325.3476562500
204804685.8714297116 6543492.3906250000
189834897.5902270377 6107757.6171875000
187325947.8535201252 5880336.2851562500
184526939.9104689956 5357978.0605468750
186757412.1780096292 5818160.8007812500
184478533.9061041474 5343173.8535156250
185774285.2745598555 5626136.0683593750
193411373.3161959052 6306854.4355468750
189914073.2960268259 6117270.6816406250
189909198.4125114679 6116931.8847656250
187395829.6953718364 5889339.3183593750
189984556.1838803589 6125718.8378906250
193151545.1852862537 6298490.7910156250
190533247.2142908871 6164616.9687500000
186707117.0548392832 5808665.8964843750
190639386.9940261543 6171216.2714843750
190811159.4651577771 6182799.7460937500
185585603.7071343064 5602853.3691406250
205840591.8486246467 6553178.5273437500
197402470.7972504795 6426780.9179687500
213863565.3221132159 6566100.8828125000
184345465.0337081254 5298876.5117187500
184329122.5121283233 5290121.2988281250
193586378.8845252693 6313098.1542968750
184204061.4608788490 5201745.1679687500
206228345.4755393565 6555353.3769531250
184437575.8950020969 5331681.0703125000
184398831.4291359484 5320440.3125000000
198020605.6745938063 6439672.7792968750
184317442.1817755997 5288606.7226562500
184347788.7221332490 5301349.7382812500
186693039.2138930559 5807636.7773437500
190625859.6989266872 6168327.8066406250
194429253.2584511042 6344456.0234375000
193364315.4759526551 6305319.6796875000
197845861.5488863587 6435995.3730468750
203537953.4054879546 6528560.7539062500
197823608.6070858538 6434161.5449218750
186680049.6469949484 5806443.6054687500
197877373.0100849271 6436046.8242187500
213111449.8528447747 6565853.0292968750
197505510.7976971567 6429710.8535156250
197762818.1033120155 6432941.0781250000
184772892.0313179195 5421264.9257812500
184751644.6326749027 5415143.0351562500
205153860.4405465424 6545929.6699218750
188093440.8200610876 5964506.3300781250
187985513.3207105994 5949588.8417968750
213570130.2424682081 6566076.5156250000
194533259.5908153951 6347999.3183593750
205232273.5495754182 6546344.6113281250
185414967.3659364581 5563611.1601562500
213175158.3243774772 6566051.3203125000
185453124.7674425244 5570136.6269531250
185427576.3140800595 5568347.6562500000
187403719.3301047683 5891583.0839843750
187854721.9818188548 5936896.0175781250
187897801.1313621402 5939016.8261718750
187927604.7225853205 5940979.9433593750
187721626.3218795955 5925106.8769531250
187761474.5451230407 5928741.1406250000
187659816.4857048094 5917403.5859375000
198410937.3557360172 6442092.7968750000
187607772.5369027555 5911912.0878906250
198315252.3189451993 6439734.3554687500
184771675.5040614903 5417943.0214843750
185395475.7969610691 5560587.8925781250
185352985.2972536981 5551272.4687500000
185214321.5806749463 5514789.3769531250
185329595.5665280223 5540946.5039062500
194348281.2458638847 6340678.5742187500
198919647.7441239059 6452959.8652343750
198856968.4747978151 6450413.2929687500
198649218.1370945871 6448278.8496093750
184738512.9781203568 5402473.9511718750
185226309.1401574016 5524143.3750000000
185157146.5845376551 5507287.2246093750
194403617.4201495945 6342614.7695312500
185141695.7406392395 5505374.9746093750
185165464.5677128434 5509137.3125000000
184717071.4200499654 5396668.1328125000
194333043.1013748348 6338728.5761718750
193982850.3386234045 6324341.4042968750
185797195.2051639855 5626436.2011718750
185975784.3131631315 5661899.5605468750
185855869.1996469200 5643590.6347656250
185889012.5928493738 5646187.6230468750
185938725.0862936974 5659369.1601562500
