184686400.4893571436 5381184.5820312500
188235312.4023620486 5992565.1992187500
189383003.6431973875 6078556.9023437500
191336749.0876507759 6217216.6582031250
192244324.3090968430 6261414.3085937500
194910713.3342252374 6366877.8476562500
189363549.1776948571 6076896.1992187500
195745111.2430025041 6392262.2441406250
186012425.0550277233 5721347.4824218750
186327420.5692323148 5769261.9453125000
188728808.7697997093 6029997.6250000000
188766523.4033664465 6033154.2617187500
190236717.9428722858 6145289.1875000000
197643875.9404501617 6436298.5117187500
201854508.3922982812 6513745.6875000000
201665695.0654934049 6512262.9257812500
207951641.6740299463 6562997.1933593750
191261930.2314243317 6211315.1660156250
194818207.4286094308 6366675.1835937500
197412240.6931275725 6431877.9921875000
204374579.8306798041 6541950.3437500000
193306403.6208815277 6312488.0917968750
193060034.8979787529 6303103.1835937500
191608217.2014258802 6232608.8105468750
197208254.4088515341 6428068.2558593750
197630767.2471637130 6435037.0761718750
200916515.2285901606 6498542.1738281250
190206006.4916027486 6140400.0722656250
184522917.6589325964 5355526.3574218750
208288397.3180545568 6563527.0859375000
184137873.7832137048 5165276.6035156250
188119052.4624433517 5978162.5195312500
187104053.0645567775 5865886.7910156250
193462411.1524484754 6314662.3925781250
197559632.9473406076 6434434.3300781250
200481634.9492734075 6493824.1113281250
202327596.9357860982 6519638.9453125000
189170262.2100596130 6064802.2753906250
202271304.6139755845 6519556.3378906250
184933315.5896092057 5461186.0058593750
186092088.4032093287 5730926.2070312500
186375583.0666701496 5774667.0546875000
197524607.0356269777 6433580.9433593750
205935149.8822357953 6555210.7753906250
184123616.3285580575 5155468.8808593750
207270323.3206421435 6560809.0957031250
184144783.1074528396 5166352.9726562500
187286133.0904981792 5883680.6601562500
199989204.0452370942 6484938.2363281250
201787137.3124157190 6512597.9804687500
202205411.1332454383 6517831.9082031250
187570753.0471618772 5895800.3398437500
190140785.3332372308 6138357.6210937500
202106737.5804121792 6515208.0468750000
188181295.7935389280 5985867.1718750000
200721906.1053707600 6496983.6425781250
215985783.6640838087 6566995.0058593750
193117106.8919654787 6304788.7343750000
200210837.6717067659 6490842.1289062500
201945453.6848924756 6514819.3671875000
186098823.6668598056 5737803.3984375000
186474552.8011769056 5786479.7617187500
204215885.3444178998 6539861.7968750000
187389427.3532350063 5895444.4785156250
194783026.1742967665 6363570.1777343750
186349133.2631478906 5771498.7460937500
186192002.9941227734 5747560.2480468750
186252238.7382782102 5760692.4765625000
186398387.0118867457 5778678.7128906250
186245894.1531905532 5760494.4902343750
186136040.6937345862 5744713.2363281250
199927293.1313734353 6483532.5527343750
187365610.7618863285 5891246.1132812500
206135220.0645867884 6556782.4160156250
194499066.8440552652 6345496.3261718750
203551265.6328491569 6531105.7343750000
187160231.3493141532 5872878.8027343750
201454857.1393898427 6507539.0742187500
208178463.5866669416 6563420.8281250000
208943252.5787971318 6564934.2890625000
184154566.1054892540 5176732.2363281250
188339107.8475352526 5999961.3613281250
206649598.9630047381 6559156.1855468750
188846634.8000277877 6039725.5292968750
184604753.5315052271 5377070.5566406250
184574816.1027905941 5370972.3339843750
190970864.9194837809 6187276.7363281250
186048507.0759016573 5726125.7578125000
185973692.8173437715 5711362.5371093750
184873278.7217470706 5453939.6679687500
188200949.0449770987 5987644.9062500000
193549269.1507167518 6316230.7070312500
189190519.2073846459 6068387.6054687500
193656133.5140125155 6316813.8105468750
186024594.8648912907 5722889.9882812500
206580203.5408932567 6558279.4218750000
203768798.8716982305 6534805.6933593750
189360402.2511572540 6072370.3457031250
203536647.7486582398 6529615.8945312500
187150472.2736262381 5867550.1308593750
209447518.2921223044 6565677.8652343750
189278645.1778399944 6069498.6171875000
200167062.3449470699 6489559.0546875000
208020892.3352259099 6563313.6542968750
197172085.1106605530 6427581.0078125000
197058734.5627542138 6426323.5585937500
197345183.4548298120 6431097.0468750000
199685587.7865046859 6478260.7421875000
188382970.1899690032 6005882.5742187500
188938657.9837507904 6050392.5390625000
194516652.6023236513 6351298.6503906250
197030478.9948582053 6425079.6757812500
189053632.6787464619 6058935.8496093750
188916665.1124711931 6048768.8378906250
194605795.5872319341 6355204.3984375000
188773885.0754314959 6034582.6406250000
203828792.9399687648 6535616.6660156250
191242512.8503947854 6207200.7031250000
184168268.7086049616 5184349.0156250000
185930885.4489613771 5699127.9121093750
203668071.6292451918 6532171.5546875000
189030532.2932661474 6058175.7949218750
195916724.2100060284 6398619.7441406250
205494457.9218947589 6550366.8554687500
188875742.2362929583 6041188.3593750000
184501618.9556928873 5350264.0800781250
191099966.3403438926 6200443.1718750000
188552848.6189802885 6019576.2656250000
184953185.3530607820 5470474.9746093750
185999404.8671655655 5716387.5898437500
184727808.8524521887 5397487.1875000000
215605113.7032497823 6566793.7656250000
184188683.2781324685 5191492.9042968750
184197809.8058599830 5201949.2949218750
195778902.1803227365 6393104.1152343750
196281410.6685110927 6405302.9980468750
196739943.0121040940 6417487.5136718750
184298546.6567766368 5272186.5273437500
188091130.4430046976 5973300.3691406250
196672289.4008045495 6415079.3085937500
209965119.9828305244 6565947.6621093750
215241761.8099109828 6566757.5507812500
188081646.3593924642 5967595.2109375000
188222742.3575817943 5988557.0488281250
195910213.0840153694 6398575.2773437500
184258720.1192906499 5250679.1015625000
184252290.8300485611 5250524.1171875000
188020699.3346794248 5955094.1484375000
192616995.5216072202 6282894.9082031250
192486217.1875666082 6276998.9414062500
195637570.4119403064 6390440.9257812500
204323455.0080011785 6541292.0605468750
208453393.2926999032 6563910.9843750000
192139346.9511746764 6261368.7167968750
192596914.8661328852 6278932.6230468750
186961121.3635506630 5843333.2148437500
208428265.4044215083 6563782.3828125000
202811833.7531560659 6523690.1445312500
192384516.1297966540 6270708.4355468750
204560025.4482017457 6543368.7031250000
207978352.2565932870 6563268.1328125000
184407368.5743166804 5323050.6425781250
186967095.9348299503 5846904.7343750000
201496647.0968901515 6507836.4062500000
209545569.0052874982 6565820.1542968750
200094952.0417658389 6486848.1230468750
214595099.2464819551 6566668.8613281250
199787613.5610782504 6479629.4902343750
191718410.9469815195 6236997.8027343750
186921052.0897450745 5841764.3808593750
195564684.2797503173 6388596.9121093750
207777839.2397890985 6562527.6210937500
192256873.4593755901 6265406.1074218750
194562572.7732765079 6353868.3632812500
184994357.3706070483 5483178.4179687500
191948549.6425928771 6250438.0859375000
202523976.6570129693 6521325.5253906250
214760940.5364824235 6566744.5253906250
205659567.7568583786 6552082.2714843750
209439144.5592998266 6565603.4355468750
204100909.2888977528 6539382.1679687500
192009923.2049154043 6253641.6621093750
200003880.7197358906 6485647.6718750000
184261780.1340080798 5254643.0273437500
205601481.9653282166 6550809.1054687500
195632220.7280237377 6390438.9687500000
190061414.0920912921 6129730.7050781250
199651602.0742508769 6477869.6777343750
196241714.5652255416 6405163.3300781250
199816320.5121611655 6481910.4296875000
209229202.6160091460 6565145.1796875000
202673001.6166414022 6522089.7011718750
186883049.7092587054 5834156.4785156250
191642291.2528951466 6235216.4550781250
207643932.1420067549 6561948.5742187500
207391841.3507232070 6561324.0664062500
190360762.4280066490 6154199.2636718750
199527167.3058123291 6474502.8808593750
185051550.1081971228 5494606.5566406250
185115161.2118709981 5501443.1289062500
185023823.6491795480 5487526.1523437500
185112422.7646112144 5500654.3886718750
184885622.7109175622 5458002.3398437500
191031049.4624094367 6197594.7675781250
199465837.4910890758 6473306.1308593750
199390342.1892684400 6472624.8242187500
189935233.7821415961 6119232.0429687500
199906781.0778162181 6482551.6582031250
184299349.7292030454 5280930.9765625000
184510955.3732708991 5353761.0175781250
184813560.2017104924 5434116.3144531250
185518428.9121357203 5585950.1894531250
191157465.3086045682 6206360.7773437500
203759119.8370044827 6533685.2402343750
206961425.5798597038 6559987.7968750000
195459326.0416138172 6382736.2539062500
206943324.5881566703 6559960.9511718750
206862058.8165076673 6559804.3496093750
195536227.8143855631 6387692.9609375000
214209118.9286679924 6566224.0898437500
184821959.0358619988 5440426.9296875000
191415864.0394317508 6221836.2578125000
209276988.3226463199 6565160.6113281250
184236969.1416250169 5227708.7050781250
214294356.6893284023 6566251.5898437500
195676482.2256264091 6391816.6582031250
195610293.6530645788 6390101.2578125000
196035174.4140852094 6400310.9003906250
190660368.2308609486 6171981.7929687500
184274403.0573965013 5266865.9765625000
186818139.0350248516 5825588.3085937500
184229592.9412820339 5215411.6855468750
213984073.0301671326 6566110.2207031250
190869671.7629293501 6187170.7734375000
186697990.3187821209 5807939.1132812500
184229583.5172705650 5215145.6054687500
184209392.8855714202 5209881.7500000000
185749799.2106028795 5622612.2500000000
204804685.8714297116 6543492.3906250000
189834897.5902270377 6107757.6171875000
184526939.9104689956 5357978.0605468750
186757412.1780096292 5818160.8007812500
184478533.9061041474 5343173.8535156250
185774285.2745598555 5626136.0683593750
189914073.2960268259 6117270.6816406250
189909198.4125114679 6116931.8847656250
189984556.1838803589 6125718.8378906250
190533247.2142908871 6164616.9687500000
190639386.9940261543 6171216.2714843750
190811159.4651577771 6182799.7460937500
185585603.7071343064 5602853.3691406250
213863565.3221132159 6566100.8828125000
184345465.0337081254 5298876.5117187500
184437575.8950020969 5331681.0703125000
184398831.4291359484 5320440.3125000000
198020605.6745938063 6439672.7792968750
184317442.1817755997 5288606.7226562500
184347788.7221332490 5301349.7382812500
186693039.2138930559 5807636.7773437500
190625859.6989266872 6168327.8066406250
194429253.2584511042 6344456.0234375000
186680049.6469949484 5806443.6054687500
184772892.0313179195 5421264.9257812500
184751644.6326749027 5415143.0351562500
205153860.4405465424 6545929.6699218750
213570130.2424682081 6566076.5156250000
205232273.5495754182 6546344.6113281250
185414967.3659364581 5563611.1601562500
213175158.3243774772 6566051.3203125000
185453124.7674425244 5570136.6269531250
185427576.3140800595 5568347.6562500000
187897801.1313621402 5939016.8261718750
187927604.7225853205 5940979.9433593750
187721626.3218795955 5925106.8769531250
187761474.5451230407 5928741.1406250000
187659816.4857048094 5917403.5859375000
198410937.3557360172 6442092.7968750000
187607772.5369027555 5911912.0878906250
198315252.3189451993 6439734.3554687500
184771675.5040614903 5417943.0214843750
185395475.7969610691 5560587.8925781250
185352985.2972536981 5551272.4687500000
185214321.5806749463 5514789.3769531250
185329595.5665280223 5540946.5039062500
194348281.2458638847 6340678.5742187500
198919647.7441239059 6452959.8652343750
198856968.4747978151 6450413.2929687500
198649218.1370945871 6448278.8496093750
184738512.9781203568 5402473.9511718750
185226309.1401574016 5524143.3750000000
185157146.5845376551 5507287.2246093750
194403617.4201495945 6342614.7695312500
185141695.7406392395 5505374.9746093750
185165464.5677128434 5509137.3125000000
184717071.4200499654 5396668.1328125000
194333043.1013748348 6338728.5761718750
193982850.3386234045 6324341.4042968750
185797195.2051639855 5626436.2011718750
185855869.1996469200 5643590.6347656250
185889012.5928493738 5646187.6230468750
