184162344.9366809130 5193170.9960937500
186108572.0851471722 5738560.8886718750
187904997.4288657904 5953678.0058593750
189244179.0465178788 6076772.2714843750
189213587.6876662672 6074343.7597656250
191200938.3222574890 6208754.5585937500
206801398.1680822968 6559258.2148437500
184536380.8148280382 5361545.2871093750
186720831.8687373102 5818439.3066406250
186846013.4208259284 5834754.2871093750
189188678.0960855186 6072424.0781250000
189155534.6609030366 6071761.9140625000
189055185.9786233902 6063116.6679687500
192100668.4334756732 6257167.5312500000
191103296.3317193389 6203754.8105468750
186788835.2311708629 5827022.8789062500
185851535.9382371306 5687034.3203125000
186476475.9431925714 5793692.5878906250
189357089.3370779157 6080448.9863281250
195198871.8219434023 6373304.5800781250
189533720.0390485823 6082374.7656250000
191224722.5682750642 6211639.9511718750
194884877.9121566117 6368582.3261718750
197284225.8909998834 6431471.8222656250
200526324.5038976073 6495036.3105468750
200164850.2517806888 6490145.6718750000
202890760.9262928963 6524535.5957031250
192103537.6903319657 6260657.6777343750
200059298.8182288706 6487979.0917968750
188180040.9574620426 5981739.3984375000
202377738.0107233524 6519808.4101562500
188729853.2956529558 6040050.4511718750
188771890.7641545832 6044127.5234375000
184678492.1910853088 5379764.1660156250
186071975.2456187606 5727939.4765625000
188829401.4553334117 6051820.5839843750
208508008.0477199554 6565335.3222656250
193685611.1381972730 6323081.5214843750
186264460.7850382328 5761628.7617187500
192101655.9482334554 6258976.3476562500
192760076.6177476645 6292020.9160156250
202439492.6291940510 6521842.7480468750
188752943.8576709032 6040916.4355468750
192181518.0670789778 6262947.5058593750
206425888.9274757504 6558615.3632812500
216497556.4444248974 6567934.9335937500
184623590.9451949000 5377757.1035156250
200462441.8677393198 6494210.4589843750
209627935.6646267772 6566009.2128906250
185848176.5575651824 5678760.9003906250
208010172.3796344399 6563950.5957031250
190254987.3758891821 6146946.7285156250
190424524.0623222589 6160795.2753906250
207549982.3464243710 6561989.9804687500
197347286.2158260047 6432187.6660156250
188657885.3543141186 6032551.0097656250
191672352.0467088223 6238829.2734375000
192665754.2290370166 6287361.7167968750
202889219.3934355080 6523844.0898437500
207662048.3730536699 6563307.7441406250
195263988.3341754675 6379095.9042968750
197498295.9062466025 6433259.6914062500
207847452.8647940755 6563463.0273437500
216031797.8210057318 6567117.9003906250
195254817.8909057081 6376646.4648437500
199655787.1602747738 6478403.7968750000
202546663.7865799963 6522701.6562500000
195454019.3911058009 6384725.8867187500
195587788.5102992952 6389327.7851562500
185939044.6752512455 5703732.8984375000
184394160.7933552265 5321955.6621093750
191916090.0937896371 6252084.4980468750
202667670.2007248700 6523228.2070312500
210120217.8507635593 6566485.3828125000
190084325.7820419371 6137294.1855468750
194598034.6864886284 6358286.5898437500
195207166.3378832936 6375066.8535156250
195529547.8712239861 6388868.4785156250
204492987.0204212964 6541751.2460937500
188033608.1769554913 5968647.2910156250
193054100.3986448646 6303056.8476562500
208203571.0785748959 6564547.5410156250
202393753.3955119848 6520294.2031250000
202220385.2311633229 6519798.6855468750
202004040.3675831556 6514901.7910156250
209405455.1719362140 6565621.2148437500
209630488.5891653299 6566480.2421875000
184103207.3959330916 5146153.1484375000
186095635.7313612103 5732778.0722656250
204446043.9316097498 6541728.9902343750
184134091.4242174625 5170880.6210937500
187949354.7588945627 5957909.6562500000
199754483.6881732941 6481524.1796875000
204860376.1189757288 6545854.7148437500
188218735.3267184198 5990093.0917968750
184192287.1670510471 5208969.2890625000
190124532.4836768508 6139218.4062500000
186470665.7404040694 5789764.9570312500
186430261.6194002032 5782109.9238281250
188066987.6114428341 5975526.8398437500
190152169.3715881407 6143399.8222656250
197634784.2097340524 6436298.5117187500
184526641.0362451375 5358014.4511718750
192675598.9538387656 6287424.4433593750
186574925.8713396788 5801830.3222656250
184517553.7748518884 5356602.4257812500
184495462.3629313111 5354730.7949218750
201141250.4602294266 6505108.0859375000
201851546.9112670422 6513778.9687500000
188138813.1888311803 5981583.8925781250
190185468.0234617889 6145311.5957031250
193149195.0796369314 6305056.0644531250
191422524.8274491131 6226820.5937500000
200348021.2125692070 6491495.4121093750
188487802.5191444457 6012726.2910156250
191242926.3865986168 6213332.0449218750
185141267.0949561298 5508014.2832031250
190329815.9145029783 6153199.3242187500
187096471.0655651987 5862570.9550781250
192897240.2399635315 6297644.6640625000
216333558.8952219486 6567298.7226562500
186128703.1228590310 5740078.4472656250
184157551.7292973399 5185932.1757812500
184139452.5158461630 5177336.3867187500
187225925.6658642888 5874925.3847656250
216496372.4458003640 6567895.8417968750
185209490.0900768638 5520084.2148437500
186088777.0183671117 5732334.3984375000
193542820.0918286145 6318614.8125000000
188466840.9268591404 6011999.3906250000
200672115.7832648754 6497656.0781250000
184180963.5758723021 5202972.8457031250
193425675.3470115364 6314915.3496093750
197399141.8988864720 6433033.1347656250
185160642.6380707026 5513571.7480468750
206931707.8392370045 6560061.1738281250
206069912.3474314809 6555575.6035156250
202916714.4953891337 6524540.8378906250
201568685.2464721203 6509637.0488281250
186173333.8582556844 5748335.9667968750
191250135.0114878714 6213473.2285156250
184145383.7398860753 5179307.7128906250
184293399.3654588163 5275233.1308593750
191241180.8938834071 6212769.9589843750
200829993.0093558729 6498697.7519531250
197547585.8767358661 6435891.0703125000
193072213.8530820310 6304077.9335937500
188235312.4023620486 5992565.1992187500
186012425.0550277233 5721347.4824218750
186327420.5692323148 5769261.9453125000
201665695.0654934049 6512262.9257812500
194818207.4286094308 6366675.1835937500
193306403.6208815277 6312488.0917968750
193060034.8979787529 6303103.1835937500
197208254.4088515341 6428068.2558593750
188119052.4624433517 5978162.5195312500
187104053.0645567775 5865886.7910156250
197524607.0356269777 6433580.9433593750
205935149.8822357953 6555210.7753906250
184123616.3285580575 5155468.8808593750
207270323.3206421435 6560809.0957031250
187286133.0904981792 5883680.6601562500
188181295.7935389280 5985867.1718750000
215985783.6640838087 6566995.0058593750
193117106.8919654787 6304788.7343750000
200210837.6717067659 6490842.1289062500
186098823.6668598056 5737803.3984375000
187389427.3532350063 5895444.4785156250
194783026.1742967665 6363570.1777343750
186349133.2631478906 5771498.7460937500
186252238.7382782102 5760692.4765625000
186245894.1531905532 5760494.4902343750
186136040.6937345862 5744713.2363281250
187365610.7618863285 5891246.1132812500
187160231.3493141532 5872878.8027343750
201454857.1393898427 6507539.0742187500
188339107.8475352526 5999961.3613281250
206649598.9630047381 6559156.1855468750
184604753.5315052271 5377070.5566406250
186048507.0759016573 5726125.7578125000
185973692.8173437715 5711362.5371093750
184873278.7217470706 5453939.6679687500
188200949.0449770987 5987644.9062500000
186024594.8648912907 5722889.9882812500
203768798.8716982305 6534805.6933593750
203536647.7486582398 6529615.8945312500
187150472.2736262381 5867550.1308593750
209447518.2921223044 6565677.8652343750
197172085.1106605530 6427581.0078125000
197058734.5627542138 6426323.5585937500
188382970.1899690032 6005882.5742187500
197030478.9948582053 6425079.6757812500
203828792.9399687648 6535616.6660156250
203668071.6292451918 6532171.5546875000
205494457.9218947589 6550366.8554687500
184953185.3530607820 5470474.9746093750
185999404.8671655655 5716387.5898437500
184727808.8524521887 5397487.1875000000
215605113.7032497823 6566793.7656250000
195778902.1803227365 6393104.1152343750
196739943.0121040940 6417487.5136718750
196672289.4008045495 6415079.3085937500
215241761.8099109828 6566757.5507812500
195910213.0840153694 6398575.2773437500
184258720.1192906499 5250679.1015625000
184252290.8300485611 5250524.1171875000
195637570.4119403064 6390440.9257812500
204323455.0080011785 6541292.0605468750
192139346.9511746764 6261368.7167968750
186961121.3635506630 5843333.2148437500
202811833.7531560659 6523690.1445312500
192384516.1297966540 6270708.4355468750
204560025.4482017457 6543368.7031250000
184407368.5743166804 5323050.6425781250
186967095.9348299503 5846904.7343750000
209545569.0052874982 6565820.1542968750
214595099.2464819551 6566668.8613281250
186921052.0897450745 5841764.3808593750
192256873.4593755901 6265406.1074218750
184994357.3706070483 5483178.4179687500
214760940.5364824235 6566744.5253906250
205659567.7568583786 6552082.2714843750
204100909.2888977528 6539382.1679687500
200003880.7197358906 6485647.6718750000
184261780.1340080798 5254643.0273437500
205601481.9653282166 6550809.1054687500
195632220.7280237377 6390438.9687500000
190061414.0920912921 6129730.7050781250
199651602.0742508769 6477869.6777343750
199816320.5121611655 6481910.4296875000
207391841.3507232070 6561324.0664062500
190360762.4280066490 6154199.2636718750
199527167.3058123291 6474502.8808593750
185051550.1081971228 5494606.5566406250
185115161.2118709981 5501443.1289062500
185112422.7646112144 5500654.3886718750
184885622.7109175622 5458002.3398437500
199465837.4910890758 6473306.1308593750
199390342.1892684400 6472624.8242187500
189935233.7821415961 6119232.0429687500
184299349.7292030454 5280930.9765625000
184813560.2017104924 5434116.3144531250
185518428.9121357203 5585950.1894531250
191157465.3086045682 6206360.7773437500
206862058.8165076673 6559804.3496093750
184821959.0358619988 5440426.9296875000
184236969.1416250169 5227708.7050781250
195676482.2256264091 6391816.6582031250
196035174.4140852094 6400310.9003906250
190660368.2308609486 6171981.7929687500
184274403.0573965013 5266865.9765625000
184229592.9412820339 5215411.6855468750
184229583.5172705650 5215145.6054687500
184209392.8855714202 5209881.7500000000
185749799.2106028795 5622612.2500000000
189834897.5902270377 6107757.6171875000
184478533.9061041474 5343173.8535156250
185774285.2745598555 5626136.0683593750
189914073.2960268259 6117270.6816406250
189909198.4125114679 6116931.8847656250
189984556.1838803589 6125718.8378906250
190533247.2142908871 6164616.9687500000
190639386.9940261543 6171216.2714843750
190811159.4651577771 6182799.7460937500
185585603.7071343064 5602853.3691406250
184345465.0337081254 5298876.5117187500
184437575.8950020969 5331681.0703125000
198020605.6745938063 6439672.7792968750
184317442.1817755997 5288606.7226562500
184347788.7221332490 5301349.7382812500
194429253.2584511042 6344456.0234375000
184772892.0313179195 5421264.9257812500
184751644.6326749027 5415143.0351562500
205153860.4405465424 6545929.6699218750
205232273.5495754182 6546344.6113281250
185414967.3659364581 5563611.1601562500
185453124.7674425244 5570136.6269531250
185427576.3140800595 5568347.6562500000
187897801.1313621402 5939016.8261718750
187721626.3218795955 5925106.8769531250
187761474.5451230407 5928741.1406250000
187659816.4857048094 5917403.5859375000
198410937.3557360172 6442092.7968750000
187607772.5369027555 5911912.0878906250
198315252.3189451993 6439734.3554687500
184771675.5040614903 5417943.0214843750
185395475.7969610691 5560587.8925781250
185352985.2972536981 5551272.4687500000
185329595.5665280223 5540946.5039062500
194348281.2458638847 6340678.5742187500
198919647.7441239059 6452959.8652343750
198856968.4747978151 6450413.2929687500
198649218.1370945871 6448278.8496093750
184738512.9781203568 5402473.9511718750
185226309.1401574016 5524143.3750000000
194403617.4201495945 6342614.7695312500
184717071.4200499654 5396668.1328125000
194333043.1013748348 6338728.5761718750
193982850.3386234045 6324341.4042968750
185797195.2051639855 5626436.2011718750
