194817959.9790806770 6352844.4472656250
194695950.7418758869 6349366.2988281250
198108407.5415367186 6431636.7246093750
197849498.6513108313 6427373.3437500000
200946915.3457292020 6482056.2324218750
205376300.4302947521 6538156.0039062500
205878183.4399057925 6540352.5898437500
211765525.9789986014 6561777.8378906250
185476682.9140056968 5550002.7656250000
185357499.7993228436 5534908.8046875000
185246807.5436794758 5524356.1699218750
185226309.1401574016 5524143.3750000000
185157146.5845376551 5507287.2246093750
186660822.6382251978 5782710.1679687500
194951291.2005856931 6357397.3828125000
194557764.1819161177 6347537.1894531250
194884163.7458812296 6355383.6757812500
194403617.4201495945 6342614.7695312500
186732489.8151220381 5797971.3496093750
186934405.9750313461 5833302.0839843750
186863296.6092509329 5824824.9140625000
187812606.5216834843 5921489.8867187500
191658981.7784287930 6219991.5136718750
207584630.9664732218 6549995.8027343750
185080844.5474933982 5487939.7714843750
185141695.7406392395 5505374.9746093750
187228913.0026640594 5862663.4863281250
212638740.7040325105 6563704.8847656250
184938194.9923241735 5458244.8183593750
184908327.8046058416 5446933.6132812500
185299306.1021821499 5527483.0976562500
185165464.5677128434 5509137.3125000000
187339411.1812423170 5870746.1367187500
190694210.6914635599 6165136.4296875000
190633663.1875354350 6157176.5957031250
191455126.0642102659 6209786.2265625000
191571635.0674040020 6215827.1992187500
191295574.6977609396 6201475.5195312500
193357183.3586461842 6300644.6523437500
194797971.2814102471 6352260.9609375000
194834491.2601296604 6353200.1777343750
200674418.2650345266 6476476.4023437500
201261198.5713791847 6485917.2539062500
205253631.3245654702 6537481.8984375000
205701762.4913069010 6539802.6308593750
212830398.9586555958 6563917.9101562500
185112168.6034500599 5493572.7753906250
191497933.6088559330 6210021.7343750000
200634980.4310810268 6475946.3320312500
211901637.8107579648 6562453.0585937500
198051806.4734021425 6430732.5605468750
205518374.7790983319 6539309.2226562500
204939329.3860656321 6535124.6289062500
212113889.4981908798 6563206.8105468750
184331218.1737423539 5238719.5019531250
187144105.3572717905 5858586.3847656250
187758510.5670355260 5915711.5800781250
194301207.2041132152 6333717.1406250000
194731112.3910276890 6350451.6445312500
198035879.3924054205 6430457.6796875000
197616047.9189044833 6421397.4980468750
197908029.8425031006 6428610.2597656250
198017744.3737736046 6429272.1601562500
201451799.7411736250 6490387.9296875000
202226039.2375278473 6498148.4160156250
206855429.4952072799 6546848.7832031250
184604223.5837084055 5353960.3710937500
184846505.7524951696 5435828.0781250000
187096768.3648233116 5852603.0683593750
191507814.6341678798 6211445.6679687500
192500562.6982573271 6260385.1972656250
197525092.5139886141 6421310.6640625000
207601158.1818903387 6550428.3164062500
184618205.5456632972 5362188.6171875000
184714708.8160471320 5384898.1738281250
184717071.4200499654 5396668.1328125000
184619275.1060864627 5364221.5546875000
190031716.5470114946 6114743.3261718750
192720268.4001050293 6270429.1386718750
193470998.8185606599 6304782.8574218750
208068003.6476297975 6552382.9160156250
186907822.8345960975 5832684.4667968750
187829177.5534654260 5922179.6464843750
200496063.3697144687 6473742.1660156250
206687178.8237444758 6545197.3515625000
184924918.0451277196 5451389.4726562500
184853160.5236676633 5438586.9179687500
187919381.3467465937 5928269.9511718750
191570276.0013455749 6214868.1425781250
191310034.3142955303 6204240.6601562500
201674260.2366794646 6493374.3691406250
191618657.4577147365 6217052.1406250000
186585941.6118400097 5781270.8398437500
192809700.7537576258 6275543.0937500000
201592927.5709368587 6490644.5527343750
207039774.7846283615 6547006.5253906250
207145693.5420554578 6547221.6230468750
184652367.6201549768 5366192.1992187500
187551622.8700012267 5896328.1914062500
207823353.5182335973 6551193.5390625000
184333976.0897344649 5248885.5175781250
184806340.7991216183 5425293.2695312500
186078552.9443702102 5662905.7128906250
185823707.8474032581 5637094.3242187500
189879922.7914267182 6107092.2910156250
190284812.2640759051 6140187.7656250000
194333043.1013748348 6338728.5761718750
204720644.4532574713 6532071.5117187500
207816607.6005994976 6551172.1933593750
184275848.5519321561 5222774.4628906250
188091575.6056740582 5940476.1191406250
188467377.6150834262 5965239.1503906250
191221877.5488922298 6198326.7656250000
188680263.4770108461 5973696.8515625000
190032331.4766292274 6121656.0839843750
200329763.1712372303 6469834.5156250000
207895310.6652641296 6551615.7753906250
207890855.4775310755 6551226.9238281250
188711850.5473361611 5975018.9511718750
188421774.8736247420 5963119.7714843750
191193076.3979086578 6195397.2187500000
188553664.8555501699 5966503.7226562500
188574279.9748190343 5968081.4218750000
188148465.0723443627 5953029.6269531250
196975803.6723314822 6403933.4902343750
197277324.0489762425 6412573.8417968750
196977430.4357076883 6406282.6757812500
201605471.7954087555 6491208.7304687500
205023170.3276353776 6535955.4472656250
190458406.8575942516 6152303.1054687500
194171718.7125822008 6331217.5898437500
197170293.3811384737 6408010.8457031250
200687335.3146445155 6476736.9179687500
201107668.7191798687 6485613.3105468750
184567293.3959412277 5327381.2539062500
184665832.7002200484 5381440.7421875000
192367360.1632353365 6254611.8222656250
184326321.3769156635 5234331.4199218750
195623270.2824287117 6373398.6503906250
200752100.2147476673 6480054.8730468750
190123656.7065473497 6126613.1347656250
192447932.0510607660 6258702.7968750000
196132618.3166441619 6385478.2539062500
196800703.2956881225 6402423.1699218750
196396749.6717404127 6392413.6191406250
196714941.6963872910 6397417.8046875000
204863138.7151440382 6534071.4570312500
186684689.4314067066 5794856.8183593750
186761261.1333943307 5810063.0917968750
196690265.4665557146 6396634.0019531250
184608376.6583769023 5354690.8945312500
190169538.1518739760 6128829.5742187500
196591316.8767782152 6395503.9296875000
196304917.9280683696 6387252.6933593750
196444520.9023979902 6394734.6367187500
196239577.5839602649 6385824.2929687500
204590831.8835653067 6529965.1679687500
184225616.4719593525 5183272.6933593750
184389698.2398560345 5259201.3964843750
196201633.8729672432 6385768.2851562500
204390780.2729626000 6526738.5117187500
190401500.1061891615 6146716.6503906250
190301993.6550054848 6142709.7851562500
192403059.6797021329 6257076.4609375000
196083403.2156096995 6385417.7871093750
196004949.2053916454 6383195.8964843750
206400623.0821508169 6544050.4121093750
190585025.0028386116 6155957.8164062500
193407136.7769441903 6303033.5019531250
184288040.8169948757 5225723.6816406250
190085315.8281084895 6125269.5664062500
195531705.2627055645 6368268.6875000000
184242301.5478624403 5199109.3300781250
184357786.6013929546 5255790.4316406250
184303778.8448462188 5233989.7636718750
190256509.6225965321 6137942.0664062500
192517641.7122127712 6263473.3750000000
195523553.5898840427 6368091.9316406250
201339879.8878005147 6487349.3359375000
213001189.3999268115 6563921.2695312500
213140818.4164181948 6564009.5800781250
195347713.7927404940 6366585.1347656250
186737511.9442031980 5807097.0761718750
201446335.9780408144 6487513.9433593750
206188186.2186831832 6541709.5742187500
186829925.0858938694 5818241.5937500000
195294620.5190305412 6359267.3066406250
185714117.0890559554 5612639.7167968750
184269200.0599417686 5214193.4589843750
192610707.6353048086 6269430.3769531250
184256012.1657092869 5210467.9042968750
184594464.4432579875 5352780.2695312500
195180320.3313746154 6358575.6425781250
193995096.1512097716 6324498.0800781250
204292353.5428209305 6514941.4843750000
184796718.0443306863 5415158.6191406250
185785473.0595428646 5619358.2031250000
201084923.3392104805 6483049.0937500000
206204893.7111285627 6542598.3671875000
206175480.7083235383 6541355.2265625000
184805653.7574794292 5417416.9492187500
207239694.7644716501 6548660.8183593750
186439215.0833052099 5753819.3808593750
190207562.5929955840 6135650.5937500000
187258362.9728650451 5867130.9355468750
193481250.4899192154 6305349.0937500000
193531996.3494121730 6306180.9121093750
200441952.1175270677 6471282.3867187500
204313858.0871615112 6523046.7441406250
187016041.5743485391 5841409.0546875000
188010385.8869932592 5938553.6386718750
193982850.3386234045 6324341.4042968750
185797195.2051639855 5626436.2011718750
192446582.4978797436 6258591.2968750000
193383502.6659032404 6300890.0000000000
200606954.8708901107 6474583.3378906250
185975784.3131631315 5661899.5605468750
193657162.3862342536 6310901.6816406250
184417176.2864397764 5273350.0097656250
184763278.9818778932 5402599.4355468750
193710221.1646619737 6313983.0585937500
187496543.3998470902 5890263.8222656250
185090432.3864723444 5491428.5625000000
193260446.4757927656 6294167.1796875000
187862832.6468520761 5924002.1699218750
211337134.1716857255 6559278.2890625000
211552621.3427255750 6559704.8867187500
210844163.0616525114 6558818.2968750000
210841454.0961122811 6558687.6933593750
211089026.8399023712 6559186.4355468750
191813374.7783639431 6227349.7636718750
186428478.0647794902 5742442.9628906250
211073186.9724359512 6558966.0859375000
192562607.0173320472 6265483.4218750000
187434815.3756531477 5882557.1816406250
187750931.6876828372 5914194.6640625000
184465478.1275770664 5290569.7988281250
210510721.2378228009 6556900.1035156250
192341062.7473464906 6253926.1406250000
193399887.1702991426 6302368.1308593750
200153272.0922623575 6464376.4882812500
186503430.5011669099 5758614.4355468750
185790366.2926348448 5625855.6796875000
185080631.7797414064 5486534.9785156250
185050998.1208688319 5478484.8125000000
192266673.8712111115 6248485.3359375000
185075364.7147952020 5484919.9648437500
186560538.3955353498 5770863.1933593750
184974571.2536694109 5464103.3496093750
191063603.2064847946 6181281.9023437500
184534532.1199545860 5318028.3710937500
186420338.1385790706 5740418.3222656250
187399588.1175538898 5875993.4531250000
185855869.1996469200 5643590.6347656250
203724989.8191150725 6511675.8242187500
185889012.5928493738 5646187.6230468750
184504462.9250350595 5301602.5019531250
184541527.5561817884 5321926.2265625000
185938725.0862936974 5659369.1601562500
202770290.3895576000 6501309.9453125000
203923620.4140056968 6514322.4667968750
184503787.1546586156 5299200.5312500000
184490482.3095904291 5297669.5859375000
192137560.8015428483 6240883.3808593750
203440556.0128192008 6507631.6679687500
203805644.2321164608 6512806.6660156250
184513685.7266334295 5309279.5273437500
190934293.6904061735 6173818.8437500000
190880806.9834144413 6168158.6308593750
191996349.8663896918 6229771.0097656250
199372092.0198892057 6444773.5625000000
199428159.3415034711 6446320.8417968750
199677221.0578675568 6450801.8183593750
202941575.7175692618 6502063.0449218750
204303988.3642241657 6517350.5703125000
199692639.4188869894 6450817.5996093750
203343986.6731003523 6506629.6093750000
199466890.0446465015 6446325.5585937500
210406508.3997264504 6554693.8417968750
210374459.1272659600 6554641.9472656250
186105623.1325216889 5676466.0234375000
186091803.4311479032 5675044.1796875000
199190112.8094373643 6437665.6679687500
186176974.2024036646 5687058.0078125000
186350414.6529206038 5718277.8281250000
186381821.4026021063 5720355.0507812500
186280402.6304458380 5707170.9726562500
186185011.5442614555 5691396.5507812500
186134154.5212603211 5680465.5722656250
203122398.3219874799 6503875.3613281250
189613862.2673185468 6025886.0507812500
189490992.9040631652 6019360.7031250000
189302553.9131807387 6001144.6269531250
189071155.1291530728 5983444.2402343750
189274727.4948616624 6000987.6464843750
189054574.8820091486 5981181.9628906250
189027940.0035188198 5977280.1992187500
189103415.2576683760 5988578.1054687500
185691986.8990392089 5559152.8437500000
185701003.1594895720 5559159.6933593750
