50980781.0486967638 312774.5333510786
51748726.5796834156 364646.2131646574
57285968.0362821221 484204.5112304688
50633748.9557122067 265508.4717671685
50861400.6005186290 304274.2576754242
54156172.8234837204 455059.3885498047
54982816.0570982620 466949.1738281250
53708731.6329954118 436827.7107543945
51063238.9910068363 318706.0804042816
53689036.5171962082 435777.6524887085
56797981.8090003654 482676.2358398438
55869882.2904859483 476706.4155273438
51416649.2134765312 346765.0032444000
54141718.4484450519 452553.0048828125
55779539.0073711351 475936.8120117188
51946810.1578265205 373640.1481609270
53938390.8381823152 448538.1151123047
53713142.8766651750 441659.1013183594
55770836.5612253845 475062.7065429688
55994985.7211871073 477167.1967773438
50610963.4440363348 246307.4156528115
50622026.9963212907 254152.1456539631
53032079.8548047841 416669.3847999573
57251487.1569180042 484155.8906250000
51720941.8245262206 359828.9756196439
54072234.8169012964 452545.1032714844
55143523.1541720405 468979.7666015625
52776343.5763702542 405862.2761535645
51941006.2868530005 373287.3319390714
55008855.8366975933 467852.1137695312
50590188.8790379241 238093.0744758844
52726447.4714096040 403348.6687464565
54243345.7962868512 455144.5258789062
57357012.8171034306 484264.7631835938
55001162.6411367357 467239.8046875000
56043853.5953222737 477420.8881835938
54150376.8902584016 454204.0198974609
55848738.2932046726 476673.3496093750
57088530.9764622599 483447.5200195312
54274675.6522565484 456324.7973632812
54662175.3038869128 462765.8327636719
57295427.8453069851 484221.2529296875
55005597.4890370741 467429.2055664062
57147894.8194321766 483602.5512695312
50605225.2788622603 245717.3493447155
51743001.2881825343 363500.8564112782
50619454.3635879457 247494.0865645409
56411511.9462684989 480369.0258789062
51277220.6828992814 337245.0114660263
57050419.0824343935 483412.7617187500
56275495.5659221634 479214.6503906250
56544401.4882960245 481142.7646484375
51340540.3697623461 340708.9372558594
57252207.6333800182 484174.0786132812
50640704.7384456396 268070.7855787277
55165222.0205880925 469676.0605468750
56707834.1506877765 482000.9311523438
54295340.0533010289 456745.1229248047
56329443.9914976135 479903.4682617188
53996861.9884048253 449049.0217285156
55052414.1416159272 468907.7885742188
51294850.9937070608 339218.9294906966
52733057.3923513219 405051.6635284424
54386896.0584884733 459060.8332519531
56279846.9633904621 479245.5175781250
52818566.2690763697 408822.5434875488
55756723.2498563752 474993.2199707031
57032935.3999481201 483375.2861328125
53815288.9926775992 445387.7843017578
53898708.7724497169 445516.7858886719
56201358.1919340864 478914.0185546875
57230343.1596367285 484122.8247070312
50625622.9806940928 260348.2055378407
50892299.6728636771 307317.8183422089
55018365.8838886097 468640.1323242188
50884961.7067933455 306902.8941970286
54682989.9961448908 462824.4790039062
51016918.9209594056 318690.5370540619
57222017.5082584694 484067.0175781250
53558742.0565322042 434843.1821289062
57400332.0928662047 484339.0771484375
57617515.1738646477 485049.1401367188
50620473.8972206935 253549.4019452892
54326719.5688672066 456961.2268066406
50739593.6401141956 282897.0762050032
51742453.1137778759 361829.4346606731
51921598.4385671392 371800.7962781787
53988568.4205325991 448822.0472412109
56428953.7315388396 480599.7529296875
54599265.3920055479 461971.8847656250
56193939.4749991149 478272.0297851562
53792487.4466294795 444578.5900878906
56426748.4461300969 480393.8603515625
51195523.0110899657 331970.7810336748
56118642.7000977844 478088.5854492188
56669722.2566599101 481966.1728515625
54650793.3858195767 462522.9025878906
50594718.1546982676 239736.5357832909
54389288.6599779129 459335.1408691406
50879979.2878177539 306122.3429530859
54038177.8126105070 451730.1833496094
50740420.0999184102 286267.4831061363
54243718.3681229800 455590.8337402344
54500022.3424718603 461138.7446289062
51332668.5421815217 340426.4093447328
55309936.4246933311 471415.6909179688
55395832.9041766226 472000.3618164062
52901224.6072028205 411487.0392074585
57467605.9097232297 484373.8354492188
50627014.1617543772 261490.1367396116
51319519.8019356132 340294.8544741273
54334754.9862371385 457253.4775390625
55514700.3422967046 473540.0664062500
55228531.8409124538 469969.0766601562
50612892.3292759359 247080.5515685081
53900679.4960169941 446815.2122650146
56625566.6799470633 481322.0004882812
54529448.1410450935 461279.1040039062
54739670.4590808600 463344.2260742188
54745296.2258541137 463652.1394042969
50964435.3681304380 312329.2539321333
52951399.1443801895 413891.8407135010
55246015.5233987272 470006.5522460938
55604195.1978069767 474205.8432617188
54493044.0661853105 461033.6889648438
53997036.6466209292 449638.5168457031
51219221.1668082550 332827.4628725648
52779390.6713410541 406764.5670576096
56993549.5282018185 482855.0126953125
56652238.5741736367 481928.6972656250
52891781.1152998582 410280.0717034340
55725569.4115914926 474953.3818359375
50742337.8883897737 287230.2853583358
50623320.3624459431 260314.8900380135
50838040.1294140369 299481.2801612616
51969133.0025061518 374203.6621282846
53779830.5620187521 442130.2086791992
52911777.1023105755 412662.6553039551
55630847.1607163474 474328.0849609375
56363204.3943997175 479933.9008789062
54916872.6225285530 466390.2832031250
56307579.5177543238 479852.2143554688
50899977.4445670843 307706.3038128614
51709019.6007953957 359223.9866559505
56216582.4891062528 479064.9160156250
55477388.9950996712 472942.9824218750
51710884.0779599175 359435.1014974117
51012421.4332851842 317753.6037627608
51015743.9069757387 318672.3880977631
50919786.2117017731 310914.9563247114
54815293.9012420848 465025.6875000000
53165271.3723665625 421850.1780128479
54919265.2240179777 466664.5908203125
56779968.8917776272 482070.6357421875
51701689.3722678497 358670.9233586788
50854475.6470299736 299887.1172835305
55565068.5234459713 473652.7802734375
51276530.1647720262 334120.5473223329
53359449.1069657281 428221.3530273438
53088570.8555508628 417585.0563087463
55481740.3925679699 472973.8496093750
55621678.8802932501 474243.3188476562
54971945.0078952536 466792.4375000000
55410570.3467325121 472747.9003906250
50695783.6046174914 275356.8945047102
53087066.9333190396 417430.0375709534
55374639.6733835936 471825.6059570312
57018403.4696580023 482892.4882812500
56035764.6367332563 477369.8544921875
50597424.0538730174 240363.1155325174
50886782.4231820628 307276.7155255079
50834983.4993474931 298181.0085709105
50811040.8800937384 296847.7608756050
51297124.5263203532 339348.7363100648
52987586.8348088861 414572.5865821838
53479943.4374492690 431252.4238281250
52923689.7108341157 413035.2285499573
54843517.7067952231 465190.3671875000
53113389.3977822736 420509.4966163635
51958894.8216815740 373809.5724812113
53538403.5486170650 432563.7025756836
50625791.5443166494 260404.9829969406
51731414.8764106557 360170.1048200130
56621215.2824787647 481291.1333007812
53223645.8488451615 423323.7075195312
53309940.7867104486 426195.2348632812
56735867.6024674550 482064.6010742188
53437244.1413127109 430744.0050964355
53227709.6024974361 424381.2412109375
53425707.9882786423 429145.1640014648
53710742.0284137949 438500.6126098633
53193138.2563563883 423175.2102966309
50719475.8516011313 281942.1206668876
50997772.1975776106 316251.3553050756
53457972.6393084377 430898.1163940430
53425354.3146422803 429063.2113037109
53485728.6481143087 431516.6784667969
50949531.2331217602 311370.4799140692
50908035.0309841931 308675.6987183690
55392691.0302602425 471981.1035156250
54882210.8501342461 465310.3554687500
51799324.5814409479 366470.8640116006
51372051.6314482838 342286.7517043948
51798059.8571255952 366076.7743645273
55951889.5992934331 476770.6386718750
51648200.7209636346 358364.7817876339
50801760.5346440151 296006.8721742630
50598096.8218672499 240493.1360220909
51642739.9135292992 358338.3332707882
51204152.8914643973 331972.1807965437
50908755.6199072078 309188.1436414719
53637463.0895507112 435590.7766723633
51447168.3326195031 347548.1974002519
50813932.3446985707 297181.7661948204
50714061.1691868007 279458.1458180211
51213051.8787828535 332570.9019631544
53031055.7559497952 414607.2786560059
56914920.0439395085 482757.9223632812
53709049.7228094786 438254.8295288086
51738740.7237171903 360873.2026555538
50662112.3282962441 268367.5608015060
51195144.7608430684 331436.6725322808
56057189.2042777538 477532.5761718750
55941042.3858581111 476744.5576171875
50660561.1574681550 268199.4894857407
56028445.9111123383 477264.3046875000
50800328.8981784806 294971.3984051943
56187649.7659288198 478127.4145507812
56050210.9279912040 477427.5205078125
52704485.6709995940 402657.4389708042
50673084.2838317603 268769.2218782902
50800528.9806023985 295990.8589471579
50991882.1907936484 315654.8068681359
51237839.5127067640 332941.2133664289
51304354.4137311950 339729.7315777937
53600157.0864189193 435032.6473999023
51190771.5056540892 330141.0999423662
50999490.3284513801 316571.2264051437
51634614.0260257125 356621.6070019586
51280052.0494949147 337720.9480258623
50702995.8594074026 275585.3882814758
51458437.7415768653 347689.6993393898
51234174.3550910503 332934.4969150224
50805045.3128859922 296065.5090279579
51621195.8672338203 356044.9216785431
51261656.9154413640 333984.8964366713
50745430.4191256464 287235.3011631034
50761424.1437088624 289352.7123247553
50769261.8543575257 289966.6812273432
51638849.3216155022 357225.9600228651
50780011.6018505618 290733.2374457885
51180058.0613954216 326609.2123061815
51917944.4969364256 370290.9006115778
51937976.0230615065 372146.1464153437
51746155.1954120696 363609.1805188044
51494299.8421056643 350239.2214397772
51098148.0496763587 323676.0718852678
51560109.4571199194 351612.3696809991
51523219.4183759615 350571.9090696501
51164894.5462618098 324694.9047409706
51680281.4537666813 358613.7580918614
51740032.0297285393 361223.8976865935
51105147.2643087655 324250.7403594652
52359001.1915477663 387472.7501890659
52590763.1593380496 396944.1820585728
51568461.8171228170 353376.3442127092
52548293.4127752408 393183.4344549179
50682272.6708072275 269605.8609208614
51525976.7223619148 350925.7158116642
51492513.3960747719 349911.3351558822
52684867.3808969632 400878.2584745884
52651949.0657404512 398491.3643095493
52621314.2047072276 397207.1143095493
51490210.0316568986 349911.2015196013
52558286.2568416148 396838.2211210728
52670124.8368563354 399451.2032835484
51640028.6980014741 357232.0503547937
50981708.6949368492 313283.3611125946
52633781.1648170575 397629.6613152623
50675136.4771572575 269037.3487330377
53525960.9063529670 431609.2363891602
52226456.5385444015 379495.0621966422
51085434.9742391258 319798.5992069244
51091625.2844349444 321269.5265159607
52287926.3480307236 382438.5135516226
52317312.4596362710 384174.7514242232
52434064.7160772830 388576.2259158194
52278690.1532553360 382189.1485292017
52309969.2948216349 383099.1339129508
53423859.7945857197 428276.1207885742
52235617.8138990104 381384.8643817008
52238310.7680608556 381492.8258074820
52440780.9064091071 389241.6153068300
51178241.3563476726 325049.6486530304
52457957.4847192839 389415.6738061905
51175423.5690015107 325037.5198020935
52517985.9802513346 392330.2909837961
52169012.1911131069 375813.2388183326
52491406.0725959241 389583.5988518447
52492935.1343479455 389880.3675880432
