53971214.8914411962 449005.4675292969
56717323.2598438933 482027.1254882812
57259505.0824658871 484122.8247070312
51319519.8019356132 340294.8544741273
53306508.5384295881 424871.9683570862
57324589.7681361437 484221.2529296875
53064297.5626329109 416963.1008033752
54052943.9150093496 449655.9255981445
54334754.9862371385 457253.4775390625
55514700.3422967046 473540.0664062500
55228531.8409124538 469969.0766601562
50612892.3292759359 247080.5515685081
53900679.4960169941 446815.2122650146
54088190.3624680489 451294.1625366211
54158502.7235758603 454512.4155273438
56203608.1949784309 478213.3110351562
56625566.6799470633 481322.0004882812
51797228.6527665630 366052.0216999613
51755230.0149258226 363740.5679204464
53940963.0453740507 447541.7186279297
53868474.0240004063 443063.1181640625
54529448.1410450935 461279.1040039062
55120682.4287663996 468573.9121093750
54739670.4590808600 463344.2260742188
54745296.2258541137 463652.1394042969
53056714.7316159457 415874.4121131897
50964435.3681304380 312329.2539321333
52951399.1443801895 413891.8407135010
53765502.6078283042 440695.6024780273
55246015.5233987272 470006.5522460938
55604195.1978069767 474205.8432617188
54709721.8023465201 462582.2885742188
54493044.0661853105 461033.6889648438
54700691.0960034579 461989.8603515625
57429494.0156953633 484339.0771484375
53997036.6466209292 449638.5168457031
57177056.7422613353 483602.5512695312
57646677.0966938064 485049.1401367188
51219221.1668082550 332827.4628725648
52779390.6713410541 406764.5670576096
56993549.5282018185 482855.0126953125
56652238.5741736367 481928.6972656250
52891781.1152998582 410280.0717034340
55034906.9898379892 468511.1337890625
55725569.4115914926 474953.3818359375
55022601.1335731223 467372.1142578125
50742337.8883897737 287230.2853583358
50623320.3624459431 260314.8900380135
54263768.7601377368 455410.5158691406
54510031.5117855445 461080.5200195312
51050110.2722122818 318672.5071059614
50838040.1294140369 299481.2801612616
51969133.0025061518 374203.6621282846
53779830.5620187521 442130.2086791992
50629452.6573345289 260851.4308619499
54127800.4563940018 452088.6343994141
54410509.4424159676 458879.9172363281
52911777.1023105755 412662.6553039551
50634375.9895068184 261641.2603406906
55630847.1607163474 474328.0849609375
56363204.3943997175 479933.9008789062
57282658.5856335610 484155.8906250000
50759389.7752951905 288446.2167394534
54096918.8206784576 451795.7828369141
53823757.2408593297 442437.4562377930
54916872.6225285530 466390.2832031250
56307579.5177543238 479852.2143554688
50899977.4445670843 307706.3038128614
54061547.7316679657 450133.1021804810
51282131.4538230300 338388.8398395195
51709019.6007953957 359223.9866559505
56216582.4891062528 479064.9160156250
54461196.4039865583 459250.6276855469
55477388.9950996712 472942.9824218750
51710884.0779599175 359435.1014974117
54308828.6080526412 455778.2482910156
53875507.4180357829 444705.6151733398
50885059.9374428615 305467.9407029152
51012421.4332851842 317753.6037627608
57072708.8850673065 483375.2861328125
51015743.9069757387 318672.3880977631
50919786.2117017731 310914.9563247114
54129699.4489106089 452262.9356384277
54815293.9012420848 465025.6875000000
56289062.3677086756 479182.9150390625
57317139.4649976790 484204.5112304688
57388184.2458189875 484264.7631835938
53165271.3723665625 421850.1780128479
54919265.2240179777 466664.5908203125
56440927.9918783382 480393.8603515625
56779968.8917776272 482070.6357421875
51294402.5039480701 338846.1657509804
57283379.0620955750 484174.0786132812
53032796.0771797374 414941.9321632385
54113081.8774714991 452040.2554626465
51701689.3722678497 358670.9233586788
54106103.6011849493 451935.1997985840
56433022.4203270897 480348.5126953125
50854475.6470299736 299887.1172835305
54452770.0537356436 459207.6530761719
55565068.5234459713 473652.7802734375
56830804.3179994449 482616.9882812500
50630709.8519040644 261254.5945191383
51276530.1647720262 334120.5473223329
53359449.1069657281 428221.3530273438
54436152.4822965339 458984.9729003906
53088570.8555508628 417585.0563087463
55481740.3925679699 472973.8496093750
57090192.5675535798 483412.7617187500
53111489.6250962242 418987.4694576263
54704322.3279450908 462112.4699707031
55621678.8802932501 474243.3188476562
54971945.0078952536 466792.4375000000
55410570.3467325121 472747.9003906250
57414019.8390954882 484301.6015625000
50695783.6046174914 275356.8945047102
53087066.9333190396 417430.0375709534
55374639.6733835936 471825.6059570312
55908082.4361293763 476178.3408203125
57018403.4696580023 482892.4882812500
51942255.5443166941 372236.8976933956
56035764.6367332563 477369.8544921875
50892481.5479520112 307277.2053490579
50597424.0538730174 240363.1155325174
50886782.4231820628 307276.7155255079
50834983.4993474931 298181.0085709105
50640933.4275928587 261971.4239300787
50597139.8959326893 239312.4328278539
50811040.8800937384 296847.7608756050
57477149.4655092210 484373.8354492188
56554396.6341116056 481096.0512695312
55171448.1303397715 469104.8139648438
51297124.5263203532 339348.7363100648
52987586.8348088861 414572.5865821838
53479943.4374492690 431252.4238281250
52923689.7108341157 413035.2285499573
50637956.4105881080 261824.1286084354
54843517.7067952231 465190.3671875000
53113389.3977822736 420509.4966163635
51958894.8216815740 373809.5724812113
53538403.5486170650 432563.7025756836
55341601.9240673110 470436.4248046875
50625791.5443166494 260404.9829969406
51731414.8764106557 360170.1048200130
56621215.2824787647 481291.1333007812
53223645.8488451615 423323.7075195312
53309940.7867104486 426195.2348632812
56735867.6024674550 482064.6010742188
56583481.9833504707 481235.9165039062
53437244.1413127109 430744.0050964355
53035440.9079749435 415783.4928588867
56708894.8108250648 482000.9311523438
53227709.6024974361 424381.2412109375
53425707.9882786423 429145.1640014648
56670782.9167971984 481966.1728515625
53710742.0284137949 438500.6126098633
56842104.9375959039 482676.2358398438
50605611.1109267250 240729.3414026946
50754226.2069207728 287249.5070916414
53193138.2563563883 423175.2102966309
50719475.8516011313 281942.1206668876
50997772.1975776106 316251.3553050756
53457972.6393084377 430898.1163940430
53425354.3146422803 429063.2113037109
53485728.6481143087 431516.6784667969
50949531.2331217602 311370.4799140692
50908035.0309841931 308675.6987183690
56443133.2772870809 480599.7529296875
55392691.0302602425 471981.1035156250
51337010.7619377747 340342.3743913174
54882210.8501342461 465310.3554687500
51799324.5814409479 366470.8640116006
51372051.6314482838 342286.7517043948
51317783.5340056196 339807.7684047222
51798059.8571255952 366076.7743645273
55951889.5992934331 476770.6386718750
51648200.7209636346 358364.7817876339
55329114.1558243483 470263.8034667969
50801760.5346440151 296006.8721742630
50598096.8218672499 240493.1360220909
51642739.9135292992 358338.3332707882
51204152.8914643973 331972.1807965437
50908755.6199072078 309188.1436414719
53637463.0895507112 435590.7766723633
51447168.3326195031 347548.1974002519
50813932.3446985707 297181.7661948204
50714061.1691868007 279458.1458180211
50872360.3513237387 303751.7358082533
55827402.3431029022 475164.3730468750
55827126.8147128075 475109.9272460938
51213051.8787828535 332570.9019631544
53031055.7559497952 414607.2786560059
56914920.0439395085 482757.9223632812
53709049.7228094786 438254.8295288086
53673225.4630035236 436040.5740356445
55866615.7046597004 476048.5000000000
55869389.2927903533 476058.3525390625
51738740.7237171903 360873.2026555538
50662112.3282962441 268367.5608015060
51439434.8272819221 346157.8440198103
51195144.7608430684 331436.6725322808
55856796.1171951294 475960.3906250000
56057189.2042777538 477532.5761718750
55941042.3858581111 476744.5576171875
51923146.4080099389 371599.4058415890
50660561.1574681550 268199.4894857407
56028445.9111123383 477264.3046875000
50800328.8981784806 294971.3984051943
55934064.1095715612 476639.5019531250
56187649.7659288198 478127.4145507812
56050210.9279912040 477427.5205078125
56158399.9084342495 477661.7905273438
56179222.1680292562 477979.6738281250
52704485.6709995940 402657.4389708042
50673084.2838317603 268769.2218782902
50800528.9806023985 295990.8589471579
50991882.1907936484 315654.8068681359
51237839.5127067640 332941.2133664289
51756179.0005487129 364285.6367945671
52837116.6438336000 407698.5825846535
51304354.4137311950 339729.7315777937
51943903.2731018066 372477.5778587742
53600157.0864189193 435032.6473999023
51278005.2459286824 335623.7608976364
51190771.5056540892 330141.0999423662
51278271.7339825332 337185.4397615994
50999490.3284513801 316571.2264051437
51634614.0260257125 356621.6070019586
51280052.0494949147 337720.9480258623
50702995.8594074026 275585.3882814758
51458437.7415768653 347689.6993393898
51234174.3550910503 332934.4969150224
50805045.3128859922 296065.5090279579
51621195.8672338203 356044.9216785431
51261656.9154413640 333984.8964366713
50745430.4191256464 287235.3011631034
50761424.1437088624 289352.7123247553
50769261.8543575257 289966.6812273432
51638849.3216155022 357225.9600228651
50653826.0536484271 265140.8469948686
50780011.6018505618 290733.2374457885
51180058.0613954216 326609.2123061815
51917944.4969364256 370290.9006115778
51937976.0230615065 372146.1464153437
51757112.3113144785 364379.1577832086
51745661.9080297351 362708.5865465982
51746155.1954120696 363609.1805188044
51745552.6776991859 362605.6377988982
51494299.8421056643 350239.2214397772
51098148.0496763587 323676.0718852678
51560109.4571199194 351612.3696809991
50650894.1523910239 262854.5366997719
52867666.4239678830 408757.1725556088
51523219.4183759615 350571.9090696501
51164894.5462618098 324694.9047409706
51680281.4537666813 358613.7580918614
51740032.0297285393 361223.8976865935
51105147.2643087655 324250.7403594652
52743886.2298955396 404417.3754179478
52359001.1915477663 387472.7501890659
52590763.1593380496 396944.1820585728
51568461.8171228170 353376.3442127092
52548293.4127752408 393183.4344549179
50682272.6708072275 269605.8609208614
51525976.7223619148 350925.7158116642
51492513.3960747719 349911.3351558822
52684867.3808969632 400878.2584745884
52651949.0657404512 398491.3643095493
52621314.2047072276 397207.1143095493
51490210.0316568986 349911.2015196013
52558286.2568416148 396838.2211210728
52670124.8368563354 399451.2032835484
51640028.6980014741 357232.0503547937
50981708.6949368492 313283.3611125946
52633781.1648170575 397629.6613152623
52769214.6907573789 404430.0404656529
50675136.4771572575 269037.3487330377
53525960.9063529670 431609.2363891602
52226456.5385444015 379495.0621966422
51085434.9742391258 319798.5992069244
51091625.2844349444 321269.5265159607
52287926.3480307236 382438.5135516226
52317312.4596362710 384174.7514242232
52434064.7160772830 388576.2259158194
52278690.1532553360 382189.1485292017
52309969.2948216349 383099.1339129508
53423859.7945857197 428276.1207885742
52235617.8138990104 381384.8643817008
53690569.3896146864 436843.3779907227
52238310.7680608556 381492.8258074820
53585704.6653705686 433855.1277465820
53691955.8663988784 437522.7431030273
52440780.9064091071 389241.6153068300
51178241.3563476726 325049.6486530304
52457957.4847192839 389415.6738061905
51175423.5690015107 325037.5198020935
52517985.9802513346 392330.2909837961
52169012.1911131069 375813.2388183326
52491406.0725959241 389583.5988518447
52492935.1343479455 389880.3675880432
