50979535.1859253421 305244.6053643227
51157302.9539710060 321255.1234728694
51281633.8789114133 326902.5704504848
51567707.0783297792 336639.3890661394
52969931.9762334451 389732.6333618164
56384247.4613624141 450029.6180419922
51108274.0506483912 319055.9799833298
51361481.7333452180 327006.6335325241
50577494.7342635542 238638.0386805534
50914188.2572678551 303177.8843793869
50859485.5148585439 295969.0969607234
51102478.3623685390 319007.1337267756
56767578.2921775430 453003.9223632812
50574786.1869430915 237848.2600824833
50589488.2383967862 252454.0908671170
50601147.8799399137 253801.5939930677
50603358.9442006648 258297.0297411047
51032442.3207567930 311153.0689455867
51048836.5424137861 311833.0542361140
53320857.0814626217 397987.6788024902
53413917.0446092635 402700.7413330078
50987008.9962154105 306698.6685590744
51061813.3071192428 313143.2166430354
51515372.0572263226 335418.7150930559
56239533.2635264993 449283.8261718750
50611165.8249821216 260323.0963124037
50686067.4030293524 274045.1543839156
51081570.2393488288 313439.5692736506
53638183.9571873620 403802.6643981934
54825821.1402272359 432470.8682861328
56103899.5966921374 447746.7453613281
75993121.7327349037 484531.6020507812
50587172.9115716219 245911.8079417944
50614188.2006243765 261135.9919486046
50650547.0655862689 268976.1100980043
50673081.9510766193 269522.7650004178
50921083.3643954769 303339.7927150726
50857040.6664845571 295430.0220286250
51003407.5835278779 310886.9360720515
50901128.3360464275 296519.2466812134
53373302.4553609863 400957.2979736328
56901019.5120993778 453702.9726562500
50587976.7007885724 246664.1683817655
50930406.7526850104 304950.0260378718
50901629.2441887408 303129.3852908015
51456695.5577157289 334271.9662145769
51684983.4854662791 343186.8593649864
57611642.4859035909 456523.8620605469
57009449.7398703322 454566.9208984375
50602379.7433101982 255103.3919724226
50601124.0091340318 253378.4411673546
50849304.7058283389 293964.6308741189
76271544.9702833742 484534.5654296875
50577936.0558725372 238753.9007789302
52049059.9470783547 350175.4200639725
51987043.9731392264 349840.7839589119
53191353.7864586189 396226.0126152039
56525028.4174096063 452256.3837890625
50624349.1158886105 261794.2679062635
50742308.6390516460 281748.0150094054
51955348.0929557681 344722.7732604640
53385116.1476990059 402698.4708251953
53296050.7912079543 397762.5512084961
56722149.9642526805 452596.0749511719
51824845.2430275157 344273.2195057869
50589389.0043730959 246719.1728785038
50823448.9155993834 292607.1106683771
51655008.9583105743 342083.2331776619
53163556.8273079097 395838.9483032227
56945599.2404411063 453749.3251953125
50645713.1795432419 263757.7245167494
50701692.2469734550 275761.3244273841
51371058.8452130333 328923.1553212609
50595184.0246698484 253315.0467024595
50679023.6613487899 273990.4640019863
54697620.5510011539 431260.1277770996
75752528.1471549571 483880.1074218750
50612879.8621067032 260859.1681202650
50589602.8421622515 253101.7927714139
53128756.3182929605 393882.2574462891
54371725.5787041187 423996.3634033203
54417504.2819783986 426005.2275695801
51490911.7943532392 334620.9635396004
50586460.3651182204 245740.5806437284
50576889.9078791812 238579.1132375747
50646698.3966116384 268616.8943339139
50675695.1527820602 270074.1192921400
51478943.6256555840 334325.6823964119
54347844.3175455406 423510.4433593750
50844677.1728271395 292622.5712649226
54487286.4273722097 426640.8005371094
75332997.7155093849 483368.2236328125
50576743.7665448189 238051.9609903321
57138527.2836872265 456096.4956054688
51443429.0375701040 332050.1784954267
56438473.2698587403 450915.9035644531
75948358.2115431130 484527.5810546875
54362214.0040711090 423927.6512451172
50581327.9327200279 245407.0543357879
50664408.4234342203 269020.3793457299
53097672.0844588131 392829.9117126465
55973531.2474899963 444722.5549316406
50819965.7879323959 292222.6907626606
50817438.3785354346 290849.2073406792
75614327.7665049434 483799.5888671875
50649382.1254467145 268619.3405273110
50701543.8507963195 275640.4491956412
51502840.8259975463 335034.8881664276
50585370.5173189342 245704.6475210190
55501362.0030126199 436315.0784912109
51427640.6788459048 331568.3453436103
50582562.9694422260 245556.6408268958
50578276.5667748302 238754.6645174432
50578924.0298938155 245344.2419901639
50768765.9279782474 282709.0477153427
51267339.3677904755 323810.7945623603
50676457.3067727014 270593.5529465526
54640707.2462838218 429014.0090026855
51261504.8766734451 323493.2647831440
50697956.2913826928 274961.8845596343
50699060.5901022702 275525.7067267924
53062911.6448084489 391777.9196777344
54652406.2737435475 430107.9967956543
50769187.1712596416 282719.5107206880
51450039.9989545420 332279.5866117477
52747581.0037407205 379663.1535034180
54385988.2167809233 425478.0817871094
72449636.3669643104 481480.0175781250
73155831.5830526650 482161.6220703125
50749675.4149518833 281874.3955201954
73295700.6931216717 483043.0507812500
52610590.2354251444 376963.3336486816
54391647.5850944519 425493.5388793945
54138550.8101896420 416170.2121582031
51644965.7814086154 339643.1222090721
52961494.3709522635 386525.0936279297
52861038.8580261245 385265.5027866364
54538735.8812955692 427293.0999145508
54269702.1421301961 421420.0260925293
53997098.7188262194 411638.8480224609
54137995.5375423208 415057.7912597656
52862308.5174474344 385388.3091430664
54179089.1675692275 420433.5773925781
50666363.7547636777 269057.8308758587
50765227.9681746215 282708.9888312846
55816278.9954910651 442536.7668457031
51544434.8079434112 335722.9938640790
51598480.4811703637 338524.9102916913
54020199.5771974102 413928.0217590332
50705900.0558416694 276485.3835667401
50723547.3925703093 276547.2734627575
50692644.1924432218 274951.4380500346
50777653.2929894179 285356.8721864402
50799869.9916731492 287340.2090013205
51444301.2570854723 332241.6630535321
52843748.6113371104 384304.1934661865
52844604.6130049825 384469.2398529053
54153404.7129499838 419437.5827941895
55393158.1936002299 435405.0040893555
53824935.4629203305 405351.2816467285
53670259.1674872935 404438.3063812256
51626718.2094350308 338602.3169841962
51418667.0583711565 330844.7662029462
51423824.3289610967 330934.7305250363
55631179.5563431457 440349.4743652344
50669229.4676017687 269363.9913582653
53049523.3495886028 390190.6165847778
73246118.7557518780 482215.1635742188
50726915.1786771342 279220.0113465964
55834162.2230768949 442752.7028808594
55508302.7756702080 439382.5476074219
72353293.9100287259 480119.7949218750
50640052.8102450222 263019.8751196861
54012339.6171775758 412043.2900695801
53899991.8801660240 406476.2946014404
55905803.9742412940 442833.9193115234
50764961.7248848081 282190.6059270799
55689486.0717084780 441062.7189941406
53740275.9385571405 404809.3918914795
71439989.5860740691 478682.4145507812
70702931.5446649343 475952.9338378906
70682465.6480914056 474569.4794921875
52607302.1811379716 366497.3653297424
71011045.2829087377 478471.3828125000
71518091.1067740321 478859.8364257812
71608623.5222276598 479864.4106445312
69876837.2705892920 471059.7907714844
70417385.1623049080 472048.9099121094
68982144.0887800008 463517.5380859375
52399187.2222017869 359512.1129605770
52196436.2363532111 350404.9627149105
69614977.9029427767 468478.3383789062
52606002.7356457189 363065.5761700869
52495277.1219819263 359794.5599210262
52214148.8312768266 351934.0695035458
52382212.2928433865 353406.3472061157
52210008.9835861027 351025.6569806337
