51154975.7694232762 323700.6766515920
56679953.3264378235 462771.6708984375
50798007.4268820956 298797.5320047438
55194139.3090737686 458605.6821289062
51025921.6578204706 315951.4170690725
52627573.6696787551 398001.2437484562
52449191.9210966527 389976.5826547444
50586860.0894345492 253102.5565099269
50864652.4043698981 304741.2670674324
51137865.5177308097 322717.9200597951
51552779.9167634696 353967.2298116684
50640285.8732414544 269163.3387644105
50768202.9019516483 292835.4388116896
51580557.0367607698 354142.4562702179
55269291.2185884640 458688.9882812500
50904150.7564067617 306664.8301520348
52752016.8804970533 400201.8547523320
52377902.1893640384 388789.7600257695
54439078.6667435989 444775.2003784180
50882925.9232895374 305532.6519722044
51143594.8970059156 322827.4599218105
52016143.6792130396 374334.1076886058
50583024.8825545833 246279.3417761624
51479119.0461921170 346293.2549076080
52587022.3052898422 394996.2266960144
52756280.0307809412 401751.9138343632
52573834.4046113715 394321.6586074829
52587206.0735829994 395311.1941369623
50574300.6723532528 238754.6645174432
52588531.6207932755 396547.3108070195
50895405.8718052506 306525.7039078772
52093938.7159973755 376178.0205990672
50807658.3555968627 299011.3785347044
50792104.0261266828 298772.3488458693
51476125.8208166882 346291.1160373688
50578982.2300029770 245844.2523338795
50792087.4734848142 298135.6363677084
52054621.3058977425 374717.0142040253
52388474.8430101648 389079.6619946361
71291749.2146278918 483306.7114257812
70658684.9278698713 476995.9765625000
50712479.2853938863 283496.2769722044
54585177.3627614155 451308.3407592773
55080302.3702473193 455454.5639648438
54306824.3553611487 440246.2822265625
54505557.7789865211 444983.5698242188
54519388.2970080227 449773.5038452148
51928137.1757980734 370333.7744976878
72275522.7516530901 484899.4086914062
51629650.7727033794 356193.5466403961
50790751.1595579460 297865.1530074179
50688270.6479054317 281962.4810192883
50783855.1444488689 297775.1011909544
51550855.9859322235 351326.6271572113
50611460.5624281541 265389.5597435050
52524985.1368086711 391613.6972729564
51683990.9993111938 360537.9579639435
52019339.1988988146 374445.1586605906
51956459.5605051965 373203.0734516978
52345501.4976451099 385652.9796215892
50859431.9371461347 303223.6834187508
54708466.2192889825 452880.0764160156
54682201.0251533985 451775.1507568359
50603492.3387251422 260274.4539939910
51213957.8519127965 328215.5394287059
51561018.4211481288 354134.5153610706
55531573.8470658064 459815.5537109375
50590960.2704671770 253669.3587230444
50802703.9631358832 298866.9084419310
51051876.2253449857 320452.7642980764
51583649.2888115868 354197.2729282379
54794840.2388036177 452989.9582519531
71276725.6487091482 483296.8398437500
50732655.3648236170 290294.6077422202
51712970.6361946911 361569.3327732086
54414278.1972859055 444565.1864624023
52370359.5079147667 388688.3971707225
52122357.6585606188 380930.8463894725
52311635.2525599226 385217.9079739451
55117360.0384936929 457739.0708007812
55604119.6856146008 461975.8374023438
50767832.8422186002 292395.1655372493
51166196.2428590730 327961.4718551636
50616920.5959967822 265623.4476336055
51520685.0011177361 347985.9619846344
51603225.6223854348 355216.1479816437
50588612.5654836893 253378.4411673546
51505504.0143087357 347940.2596530914
54508348.7482969090 446021.6755371094
50572919.4480834752 237848.2600824833
50753692.0128629357 292232.3057288229
52195521.9331197366 382236.6286006421
50630932.8903400451 268435.8077903800
51980040.7727833018 373755.3266303837
51599726.2706323415 354558.6792236399
71493034.4261067063 483736.2207031250
51068287.4447538331 320573.7181320190
51048548.7165728360 319572.6597620124
50824835.9794753194 300152.7163184993
55368029.3782382607 459273.9077148438
50583931.8485479131 246664.1683817655
50950734.9375775382 312446.3702926636
71423930.2791124284 483656.2773437500
50594295.5775427297 254283.0873217732
53709864.4109362960 413549.0913810730
51041488.8580291793 319011.0411663055
51522044.6004670188 350913.2255954742
52917169.3053045347 403617.6683225632
55059113.5418575779 455386.5882568359
50658815.8625776917 274403.8245146088
50810814.0680543482 299402.0142311156
51551326.1894356310 353237.5549154282
55576537.9198455364 460366.1201171875
51606374.0377803668 355635.8353154659
50646092.6156369671 270038.3349802308
53439720.9149351195 413163.1617202759
50609345.6423554718 261392.7607663274
52981810.5248120353 405764.7820973396
50709033.1066298410 283162.1078032553
51935267.8439555764 373141.6695248485
52098988.1156279817 377624.5991158485
53249028.8147796914 412464.2890806198
53110905.9879285097 406634.5053939819
53295907.6975702420 412933.6014585495
53004234.1374907345 406244.0957946777
54830621.8121997565 453760.3657226562
51551488.1168824285 353811.7819919586
51732337.6689478904 361991.9925476145
52121592.7495896667 377816.6192242503
54452872.7309490815 444915.6282348633
71413927.9899729937 483358.4492187500
50588000.8399358690 253156.7972681522
52926754.6836502254 405372.3030881882
50582249.5800113678 246219.2469534725
51817634.9788606465 363771.1291900706
50577191.9870597720 245556.6408268958
51285814.4124548361 331075.9416221380
50587621.2394106984 253109.9850949757
55081810.6145459712 456011.9173583984
51457205.9049354345 345950.7129793167
51934361.3674913198 370936.9290329050
50618775.8695994094 266398.5616100840
50753337.7659434751 291644.4634498656
51371489.6060555875 339285.0304344147
53244615.0439227298 411003.4921174049
52869645.3798206374 403139.1625061035
51832998.7616476789 366531.3691387177
70789363.2229387909 482387.5131835938
50580061.0876958668 245911.8079417944
71837761.1098374724 484076.7216796875
50740614.0868753642 291002.6464227736
70744168.4581212699 480965.6899414062
71511942.6885410696 484075.1811523438
50749978.7020600662 291253.8277534544
50648958.2382386252 273147.1105247550
51415185.6289369911 340964.8516511917
51880605.1307899654 369749.5433288645
53128667.1947336420 410599.2835083008
51794964.8349596560 362280.5778045654
52904917.4198351577 403445.6471301913
50728604.2278708816 289219.4982594550
54123535.9175892249 430487.8652954102
54195991.9107233509 436259.5791625977
72172063.7562102377 484838.6591796875
50730127.9554266557 290017.5504097044
51037343.9198668301 316096.0884970427
51678459.6577203348 358670.7763767242
54270533.7503149956 436903.1262817383
54388722.1316383108 443804.7235717773
51088698.7161542550 322059.0915329456
52862262.8844267279 402469.4755859375
50605745.6353132278 260570.3525614738
50692904.2744830176 282350.0514449179
50977265.2297608480 313811.5816611052
51387364.8918402493 339484.8044351637
50967920.3711845353 312819.8977621794
54284987.6819182113 436968.8060913086
55874907.4978654981 462712.7880859375
54329100.7575838268 440323.5062255859
54186064.6809988841 433206.5582275391
50713143.0438593850 284474.7549475729
51343227.7341549620 338414.7340097427
54371229.8045846298 440965.3106689453
50689578.9864231050 282259.9996284544
50956767.0186207369 312768.7201525122
50992962.5087971836 314395.9450644255
50584272.3594501987 246664.9321202785
50590990.2449656501 254152.6698120236
51119550.9729301482 322518.8030444756
51003052.7840418443 315079.2312787771
51165694.6203386188 326768.5919475555
50585033.5094263479 246672.3607053272
51590424.8872530013 354329.2171344757
50700857.9472865909 283073.3943156302
51420497.4628801942 342066.8633089066
50660429.8330073729 275077.0928809457
50939226.9627970830 309703.7609565519
50839735.7367630601 300236.2207259238
50621881.4526047260 266477.1170882421
50615683.1091518104 265601.9585802369
51357103.3135030866 338700.8269014359
51245642.9204875752 330544.5355501175
50583342.0787287205 246525.5365405232
51325112.3990595564 338193.1621980667
50700522.4662214741 283017.7072142661
51152887.7795604542 323452.7213635445
51151298.4923737049 323294.2672405243
50608825.6614516377 261261.8544411659
51198082.1995086595 328210.3150793264
51796800.5737750307 363080.4420042038
50674364.7253302261 276382.0710593276
50610042.2553253174 261430.8870863561
51367961.9677040279 339253.7772098090
50614668.9705110043 265415.0709416196
50677642.8809822947 276676.0313017182
50649429.2957168147 274069.8468210511
50851264.1807973310 300419.6110522151
50578796.8044468686 245703.4577542543
50669845.0175756365 275753.6257555299
50683516.0914213508 277309.0480243973
51363964.5639410615 338989.2799959183
51073373.7728087828 321150.0392379761
51242393.6898927540 330253.9391971827
50573174.2487854734 238753.9007789302
51528221.6946103722 350962.2275497615
51600967.6911538616 354699.8737554550
51381687.6200010926 339412.0355105903
50597652.8811698854 255650.3337870389
51025023.9296690077 315702.5738449097
51334310.6562320068 338392.1732330322
50586493.4630707130 252436.7719925642
50621017.8449788243 266399.7513768487
50624326.7245655581 267938.1007591300
50663983.4352508634 275695.6515403800
51474076.6408920214 345967.1782598495
50580889.7913983017 245968.4385821819
51676090.7727184296 358135.9199036360
51181781.9118038267 328036.7490444183
50574948.1354722381 245344.2419901639
51433591.3982335553 344185.0104444530
51050978.4971935228 320203.9210739136
50978684.3256381750 313986.5630076919
51219551.9831661955 328283.8217150122
51106930.1245780289 322115.1956805866
50622865.0827906579 266536.0866366439
50634270.2212601006 268493.7820055299
50989834.9496043250 314074.0645344188
51323039.6969947293 337021.9349535322
50621878.6244850904 266409.9518352561
50945996.1087490842 310398.1871218085
51228463.5798514709 329235.0969026592
50608103.3511072323 260932.0728314846
50949601.1065664589 310417.8004131317
50680218.7318115681 277094.3273139410
51301309.1879115626 336518.1618745830
51251319.5032625943 330596.3944229484
50953911.4253403470 312575.3043173552
51445586.1686692834 344290.8552383780
50590721.6414824724 253601.8031151295
51302832.9154673368 336533.3044571280
50685717.8903623000 277359.6178934388
50930503.8093877658 307738.2630516887
50617435.5852009505 265847.2612064146
51285836.6913839802 335416.1574871540
50612989.7246097997 265406.8786180578
50686095.7125318348 277585.7686142139
51290612.5114849582 335651.7107066512
50605178.2105706260 260488.2900443077
50608285.4837579578 261199.0420955420
50622941.7055494487 266588.1731684171
50600167.0506652296 260211.6416483670
50891049.2663433477 305907.2617251277
50914833.8887654170 307011.8001916409
50938422.6040640324 308153.1379754357
50597473.0773462653 254338.0701151639
50605908.2207140476 260859.3435526639
53972315.7262384519 417043.9718132019
50643375.1007447243 269295.4438910894
50639140.1640296429 269100.8285692297
50572450.8851128891 237829.6233447790
50586687.5469517335 253101.7927714139
54096283.2521209717 417754.5957908630
54105324.8575498164 418622.4651489258
69876837.2705892920 471059.7907714844
70417385.1623049080 472048.9099121094
68982144.0887800008 463517.5380859375
69614977.9029427767 468478.3383789062
