50884953.7039124295 805375.0715332031
51701375.5554843992 878234.5991210938
52124814.8399004713 894268.0791015625
50948245.2169894576 814902.7919921875
50618827.9427231699 710889.2143554688
50726867.0934521705 762267.2863769531
51220789.7502214536 842630.1274414062
51917325.9229376540 888054.8906250000
51047228.4620171264 829188.2504882812
50689874.1856013536 746585.0129394531
51042703.9267466590 824388.5610351562
50705099.0062112436 752488.5178222656
50997842.9030630812 821351.3100585938
52363513.2208527848 898099.9228515625
50731579.4915420413 765189.5231933594
50587543.3286878243 679424.6013183594
50629014.0086646006 715609.0793457031
50891822.4317933321 806042.6232910156
50766082.3018463403 774378.1198730469
51171774.9046918154 840760.1225585938
51275841.9341089725 851496.4545898438
51734728.2417914942 881841.7021484375
50641693.7502461672 719991.5766601562
52434253.7656908706 900943.3808593750
51227352.9406636655 846958.6767578125
51771542.1688311994 882301.1250000000
50592303.3799053952 686095.9262695312
50694792.4931887686 749082.0920410156
51029474.4215590283 823850.5483398438
50936782.5571822822 810418.1401367188
50599740.3335830644 692914.2509765625
50600981.2356160581 694220.1513671875
50766819.0694178715 774438.1081542969
50764457.6612601280 771262.9870605469
50957215.0133138224 817070.6245117188
51594494.3677037880 873593.4248046875
50596748.5838555023 690629.5739746094
52530166.0388368443 904313.1113281250
50681395.2969410345 744589.3295898438
50882016.4942424968 797264.9829101562
51027578.6335019022 821756.9038085938
51377214.6537894905 859289.5751953125
51724202.2059772834 879938.4755859375
52208991.6408607736 895915.4072265625
50573828.4713342935 631649.9257812500
52106028.4151845351 893254.5556640625
50736847.7655347735 767474.7521972656
51346216.5248381644 856888.0864257812
51977712.6568064466 888111.2866210938
50574250.9625143781 634125.8776855469
51039696.0001026243 824130.4145507812
50679874.1385354549 743649.6203613281
50882998.3111262247 797996.8818359375
51185313.1516935229 841363.1333007812
51791472.1288649812 883340.4882812500
50684078.4973215088 746459.1406250000
50587497.9202350602 678902.6674804688
51129390.7543233335 832428.7788085938
51205224.2870284617 842180.0639648438
51167528.8575478792 840604.0883789062
50782738.5521991849 779475.2265625000
51519512.9749805182 866259.1572265625
50714310.4524058327 756973.2810058594
51456601.7483782470 864623.2070312500
51645817.6194250062 875786.1298828125
50605840.5576119050 701514.8156738281
50675505.3698511794 739005.9472656250
50679595.1802999452 742138.1225585938
50707611.7355085537 755710.9167480469
51262428.8749649972 850666.4291992188
51312897.7807879597 853763.7563476562
50598082.2425640523 691735.3530273438
50947253.5661506429 814447.4106445312
52285496.3989517689 897592.1318359375
50828923.3534759209 783618.3696289062
51260030.4177782312 850620.6796875000
50983289.6202822924 819707.4052734375
51229177.0815842822 847502.0263671875
50773320.9533982649 777309.3879394531
50624503.6990477964 711057.5449218750
50900327.9235739037 806742.7592773438
52031298.5230243430 890889.2158203125
50585768.7505224571 677281.9052734375
50827027.5654187948 781524.7250976562
50836342.0637185723 789064.9016113281
50991485.1061746478 820817.8945312500
50768616.5479500294 775403.3420410156
50982904.4677460343 818855.9868164062
51418666.8841788620 861508.0478515625
50958490.8999479115 818332.9887695312
50768896.9477672130 776665.7062988281
50910220.7210345864 809489.8544921875
50898758.0225709155 806664.5283203125
51362749.6428875029 858567.6347656250
50588624.3438028395 682379.0119628906
50617434.7002745941 707256.0285644531
50905664.0362253040 808852.1435546875
51088553.6877450496 829918.9853515625
51527997.8005812839 867537.8525390625
50625654.7365059853 712521.2221679688
50595308.8607744873 689988.9299316406
51345321.6858253032 854429.4912109375
51514074.9583560377 866107.9653320312
51355567.3687837571 857859.6879882812
52683631.3706151843 904568.8525390625
51222474.2518357486 843398.2221679688
51234513.1942356825 849611.4106445312
50615212.7061435059 706162.6962890625
50734409.7749014422 767184.8610839844
50849237.1655334681 789599.7534179688
50575794.5700058788 649284.9865722656
50610158.6032551154 704668.3566894531
50585862.0916661248 678046.3850097656
50982872.8675517887 818573.4379882812
50720821.5434129387 758831.8410644531
50599341.7011349350 692756.4741210938
50816280.6799308360 781457.1142578125
50598694.1205970868 692467.2519531250
51908902.3568277135 883690.1181640625
51493661.9609866589 865136.3637695312
50582278.3706907108 671227.6730957031
50805539.3695895746 779941.9335937500
50706951.7388830036 754462.1872558594
51304267.0061566830 851888.6367187500
50590536.5312371776 683838.8894042969
50607459.1776247025 702599.7880859375
50581589.5376468822 667882.8295898438
50611798.1377362385 706132.0339355469
50607593.7789501846 703322.5136718750
50655889.5459064096 724657.3359375000
51146452.9887902960 836302.5605468750
50586202.6025684178 678717.0090332031
51113701.6808027700 831177.5898437500
51093674.5233014971 830548.5424804688
50781250.6601684764 778744.4916992188
52730076.1454926729 905280.9570312500
51165575.8950310498 840037.5415039062
50879544.6912395433 794219.2302246094
51088933.9953456596 830297.4682617188
50597195.5686715171 691032.1481933594
50669113.6407112479 736677.1450195312
50604883.6647728756 695248.0961914062
50659303.3462199420 727792.5898437500
50581329.3023190200 665470.1345214844
50741902.5733110756 767735.5187988281
51081249.5083130002 829428.6997070312
50664820.5959015563 734577.1850585938
51192051.1640627086 841403.8041992188
50574421.3800293431 642544.9733886719
50592699.8442500383 687527.2302246094
50578906.2357173041 663337.8300781250
50582290.4135508612 671359.1740722656
51152081.4927024841 838866.4150390625
50877045.4854624122 793747.7233886719
50722831.0492993295 760074.5908203125
51156412.8128453642 839399.8305664062
50727981.7969849482 764166.5397949219
51045213.4541813508 826467.2197265625
50747334.4737138525 769372.4763183594
50572931.4909436181 631232.8933105469
50593089.2925708815 688901.6467285156
50732921.8828707337 766454.1262207031
50588489.7175873816 680469.9084472656
50762608.9488562196 770605.4860839844
50832023.8883284703 784794.8952636719
50597453.2185640931 691161.3515625000
50874608.1914945170 793418.4631347656
50583338.9699017704 676615.0810546875
50854520.6149247959 792488.3200683594
50574838.1425318792 642724.6750488281
50764578.7723771110 773939.6335449219
50593429.8034731746 689572.2707519531
50648348.0981813893 721839.6748046875
50574369.5795612931 636113.5363769531
50574850.1853920296 648456.3198242188
50580417.9204129204 664324.7155761719
50725151.5136255473 762171.2019042969
50730091.5995113403 764458.7883300781
50580023.8770537302 663492.8981933594
50651279.1555440426 723630.1997070312
50663710.3969606832 730823.4584960938
50697072.9770246744 749444.3039550781
50663020.9713689610 728160.4287109375
50576920.9935736582 653146.0773925781
50694365.8835383505 746702.1101074219
50704374.4215638116 751824.5842285156
50583293.5462374315 671539.5490722656
50651986.4049914256 724431.2646484375
50577365.1311051324 658401.9843750000
50699817.7367545217 751186.8732910156
50673029.5094135031 737162.7475585938
50657828.9011811987 727421.2695312500
50656219.0567519814 726904.5688476562
