51527997.8005812839 867537.8525390625
50625654.7365059853 712521.2221679688
50595308.8607744873 689988.9299316406
51787954.5876173601 876061.3500976562
50638909.2132973373 715265.0585937500
51345321.6858253032 854429.4912109375
50634848.2368678674 713182.2758789062
51362917.7105592936 857963.9833984375
51612402.6430931017 867685.6879882812
51514074.9583560377 866107.9653320312
51355567.3687837571 857859.6879882812
52683631.3706151843 904568.8525390625
50620299.3402617425 708248.0246582031
50919845.1183409989 808852.1435546875
51222474.2518357486 843398.2221679688
51234513.1942356825 849611.4106445312
52113163.5706054121 890377.9277343750
50615212.7061435059 706162.6962890625
51001176.5480263829 820415.3520507812
51883460.2117455751 877150.2646484375
50734409.7749014422 767184.8610839844
50598344.2270349115 691258.1135253906
50976230.8051059172 813235.7358398438
51294243.0109077543 850438.2871093750
51661274.4698227122 867988.2167968750
51922041.8459273130 884676.0273437500
51075664.6802167296 828741.3574218750
50849237.1655334681 789599.7534179688
51897254.6086037681 879402.9306640625
52105913.0464124009 887964.7675781250
50575794.5700058788 649284.9865722656
50610158.6032551154 704668.3566894531
50911223.5065318868 805937.8173828125
50914886.3621867970 807718.1762695312
51881740.7098663375 877023.3525390625
51908508.3134685233 881288.6293945312
50585862.0916661248 678046.3850097656
50644521.5730719045 718418.5996093750
50982872.8675517887 818573.4379882812
50720821.5434129387 758831.8410644531
50599341.7011349350 692756.4741210938
51385917.7156578451 859289.5751953125
50816280.6799308360 781457.1142578125
50598694.1205970868 692467.2519531250
50676361.8681279048 737998.3413085938
50845309.5006870702 788536.7026367188
51908902.3568277135 883690.1181640625
52065424.2165501118 885616.1191406250
51493661.9609866589 865136.3637695312
50582278.3706907108 671227.6730957031
50769026.5771821514 774702.4035644531
51044179.2174174935 823829.1201171875
51731514.4070754871 875487.5903320312
50805539.3695895746 779941.9335937500
50622479.4794601351 708956.1640625000
50619512.4773417413 707306.1542968750
52413107.8378622085 898099.9228515625
51730002.7223798633 873452.5014648438
50706951.7388830036 754462.1872558594
50895564.8209868819 795428.8361816406
51304267.0061566830 851888.6367187500
50590536.5312371776 683838.8894042969
50607459.1776247025 702599.7880859375
51696524.3880147487 868912.2690429688
50581589.5376468822 667882.8295898438
50611798.1377362385 706132.0339355469
50933376.8421308994 809149.4340820312
50776428.0220892951 776936.2626953125
51298756.9994446263 851496.4545898438
50727222.2279927582 762267.2863769531
50607593.7789501846 703322.5136718750
50655889.5459064096 724657.3359375000
50955214.5913815796 809641.8735351562
50896269.5337325782 800714.6081542969
52548737.3226274848 899967.4726562500
51146452.9887902960 836302.5605468750
52531711.4388620257 898935.7050781250
50720207.6022814512 756880.2570800781
50786060.8969518021 779475.2265625000
50586202.6025684178 678717.0090332031
51113701.6808027700 831177.5898437500
51134046.8877534196 832163.4990234375
50607202.6003793105 700964.5268554688
51042285.8523698971 823075.0742187500
51093674.5233014971 830548.5424804688
52540826.2076126039 898981.0195312500
50693598.3010863066 745432.4467773438
51452908.1701884940 861026.1245117188
50781250.6601684764 778744.4916992188
52730076.1454926729 905280.9570312500
51165575.8950310498 840037.5415039062
50879544.6912395433 794219.2302246094
51088933.9953456596 830297.4682617188
50597195.5686715171 691032.1481933594
50669113.6407112479 736677.1450195312
50604883.6647728756 695248.0961914062
50618567.4412200078 706506.7170410156
50659303.3462199420 727792.5898437500
50581329.3023190200 665470.1345214844
50741902.5733110756 767735.5187988281
51081249.5083130002 829428.6997070312
50664820.5959015563 734577.1850585938
50739592.5252646208 767376.3674316406
51192051.1640627086 841403.8041992188
50574421.3800293431 642544.9733886719
50592699.8442500383 687527.2302246094
50578906.2357173041 663337.8300781250
50587680.9379567951 678741.7827148438
50582290.4135508612 671359.1740722656
50892194.7752429098 795353.3498535156
51152081.4927024841 838866.4150390625
50707805.2907038629 754871.7014160156
50732343.1682076082 764673.7673339844
50877045.4854624122 793747.7233886719
50884638.0098593831 794914.8000488281
51039279.2473721206 822996.4472656250
50722831.0492993295 760074.5908203125
51156412.8128453642 839399.8305664062
52574312.0610948503 904313.1113281250
50590368.7748887017 680886.5676269531
50774417.2857523039 775305.4143066406
50727981.7969849482 764166.5397949219
51056450.7879786193 828054.2832031250
51045213.4541813508 826467.2197265625
50714674.0185847580 756242.5461425781
50747334.4737138525 769372.4763183594
50572931.4909436181 631232.8933105469
50593089.2925708815 688901.6467285156
50732921.8828707337 766454.1262207031
52549342.8405696675 902347.8339843750
50676886.9512793869 738196.0844726562
50588489.7175873816 680469.9084472656
50682003.2832708731 739634.6877441406
50762608.9488562196 770605.4860839844
50832023.8883284703 784794.8952636719
52316257.9918486103 896134.6455078125
50597453.2185640931 691161.3515625000
50606217.3841721192 696129.2548828125
50874608.1914945170 793418.4631347656
50583338.9699017704 676615.0810546875
50854520.6149247959 792488.3200683594
50959072.7572259828 809802.9257812500
50601760.0528547540 693234.2736816406
50574838.1425318792 642724.6750488281
50764578.7723771110 773939.6335449219
50593429.8034731746 689572.2707519531
50648348.0981813893 721839.6748046875
50574369.5795612931 636113.5363769531
50574850.1853920296 648456.3198242188
50961926.8759800643 810274.2558593750
50580417.9204129204 664324.7155761719
50725151.5136255473 762171.2019042969
50730091.5995113403 764458.7883300781
52281821.0738272965 890624.0068359375
50580023.8770537302 663492.8981933594
50646073.4029068798 719459.5268554688
50972148.4545236602 810554.1220703125
50651279.1555440426 723630.1997070312
50901900.4702713564 803321.5925292969
50663710.3969606832 730823.4584960938
50981216.2123961821 813475.7402343750
50697072.9770246744 749444.3039550781
50680357.2298479974 738569.2456054688
50683794.1567874998 740520.5319824219
50663020.9713689610 728160.4287109375
50576920.9935736582 653146.0773925781
50694365.8835383505 746702.1101074219
50692522.8569670543 743564.5881347656
50704374.4215638116 751824.5842285156
50583293.5462374315 671539.5490722656
50651986.4049914256 724431.2646484375
50690313.7847260386 740771.0036621094
50577365.1311051324 658401.9843750000
50699817.7367545217 751186.8732910156
50681669.2324515730 739445.7490234375
50695613.3779684678 748377.3530273438
50673029.5094135031 737162.7475585938
50657828.9011811987 727421.2695312500
50656219.0567519814 726904.5688476562
