51749530.6934633106 879839.5195312500
50719833.6891742274 747551.6313476562
51649273.1208742261 875161.5786132812
51767374.5944984555 881919.0766601562
51848088.6457265764 891399.9218750000
50700374.8158229738 722303.5202636719
51030712.5027723834 812227.8925781250
50982227.7670244202 806465.0683593750
51472620.4289652631 858229.0190429688
52005830.1787041128 898515.5332031250
52203744.8174196482 904568.8525390625
52089028.4929329157 900639.8164062500
52243064.9983725324 905280.9570312500
50747414.5066665635 752401.8920898438
50693361.3082187474 713568.1125488281
50904602.1829674318 794695.5686035156
51523858.6747536138 859065.9609375000
51582557.1061590090 868679.7729492188
50695591.5144095123 722207.9916992188
50885741.7689458653 791936.9936523438
50701841.2051851675 737750.8852539062
50837516.0557327867 784631.0280761719
51367370.2680895552 848478.4697265625
50711903.9361719489 738991.8547363281
50828149.2159519419 781292.6831054688
50769141.5866215527 759222.2670898438
51968345.9243209064 892796.5156250000
51637819.5121326447 872863.6083984375
50714970.0724979490 739582.9023437500
50710786.2948355153 738641.2617187500
51312332.6437132508 841242.4550781250
50832557.2995785847 783470.0095214844
50852613.9775513336 786636.4460449219
50924765.5953601077 794878.4887695312
51303646.0119447410 839136.7260742188
50766768.5187512115 754129.8295898438
50736412.9221070707 750252.0493164062
52104190.3543582633 900719.8261718750
50893647.0744031295 793312.4921875000
52066443.3817052320 899943.2548828125
52076664.9602488279 900223.1210937500
51125913.2672417536 812928.7778320312
50936153.6878561750 796314.1542968750
51968905.3068569675 896952.0566406250
50970532.0920356736 802382.5913085938
50957233.0222043842 797258.5590820312
51260643.8055340648 838061.1850585938
52221687.3088851944 904588.0888671875
51561735.8963311762 867472.7534179688
51396106.2235451788 849412.0351562500
52105169.6890083551 904313.1113281250
51570848.8741834685 868102.3105468750
51972041.9600420967 897613.1103515625
51331429.1090533957 846268.7915039062
50889968.8865794390 792171.0112304688
51974463.4157493263 898099.9228515625
50785442.4410377592 767532.9069824219
50760717.1744427830 753962.8779296875
51405305.1322889403 851593.6289062500
51611171.6633867025 868705.3212890625
50747008.8055084422 750612.1801757812
50878642.6960729063 789325.5922851562
50876130.4655787349 787259.3925781250
51356771.4591728449 847983.9887695312
51666324.2408921719 876953.5986328125
50718953.8139264807 742380.4531250000
50827790.8523188382 778821.1027832031
50778349.3587573618 760892.9985351562
51298374.5255550146 838505.6806640625
50728167.1057475060 748367.0053710938
51374534.4169735312 848826.0131835938
50967576.8377322331 797862.0051269531
50813010.1030596569 776384.8356933594
50806207.9571983442 774372.2521972656
51393476.9279476702 848875.7758789062
51450422.3888707459 857124.0532226562
50808593.3094868362 775781.1843261719
50822434.9139188081 778590.7045898438
51664335.4407191575 875898.5800781250
51326549.2296737731 843261.7666015625
51336251.7471325770 846912.4731445312
51438468.2382856235 852843.7895507812
51231043.8570926934 833780.9213867188
51789156.3891303018 885135.6816406250
51319517.9221956953 842815.1533203125
52019574.0537792966 898935.7050781250
51769166.6333544627 883587.4052734375
51227205.5816504285 820831.7382812500
51192800.2221770063 819908.0058593750
51315709.5987908095 842632.2094726562
51179069.8122974336 816420.6503906250
51229138.5209559426 831277.6059570312
51890469.5798651725 891835.6826171875
