50953033.9846772403 803850.5949707031
50718734.1245863959 748155.2827148438
51245625.4192745462 836867.4389648438
50911621.7910352945 795067.2238769531
51092562.4047284126 817199.9560546875
51128507.1893062815 817320.3300781250
50702672.9041658193 738130.2915039062
50900536.9953357503 794474.0895996094
51006909.0023393556 807416.9306640625
51572058.9741293415 868112.0917968750
51191617.8267669976 817772.7729492188
50666858.5001111850 689974.3132324219
50662566.3881512359 683677.2546386719
51843564.1104561090 886600.2324218750
50980352.2400085703 805183.6757812500
51957311.4022858068 894832.2661132812
50932623.5608702675 797370.8500976562
52210943.1277761534 904588.0888671875
51969411.7417436093 897119.8525390625
50691739.8622623757 723356.6396484375
51969856.8451916426 897613.1103515625
51545978.6429348364 860210.2949218750
51741553.9697530195 877102.6020507812
51752734.5673236623 881551.6005859375
50690973.4490373954 721606.8339843750
51275892.2544853538 838505.6806640625
52094425.5078993142 904313.1113281250
52055699.2005961910 899943.2548828125
50887663.4354813173 792995.3332519531
51234043.2864840552 835783.0385742188
50673164.9331211448 696512.3596191406
50835436.2644140124 784721.5075683594
50687609.0280723870 719105.0781250000
50927444.6191216782 796083.7971191406
50692693.8641527146 734924.5229492188
52078567.7844758183 900481.2675781250
51332288.4777952805 846912.4731445312
51262887.6571215987 838070.9663085938
51635033.2609769031 868756.3730468750
52093446.1732492223 900719.8261718750
50851346.5737542883 785281.3247070312
51081319.1825965717 813923.7465820312
51360629.6250172555 848145.0410156250
51758972.9496021792 884225.5205078125
51749530.6934633106 879839.5195312500
51649273.1208742261 875161.5786132812
51848088.6457265764 891399.9218750000
51030712.5027723834 812227.8925781250
50982227.7670244202 806465.0683593750
51472620.4289652631 858229.0190429688
52005830.1787041128 898515.5332031250
52203744.8174196482 904568.8525390625
52089028.4929329157 900639.8164062500
52243064.9983725324 905280.9570312500
50747414.5066665635 752401.8920898438
50904602.1829674318 794695.5686035156
51523858.6747536138 859065.9609375000
51582557.1061590090 868679.7729492188
50885741.7689458653 791936.9936523438
50701841.2051851675 737750.8852539062
51367370.2680895552 848478.4697265625
50711903.9361719489 738991.8547363281
50828149.2159519419 781292.6831054688
50769141.5866215527 759222.2670898438
51637819.5121326447 872863.6083984375
50714970.0724979490 739582.9023437500
50710786.2948355153 738641.2617187500
51312332.6437132508 841242.4550781250
50832557.2995785847 783470.0095214844
50852613.9775513336 786636.4460449219
51303646.0119447410 839136.7260742188
50766768.5187512115 754129.8295898438
50736412.9221070707 750252.0493164062
50893647.0744031295 793312.4921875000
52076664.9602488279 900223.1210937500
51968905.3068569675 896952.0566406250
51260643.8055340648 838061.1850585938
51561735.8963311762 867472.7534179688
51396106.2235451788 849412.0351562500
51570848.8741834685 868102.3105468750
51331429.1090533957 846268.7915039062
51974463.4157493263 898099.9228515625
50785442.4410377592 767532.9069824219
50760717.1744427830 753962.8779296875
51405305.1322889403 851593.6289062500
51611171.6633867025 868705.3212890625
50747008.8055084422 750612.1801757812
50878642.6960729063 789325.5922851562
50876130.4655787349 787259.3925781250
51356771.4591728449 847983.9887695312
51666324.2408921719 876953.5986328125
50827790.8523188382 778821.1027832031
50778349.3587573618 760892.9985351562
50728167.1057475060 748367.0053710938
51374534.4169735312 848826.0131835938
50813010.1030596569 776384.8356933594
50806207.9571983442 774372.2521972656
51393476.9279476702 848875.7758789062
51450422.3888707459 857124.0532226562
50808593.3094868362 775781.1843261719
50822434.9139188081 778590.7045898438
51664335.4407191575 875898.5800781250
51326549.2296737731 843261.7666015625
51438468.2382856235 852843.7895507812
51231043.8570926934 833780.9213867188
51789156.3891303018 885135.6816406250
51319517.9221956953 842815.1533203125
52019574.0537792966 898935.7050781250
51227205.5816504285 820831.7382812500
51192800.2221770063 819908.0058593750
51315709.5987908095 842632.2094726562
51229138.5209559426 831277.6059570312
51890469.5798651725 891835.6826171875
