50984980.4817021936 827380.8378906250
50705675.2061257511 754567.0544433594
50704389.4344593436 753253.4394531250
50878267.6553577930 810919.7416992188
50985213.6077750102 828005.1826171875
51029411.0580029637 831362.3398437500
50591463.1511972025 684232.4887695312
50942693.3712893650 821038.2978515625
51884997.6927762702 894832.2661132812
51407112.2473517731 864807.1347656250
50645766.5185623020 726549.8020019531
50918399.4429562986 816358.4987792969
52127272.1602215022 904313.1113281250
50632544.3925017044 719553.7551269531
51714305.3392604440 883652.9438476562
50593040.3551523313 688197.8542480469
50651417.3687502816 729431.6381835938
51019771.9793109670 831342.9726562500
50988082.3181296736 830612.1669921875
50964357.0136273801 821062.8730468750
51335552.4593554884 856591.2646484375
50832186.0242105499 797898.6413574219
51213365.1126379818 851041.2978515625
50591599.0070460513 684562.9052734375
51885952.9164800122 898099.9228515625
52020057.4044113457 898161.2304687500
51086458.9588908851 841467.4287109375
51252159.7233085409 855513.1318359375
51656737.7183166221 881999.3183593750
50751886.7694180459 773271.1076660156
51180593.7018458247 849715.7060546875
51241040.4166134894 855233.2656250000
51750589.8238073662 888054.8906250000
50705812.8153947219 756123.0444335938
50581508.1734746546 671220.9692382812
52074321.8805789798 899067.7685546875
50611144.0817775577 705200.8166503906
50898787.3673980609 811991.2573242188
51690706.5770488605 883638.4570312500
51662399.6403121427 883272.0571289062
50577259.4958237112 656339.4589843750
51380358.1576236412 863481.5429687500
50662619.2373951599 737111.4372558594
50684900.5820139050 747628.3205566406
50708968.6178298667 757490.7321777344
50909386.1763147712 812485.7382812500
51766447.5472308621 891886.7343750000
50868351.9335898533 808747.9323730469
50575407.1635608003 653007.8725585938
50861439.0530559644 806146.9187011719
52032185.9436234906 898355.6640625000
51275267.4371016696 855929.8271484375
50666611.9691939801 737838.6003417969
50942051.6349828094 819879.7211914062
50890425.3234511688 810970.2226562500
50626233.8623918146 717068.9567871094
50822185.6983736977 794739.8791503906
50669420.6596039757 738684.4143066406
50864426.0509258211 808110.2214355469
50837776.9457836971 799174.0632324219
51301609.0390828922 856288.2841796875
52355646.6009568870 905280.9570312500
50715570.1752382293 760411.3210449219
51170696.0562597886 844454.9501953125
50941971.5421133861 819199.8183593750
50664272.4029262960 737504.3657226562
50714076.9196467921 759648.1296386719
51172135.0176000521 844850.8427734375
51173530.1055609286 848390.1142578125
50602885.9313146546 696519.0544433594
50616306.4448903278 707534.6618652344
50809947.2379518598 786609.5671386719
50660238.0927155688 735255.5505371094
50856823.7008480579 804641.2136230469
50981656.1814626008 823645.2822265625
50653046.7360596582 732297.9433593750
50609056.9423766807 704668.3566894531
50637718.4386752248 723224.2570800781
50687146.7073556408 748262.8654785156
50599721.3016601056 692914.2509765625
50858295.0157632083 804731.2238769531
50706633.4430647939 756389.4514160156
50767404.2769448385 776238.0031738281
50657251.0948457122 735107.4636230469
50758413.3722607866 775776.2946777344
50578906.2357172966 663337.8300781250
50856564.4253680408 800338.6027832031
50624321.6749574766 715609.0793457031
50915492.0115824938 813123.4492187500
50966803.7709349170 821158.6718750000
50931658.5023369193 817852.2373046875
50749464.0914092287 771456.4670410156
50828007.3757010996 796731.6520996094
50588149.2066850960 679799.2844238281
50716479.4889319465 760832.2487792969
50776397.9910399243 777497.4064941406
50906211.2398761958 812049.8920898438
51605959.9525493458 877425.2685546875
51066468.2993267328 833897.5332031250
51030829.9481093884 831893.5595703125
50753668.4501952827 774265.9873046875
50606333.8449942321 702016.6132812500
50699601.0201391578 750748.6364746094
50623216.6620273292 713801.3813476562
50603726.1600228474 698382.4919433594
50840963.0209151879 799267.0871582031
50690246.4353317246 748740.0129394531
50748337.5934193283 770956.1640625000
50600047.1239202917 694665.5776367188
50701166.5791832060 753171.9528808594
50640615.4301983640 723475.0742187500
50934945.5233701840 818303.1479492188
51719712.6825582832 885673.5458984375
50573019.3889649138 643062.2080078125
50726076.9880018160 763281.9667968750
50930928.9578208476 817174.9199218750
50571958.7897538543 637330.5632324219
50689471.7980319634 748286.4968261719
51347216.0614712387 859289.5751953125
50604852.5835906267 701858.8364257812
50572427.3527244478 637468.7680664062
50756070.5470804721 775051.4665527344
50612690.0617941618 706506.7170410156
51583644.2229529470 869380.8105468750
51635033.4161522537 878480.2871093750
50818563.8806490526 786978.2517089844
50742228.7845186740 768728.7946777344
50641960.1576568857 725735.3098144531
50609505.9663845226 704782.3911132812
50595341.9909075052 691032.1481933594
50573487.9519354999 643135.7277832031
50636592.0151074454 722817.0981445312
50785167.0113760903 779624.1027832031
50710017.1741807759 758932.5646972656
51456292.3808305785 867537.8525390625
50790557.7199462429 784532.3117675781
50602788.3192798570 696129.2548828125
50801770.3964827731 785493.4421386719
50777852.4352831915 779584.0563964844
50632567.6909896061 720036.2539062500
50650188.1597257629 728057.2216796875
50695841.7883412465 749176.6730957031
50630655.5035552755 718576.3764648438
50678280.2865169123 741956.8920898438
50587955.0786175579 679510.0622558594
50580824.0241886675 666999.8330078125
51603472.7986782566 874818.2841796875
50571870.8917325661 625501.2485351562
50675784.3633158132 739219.7724609375
50618819.4458168224 708672.1826171875
50598172.4934411347 692090.8579101562
50586169.2532611713 678252.8767089844
50677471.7539114654 740145.0234375000
50578283.2270301953 658666.2343750000
50587363.2940196022 679395.9252929688
50618827.9427231699 710889.2143554688
50731579.4915420413 765189.5231933594
50587543.3286878243 679424.6013183594
50592303.3799053952 686095.9262695312
50694792.4931887686 749082.0920410156
51594494.3677037880 873593.4248046875
50681395.2969410345 744589.3295898438
50736847.7655347735 767474.7521972656
51346216.5248381644 856888.0864257812
50679874.1385354549 743649.6203613281
50684078.4973215088 746459.1406250000
50675505.3698511794 739005.9472656250
50679595.1802999452 742138.1225585938
50598082.2425640523 691735.3530273438
50773320.9533982649 777309.3879394531
50585768.7505224571 677281.9052734375
50768896.9477672130 776665.7062988281
50588624.3438028395 682379.0119628906
50595308.8607744873 689988.9299316406
50734409.7749014422 767184.8610839844
50585862.0916661248 678046.3850097656
50599341.7011349350 692756.4741210938
50598694.1205970868 692467.2519531250
50582278.3706907108 671227.6730957031
50590536.5312371776 683838.8894042969
50607459.1776247025 702599.7880859375
50611798.1377362385 706132.0339355469
50607593.7789501846 703322.5136718750
50586202.6025684178 678717.0090332031
50741902.5733110756 767735.5187988281
50592699.8442500383 687527.2302246094
50582290.4135508612 671359.1740722656
50727981.7969849482 764166.5397949219
50747334.4737138525 769372.4763183594
50593089.2925708815 688901.6467285156
50732921.8828707337 766454.1262207031
50588489.7175873816 680469.9084472656
50597453.2185640931 691161.3515625000
50583338.9699017704 676615.0810546875
50593429.8034731746 689572.2707519531
50574850.1853920296 648456.3198242188
50580417.9204129204 664324.7155761719
50725151.5136255473 762171.2019042969
50730091.5995113403 764458.7883300781
50580023.8770537302 663492.8981933594
50697072.9770246744 749444.3039550781
50576920.9935736582 653146.0773925781
50583293.5462374315 671539.5490722656
50577365.1311051324 658401.9843750000
50699817.7367545217 751186.8732910156
