50836407.8698170036 796413.8317871094
50639005.3918503672 718723.2084960938
50695841.7883412465 749176.6730957031
51163346.2613045424 840226.7070312500
52100797.4215263948 892854.5800781250
50630655.5035552755 718576.3764648438
51696846.6676090434 879938.4755859375
51347716.3104192540 859289.5751953125
50678280.2865169123 741956.8920898438
51096405.0602361783 831795.2348632812
50603806.4355972707 696640.4208984375
51608235.3767593652 875327.8295898438
52477375.2249208987 904588.0888671875
50826118.2568868473 792925.3288574219
50587955.0786175579 679510.0622558594
50580824.0241886675 666999.8330078125
51255834.4261515141 850133.0136718750
52153921.7749371156 898099.9228515625
51603472.7986782566 874818.2841796875
51183625.1513785571 841163.1464843750
50571870.8917325661 625501.2485351562
50675784.3633158132 739219.7724609375
51226084.5508484095 849077.9951171875
51895713.0311985239 891886.7343750000
51695416.9695611596 877425.2685546875
50627567.7018161044 715766.8562011719
50944327.5746943951 815611.9580078125
51134977.1426340714 833821.4316406250
50609346.2549993247 704115.5668945312
50722061.6337818354 759979.6999511719
51711000.3693645075 880615.7099609375
52327373.1453265473 898104.0097656250
51728171.9099710062 885673.5458984375
51652812.5446435064 877067.5224609375
51712314.1865475103 881841.7021484375
50958972.5138425529 818437.2841796875
50618819.4458168224 708672.1826171875
50805790.5217208788 784913.9836425781
50598172.4934411347 692090.8579101562
50573951.0802802145 638051.7172851562
50586169.2532611713 678252.8767089844
52543235.3997894898 905280.9570312500
50880518.8721287549 800671.2526855469
51022605.6936781257 823182.9965820312
51193469.1775241345 842210.4721679688
50572439.3955845907 637468.7680664062
52360857.6050440595 904313.1113281250
50623251.9483542219 711871.5358886719
51870925.7270492315 888054.8906250000
50677471.7539114654 740145.0234375000
50578283.2270301953 658666.2343750000
51125613.0485694036 833340.5961914062
51138279.5644238070 837436.5278320312
50649263.7329267785 722281.4704589844
50692449.6680084541 747461.3598632812
50587363.2940196022 679395.9252929688
50703143.5830532536 751618.9677734375
51112473.5594698042 832354.6870117188
51156719.4675817192 839710.5991210938
51338105.5317215100 854195.4194335938
51043836.3238946199 825544.5366210938
51290430.4355270416 852551.8237304688
50951622.1720670089 817665.4370117188
50576361.8700876534 649443.2053222656
50884953.7039124295 805375.0715332031
52124814.8399004713 894268.0791015625
50618827.9427231699 710889.2143554688
50726867.0934521705 762267.2863769531
51220789.7502214536 842630.1274414062
51047228.4620171264 829188.2504882812
50689874.1856013536 746585.0129394531
51042703.9267466590 824388.5610351562
50705099.0062112436 752488.5178222656
50997842.9030630812 821351.3100585938
50731579.4915420413 765189.5231933594
50587543.3286878243 679424.6013183594
50891822.4317933321 806042.6232910156
50766082.3018463403 774378.1198730469
51171774.9046918154 840760.1225585938
51275841.9341089725 851496.4545898438
50641693.7502461672 719991.5766601562
50592303.3799053952 686095.9262695312
50694792.4931887686 749082.0920410156
51029474.4215590283 823850.5483398438
50936782.5571822822 810418.1401367188
50599740.3335830644 692914.2509765625
50600981.2356160581 694220.1513671875
50766819.0694178715 774438.1081542969
50764457.6612601280 771262.9870605469
51594494.3677037880 873593.4248046875
50596748.5838555023 690629.5739746094
50681395.2969410345 744589.3295898438
52106028.4151845351 893254.5556640625
50736847.7655347735 767474.7521972656
51346216.5248381644 856888.0864257812
51039696.0001026243 824130.4145507812
50679874.1385354549 743649.6203613281
51185313.1516935229 841363.1333007812
50684078.4973215088 746459.1406250000
51167528.8575478792 840604.0883789062
50782738.5521991849 779475.2265625000
51519512.9749805182 866259.1572265625
50714310.4524058327 756973.2810058594
51456601.7483782470 864623.2070312500
51645817.6194250062 875786.1298828125
50605840.5576119050 701514.8156738281
50675505.3698511794 739005.9472656250
50679595.1802999452 742138.1225585938
50707611.7355085537 755710.9167480469
51262428.8749649972 850666.4291992188
51312897.7807879597 853763.7563476562
50598082.2425640523 691735.3530273438
51260030.4177782312 850620.6796875000
50983289.6202822924 819707.4052734375
50773320.9533982649 777309.3879394531
50900327.9235739037 806742.7592773438
50585768.7505224571 677281.9052734375
50991485.1061746478 820817.8945312500
50768616.5479500294 775403.3420410156
50982904.4677460343 818855.9868164062
51418666.8841788620 861508.0478515625
50958490.8999479115 818332.9887695312
50768896.9477672130 776665.7062988281
50910220.7210345864 809489.8544921875
50898758.0225709155 806664.5283203125
50588624.3438028395 682379.0119628906
50617434.7002745941 707256.0285644531
50905664.0362253040 808852.1435546875
51088553.6877450496 829918.9853515625
51527997.8005812839 867537.8525390625
50625654.7365059853 712521.2221679688
50595308.8607744873 689988.9299316406
51345321.6858253032 854429.4912109375
51514074.9583560377 866107.9653320312
51222474.2518357486 843398.2221679688
51234513.1942356825 849611.4106445312
50615212.7061435059 706162.6962890625
50734409.7749014422 767184.8610839844
50575794.5700058788 649284.9865722656
50610158.6032551154 704668.3566894531
50585862.0916661248 678046.3850097656
50982872.8675517887 818573.4379882812
50720821.5434129387 758831.8410644531
50599341.7011349350 692756.4741210938
50598694.1205970868 692467.2519531250
51493661.9609866589 865136.3637695312
50582278.3706907108 671227.6730957031
50805539.3695895746 779941.9335937500
50706951.7388830036 754462.1872558594
50590536.5312371776 683838.8894042969
50607459.1776247025 702599.7880859375
50581589.5376468822 667882.8295898438
50611798.1377362385 706132.0339355469
50607593.7789501846 703322.5136718750
50655889.5459064096 724657.3359375000
50586202.6025684178 678717.0090332031
51093674.5233014971 830548.5424804688
50781250.6601684764 778744.4916992188
51088933.9953456596 830297.4682617188
50597195.5686715171 691032.1481933594
50669113.6407112479 736677.1450195312
50659303.3462199420 727792.5898437500
50741902.5733110756 767735.5187988281
51081249.5083130002 829428.6997070312
50664820.5959015563 734577.1850585938
51192051.1640627086 841403.8041992188
50574421.3800293431 642544.9733886719
50592699.8442500383 687527.2302246094
50578906.2357173041 663337.8300781250
50582290.4135508612 671359.1740722656
51152081.4927024841 838866.4150390625
50722831.0492993295 760074.5908203125
51156412.8128453642 839399.8305664062
50727981.7969849482 764166.5397949219
51045213.4541813508 826467.2197265625
50747334.4737138525 769372.4763183594
50593089.2925708815 688901.6467285156
50732921.8828707337 766454.1262207031
50588489.7175873816 680469.9084472656
50762608.9488562196 770605.4860839844
50597453.2185640931 691161.3515625000
50583338.9699017704 676615.0810546875
50574838.1425318792 642724.6750488281
50764578.7723771110 773939.6335449219
50593429.8034731746 689572.2707519531
50648348.0981813893 721839.6748046875
50574850.1853920296 648456.3198242188
50580417.9204129204 664324.7155761719
50725151.5136255473 762171.2019042969
50730091.5995113403 764458.7883300781
50580023.8770537302 663492.8981933594
50651279.1555440426 723630.1997070312
50663710.3969606832 730823.4584960938
50697072.9770246744 749444.3039550781
50663020.9713689610 728160.4287109375
50576920.9935736582 653146.0773925781
50704374.4215638116 751824.5842285156
50583293.5462374315 671539.5490722656
50651986.4049914256 724431.2646484375
50577365.1311051324 658401.9843750000
50699817.7367545217 751186.8732910156
50673029.5094135031 737162.7475585938
50657828.9011811987 727421.2695312500
50656219.0567519814 726904.5688476562
