50604883.6647728756 695248.0961914062
50618567.4412200078 706506.7170410156
50659303.3462199420 727792.5898437500
50581329.3023190200 665470.1345214844
50613757.2044366822 703322.5136718750
50741902.5733110756 767735.5187988281
51361440.0536740273 850626.2714843750
50816218.9594280571 779027.1813964844
51081249.5083130002 829428.6997070312
50586238.9329435080 677985.1101074219
50664820.5959015563 734577.1850585938
50980879.6806180477 812713.5009765625
52467397.9910658151 898099.9228515625
50739592.5252646208 767376.3674316406
51192051.1640627086 841403.8041992188
52163071.7467370853 887727.8530273438
52428629.2358755767 897119.8525390625
50806499.8032975644 775934.9714355469
51602591.7047941163 858449.9902343750
52535138.5122196674 898409.3437500000
50807217.1576543897 776246.3371582031
50916555.5526895002 805284.8952636719
51234008.9126201719 842375.0791015625
50574421.3800293431 642544.9733886719
50592699.8442500383 687527.2302246094
51132765.2708625570 830548.5424804688
51482644.9239446074 857326.2724609375
51267638.3058945686 845201.8598632812
50578906.2357173041 663337.8300781250
50721974.3089757413 756661.9152832031
52736124.0650206134 905280.9570312500
50587680.9379567951 678741.7827148438
50582290.4135508612 671359.1740722656
50892194.7752429098 795353.3498535156
51152081.4927024841 838866.4150390625
50611664.2174852490 701858.8364257812
50707805.2907038629 754871.7014160156
50732343.1682076082 764673.7673339844
51450029.3266937807 856212.5351562500
50877045.4854624122 793747.7233886719
50884638.0098593831 794914.8000488281
51039279.2473721206 822996.4472656250
51269333.7273290902 846676.5063476562
51776645.2876587734 859933.2568359375
50587475.2391135618 678074.9584960938
50722831.0492993295 760074.5908203125
51288656.4635859877 849077.9951171875
51156412.8128453642 839399.8305664062
52458207.8872727305 897529.8369140625
52574312.0610948503 904313.1113281250
50590368.7748887017 680886.5676269531
51097779.5278519094 829939.3271484375
50774417.2857523039 775305.4143066406
50727981.7969849482 764166.5397949219
50849954.1283094138 785727.1823730469
50946860.5956603065 807697.1093750000
51056450.7879786193 828054.2832031250
51045213.4541813508 826467.2197265625
50599818.7710215896 692003.1196289062
50714674.0185847580 756242.5461425781
50747334.4737138525 769372.4763183594
50572931.4909436181 631232.8933105469
50593089.2925708815 688901.6467285156
50732921.8828707337 766454.1262207031
50590890.4269346297 682449.3395996094
52549342.8405696675 902347.8339843750
50676886.9512793869 738196.0844726562
52137708.9726110697 886560.7763671875
50585898.4220412225 677314.4860839844
50588489.7175873816 680469.9084472656
50682003.2832708731 739634.6877441406
50762608.9488562196 770605.4860839844
50832023.8883284703 784794.8952636719
52316257.9918486103 896134.6455078125
50597453.2185640931 691161.3515625000
52080422.2342211157 882375.5888671875
50606217.3841721192 696129.2548828125
50874608.1914945170 793418.4631347656
50583338.9699017704 676615.0810546875
50854520.6149247959 792488.3200683594
50959072.7572259828 809802.9257812500
50601760.0528547540 693234.2736816406
50897030.6837087199 798853.1032714844
52120238.4286475182 883580.3925781250
50597344.5980359763 690489.1950683594
50789167.2745055482 775314.0500488281
51024988.6302934885 818218.9423828125
50574838.1425318792 642724.6750488281
50764578.7723771110 773939.6335449219
50993280.3233206794 815732.3320312500
50919535.2376989275 806339.9138183594
50593429.8034731746 689572.2707519531
50648348.0981813893 721839.6748046875
50989319.9951301590 815611.9580078125
50574369.5795612931 636113.5363769531
50574850.1853920296 648456.3198242188
50961926.8759800643 810274.2558593750
51015425.6662644818 816124.3374023438
50580417.9204129204 664324.7155761719
50725151.5136255473 762171.2019042969
50900866.2335074916 800683.4929199219
52062053.2245169729 877374.2167968750
50627894.1159657016 710252.5141601562
50730091.5995113403 764458.7883300781
52199358.0792139173 889851.6455078125
52281821.0738272965 890624.0068359375
50912855.7531276867 803656.7543945312
50580023.8770537302 663492.8981933594
50646073.4029068798 719459.5268554688
50972148.4545236602 810554.1220703125
50651279.1555440426 723630.1997070312
50901900.4702713564 803321.5925292969
50693607.2240724862 745146.0239257812
50663710.3969606832 730823.4584960938
50981216.2123961821 813475.7402343750
50697072.9770246744 749444.3039550781
50680357.2298479974 738569.2456054688
50683794.1567874998 740520.5319824219
50663020.9713689610 728160.4287109375
50576920.9935736582 653146.0773925781
50581655.3620036095 665554.0095214844
50694365.8835383505 746702.1101074219
50692522.8569670543 743564.5881347656
50704374.4215638116 751824.5842285156
50583293.5462374315 671539.5490722656
50642966.9747100249 713409.6477050781
50629823.7794772536 710681.8864746094
50651986.4049914256 724431.2646484375
50690313.7847260386 740771.0036621094
50577365.1311051324 658401.9843750000
50640005.1657286435 711239.0395507812
50699817.7367545217 751186.8732910156
51938224.5562218428 868722.8061523438
50639893.6886791363 711009.8881835938
50681669.2324515730 739445.7490234375
50695613.3779684678 748377.3530273438
50625619.4206911996 707872.3662109375
50673029.5094135031 737162.7475585938
51888665.2484199926 865150.9072265625
50669643.2339807376 736385.4140625000
50657828.9011811987 727421.2695312500
50656219.0567519814 726904.5688476562
52008799.6641369015 871257.7558593750
52003595.0115189999 868849.6640625000
51891520.8417003825 866205.9257812500
52053719.6604915187 872905.9267578125
