57334796.8914216980 997494.8212890625
58389035.7272821665 999082.8652343750
50726800.8899992034 664040.8153076172
51046183.5994063690 757183.3725585938
54494214.4181408435 976572.8535156250
50801163.9339483678 693159.0745849609
50872844.3012325242 715451.5214843750
50946886.4118632153 733567.6590576172
50884026.5636931062 723775.4216308594
50965166.6203893423 742330.0312500000
55879781.6163183674 988202.4638671875
56590670.2715770006 993914.9208984375
50778137.1192648038 685433.3052978516
51197668.3122204989 778190.3532714844
53666704.1434803903 950955.0449218750
54893296.4767444134 982946.1669921875
54968136.4032495096 983074.6591796875
56331324.4910633191 991791.1787109375
57887618.6853980124 998491.2734375000
51005177.6398841515 745691.2863769531
50752213.9629466310 678152.9704589844
50937275.7745770216 732744.2416992188
50961125.9068462849 742107.2656250000
51403980.7926352695 806560.6484375000
51469744.5217495486 811273.6650390625
51872896.5535659119 857379.7626953125
52935227.6774556786 915900.2963867188
54465920.8381007984 975321.1289062500
57152363.4887617156 997140.0839843750
56964822.4108971357 995116.5566406250
57051908.5277395323 996421.6230468750
51177317.5674281865 774949.0351562500
52675626.3847079724 905161.4116210938
52780366.4806855693 910470.2124023438
53692758.7757794186 951867.0888671875
53892043.8410732672 961061.7656250000
57425264.6407104433 997705.9658203125
57912942.4639845863 998715.4414062500
50856735.0552664474 712529.8773193359
52376929.4674714282 890701.7402343750
52766844.4895638973 910261.3447265625
52848170.7104246691 912699.9282226562
55007581.6368527338 983475.4345703125
55247339.2992500514 985727.1513671875
58621007.5283583030 999402.3876953125
57288790.0826692283 997366.5761718750
50895419.7604675740 725485.0760498047
50880382.5972492546 722761.9027099609
51168979.3501593247 770538.0166015625
51997064.5947503299 866141.9077148438
52668532.8906436637 904775.8627929688
53936755.6879017353 961385.8486328125
55122017.1424742788 984507.8730468750
56649079.9346085638 994131.7128906250
57489183.1697518528 998107.4599609375
51851261.4974001497 856126.7041015625
52884230.4597325847 914687.3852539062
54477068.3568893820 975881.6210937500
55062778.0283297002 983657.0878906250
52393984.1695738733 890730.7773437500
52621119.5613999069 903535.7885742188
52301981.6214777678 885788.2929687500
52953873.8666524142 917526.8652343750
52750635.8409361467 909661.6108398438
53843347.8865107596 958883.2202148438
54362041.7028594539 974407.3681640625
56202485.9179675207 991094.9355468750
50779295.1443983912 686161.5976562500
50868321.9291614294 714324.3193359375
58082428.3565543368 998794.4062500000
51900677.8892466426 860479.8774414062
52429273.5390194505 893074.1943359375
57300832.5700757354 997443.2167968750
52358857.9120611548 888083.1689453125
54240402.4528632537 971131.0283203125
57071171.6401608139 996716.0703125000
51349501.0386327207 801845.0119628906
51203466.5230250955 782517.0595703125
52194480.8189017773 878230.1328125000
51993591.9103447050 865174.8007812500
52647097.7250974774 903575.0341796875
54394267.7450330406 975130.4218750000
55327014.2500614673 985805.3291015625
54895004.7385936826 983000.6699218750
54873417.5131593049 982914.2695312500
58312639.7046638951 999063.3505859375
50782841.3372984901 688304.8779296875
50758252.3688767105 683682.6434326172
52432747.4130488634 895089.1025390625
54294541.4061532840 972589.8027343750
54629657.6711258516 979707.8544921875
57410617.3825204223 997514.1044921875
58192650.7672028318 999018.5742187500
52229956.1162915155 881425.0717773438
54980770.7862371206 983113.0136718750
57695256.3423264176 998410.5927734375
52945179.9175386056 916851.7612304688
51820146.8619045317 851899.0424804688
51893965.3584010825 859208.6044921875
52690670.3743769899 907840.1049804688
55206123.2294948846 985500.9208984375
55714977.9936759472 988174.3574218750
50774051.0162595287 684822.1799316406
51398543.1739773676 802103.3393554688
52688303.4159008190 905329.7983398438
50903691.9139172807 727265.1442871094
50891222.2281322181 724583.4300537109
52722528.7458229288 908631.3793945312
52619219.3730947599 899874.4511718750
56759707.9286598861 994695.2216796875
52052896.3245032057 872256.5634765625
52712272.9737147465 908460.9799804688
53749852.8669241145 953226.1713867188
55539263.6113253459 987610.8486328125
57416429.0936128944 997544.3525390625
51279084.9689253569 791584.7458496094
51829506.8885040209 854496.1450195312
54381674.5694378167 975081.1123046875
56654952.2268887237 994292.2607421875
57541840.3063645214 998122.5996093750
51296756.7704244554 795692.0463867188
51872942.0955943689 858603.1572265625
51705105.9312445149 838417.0000000000
51726044.6812353805 844054.5507812500
51707630.1826492324 840242.3510742188
51787879.4313549697 849336.9047851562
53650595.6944581270 950486.3789062500
53649354.0821182951 946685.1245117188
54283733.4688499048 971360.9531250000
54873404.5865980163 982508.9365234375
56697569.2788889408 994434.7685546875
50740034.8573516235 675600.9876708984
50756052.4628931209 681973.7460937500
50747791.3143647835 677832.0804443359
51114748.7717477307 757454.5798339844
51831223.5619316399 854795.2612304688
52124749.3598558083 875896.0986328125
52508193.0276429281 898655.1464843750
52561456.0558814630 898718.2910156250
53831205.2910517454 955818.3696289062
56670093.8567077070 994432.3085937500
50804568.0896580666 696763.1411132812
50841064.8943285868 710364.6434326172
51231273.1696702987 784745.9614257812
51907422.9709412083 861624.3339843750
52036683.0929992348 870893.9760742188
55496977.6831018254 986098.3701171875
50817316.2505850792 704041.7227783203
51004742.5191524103 742580.9682617188
52035574.0814833716 869699.6118164062
52342666.4718879536 888003.7827148438
56738166.4811153561 994613.4384765625
51419130.0666926280 809206.4770507812
51838783.0149177983 856042.9829101562
53735412.4139934555 952458.1489257812
56462578.4938462600 992322.1757812500
58428356.5455729514 999099.2548828125
51574174.3911831602 812762.8281250000
56781979.8758795410 995018.8408203125
51966741.1025318429 865168.0756835938
53885434.8204159886 960229.7641601562
56760115.4021362513 994995.4160156250
58533275.3777913302 999131.0312500000
51324656.7131667137 797936.2275390625
52471293.8459450603 895683.8974609375
53728931.4205175787 951908.6733398438
55140210.7498278096 985165.9863281250
53814507.9786247164 954354.9594726562
50839048.0436494350 707760.6949462891
50827267.3925792873 704101.9626464844
50935709.3810222372 732603.1308593750
52362820.4226552993 888164.2495117188
53861254.6037838310 959657.2788085938
54128928.9465880543 968630.9873046875
54746268.3098001927 980794.1611328125
54089853.2581995502 966014.0673828125
51771058.9808176011 845107.9541015625
54131621.9007498994 968683.0380859375
50831264.0337827057 704503.0864257812
52009184.4963140562 867708.4780273438
54038722.1176784933 964716.5346679688
53982910.6204852760 961687.6210937500
55410597.6840322837 985950.9277343750
55992514.7864356712 990326.1777343750
50814993.3953771815 700755.1958007812
50918945.8710474074 727751.0148925781
51222563.3484550864 783380.2717285156
51247935.8262607604 787099.1450195312
55418950.6706472635 985990.6933593750
57019418.9168024957 995621.7939453125
54040725.8495539725 965398.7958984375
50792994.4214090779 692391.2670898438
54078303.2261921838 965791.9785156250
54795548.8626078069 981311.3164062500
54831633.2580889389 981704.9023437500
55647724.2486953735 988014.2207031250
50959300.8759842068 736774.0964355469
52404377.0153076649 892251.5732421875
55227995.8324713036 985569.3583984375
50856336.1004512832 711683.7492675781
54590251.3596283421 978706.3173828125
54743019.6444711238 979955.9882812500
52323272.2039383501 887147.5097656250
50809774.7080163583 699451.8765869141
52250009.1326887012 885097.8046875000
54213112.5300177410 970064.5449218750
51339354.0515077785 799008.1562500000
51315071.3348210230 797181.2094726562
50959333.7304885536 738438.7790527344
51283709.1702926010 792307.0429687500
54739624.6500356644 979765.0488281250
54585457.9369639307 977186.2080078125
50807198.1878798530 699322.8779296875
51935511.1131325141 862170.9560546875
56015397.0671949312 990647.3261718750
54737615.1971652061 979751.2529296875
57015653.9632837549 995576.7128906250
56048361.4132953659 990663.7685546875
56142883.2222376689 991087.8857421875
52219064.1629907638 880155.7182617188
52231222.1149532646 882723.1459960938
50817128.8592596054 702832.9650878906
52058980.6149484441 872722.0048828125
54013194.7689953297 964671.6928710938
51185850.7121105641 775585.4858398438
54231002.8566353917 970538.2060546875
51257723.5333141461 788541.4279785156
51907566.3478502780 861723.2221679688
54099757.3925377652 966668.2246093750
52185914.0564535558 877322.5249023438
53546074.0735757202 941836.2880859375
56588054.8788766563 993724.1416015625
54170265.1257686839 969050.2519531250
54095051.9077846631 966238.4882812500
52092989.9442344457 873572.6074218750
57605941.8538002968 998130.8847656250
51239753.4190038070 786041.5820312500
51296136.1804459617 792414.1386718750
56231771.9477679804 991405.7558593750
53962440.2397101969 961502.6787109375
58457672.8884717077 999115.8007812500
51769225.6962920278 844614.9521484375
52118638.2794061974 874454.2836914062
52600389.3453030065 899651.0717773438
53646217.1376115233 943980.7841796875
54326732.9294473752 973072.9160156250
58310328.3478489295 999041.9990234375
51949444.3659268543 862821.1108398438
52206445.2761147916 879835.3935546875
56141474.1485515907 991064.9482421875
52008149.4953827485 866320.9760742188
53554068.0949406475 942671.2802734375
53459618.7034096569 939277.7924804688
53601471.2576733306 943726.1582031250
51806378.5373292267 851527.9355468750
56489964.0109420046 993156.6845703125
57639672.9565711468 998139.2363281250
51033503.4034110233 745769.3498535156
51822647.1521606371 853506.7939453125
51800831.1420800984 849686.4536132812
56566190.4051333666 993707.6992187500
51275937.2906401902 789020.3588867188
56563614.7021742240 993216.7705078125
51167157.8317500576 764774.6777343750
52368380.3836775869 889514.3168945312
51900706.6115068942 860733.8710937500
51934800.2129218578 861752.6821289062
53137776.6362791732 921583.9287109375
52161276.1909791008 877186.3476562500
52117770.0911930054 873830.3740234375
53152455.1426903754 921623.8496093750
56386781.9909245968 991987.2275390625
56077515.1593291834 990705.2519531250
53166440.7324572578 922370.2714843750
53176130.0637135580 923321.4101562500
55986149.4713775069 990077.2333984375
53104706.8311469406 919385.9501953125
51121634.2695639729 758900.2951660156
55984030.6266088635 989841.2050781250
51043933.2742288262 748279.7641601562
55990048.4987841174 990144.2607421875
55965795.0884990245 989668.0644531250
51040571.3110703602 746895.5251464844
51160564.1760351881 764031.6037597656
51153872.7818039209 760096.1071777344
55946430.4698600322 988643.9218750000
53096955.6494742259 919111.0136718750
55908234.3094276562 988288.8642578125
56309310.7089756876 991652.2929687500
53049169.4449309409 918153.3974609375
51042645.3865982220 748041.3256835938
51160377.2422819585 761361.3327636719
51621558.8808669671 813781.1762695312
51684647.3888410255 814384.2187500000
51627529.1084975153 813854.6108398438
