54050136.7948516682 973997.4511718750
51163291.0830012634 798759.8359375000
51141936.5341720209 798205.8425292969
53073782.3394304365 938406.0429687500
53440953.2264724970 954514.7910156250
56680423.3879935220 997380.3134765625
56624784.9078143910 997177.3056640625
51203824.2480722144 808444.0937500000
54085755.0277898759 975458.6796875000
55300357.1038712487 987212.5185546875
57700555.7048676834 999131.0312500000
51081968.9354300871 785885.6240234375
54022864.2916323543 973457.8378906250
54412853.5957316309 979766.3681640625
53167298.7627041861 941558.1552734375
52138815.8024800047 889491.8286132812
53206442.3368787318 941958.0141601562
56152643.3219940811 994434.7685546875
51093479.8017177358 791005.5815429688
51397826.9239865392 828181.4404296875
54924787.5210555345 985544.8759765625
53237651.3551422507 947039.8271484375
57309690.8662388548 998715.4414062500
51937269.2937678397 877038.1201171875
51893421.1835631952 875574.9023437500
57373888.4991566241 998747.2177734375
55814850.2762442455 992174.3359375000
50928453.5222729072 749890.9179687500
56457489.0361181423 996349.6210937500
55797280.9669052064 992096.5224609375
56470257.4309696779 996716.0703125000
52995782.7618003413 934775.9833984375
57074210.2413773462 998410.5927734375
51981006.2634858117 881600.6513671875
52285535.9945213869 895923.2495117188
52849824.9085693434 928561.1669921875
55049328.9041232988 986920.2910156250
56019012.5819874778 993874.1455078125
57879626.8918382600 999402.3876953125
52200018.8275073692 893049.1972656250
56056827.1307946220 994393.9121093750
57659004.6537930146 999099.2548828125
51761890.5209465995 863129.5083007812
51949240.5933160037 877895.4291992188
50663170.6996437013 666759.8161010742
57676488.3362792879 999115.8007812500
51076251.6544983238 783594.1679687500
52701889.9897801578 917086.4047851562
53100092.5588499382 938985.4653320312
51868662.5105709434 874333.3671875000
55596728.8624292910 990886.3701171875
56690534.2449535131 997443.2167968750
50752761.5232713744 701688.4084472656
50735775.0709659457 697045.1256103516
52341078.6832672730 901659.2954101562
53305209.3020380214 947586.4121093750
53735356.9212357998 964087.2548828125
53832343.3958949447 967665.1044921875
54874865.7757592425 985219.1513671875
56398967.4254474938 995463.8701171875
51857280.5925035998 873863.0600585938
50658113.1066920981 666233.9288940430
52864305.3081899881 929452.7412109375
50602952.5832726136 618470.3544921875
50681447.9476733208 677276.1771850586
50884297.6775299385 737160.2568359375
51614997.5587529913 850798.2910156250
52749683.6066138670 922588.5019531250
54955572.5882693008 985999.4521484375
56549560.1393045187 996825.5917968750
51138913.0862226784 797006.5800781250
50763748.4328935668 705224.6368408203
51746252.9265329763 862955.7089843750
52843413.5593758374 928090.7939453125
53896798.5652419105 970232.6748046875
56275413.6041917503 995177.2832031250
51216935.8697762117 808493.3759765625
53118981.9553047568 939020.5234375000
56093598.7531329766 994416.4316406250
50731343.9408143759 696723.5515136719
51318834.6025553271 818361.1660156250
52684128.2900377661 916289.2768554688
54996183.5808251053 986213.2460937500
51319523.8409527615 819524.3969726562
53777061.3470621631 964599.0664062500
56569160.0311689973 997140.0839843750
51727425.7293547392 861846.4790039062
53834123.7114073262 968012.7636718750
51150481.0410904810 798402.6538085938
51681083.7652232274 856210.7631835938
53060465.3748887852 935824.9189453125
52756440.1831743345 923910.3408203125
53013226.7233733833 935455.8886718750
56657945.0039670244 997180.3808593750
56512416.7881562412 996738.5898437500
57027369.8594440594 998171.7509765625
52827963.5722526833 927225.9550781250
50771719.0251467153 709216.9494628906
56801797.6017780378 997683.4462890625
57507098.6259274632 999018.5742187500
54843892.9719306305 984764.5751953125
51729878.8719113916 862031.0000000000
50718410.4563074112 693226.3732910156
53865322.5768436417 968288.5771484375
51287210.9088169634 815826.1166992188
56192082.9637228623 994754.4677734375
51764397.2665872723 864492.4150390625
56228276.2516503260 994960.8046875000
57562723.5025728568 999055.7958984375
51839762.3853906170 870843.4306640625
53127178.4100701436 939140.7275390625
50747166.8316765726 698875.1820068359
50714101.6183854118 692653.5589599609
50704892.2498322129 686505.9302978516
51164931.8169223592 800724.1567382812
56881100.3101128787 997792.9677734375
53747921.9352293164 964110.6406250000
56751593.4338289797 997494.8212890625
53668500.0674762428 962484.3339843750
51846615.9302265644 871677.1103515625
52876736.5496066362 930578.4951171875
51132488.9515352696 794842.4111328125
56746629.2923989519 997458.6035156250
56900700.2019773573 998107.4599609375
54674585.8197238743 983354.3154296875
53807260.5260648802 967414.7714843750
54517649.5223772153 982319.7128906250
52119367.9916572645 889317.6284179688
57572183.3115977198 999063.3505859375
51306803.0054393709 817252.9082031250
52139962.3532055914 891266.6386718750
52292294.6120273694 896730.1357421875
50650336.4469013512 647761.1395874023
54484037.5874143615 981704.1533203125
57355511.5287239552 998724.1894531250
57528242.6232087314 999033.7138671875
57268613.7357956544 998491.2734375000
50671362.9704241976 672103.9171142578
53003651.5705292672 935107.6611328125
52921178.7640355006 931571.6254882812
54405180.3052143678 979714.7138671875
50887333.0003848970 737564.0645751953
52169550.0521877185 892757.8032226562
51562227.6927055791 843280.2905273438
50828428.2889596820 723896.8889160156
50893955.2629966661 741372.1679687500
51573256.6748200059 843369.9433593750
52801247.1826080531 924138.5908203125
53714351.9841265678 963824.5800781250
52891936.8028050214 930910.1728515625
54470446.6217898205 981262.6953125000
52863271.7769850940 929077.6513671875
50664735.3693038672 668613.8484497070
50669077.3659573793 669211.0733642578
51807910.5131705925 867760.5405273438
55488656.1096504331 989842.6142578125
57167866.1304530054 998423.6318359375
51166685.7593481541 801766.8576660156
51236048.0092438534 809246.7441406250
54129598.4258962497 975996.2998046875
50697018.5945243612 684899.7484130859
52379893.2900921106 902190.1718750000
53597627.6700202525 959265.5820312500
50663744.0432308763 668448.1674194336
51634137.4924134538 850857.8081054688
52161053.3688481003 891797.5151367188
53508821.1948806122 956936.3496093750
53626266.3818802312 960610.6826171875
53608800.6512241513 960465.1376953125
51595605.5876468793 848029.6918945312
51640476.8660823256 854109.4062500000
54581720.2903167382 982815.2265625000
53950703.7736077905 971481.1201171875
56398972.5135151893 995472.4501953125
53581135.3789082840 958896.5517578125
50602710.9413088486 608199.6674804688
53801252.1103754118 967312.4179687500
52067596.5020130873 884924.1767578125
51991052.0819740072 881879.9477539062
56464346.3547259644 996381.4267578125
50858030.3380173147 731214.9414062500
55426919.8935831562 988814.3017578125
51689095.6577592641 857733.7529296875
54616515.2585544437 983131.5419921875
55963083.0134571120 993676.1884765625
50622396.4372986406 626915.8148193359
53655906.8918810189 962435.0244140625
51261629.3820655346 813696.6201171875
52411757.0806992352 904428.5283203125
54307013.2311606631 978680.6064453125
50709808.5735757127 690455.7259521484
50675536.4467165470 672824.0518798828
50687674.9982821196 680358.3022460938
51710572.8942227736 859702.9194335938
53498887.3326302916 955609.0957031250
53332259.7228958309 949467.2285156250
51763599.5292044654 863855.0761718750
55485795.4576864466 988995.6289062500
53417531.3268609196 953417.4814453125
53426901.6750065982 954019.1582031250
56416229.6366587356 996133.5449218750
55926967.6043551266 993481.7207031250
52620771.3974870592 914466.6137695312
50864311.3167556301 732251.9747314453
53463485.4309354872 955074.6103515625
51638761.1767900363 851600.9619140625
51170632.8507706523 803860.6518554688
50893461.9756143317 740975.5654296875
50618567.3284544498 621134.8036499023
51699145.5458267629 859470.6323242188
50626783.3052462414 628634.3017578125
53696199.0319134444 963490.4765625000
52465552.0778006315 907259.9545898438
54123192.4248084128 975970.1376953125
51363477.4105129912 824119.6040039062
52408584.1380563006 904077.4648437500
54537496.3852563351 982513.8359375000
55893676.3641012236 992978.6552734375
56012192.5474341065 993802.5673828125
52564339.3360783458 910388.6967773438
57263888.7519295812 998459.5361328125
52395720.6735564172 902849.4770507812
51249558.0735679343 811413.4497070312
54283100.1502119228 977836.3037109375
55350778.3657022864 987903.3378906250
54408151.5765526667 979748.7304687500
52234313.6554909199 895036.8779296875
51250649.2524669915 812745.0830078125
51129992.5517852530 793678.2636718750
50912036.3975770846 743804.5649414062
50678844.8707495630 674449.3184814453
54196227.6213852093 976642.3525390625
54160675.2975509167 976054.0859375000
54140796.3339658082 976022.1884765625
52405306.0519021079 903934.0229492188
52450668.1050869599 905612.4775390625
52105460.8814576343 886728.0166015625
53539384.2783309519 957210.8613281250
52116625.4768508002 887731.4970703125
54173430.6507170275 976282.6416015625
52232728.5709075183 894202.5537109375
55754885.9673579037 991440.4033203125
50692718.7659134269 680885.9974365234
51470090.3278376013 831855.4482421875
51440750.0102728307 828564.9018554688
55538319.8308811039 989870.5507812500
52224558.1972247586 893459.9140625000
51529812.7559893504 836461.9951171875
54865716.1369256377 985025.0283203125
55756737.3465233669 991676.4316406250
55668292.8327855468 990955.1220703125
52308723.2435215265 898161.4775390625
51516011.3118686676 832509.4453125000
51448908.2129329219 831273.5805664062
53725250.2179224938 963881.7783203125
57006859.7573570088 998112.9648437500
51554698.6334160864 838139.3120117188
54781624.3448754698 984068.8574218750
54430511.4149629399 980843.6943359375
50648385.8310582787 641386.8768310547
50760952.0002324730 703493.9379882812
50635253.1456810534 632757.0124511719
50644489.5236877799 637760.1773071289
50845749.3063624352 725085.1723632812
51338923.5145345256 819568.4633789062
50910215.6811883673 743471.0212402344
50656052.3698303625 650573.9699707031
51494922.3045969382 832087.2104492188
54383042.9050143212 979311.3417968750
50637867.2610760033 634643.7013549805
51041755.7771234140 774321.6359863281
51041013.5752634853 773941.7150878906
52605712.1613151357 912121.1440429688
51522132.3821645975 833232.1464843750
51547557.0646972656 837650.2529296875
57240161.9202387333 998437.4492187500
51536434.6788001508 837607.2705078125
50645300.9140487686 638203.3759155273
55192291.8246376738 987145.5771484375
51552323.6155544668 838028.6811523438
50640771.9812827408 636879.7988891602
51062162.7356728241 775871.7790527344
51017025.7778082713 768310.9206542969
51051012.0699132830 774880.2004394531
51072218.0004139692 777086.6806640625
51034493.3500870764 769952.8781738281
51036980.6069356725 772919.1816406250
51030698.7941582352 769057.1853027344
50818557.4816436768 717700.3024902344
50812212.7261516601 714297.4079589844
50943943.7559522092 750844.6042480469
51010427.6327010244 764239.5083007812
50993886.5267516449 763545.3334960938
50978473.5493498743 759910.9995117188
50986989.2028810009 760080.5361328125
50963341.4850318655 753323.9711914062
50881355.6173430979 733564.8801269531
50955368.0072736666 753299.3168945312
50967635.7938299254 756562.8720703125
50857277.7798815072 728520.3208007812
