51428482.3066464886 828370.0024414062
52549799.1839786619 905719.4570312500
50594357.0007254258 629577.7822265625
53413178.3130682036 939007.5424804688
50679947.1544413641 686910.9770507812
53553154.6037408933 943430.6215820312
52064368.8720629364 879337.3886718750
53349595.8462331370 937114.2436523438
53616202.8211764321 943848.4262695312
53347257.3203356490 936748.6567382812
53394332.8251295164 937274.7382812500
53560087.8894472420 943833.1171875000
51324922.1754418239 818362.7573242188
50685358.6407059431 690368.5771484375
53170991.9086041600 932949.4331054688
51350665.7463468686 820680.8588867188
55559019.2743993551 979506.7167968750
50942251.3399709761 763221.4084472656
50937959.2280110270 762877.1108398438
51061392.0561011881 780821.3625488281
51744855.0492974296 855917.9433593750
52371396.3817757964 897826.0258789062
50626691.7126891986 658852.8482666016
51101891.7249694690 785996.5449218750
55942345.2691099197 981978.0849609375
50676216.8177369907 686541.3901367188
50787022.9538822025 727820.4670410156
51104813.8709194586 788638.0131835938
51259857.9635822549 809439.4291992188
53241330.7638513818 936547.8139648438
53095950.1592764109 927835.8725585938
55449184.0031561255 979150.8730468750
50999341.0857928097 771473.6076660156
53489276.9606090933 943002.0688476562
53141148.3337736577 929745.4096679688
53210345.5823710933 936058.7915039062
50578624.3697831854 610670.4960327148
51388094.0735776648 822734.3979492188
50619116.4878813922 653651.5362548828
50828611.7506832480 735986.2856445312
51064099.8753043190 784190.0292968750
53904958.5097796917 954250.2548828125
50885864.6017189771 750846.6398925781
55481880.6989500150 979314.0068359375
52145913.9320771992 884688.8227539062
54212187.2673485577 961119.9794921875
53842246.8369556218 953721.0449218750
50981651.5350997671 770734.9042968750
50751540.4572664648 713846.4207763672
53188616.7986290008 933321.8632812500
50748724.8930808604 713152.6004638672
50936296.0721644238 760177.8747558594
50987670.5695774332 771191.9597167969
51904018.4329177663 869851.0922851562
55203590.0803408325 973564.8291015625
50925926.9585673809 757185.8127441406
50999746.6030511037 773176.8444824219
50969512.8953189477 768624.5607910156
50959641.0318018869 763992.6699218750
51537796.3882905766 836098.0869140625
52977747.4848545641 926069.3925781250
54215111.8780285716 962356.8393554688
50798625.1783295050 729804.6552734375
50625180.0279935747 658811.2008056641
50882197.8763366565 749338.7128906250
50963428.3751548007 766748.0588378906
51650654.4503664225 848013.2041015625
54269624.7517469227 963517.3583984375
56013446.6791908741 983011.3935546875
50913673.5357702151 753936.2797851562
50645168.6470800191 669040.1370849609
50918004.9434750751 755316.4353027344
50890288.6073500365 752818.7131347656
50920183.7712493166 756795.4851074219
52411938.1286038905 899537.4555664062
50632931.2132453471 663134.1638183594
50888534.9186254516 752288.3059082031
50885845.3750907108 749596.2751464844
51626133.1836304739 843746.7895507812
53051333.2885676771 926851.2675781250
52421090.6597729698 900961.0166015625
50813168.9641678855 733690.4838867188
50785334.9794275761 727747.9030761719
50857726.3403735235 742602.6940917969
51176026.7857809514 796735.3146972656
51283482.5011167452 811601.5524902344
53136097.3378043845 929620.5312500000
50752524.9552037120 715115.4729003906
50834860.7237057537 736614.2081298828
54092104.6790460199 960608.0478515625
50868443.9440234154 747428.7229003906
50847773.5353785902 742180.6997070312
50835977.2807526365 739778.3715820312
50866257.3568651378 745417.2851562500
52893299.1430623531 922484.2607421875
55418716.4095266163 979057.6328125000
51697699.4467030615 852528.8320312500
52154121.1312448531 885513.6713867188
52059993.2773592994 877402.7451171875
54501223.8059910685 967072.0000000000
52574066.4844422042 906992.9340820312
52992315.5901645049 926316.2529296875
50599666.2978217676 635661.7473754883
51164102.3792345077 795028.9038085938
54983803.9928480238 972684.4990234375
51251276.9345389903 808107.6572265625
52874260.0171095431 921423.5869140625
52819546.0043699369 918302.9096679688
52858400.7654821873 918552.8642578125
52799001.9473101646 918043.9936523438
52735569.5267360285 915826.4931640625
50773322.6523655877 721483.5485839844
54753731.4155255258 971328.9882812500
51156972.1436080933 794618.5737304688
51370908.7154085562 822442.4042968750
51979829.2818960324 873435.6962890625
50752424.7724016979 714955.0490722656
51040569.7473414019 776052.0598144531
50637769.7163558006 664249.2235107422
52508103.3157968670 903177.7309570312
52785647.4605779946 915978.8071289062
52640992.0821209922 911492.7915039062
50674058.9671299011 685802.8215332031
55416077.9845997095 978287.4150390625
50666470.0849272013 681357.6871337891
51936541.7803773060 870969.8515625000
50656364.0650821179 678303.6621093750
52469431.1978669167 902980.4941406250
50591916.0579311252 628730.2503051758
52013703.1877166107 875586.5810546875
52517331.7483171225 904382.5292968750
54611568.3544269428 967172.7031250000
50696196.0367414877 694771.5676269531
54342801.1099140868 965838.6904296875
50628622.3753233477 661036.9451904297
51634642.8653722703 847691.7773437500
52187329.1829146370 888354.0937500000
52281262.2683523819 893415.3115234375
52245321.0828070194 890303.4765625000
50618573.0779329389 651738.1622314453
52211538.0287055448 888861.4257812500
51801293.3588017821 859481.9042968750
73140617.6621684730 999055.7958984375
50671614.6879829392 684763.9896240234
51588634.9885695055 839603.3652343750
55479399.9724470600 979259.8300781250
50622883.2060177103 655870.5645141602
51034122.1437321007 775447.5432128906
52162052.0983235240 886795.0190429688
54430242.6153709069 966975.2187500000
50591844.2714281157 626924.5107421875
51772256.7860888094 858501.3989257812
50571870.8917325735 596278.9326782227
52236238.1813141406 890188.4228515625
51808590.2433734015 860139.0424804688
51217485.0290887356 805366.3857421875
54216740.7455586642 962428.1406250000
51980091.2663668916 874816.1235351562
55898644.7367495373 980529.8964843750
50634370.3131351173 663217.2645263672
50601535.8752497435 636272.0643920898
52078777.9160811678 879575.3417968750
53723462.0694971681 949726.6933593750
50579872.9815352261 610944.5330810547
55045289.9665016308 973355.7734375000
51541511.2480094880 837862.6713867188
50603891.1159444600 637786.4562377930
50631083.0191728175 661075.5024414062
54291857.3622181192 965534.9414062500
51224563.0936178714 805552.0473632812
54002320.9219984785 959195.7900390625
73042594.8352298886 999009.4609375000
51311128.2268198058 817369.0864257812
51438390.9807204083 829491.0756835938
52095434.1872049719 880954.8588867188
50624148.7031305805 656679.4626464844
50806496.1974810511 731862.3073730469
51934738.6454405263 870534.7460937500
55355214.0299998969 978084.8007812500
72711243.2320706248 998677.6894531250
71863465.2060502470 996893.5791015625
51883364.6817900613 867843.5195312500
51047184.4370652288 776245.8325195312
51191246.5515891835 800579.5097656250
52216397.7990444601 889808.2719726562
73012964.5840048641 998989.9755859375
50612397.4199389964 645567.0491943359
72415418.5335304439 998022.2392578125
50700795.5577754974 695386.4946289062
73401816.8400987536 999402.3876953125
51587067.9703220129 839521.3847656250
55711473.2972837836 980291.9179687500
73201461.3117247224 999131.0312500000
51015560.0388732329 773298.8291015625
52277750.5343150124 892347.0849609375
51141972.4615709558 793657.3105468750
50691058.2955839187 692927.9792480469
51400342.8829336688 824613.4760742188
50791983.9712903649 728650.0341796875
50794824.6185919270 729714.5795898438
51998534.8504052833 875172.9184570312
50595022.4525941536 631177.0084228516
52592614.6141620502 907237.9414062500
51119820.3357396349 789964.9775390625
51414430.0631654933 827765.4360351562
50581406.2904491872 613421.8694458008
51876224.9217409566 865808.8886718750
52007767.1548358873 875483.0371093750
51823915.1252116188 863763.6333007812
55330062.8498344868 976930.8779296875
51943397.2562269345 872639.9101562500
53685238.8794585243 947595.5732421875
55242706.1525657326 976178.3398437500
50670108.0178051218 683856.4306640625
51772597.2969911024 859463.8666992188
51888609.3128705844 868980.4248046875
50823157.3056134582 735390.4368896484
51228210.5819664672 806606.7890625000
51177374.6109850556 799847.3559570312
50576138.3644473255 606339.0505371094
50597031.9584805518 634181.6143798828
51138359.0667997301 793064.3129882812
51205070.0202259049 804354.6547851562
50638563.5855107009 666200.9776611328
50653010.4508638605 675818.7528076172
50659202.9591784775 678424.8068847656
50784941.3904947788 726373.8408203125
50667583.7664004117 682802.0164794922
51604088.1431155503 841991.9169921875
51618021.6204664186 843170.1708984375
50767738.7008307204 718192.4978027344
53884011.7685381696 954007.9589843750
51346050.6849765405 819024.7329101562
50646849.3880754486 671993.5718994141
53623099.7547839358 946820.0634765625
53981014.3791412339 957098.8583984375
50744028.6237517819 709377.9260253906
51740408.8696594462 855294.2431640625
51753034.3364413455 857204.0883789062
55241918.0278584957 974176.5625000000
50628438.7118498236 660531.6989746094
51693762.1069929451 850048.5917968750
53414322.6736805514 939131.2490234375
51501167.7789654285 833536.6635742188
53938294.9396830723 955513.3027343750
51288927.2848599479 812118.4394531250
50769125.3597263694 719534.7722167969
50651042.6604510322 674977.2850341797
53455208.9633486643 939697.6562500000
50648188.1993210614 672034.7687988281
51535722.5463571474 835475.3613281250
50585320.6773343459 620878.6683959961
51278421.9836029857 810623.0747070312
51238094.2433126047 806910.9272460938
51474083.8616263643 831886.0649414062
50575997.0619978756 602029.4509277344
50725198.7341915891 703632.8017578125
50730327.8222227767 704229.1958007812
50589373.9072885066 625079.9946899414
51340722.2259349599 818724.1718750000
50589920.5790066645 626793.1679687500
53686251.7509755120 948309.2822265625
50644404.6358142346 666850.6170654297
51528899.1034292132 835231.2910156250
50576598.9655101895 606497.5214843750
50741241.3376863301 707546.9735107422
50733715.7326767072 705962.5366210938
50718749.2806807980 699590.5093994141
51169543.2259223610 795084.0126953125
51098609.5910810977 785128.9311523438
50719609.2310061455 701198.1221923828
50723253.1974499971 703064.5773925781
50743716.5683697090 707599.3588867188
50579975.9205877483 611127.2960815430
54936569.2378048897 971907.3535156250
50623921.1126608104 655968.6926269531
50581799.9682864845 614458.8360595703
50610582.1632819399 642967.2858276367
50574975.8276717290 599714.5109863281
50586543.6239291057 622778.9337768555
50577268.0486439019 607823.3174438477
50618124.2203681022 650834.2099609375
50616077.4168018699 649925.4941406250
50588828.5393379703 624158.2083740234
50578132.2744241506 610027.8878173828
50584203.0359979123 619749.8545532227
50608333.1786883622 641394.0582885742
50587579.9910754710 623802.1667480469
50575741.9968105778 601118.9847412109
50574212.9350585565 599444.7095947266
50608167.0353204161 641083.5326538086
50607584.0406031981 640550.5194702148
50587511.1661595851 623432.1656494141
50577554.4648805112 608137.2225952148
50583775.4902675077 618486.2221679688
71371649.3600016534 992942.6425781250
71312216.3580301106 990203.7207031250
71854185.4543574750 993451.4501953125
71140884.0959987193 989562.4082031250
71049201.6201007515 984630.9912109375
