54344245.0746559426 978089.5830078125
53693851.2321739644 960562.1445312500
54140796.3339658082 976022.1884765625
52256378.2924195379 895246.0800781250
52173732.7568665296 890911.5463867188
53433538.3688323796 950107.8652343750
54545001.3524564281 982513.8359375000
56917192.1524262279 997688.0458984375
57111383.5011863783 998378.8554687500
51326641.1602022648 818193.7954101562
52602168.7494432777 909524.3247070312
52405306.0519021079 903934.0229492188
53328991.1981088594 943712.7294921875
56981351.5101065263 997697.6689453125
57944387.0454778075 999402.3876953125
50902660.9300873429 738733.3447265625
51273416.4277320579 813167.0444335938
51817812.3517232761 865125.6005859375
56629839.0249772742 996669.7392578125
52450668.1050869599 905612.4775390625
50686034.3643672466 674593.1551513672
53504889.9274505824 952419.3178710938
53605275.9903581515 957238.3457031250
54623276.3486167118 982594.2910156250
56656722.6290536970 997063.2626953125
52071656.8472605795 883840.2182617188
51810457.1107160375 864829.8300781250
53942157.5170126706 970226.2285156250
56576125.9056988806 996642.2871093750
56713398.7782612145 997411.7060546875
51747186.0311267301 861284.4536132812
55956027.4092415273 993463.9306640625
51130240.6641266122 786543.2905273438
53711412.7621454969 963490.4765625000
56535407.0413134992 996546.7285156250
52039343.9151247889 882752.6352539062
52105460.8814576343 886728.0166015625
53174127.7255421951 936461.8486328125
55899416.4153866097 992893.8378906250
53539384.2783309519 957210.8613281250
53694737.3320405036 961495.6748046875
51833396.1998449117 865615.9931640625
55489364.4024632573 989686.1796875000
57580072.5235362649 999041.9990234375
50686426.5931458026 675579.2551269531
52116625.4768508002 887731.4970703125
54925696.9313384071 985544.8759765625
57613832.9264383689 999055.7958984375
50691749.5335924104 677012.5423583984
51285757.8780665919 813269.2988281250
51255232.0076511279 811640.4667968750
51665785.6111794785 850347.0771484375
51139080.5979316309 793776.2792968750
53431857.2623569071 949624.3984375000
53847199.2314834297 965046.5703125000
54173430.6507170275 976282.6416015625
57107780.3389343396 998153.8310546875
52232728.5709075183 894202.5537109375
53879013.5012432709 967606.3222656250
55754885.9673579037 991440.4033203125
53692466.1611696258 959214.3593750000
57183195.5684138164 998396.6103515625
50692718.7659134269 680885.9974365234
53459269.3101653606 951409.6210937500
53708151.1270627230 961520.5898437500
51470090.3278376013 831855.4482421875
51714238.3242904022 857617.2548828125
53747547.7398717031 963976.5595703125
53996937.6817929894 971275.6435546875
53809496.4865854755 964121.7949218750
51440750.0102728307 828564.9018554688
56262705.6202632412 994534.9453125000
52933071.0559668392 926511.2783203125
53491012.5875348523 952099.5537109375
55538319.8308811039 989870.5507812500
52144949.6660498157 887934.9282226562
53368487.4777709171 948333.8876953125
52224558.1972247586 893459.9140625000
51780443.9033592269 862023.1381835938
51529812.7559893504 836461.9951171875
54865716.1369256377 985025.0283203125
50794748.6751773879 703558.4656982422
53522563.2722226158 955831.6093750000
53633807.2885569409 959075.4013671875
50631378.8964661062 622483.5447387695
50629537.0271452442 620529.3417968750
52375864.2886162102 899815.7124023438
53519149.5118758753 954512.7753906250
51791646.9096202031 862546.2446289062
57345672.9492342696 998715.4414062500
55756737.3465233669 991676.4316406250
55668292.8327855468 990955.1220703125
55903315.4427932203 992960.8652343750
51401176.9872784391 826156.1098632812
51747030.9457805529 860373.7890625000
56150387.5210368410 994059.2929687500
56158815.0889649987 994248.3583984375
57040620.1602591127 998126.7617187500
52308723.2435215265 898161.4775390625
51136121.2632195279 787909.2460937500
53283835.1721944809 942366.8037109375
50619804.2181607559 618921.7175292969
50674855.1500857845 670231.8477783203
51219742.3163063750 803990.8134765625
54864022.7398806736 984764.5751953125
51197244.8655796647 803193.6137695312
51253952.3216465637 807684.2685546875
53081700.1819599345 934266.7246093750
57460632.3687183261 998794.4062500000
50685840.7466009855 673642.1098632812
51167440.8446720392 799222.5595703125
56196651.5633381829 994380.6279296875
51230111.8417947069 805561.9047851562
54069097.1328696907 972103.7978515625
55440680.5683457404 988725.7832031250
51516011.3118686676 832509.4453125000
51568326.7844181284 842223.0009765625
54524080.8386704847 982267.6621093750
55940728.2791177109 993393.2021484375
57006139.2808949947 998104.6796875000
51199211.5178556368 803892.4482421875
51875990.4422185123 869727.3803710938
51188035.2062203661 802451.7597656250
52294885.7877445295 896974.0937500000
53819006.5337764919 964442.9433593750
50677991.0795399621 671054.2238769531
51448908.2129329219 831273.5805664062
54087107.4563396573 972243.7998046875
56412849.5436176658 995384.2246093750
57730660.2080761194 999115.8007812500
51673130.8200383782 853245.1254882812
53725250.2179224938 963881.7783203125
57006859.7573570088 998112.9648437500
50918958.4878055677 743731.1091308594
56100650.7270255536 993632.7236328125
51307056.6955663115 815317.5058593750
53817230.2116728052 964139.8105468750
51554698.6334160864 838139.3120117188
52924522.8868949711 926431.6835937500
54781624.3448754698 984068.8574218750
57401268.5257484093 998747.2177734375
53080435.3423301280 934027.2285156250
56837708.7268513888 997415.8554687500
50669719.5501301661 660530.2698974609
57543080.7089228779 999018.5742187500
50699734.1580116674 680940.8334960938
57332615.8364745229 998473.3535156250
50889707.6582615823 734901.5305175781
51954462.6303844750 873453.9741210938
54777884.2222265974 983549.0097656250
56126277.2385143265 994031.8798828125
50662689.7451432422 658380.0944213867
50613793.6810968071 615194.2896118164
50614091.9959427565 615252.8406982422
56107814.1905022487 993983.9306640625
55861065.7486658916 991722.3789062500
51302947.9899448156 815131.9360351562
54539726.2729770765 982369.0224609375
51819357.0678516328 865273.5795898438
53194138.8563060910 937056.3183593750
54688292.4482850209 983288.5566406250
51996156.9557501450 879045.5893554688
53023760.6761638075 933278.9638671875
54430511.4149629399 980843.6943359375
51960923.7989250273 875744.7026367188
51972414.2108548209 877734.5893554688
55626870.3749320209 990385.2812500000
54296570.2992645055 977784.2529296875
51405022.6968557239 827210.7797851562
51374816.2881250009 823316.9111328125
53139693.6800142601 935519.5234375000
54289282.1424895748 976418.0205078125
56878550.0019651204 997665.5263671875
50664199.0606466681 659511.1175537109
51287979.8944704160 813371.1938476562
52682732.0344321057 913655.6967773438
50648385.8310582787 641386.8768310547
54118956.6551757604 974396.1201171875
50760952.0002324730 703493.9379882812
53858385.3943378180 966587.0937500000
54058711.7745057717 971767.7353515625
52692074.9251785204 914809.5122070312
50635253.1456810534 632757.0124511719
54368963.3478608802 978702.2744140625
54415804.6965716854 979352.8662109375
50644489.5236877799 637760.1773071289
50845749.3063624352 725085.1723632812
51291825.6040477008 815088.9536132812
57769549.9560403898 999131.0312500000
53000974.7197401151 930584.7871093750
54242175.0456741899 976306.3828125000
56302610.6164272055 994736.2841796875
51338923.5145345256 819568.4633789062
54622122.8999432102 982577.7451171875
57703048.5843592212 999082.8652343750
50673688.6998110116 665530.2523193359
50910215.6811883673 743471.0212402344
53164124.7741588056 935714.4609375000
54163156.1723760813 976048.3505859375
55085163.2752154320 986224.7382812500
50656052.3698303625 650573.9699707031
51311937.6712545604 816993.6293945312
56515825.2022512183 995953.6904296875
51494922.3045969382 832087.2104492188
54383042.9050143212 979311.3417968750
51097361.7958840951 778929.8981933594
50637867.2610760033 634643.7013549805
51338508.8252907619 819225.1655273438
51609196.4532143325 843315.5424804688
52635351.5963049084 912479.3041992188
56519724.2296578288 996020.7177734375
51041755.7771234140 774321.6359863281
50671691.3829883933 665335.5316162109
50717353.9469710141 688608.7148437500
51041013.5752634853 773941.7150878906
50750522.2668242678 695836.8186035156
50652843.5503155962 642719.0488281250
51875486.8570419326 867803.4477539062
56375654.6780499071 994970.2197265625
52605712.1613151357 912121.1440429688
55131485.4527196512 986325.0234375000
51566975.0070155337 839136.5214843750
51995063.5245654508 878162.3452148438
52814895.7474149019 922343.4165039062
55181665.8309998140 986858.9902343750
51956531.5919913203 873819.0737304688
52793828.3409187496 920114.5263671875
51116293.8815584555 785645.5874023438
51522132.3821645975 833232.1464843750
52699435.4798175171 914878.0595703125
51547557.0646972656 837650.2529296875
51642240.6072423831 847594.6889648438
52621896.0924586952 912181.4921875000
55105042.2388005406 986265.6757812500
57240161.9202387333 998437.4492187500
51536434.6788001508 837607.2705078125
50759688.2776927948 698822.0136718750
57331652.1577641666 998440.0693359375
50756315.6853743717 697545.8276367188
50737981.6949792430 693565.3067626953
57662884.1921830997 999063.3505859375
50734487.7170872167 691354.0958251953
52857112.3498527110 924254.4462890625
53256960.9464139268 940923.5546875000
50645300.9140487686 638203.3759155273
53273836.1520361677 941835.1191406250
55382820.6052019745 987359.2822265625
50738014.8251122609 695078.1953125000
54053744.5515543967 971580.9384765625
51659860.4127458259 848763.5332031250
51100096.8093181625 779797.0847167969
55422341.5729159191 987397.4501953125
54113325.3323023617 973316.8730468750
55427245.4155854285 987444.1962890625
54028217.2028712332 971536.0966796875
52652763.3071856573 912812.8696289062
55371973.3917666525 987347.6582031250
55192291.8246376738 987145.5771484375
52870009.2697689682 925017.7949218750
51552323.6155544668 838028.6811523438
55140705.0618814453 986527.3105468750
51102584.0661667511 782763.3881835938
52702204.3687299192 916605.0537109375
50640771.9812827408 636879.7988891602
52825670.3153989464 922604.4428710938
55168814.7380055785 986830.4433593750
52959310.9792274013 929102.0908203125
51076435.1499800831 777226.6250000000
51062162.7356728241 775871.7790527344
53144701.5470641330 935593.2998046875
53099083.5844004974 934761.1904296875
53353747.3450670913 944045.4892578125
52807046.9445517808 922202.1474609375
51100515.1040812880 779929.7568359375
51017025.7778082713 768310.9206542969
51051012.0699132830 774880.2004394531
51072218.0004139692 777086.6806640625
51034493.3500870764 769952.8781738281
51036980.6069356725 772919.1816406250
51030698.7941582352 769057.1853027344
50818557.4816436768 717700.3024902344
50839920.0792382658 718664.6440429688
50812212.7261516601 714297.4079589844
50943943.7559522092 750844.6042480469
53205436.4448212981 938900.3310546875
52935124.1843459830 926840.5283203125
50936538.3039472327 749221.1276855469
51010427.6327010244 764239.5083007812
50993886.5267516449 763545.3334960938
50978473.5493498743 759910.9995117188
53222412.7570576891 940381.0537109375
50986989.2028810009 760080.5361328125
50905322.9145961106 740296.8128662109
50963341.4850318655 753323.9711914062
50881355.6173430979 733564.8801269531
50955368.0072736666 753299.3168945312
50967635.7938299254 756562.8720703125
50857277.7798815072 728520.3208007812
50873969.6552980468 731665.6330566406
50925968.1145316064 747215.9499511719
