54550175.5177534819 985098.6787109375
56745795.5126988366 997683.4462890625
56651073.2618236914 997302.1669921875
51821417.8275812045 871461.6225585938
52090129.1557693556 890047.3374023438
52178345.4763140157 894029.1132812500
54360236.7753916159 982653.8164062500
50697489.6245596558 688919.7141113281
52330335.4994150847 903914.5312500000
56673550.3811839819 997443.2167968750
55725736.7546478584 992333.2451171875
56663439.5242239907 997380.3134765625
57054647.8134644032 998425.7324218750
52392121.2594071031 907242.8632812500
51736625.1193087175 861917.7597656250
53043111.8409608230 937935.0156250000
57033503.8161831349 998410.5927734375
57485444.0161381066 999041.9990234375
55371658.2647973001 991506.8828125000
52447512.1322370172 910309.6791992188
52292292.8125505894 903103.0200195312
54358222.9035009593 981134.0185546875
51050436.8596748486 782697.3947753906
51239157.2520457432 812521.3920898438
52198021.0370937064 895424.4965820312
56607771.7439136058 997171.8603515625
57268457.4071308896 998715.4414062500
53323821.1309812069 948863.7646484375
51633958.3452534452 852065.8388671875
52588967.9062500820 916640.4077148438
55288327.3479014784 989750.1728515625
55350051.4511854425 991009.7460937500
52265051.5763254240 900684.3168945312
54404345.5610544682 982867.6103515625
57850751.5566227362 999402.3876953125
51923099.1270107552 878474.1840820312
54855687.9306686893 987803.9941406250
50618590.5433768854 621927.7131347656
52583380.2877230197 914226.9941406250
52121171.3346686512 892006.0952148438
52129711.2202241048 893508.6342773438
55362422.6687532589 991236.0302734375
55236949.9135786220 989671.6503906250
55797398.3985733613 992411.7675781250
52018499.3444850445 884829.7900390625
51503409.6580913737 839858.0615234375
51993086.9346747473 884116.3603515625
56617260.8530697227 997184.8603515625
53747642.5884259269 964352.1953125000
55072733.8340918273 989451.5537109375
51317969.8663367778 820551.8588867188
56552176.1673994660 997140.0839843750
51947532.8809552789 879581.7099609375
52642336.7056557536 919490.8725585938
54040869.1474874839 973758.7714843750
52249349.2725744918 898611.5727539062
52609976.7772227004 917020.6601562500
55607964.7371211052 992210.2890625000
52420169.1629521623 908141.9545898438
52363417.6125704870 905101.7050781250
54141294.9168351591 976233.9179687500
54885161.7184703127 987989.7382812500
55410245.0791417360 991810.0156250000
50694031.9450610951 686038.6777343750
53556031.2069988996 958866.8798828125
55321444.3124356791 990952.6816406250
54974653.7956253067 988631.0000000000
54529295.7560123354 984035.9775390625
55007350.4914191961 989148.4208984375
57675194.3783929721 999115.8007812500
50616221.3465646282 619485.9638671875
51041881.0732112303 776508.3200683594
55843404.1470766738 993076.3339843750
54264284.5666089207 979196.9863281250
51073900.8822393715 785855.1418457031
54038211.2384064272 973504.4853515625
54281711.0748771280 979247.3515625000
56027709.7117436752 994515.3310546875
51950512.8664213642 879860.7822265625
51060164.8426306471 783985.6906738281
51954255.8944877833 881600.6513671875
52427022.7077881098 909404.5410156250
50601656.8038780540 608217.5283203125
51127330.5757234246 793985.2207031250
50761965.4960403293 705490.7447509766
56390168.7220790610 996165.0556640625
57670627.6383468583 999100.7480468750
51751215.5910367817 863170.4873046875
52578428.1645141616 913856.5434570312
54645367.1025582775 985553.2548828125
57077686.6049348265 998434.0175781250
52082715.1479755491 886760.4453125000
54480978.2373307571 983001.6806640625
54495392.7048853189 983768.7783203125
54186083.3535816148 976946.2470703125
50715774.3417838141 694146.3677978516
51276714.2231246158 816628.9604492188
51367794.6371995732 825974.2783203125
54388264.1554630771 982847.9394531250
51049062.3687737286 778262.3242187500
57523571.3180127814 999055.7958984375
51113952.3730816022 793205.9257812500
51363585.4988182187 825134.1308593750
53364653.3837174177 949723.5439453125
57620451.6921105906 999099.2548828125
51775528.8750756457 865020.5942382812
54699490.2823518068 985818.3359375000
51552129.1866458505 840723.8168945312
51418738.2267445698 832393.4711914062
56324861.3176332042 995399.9248046875
54738835.2548800036 985873.8593750000
55308851.1368404552 990889.1767578125
51375252.2965063676 827225.8579101562
54928331.6181210876 988530.7148437500
56436106.6271811873 996347.6689453125
51380693.9420237765 829194.5488281250
56460364.0814129934 996716.0703125000
54755398.6224910691 985935.1396484375
50674045.4577445164 673795.7346801758
54784739.5289210975 986388.4814453125
52574912.7315242812 913770.9565429688
53569852.2280298993 960345.3105468750
53382369.9990351349 953498.0302734375
51161033.1664793938 803150.3037109375
56922564.6757206470 998130.8847656250
54805890.2802597508 986659.8378906250
50675205.2855867296 675177.7703857422
50656353.7074358612 664463.2745971680
54204149.0774582773 977137.1503906250
57213554.7772996128 998473.2578125000
52488923.9286640510 912315.1899414062
52356136.3350645006 904936.6621093750
53157764.5876165405 941844.3627929688
50598517.6689332649 605215.9543457031
51043037.6185645759 776702.0437011719
52799669.5350848511 924488.4399414062
55983663.0369677618 993707.6992187500
51753422.7524443194 863178.6459960938
52482651.5605676845 910972.0878906250
53824717.0239736512 967738.0771484375
52291682.3516867906 902228.8583984375
55985306.6611567140 993914.9208984375
51398013.8285638392 829622.2978515625
53452265.5311954096 955481.8554687500
57530949.8524897546 999063.3505859375
54157327.6830702275 976336.8808593750
57242011.1560055390 998491.2734375000
51398760.6194049641 830501.1474609375
51045161.6625022888 777258.7072753906
51308835.3034590259 820543.6499023438
57383416.8266149461 998794.4062500000
52214233.0769076720 895899.1352539062
53149040.2308372334 941238.5869140625
56739638.3957432657 997494.8212890625
54650125.0791088492 985738.9990234375
53854456.7126647905 968822.4462890625
53052811.7364737317 938438.4765625000
53796496.7211286426 967641.1845703125
52183776.8905000687 895381.5781250000
50770368.6216873676 706632.5982666016
53133583.2325670049 940722.1503906250
51850269.2295260131 873863.0600585938
50751218.0049702376 700810.8005371094
51013566.2883487418 771990.9716796875
51293791.3137900084 819958.1723632812
50775473.6293566599 710072.4736328125
56298394.3957769200 995239.7539062500
51026636.3255126327 775837.0434570312
52029652.1711895764 885715.7661132812
54110392.7616042793 976216.3115234375
57465865.1668194979 999018.5742187500
51434767.3877803609 832539.0170898438
51155484.2955387384 801438.5839843750
53209857.2369358912 945685.0351562500
51061081.0779529735 785112.2419433594
51307870.9906016514 820169.8222656250
51973866.3686030954 882309.7460937500
52737653.1654388979 921535.6821289062
53032467.5397881120 937197.6000976562
55926365.9418455884 993481.7207031250
53094908.0427080244 940448.1044921875
57291763.2815728337 998731.9873046875
51201514.6192544326 805721.6835937500
50652988.8634590358 659407.7850341797
51074445.4614008963 787928.3723144531
50927697.8129015267 749491.1403808594
51762888.3397475034 863365.8295898438
50827522.2358947620 724311.7047119141
53243780.9453546256 947423.8857421875
56844766.8654759526 997792.9677734375
51911109.8481642827 877421.6767578125
53776624.5092787892 964810.2031250000
50616355.4324518219 621803.2576293945
56836781.6729359478 997705.9658203125
52685224.4840619192 920382.5903320312
53233991.4268757626 947039.8271484375
50745300.6575007960 700456.2429199219
51087953.1005562544 790731.1347656250
50661508.3363377899 667432.3095092773
56171804.3397941366 994811.5341796875
54050136.7948516682 973997.4511718750
57700555.7048676834 999131.0312500000
54022864.2916323543 973457.8378906250
51093479.8017177358 791005.5815429688
51893421.1835631952 875574.9023437500
57373888.4991566241 998747.2177734375
50928453.5222729072 749890.9179687500
52995782.7618003413 934775.9833984375
52849824.9085693434 928561.1669921875
51868662.5105709434 874333.3671875000
50752761.5232713744 701688.4084472656
53735356.9212357998 964087.2548828125
50658113.1066920981 666233.9288940430
52864305.3081899881 929452.7412109375
50602952.5832726136 618470.3544921875
50681447.9476733208 677276.1771850586
50884297.6775299385 737160.2568359375
51614997.5587529913 850798.2910156250
52749683.6066138670 922588.5019531250
56549560.1393045187 996825.5917968750
51138913.0862226784 797006.5800781250
52843413.5593758374 928090.7939453125
53896798.5652419105 970232.6748046875
56275413.6041917503 995177.2832031250
51216935.8697762117 808493.3759765625
51727425.7293547392 861846.4790039062
51681083.7652232274 856210.7631835938
52756440.1831743345 923910.3408203125
53013226.7233733833 935455.8886718750
57027369.8594440594 998171.7509765625
52827963.5722526833 927225.9550781250
50771719.0251467153 709216.9494628906
51764397.2665872723 864492.4150390625
56228276.2516503260 994960.8046875000
50714101.6183854118 692653.5589599609
53668500.0674762428 962484.3339843750
52876736.5496066362 930578.4951171875
56900700.2019773573 998107.4599609375
50650336.4469013512 647761.1395874023
50671362.9704241976 672103.9171142578
53003651.5705292672 935107.6611328125
52921178.7640355006 931571.6254882812
50887333.0003848970 737564.0645751953
51562227.6927055791 843280.2905273438
50893955.2629966661 741372.1679687500
51573256.6748200059 843369.9433593750
53714351.9841265678 963824.5800781250
52891936.8028050214 930910.1728515625
52863271.7769850940 929077.6513671875
50664735.3693038672 668613.8484497070
51807910.5131705925 867760.5405273438
50663744.0432308763 668448.1674194336
53508821.1948806122 956936.3496093750
53626266.3818802312 960610.6826171875
53608800.6512241513 960465.1376953125
51595605.5876468793 848029.6918945312
51640476.8660823256 854109.4062500000
53950703.7736077905 971481.1201171875
50858030.3380173147 731214.9414062500
51689095.6577592641 857733.7529296875
55963083.0134571120 993676.1884765625
50622396.4372986406 626915.8148193359
53655906.8918810189 962435.0244140625
50709808.5735757127 690455.7259521484
50687674.9982821196 680358.3022460938
53498887.3326302916 955609.0957031250
51763599.5292044654 863855.0761718750
53426901.6750065982 954019.1582031250
50864311.3167556301 732251.9747314453
51170632.8507706523 803860.6518554688
50893461.9756143317 740975.5654296875
51699145.5458267629 859470.6323242188
50626783.3052462414 628634.3017578125
53696199.0319134444 963490.4765625000
51250649.2524669915 812745.0830078125
50912036.3975770846 743804.5649414062
53539384.2783309519 957210.8613281250
50692718.7659134269 680885.9974365234
53725250.2179224938 963881.7783203125
50648385.8310582787 641386.8768310547
50760952.0002324730 703493.9379882812
50635253.1456810534 632757.0124511719
50644489.5236877799 637760.1773071289
50845749.3063624352 725085.1723632812
50910215.6811883673 743471.0212402344
50637867.2610760033 634643.7013549805
50645300.9140487686 638203.3759155273
50640771.9812827408 636879.7988891602
50818557.4816436768 717700.3024902344
50812212.7261516601 714297.4079589844
50943943.7559522092 750844.6042480469
51010427.6327010244 764239.5083007812
50993886.5267516449 763545.3334960938
50978473.5493498743 759910.9995117188
50986989.2028810009 760080.5361328125
50963341.4850318655 753323.9711914062
50881355.6173430979 733564.8801269531
50955368.0072736666 753299.3168945312
50967635.7938299254 756562.8720703125
50857277.7798815072 728520.3208007812
