158766694.8918318450 317647.8123256098
151971368.1979345977 148781.5589906275
158264633.6790083349 309890.2615443598
162026831.3514305651 380355.4410517048
166920579.7206251621 460906.7461307645
167125986.0992974341 461257.9833133817
168066012.3801937997 479220.8559951782
184242088.5400473475 615651.7622070312
153397363.6795964837 188270.1595443440
158237100.3096904159 306892.0694149435
154313173.6442480683 217666.8244299656
161804714.9437068701 375523.4976241291
171560920.7761221826 524666.7387039661
171688310.6424543560 525371.5045685768
182972732.3874470890 612934.2954101562
152977280.6179450154 181182.5908400416
158463414.2526383400 311554.6011841893
161503231.1278976202 371370.3077509236
170562402.6899267435 512913.6257681847
173632058.4113933444 547087.8846197128
176256783.6722108424 570620.2755508423
178507292.4578612149 590206.9278564453
184834781.0442020595 615701.5927734375
161600008.9166738093 373508.9728273749
161532818.8903104067 372597.8902704548
176291474.9066416919 571705.8243103027
180075519.9745344818 603554.3999023438
167081441.1679117680 461186.6103275418
166890715.2080441117 459651.4870975614
179640957.2406782210 600537.2827148438
179207406.7090436518 596822.2744140625
151709023.3161401451 126822.3640269339
153211743.7867462039 187592.7447479618
161190479.2756746709 365292.5297029316
161128173.9118916392 365072.2321350407
179906068.7747207284 603022.0273437500
182761212.4790404141 611673.5119628906
154235945.8607229292 213967.5566627979
158685156.6590061188 316406.5338037190
160878875.6999816298 360357.8247534499
167255851.5095677376 467409.0378788114
170376679.2964729369 510654.5558404252
178315574.1133740842 588559.9356384277
180403026.0378314853 606001.8193359375
180057544.4562930763 603160.9025878906
183510935.4223659337 614338.5698242188
158945182.9665545523 320847.9665654775
152793165.9757514298 176370.7879694561
158251589.0251979828 307055.5779806376
160816057.1221674383 359290.2489395151
167461017.8661836684 468174.8743560910
174928334.2274684608 558692.9129104614
181309132.2512397170 607903.2885742188
171237950.4267208278 521437.6765143871
159000629.7381702065 324508.5713762817
160653432.1852448881 356910.4099169075
183784577.2034456730 614925.6435546875
158353596.6752920747 310053.1396611807
173916022.4523232281 549065.3841924667
179767953.9014526308 601060.7259521484
182818270.3149077594 612158.2275390625
158956444.0995519161 322879.0256475088
158786799.1351815462 319832.8864873525
161401883.6812056005 369262.1153970491
170325603.3685634732 510069.8753058910
174994998.2062579691 559911.6937942505
178526551.6368075907 590897.0338134766
179450587.9093651474 599054.3748779297
183810627.0129157603 615021.7949218750
175057049.6705306470 560251.5534133911
158262512.6067433953 308096.2107986984
168050613.9252313673 479120.3829010129
174590662.9262233973 556658.5827102661
153089718.8516201377 184674.5339567363
153153799.7887370884 185747.7964699221
158626277.9155172706 315988.6356654856
173705362.2637560368 547836.1502151489
158807513.9102714062 320488.5759404775
154424046.8835098743 218696.0988032585
160537810.1288524568 353673.4243498575
162084248.4535495937 380514.8744501173
151823255.1096441448 133810.4699412286
151743953.7298802733 127789.5819612443
151805194.3371722400 133405.8087542951
168089775.6300717890 480065.9414947629
183884633.2541635931 615233.5415039062
174464340.5874591470 554483.8317022324
152002756.0496122539 149083.3236402869
189015351.8300078511 615966.6513671875
174163459.0385808051 552228.3291492462
154480217.3145490587 221636.6289918423
173598404.3363814950 546790.3517401665
176207747.3244945407 569875.1864395142
183535420.4805551767 614760.8120117188
152154737.8060637414 156082.6385823190
152422043.7465938032 160558.1684267968
167716787.9605553448 473513.2380035520
176523047.3930726349 572269.9874267578
180369666.9101027250 605515.5625000000
183248676.7480187118 614275.2265625000
180999922.7298597693 606633.9897460938
181153228.8749974072 607496.4267578125
180114908.0363125205 603797.8325195312
182602183.9528414309 611189.5986328125
151816667.4283882678 133594.7732470930
167989844.9365940094 478238.9965789914
168618835.5319303870 486421.5587882996
171894547.9852942526 526632.4511667490
179788797.7266219258 601200.7922363281
175735304.1691572070 567046.7499160767
182471374.8457497656 609989.3486328125
183159531.7573766708 614162.6093750000
171783044.5392976701 526415.8541824818
189129087.6858902574 616222.2841796875
161228631.8302178085 366099.3442094624
168257782.1869160533 481181.0836151242
171463247.0347423255 523302.3133423328
160983001.8561668396 362317.6078216300
167641461.0034204423 472413.9242191315
167771699.2039329410 475162.5767486691
151825258.9945280254 134199.3549422622
168499013.5209683180 485186.8502700925
170414898.0869580209 511269.8643745184
160390458.3350811601 350670.8113371597
170312907.4115768373 509913.1500251293
175025044.7452369034 560163.6740454733
175862836.3951528966 567242.5738735199
167957396.1637217999 476884.1234443784
151901550.7081384361 142720.9105549753
152531610.3579183519 165345.5752583444
168471129.8512636721 484380.7551849484
173011130.3636202812 539179.8425416946
179331481.5411978960 597128.5245361328
152225491.5777277648 157037.4962856472
151848701.2115266919 141200.4232600629
172800909.3228437304 536502.0763063431
172697432.6596724987 535351.8459596634
158486331.6383785009 313329.1208623525
158666058.6447209120 316054.0966924307
158570231.9123929739 315952.5022100088
170756809.6989237666 516139.5134284496
175160878.9110473096 561189.2791347504
178436537.6936745346 589695.8385009766
178896111.1113637686 593599.9049072266
173137013.5044951737 541846.8352174759
178776616.1268307567 592842.0953369141
171506272.2325227857 523771.4737555981
178417616.7359290123 588863.2182617188
151963271.8109602630 148325.0878010690
173284839.4999038875 542244.8105506003
178574933.6201120615 591278.9118652344
152904360.5955483019 179795.1826072611
175587621.0230686367 564824.9283657074
152963278.4793078601 180231.6415854394
169162214.0550377071 493774.6935107708
158505287.3110415936 313838.0515264150
161912796.6590612233 377927.7063118219
153052308.1389670372 183719.6762534082
175224077.8628049493 562359.3084926605
175337183.4841311872 563114.0402832031
181793733.3956093788 608435.9575195312
159640152.7229926586 336212.1916481256
169889842.0289102197 503636.7118179798
178343331.2771956623 588596.2370605469
152762338.9369783103 175962.1254721582
152095975.9686734676 153317.8693326488
161488749.9746181071 369817.4484932553
152565887.5705726147 168982.4419220090
159179490.0562223792 326682.4785979986
161285825.8206132650 367530.2316649109
170098456.6521317661 506321.8234000206
170185715.0807414949 508344.5630805492
154024456.7590234578 209608.3237457089
154972049.3485836685 228265.4325990193
155082900.0802777708 234192.5978261344
160786294.9076056182 358287.7585913406
160941685.1827762127 361517.9035071731
160904025.0883182883 361423.0960183870
158771148.2492000163 318279.1161016104
170535761.6100170910 512245.2470655441
179271594.7457795143 596975.6660156250
153826013.7522704005 200757.7890222073
170636361.7262880504 513320.8514082432
174281570.8668070436 552515.0425930023
174893536.5346569717 557782.1524390280
152642722.9546028376 170233.8899199376
153979687.8069797158 207749.0737457089
154253862.6216583252 214141.7309722714
174660554.9539141655 556696.8389624655
170143139.6903748512 508088.6539359093
174194134.2788864374 552253.1869842410
174135529.6223579645 551868.1658972800
174414906.3683002889 553996.6605261862
169938704.4002204537 503690.6397693157
158853751.0526615679 320637.7157109854
169773267.8840579391 503180.7642505169
174199545.2281248271 552263.9971961081
155286785.5903408527 234471.8728584712
154979591.9622475505 231470.7569398396
152867609.5814530551 177378.4399687657
173398284.4408168793 544303.2595233917
172947169.2973092198 537826.4625263214
172286940.3415750265 529622.6235414445
169425748.5309466720 497180.7527759075
152597941.5115551949 169010.4352700124
152702785.2899002135 171412.9726836095
172967216.3936746716 538755.3063564301
154796482.0980373621 226440.9361821525
159942520.3877394497 340790.5014269613
159957229.7496649921 341921.2537801564
172865887.8268337548 537799.0046144426
160019261.0354066789 342521.7391269505
160166201.1389738917 346917.4837606251
154137277.0683944225 211469.2303781621
172346105.7149419487 531782.5796413422
171914232.4893455505 527567.0036378801
154443246.3165864348 219144.9690367095
153759884.2010501623 197855.1911028735
154376387.5624521673 218237.4992083423
160083356.8117461205 343394.9721711443
159789094.5781536698 339180.8115982413
154833565.1903241277 227897.2444886133
160099097.4834117591 344145.2857193351
159902034.2687259614 340072.3772720695
154106059.6142419279 210678.9837797494
153858405.8733310699 203968.8795171099
153837194.0037501752 203639.6940573603
159325796.1007014811 329015.9552608225
159868302.7607614100 339874.0632461905
168944812.9009362757 489118.0836522579
153481847.9017977118 191536.2013286287
165879379.1579137444 438311.9319953918
165816621.9483088553 436653.0214168429
152492200.8095948398 164656.0928007970
166002185.1296955347 440506.7327766418
153520165.5358605385 193595.6030606562
153761180.7925805449 199795.3559903437
159502275.6483118534 332992.2549576163
177864069.6213425100 576289.2860107422
177764794.0346388519 575688.7049560547
177975878.0410281420 579234.2689208984
165999406.3663412333 438510.8052864075
177874648.2072176337 577962.7781982422
177369734.1695173979 572788.2720947266
177327493.9029462934 572647.0770263672
177446556.7046075165 573417.3533935547
166690154.8676692545 452188.2226810455
177582978.1757197976 574636.8841552734
158110811.6073456407 301448.7511190772
166300192.5637540519 445763.0787239075
166693149.5422013104 453080.0158348083
166648266.6165453494 451965.5841789246
166821178.2826776505 454635.5158195496
166420944.5775784552 447863.6942024231
157583324.1484288275 286211.3452378586
166068867.6932816207 440925.4212779999
156818164.6143873632 269328.7007732764
157282038.4288078845 278601.1652016044
157465344.2109135091 283777.0034409836
177544084.2605126500 573898.4907226562
157899966.1937596500 292495.4717970043
157582889.2352734804 285476.7544226050
165727451.3493519425 427807.5502494574
164868657.0408928692 413091.7391595840
165089354.8184514344 418232.9631229788
165045691.5221697688 413530.5326713324
165072091.7771316171 417343.6527095735
165502065.1708680689 424163.4821342230
165198016.5499897003 420049.9994682074
157953618.0733602047 293387.0842737108
165043997.8685642183 413226.5523315668
157982350.8582865000 295137.6917847544
157823514.1075487733 290800.4182533622
164121391.3418148160 401570.4758069515
164179530.3586211801 402321.7758810520
164345859.2433370352 405739.7376343012
164056796.1944241226 401310.3859632015
157800962.6179538965 289892.1975883842
163556432.4796459675 391485.3728177398
157898903.3088999689 292240.1034550071
163614872.3144309521 392667.5154852867
163815313.8325526714 395765.6744496822
156669342.8478264213 263326.5621090010
156987036.2097659111 271756.5348612666
156906093.1440594494 270696.2436753586
157297760.5081784129 279278.2169663385
163376531.1899981201 387910.2793462127
163769714.3254515529 394745.5771137476
163640396.2091621757 393388.5116460174
163151274.6048934162 384907.7400696278
156813673.9647642970 265573.6710883453
156779618.0000725985 265404.4885679632
156541329.7253776491 257208.4770606358
156311627.5857170522 249880.1662271221
155860037.7140138149 238655.4482400616
155999834.5747421086 242381.6982400616
155739955.2915140390 235348.0166157682
156134723.8836163878 244015.4458730419
155831341.2325707674 236327.2308594783
155918881.8885911405 239805.9566152294
