178684914.9560003281 608208.0502929688
182526260.9907152355 620676.6367187500
160516369.9056543410 357254.9930816293
167289592.8999979198 474615.9844772816
173128045.1575660110 551415.8529663086
166790597.6071244776 464816.8325142562
176580376.2882570028 587950.5627441406
178371907.5548830628 607540.7070312500
178265738.5715468824 605864.4072265625
178070971.0381686687 604719.3383789062
166672747.5031182766 461702.4913277328
166223442.4721031189 453262.6782173812
186674734.2282396257 626644.9838867188
166081990.5246046782 452925.7580624662
173259548.0508705378 554404.0215454102
166458924.6420345604 459338.0668282211
159985842.6164671481 346451.5999395815
160017134.3828531504 347368.9144768910
166688114.2902526259 463683.5382194519
166686466.6514547765 462013.2882649670
160446073.1659586728 354552.9881231752
166461886.4060594141 460936.4482369125
173624051.8493138850 557364.0674438477
151716473.2283273041 140753.4422062933
182536355.3501722217 621001.3740234375
157340265.5761678517 293331.4306054797
160352057.7096757591 352584.7543585268
186082754.0680003762 625801.6064453125
151753834.7295528650 141685.5594939291
157633366.3686931133 297626.1021633156
160020884.1249527633 348846.1575567690
177003469.2289720774 595205.1257324219
152305659.3685651720 164937.6525348723
159065816.8085966110 329997.3368826774
172327349.6970362961 539244.0385742188
172479502.0151965618 541960.4635009766
159990718.0380246043 346762.5555059877
168533901.7718410194 491109.3243558407
180347898.7199152112 615462.7861328125
152218296.3473204672 160668.6072467864
172396736.3969841599 541873.2083740234
176655335.8531798124 591068.7827148438
151771892.8372251689 142568.7437690794
155957954.6453219354 260348.7397597730
153565442.0611436665 203798.2125918567
173502544.4561362863 557182.4691162109
180721761.7166059315 617113.2460937500
182006092.1740064621 620533.4814453125
159312844.2637639344 335353.6900695232
159750456.2315986156 342797.4778692690
168655485.0077851415 493757.3106839657
181750661.7234295905 619695.7167968750
151752173.1945169568 141512.6062188148
160129316.4808750451 350385.4985173685
177440493.5457414985 599906.7832031250
153243538.3196482062 194746.8677153289
168940191.7798428833 496036.5909154352
172970101.5730653405 550062.0827636719
180424976.8848851323 616102.1401367188
159928680.7889072895 345646.1878302065
151697951.2141719162 140714.0878337920
159672290.4601021409 342571.2156622377
167403279.5784164965 476219.3848679066
168690978.8296321034 494668.3816068172
178287934.0139005482 605921.1538085938
155940279.1239583492 259957.0930097401
153132559.8218068480 192030.3485236671
159581794.4323267341 340146.0523377028
172726830.1006713808 547984.3746337891
161492067.9466192722 374067.5922313109
153040712.7157056630 189176.0978457630
159264563.4445393980 333647.5363365710
172836883.0795407295 549240.6038818359
173008743.9998441339 550322.6650390625
156000527.3331335783 263117.8937371075
173744262.9130748212 559449.4749755859
173636345.7791624367 558956.7843627930
173133357.2200780213 553473.4140625000
176802896.8985109925 592798.7156982422
180560959.1778447032 616853.5708007812
161682298.9915558398 375741.6716786362
167033518.5671032667 469320.6210687160
178971513.0681467056 609606.0019531250
157362032.1128672659 293430.1749744981
180101090.6650683582 614600.2802734375
151932560.7971094251 153103.7489666045
153696685.2560196519 204596.7309768796
181522591.1051956415 619507.5004882812
167091453.8952269852 470281.2009637356
157648992.2558299899 301187.7220167902
151871368.0810131729 148630.2346833646
168609223.6678399444 492160.7068021297
176781222.5096583962 592777.7307128906
168272431.5595240891 487971.1692960262
181350753.2739192843 619304.1079101562
176188239.3066251278 586993.6829833984
167522548.5771571398 477873.6424412727
167767708.2363605499 481405.4310570005
153594884.3720944822 204546.2744839191
162108148.2148479223 384828.6751758605
167580922.0615015328 478398.0494618416
157852777.7844533920 305056.0789324343
176814756.9658493698 593744.1513671875
177232256.4509735107 597964.0915527344
176982857.6714508235 594776.8137207031
177124264.7690358162 596980.3601074219
162059873.2651835680 383532.2303136066
180886181.4171237946 618072.3144531250
181846998.0547960103 619802.2167968750
168176093.6527147889 486901.0826261044
158335650.2511462867 314256.9396502078
155913339.8246656656 259218.2941816151
151485928.2060176134 101193.2627287805
153470854.8859745264 198921.2724120319
153249596.6341185868 196040.6618106067
155617522.1840650439 255112.4963300526
173942260.1099303365 562155.6822509766
186656712.6282825768 626233.6992187500
152197101.8657283187 160208.7305420935
155606795.6455973089 254324.6276777089
181213768.6088981926 619103.2924804688
167655716.6663999856 479501.2686822414
185386688.2919642627 625153.1005859375
152591269.5512630641 175358.0752533078
152621511.6603867412 175808.9881637692
155158829.0871026516 243003.1804120839
158958797.9284890890 328303.3872130779
167223447.5576307178 471996.1482865810
167698924.2695167363 479924.4241604805
159025958.7868679762 329246.3162273434
151461475.4744763076 94172.1751978397
154918747.9837635458 235816.1015889943
151887450.5543574393 149719.6432537138
155746874.6414220929 257812.6623456776
168147560.3843191862 486871.5319283009
152562726.6200366914 174694.2695333958
155111067.6410938203 242232.5314428210
155372321.7103291452 249195.2242620289
161477276.8552379906 372965.0036400780
151807091.6024850309 147861.4550212920
159075205.5834262073 330915.6142638591
168637065.1959261894 493631.4289700985
168739257.6488082409 494699.3365242481
154921027.9718839526 236102.7612569630
155116001.9503260851 242350.8376729786
174579400.9559597969 568188.7689208984
151462329.3183380663 94363.6040241718
184218567.1580977142 623164.6210937500
184637346.3171006143 623746.7783203125
167350959.2906519771 474615.9994256496
152625841.3637413383 177148.2406177521
159114035.8114206195 331240.8061583904
161620068.7754863203 374954.0636872798
174142549.8051941097 564170.0679931641
158110545.5045319498 309033.4854787290
178668210.6321766675 608073.8125000000
167804421.2848029733 482134.0994725227
151525526.0721729100 103454.8771392521
161567799.6937727034 374699.2565583736
168058433.6220916808 484061.2680809498
153247040.2978071272 194815.1622912586
152924449.1587219238 186713.8771426380
162648870.8873741031 395033.0621926598
179103335.2882073820 610275.8315429688
163021438.5384764671 400624.6398283653
174680947.2486237288 569541.5412597656
174727093.8266323209 571045.2053222656
151500734.0689539611 102121.1548054218
174240393.4574647546 565629.4901123047
175000932.9341550767 574081.2485351562
184763104.4649840295 624414.8657226562
152571480.7320546508 175258.0330533087
166407729.5949355364 457309.2354717255
158890948.5558094978 325933.0779134301
159511435.8506110907 338350.4145740536
158829998.8923112154 324873.7479355335
175542361.0790210366 578460.8039550781
175924122.2573793232 582219.5177001953
151530309.2776282728 108909.2682991922
179638006.4936659038 611865.4843750000
152681076.8189452887 178172.3271682858
152791144.1968964934 182217.0654495358
174088862.3833627403 562223.1342773438
152824828.9796959758 182528.2669551969
155802416.0305140913 257906.0813649595
186255524.6923093796 625853.1650390625
176046087.0722832084 583508.3919677734
152517140.0536899865 174459.5146682858
162256840.5313515365 387124.3073727898
152392875.3010655046 168771.3924374525
184476515.6700245738 623523.0908203125
158165268.6753916144 311147.8625017703
175803379.0653654039 581644.8830566406
174222547.4196149409 564174.2264404297
173801571.7143297195 561019.1402587891
159117494.0236210823 331360.2075802353
152362819.3349148333 168490.7364673615
185868440.1315530837 625337.0083007812
179269140.6126458049 610556.1523437500
185764332.6302655637 625216.4980468750
185110813.2019216418 624654.9697265625
154043229.7304909825 211186.6763642430
158497615.7571372092 317639.9083398283
152457773.5910885930 171149.0525937025
152248141.5525383949 164445.9981861115
184709705.8149703741 623972.9790039062
158399071.5245887637 316090.8849627078
158015620.0739030540 308333.3341814578
155050069.9400141835 239958.5926435292
179357090.4486770332 611056.7817382812
165925882.6990649998 449676.2049207687
151661042.6777489483 131503.7149249017
175372256.9649286568 577358.7333984375
175676659.2524322569 580921.8238525391
179027779.4670430422 609752.7382812500
151593173.8325872719 118101.4081581142
155463596.0683289766 250539.1067674458
175187288.5259524882 575617.1745605469
163229125.4538012147 403031.6766416542
175354228.3859310150 577200.5129394531
179538444.3834289312 611811.7719726562
157313961.7210704684 290298.7770220339
175259332.5065505207 576486.3957519531
175271217.1993680894 576489.8391113281
157475929.7203319967 293592.9408869445
157239584.0659344792 288941.0661150515
151622244.4067547023 125263.1570652127
162698358.5319626927 395319.2727067284
157518736.3884346485 296698.6168963015
162740402.6723741293 395690.0674514771
151573572.8608802855 112001.4488749504
154632765.5391588509 227990.2427056730
157557701.4804711342 296710.6442580011
151643948.1560397446 126318.2587773111
169022639.4687700272 497071.7879543304
161785841.8198687434 379431.6159116328
162491512.9466895163 391299.9217772484
162403914.9458880126 389509.5697715282
183579772.4397256672 621659.7460937500
151625041.3717822731 125592.3781554103
154669820.3590618372 229026.1655631363
154670734.7773421705 230080.3428479135
154505385.2200322449 226694.8415429890
162591866.4998977482 393313.7266291827
183644348.4185220301 622312.2451171875
183765572.9552045166 622565.3291015625
183452529.2551946938 621605.0302734375
160641048.4064235687 358315.0046546534
162101319.7446564138 384238.1519407034
153957897.9679040015 210899.8877175450
160797343.8416135311 361350.3988332823
162765501.7964972556 396243.5590863228
161643358.3924368024 375648.0137336413
169938540.2933948636 506474.5114002228
154072260.2099857926 213633.5754076838
151566972.8053173125 111960.6628298759
170042846.6710771322 507355.8124876954
169925384.8449359238 505975.5773181915
161171049.2963232696 366703.9603910521
169568783.6829088032 502249.2950331867
183137924.7121672928 621205.1191406250
169706390.2485660613 503336.6677572727
154240501.0360122323 219053.4779650569
160589044.0398004949 357988.5230131224
154127590.6291689277 213811.1840197444
161185142.2872109413 367462.6940984316
160722360.0690564215 359482.1408016272
153832270.1380549669 206437.6740934551
166257942.4493911564 453949.9471676890
157181935.5932797194 282587.6731786728
171412462.2489304841 523494.8854370117
171449169.0104942322 523516.2955932617
171718325.7122795880 526516.7015327066
171879389.6436402500 527600.9077155590
171835316.8674528599 526703.3194541931
171560920.7761221826 524666.7387039661
170376679.2964729369 510654.5558404252
170325603.3685634732 510069.8753058910
170414898.0869580209 511269.8643745184
170312907.4115768373 509913.1500251293
171506272.2325227857 523771.4737555981
170535761.6100170910 512245.2470655441
170143139.6903748512 508088.6539359093
172286940.3415750265 529622.6235414445
165879379.1579137444 438311.9319953918
165816621.9483088553 436653.0214168429
156818164.6143873632 269328.7007732764
165727451.3493519425 427807.5502494574
165089354.8184514344 418232.9631229788
165045691.5221697688 413530.5326713324
165072091.7771316171 417343.6527095735
165502065.1708680689 424163.4821342230
165198016.5499897003 420049.9994682074
165043997.8685642183 413226.5523315668
164345859.2433370352 405739.7376343012
156669342.8478264213 263326.5621090010
156987036.2097659111 271756.5348612666
156906093.1440594494 270696.2436753586
156813673.9647642970 265573.6710883453
156779618.0000725985 265404.4885679632
