161555675.8147871196 425216.4804090858
169281474.8969457746 561946.2161560059
171298427.8205626011 599120.1110839844
174434531.5189384520 641537.7750244141
174101416.4137855172 638392.5836181641
174830436.1601976156 646109.9721679688
152525616.4916757345 199983.6221497860
151889804.3973100781 164167.6402350478
151783833.6286307871 156410.0894537978
153091304.6498406827 222909.7136435211
168967263.0061210692 555170.3432312012
170823190.7386850417 590475.6636962891
161159514.6478089690 417632.0134898424
160422702.0125311911 404415.8478403687
160623247.3634068668 408295.5013608932
169756077.2393528819 574467.3374519348
151475263.1418559551 111643.1026411559
158417680.9091058075 364286.5024525374
161386506.3005189002 423425.7894039154
161528701.2246367037 425013.9819860458
152561503.9759463072 202487.5483960714
175186474.9651026428 652283.7839355469
175428939.6766981184 654593.9653320312
176567430.1132894158 662437.3168945312
159436153.7461550534 384181.0233515706
175032938.7237465382 650015.5976562500
175253071.4885907769 652930.4499511719
175229590.7760102153 652541.4902343750
175127958.1861947179 651870.7187500000
159302482.0037322342 381785.0594843831
176510598.3551999032 661652.1420898438
169488017.5856276155 569047.4571723938
171189462.5055543482 597248.9456787109
175673731.9859865904 658302.2368164062
156709312.6255952418 322192.4647621512
169755744.5428243279 573259.9923591614
169726546.7692771256 572972.9194831848
169945383.6278150678 577416.0684089661
169296283.0363914967 566801.1609992981
175379353.6148981452 653966.9279785156
153199433.6273768544 224274.0616659820
170338711.4240128994 584211.7762336731
169442582.1583325565 568766.0927925110
170432355.7315909564 585880.1903076172
171218412.0996351540 597919.7171630859
161492902.2618512809 424751.8221187592
169664212.2581168711 571213.6492195129
157041591.5436874330 331117.4548317790
169791919.2661857009 576379.5903816223
175848660.0123608708 659338.7148437500
170672258.4680648744 589416.7598266602
176734848.6026987433 662893.8271484375
156930588.2298124731 328877.3218738437
161226405.1834057868 418468.2042865753
151452214.8518225551 104462.8621436860
151503985.5510521829 112012.1539898627
171074328.6492006183 595187.9364013672
174507516.1534340382 642220.9830322266
161458319.0167300999 423779.0872297287
151463177.1207843721 111408.1690625660
158023821.8777958453 354987.4592396468
170206704.9457930028 582247.4404907227
169562768.8281995356 570214.0822753906
151505739.5206490159 118852.5108419973
170149076.6909362972 580194.3361816406
170662166.8972584605 587853.6912231445
176888276.4224624336 663944.1601562500
169491307.4600753486 569499.0979614258
169864460.5846868753 576494.5988769531
154580597.0296780467 267086.1122929659
171030785.4465744197 592989.7191162109
175463466.9690078795 655110.1806640625
153129387.0399882197 223807.5702738464
161024829.1028709710 416994.2713375092
170772343.9997900426 590337.4084167480
170831039.1151738763 591488.1990966797
154551774.2389755845 266399.1152516212
160323452.7976377904 399043.4127314687
161015401.6635708511 414178.7547359467
161252004.2127381861 420434.7526258826
161195074.4662280381 417801.1967182159
170400839.3736459911 584334.9376220703
170268857.2310354710 583656.0132446289
160207870.9150941670 397239.9256098866
170718140.7638878226 590087.5313110352
151812411.9975988865 156439.6551607754
161243947.5469865799 419962.3660230637
171558318.5706402659 599526.0880050659
160780758.8283337057 412212.5435543060
160251063.8924565613 397445.1214235425
153568667.8256835043 236994.4460516274
154560500.6386102438 266985.9864066243
152357728.2648994923 194794.9620461669
154411735.0810409784 261824.1449605431
160302371.3929249346 397983.6815302968
174569042.4449628294 644824.1016845703
160920225.7061770856 412938.5286817551
158573512.9601134956 367467.5420345515
160488506.8005408347 405781.0254878998
160339271.0925408304 401778.7878395524
160379777.4262482226 404415.1995967031
172030895.8286948502 607734.6165771484
162654881.0720320642 441971.7023565993
172302023.4020917714 612653.9187011719
160316632.3692152202 398160.7170387711
174870291.7287531197 647196.0534667969
172506511.9905969203 613823.8172607422
171653698.8820743263 603145.1317672729
172155349.1021812856 610782.7532958984
159968087.1546578705 396018.0412575211
172226857.4700890779 610820.1963806152
175570392.4111947417 656877.6674804688
172450771.1217756271 612806.6564941406
175525710.7977461815 656019.9121093750
151845503.8571544290 156995.6985968258
152331945.3419147134 191170.0596513152
162557740.7684083283 440870.9804938063
159547784.6229701936 388017.1617175546
159463934.4093202651 385160.0421503987
174696220.0888492465 645169.6515502930
174842517.9297877550 646816.5767822266
151724016.3557182550 149473.2576425280
154468168.0380086899 263365.6373921838
159889325.4091354907 391716.9316676315
151706657.7213280499 148652.5386725478
152793290.5236783624 210176.8509664740
151707469.7084006667 148678.7702500634
153069064.4040491283 220734.6925863922
151651158.7714742720 142474.2845628075
159857133.3764840662 391655.3120373692
159809992.6540049613 390169.9031549897
152240881.0422481298 186851.7959494796
152946890.3630935550 214686.5984711349
158931854.6055487096 375341.4820918050
172575971.3678320944 616502.4123535156
172692995.6464371085 618414.6652832031
159384299.1376837790 383959.3482409921
171794878.6950009763 604388.6783142090
152758312.6121824384 209339.0087239351
158564481.7039677799 367380.5233063903
159003307.5068158805 375584.8108505215
151548665.2879648507 126929.1953637414
158546873.4460910261 367378.7147265878
176197499.7660305500 660594.2548828125
163138309.8829869032 452313.2440648302
152511526.3926998377 199304.3699076381
162394911.8446769416 438516.9048102126
176801670.5727153122 663271.1440429688
171968770.5558160245 606632.1739501953
152230550.7785447538 186808.3231226206
172743873.9804258347 618803.6250000000
162500128.9304569662 440057.9846594557
157463372.7774253190 342389.9665491581
163145061.0599500239 452483.1382051110
157021209.5062264502 330914.4519831538
172273592.4187197387 612003.9608154297
158910909.4055143893 373689.3342046738
154524474.8491778374 266341.4603902306
157830213.1610501707 350158.4362890720
157804181.2099645436 350147.5173304081
158125507.7669499218 357905.0681116581
156997424.2287203372 330874.1260730624
158072460.1940035820 356255.2778284550
151515319.2036302984 125673.9363305382
152132329.2628547847 179276.6182761397
156808682.9670675099 324442.6080066562
158666510.7452203929 367725.4670054913
173536384.9643796980 629119.2241210938
163118532.0029844940 452141.0188612565
157410673.0338083208 340372.0301477909
152194869.9478903413 186089.7460837569
173755568.4006002247 631666.6611328125
173211411.9690534174 625235.1430664062
151584144.7236960232 133563.7902390771
151633766.2610297799 141148.2518479638
157057370.0529918373 331656.5927698612
157850583.3538774550 350175.5574877262
151591097.6133281589 134541.3936835341
173038520.9247334898 622282.3613281250
173393136.3096780181 626317.0288085938
152700844.4183235765 206443.0580403414
172998794.5307228565 621056.2221679688
168400426.2504998446 542920.9216690063
154913628.3967088461 275688.1735401358
154653009.4759244919 268518.0574079361
163002982.2361861765 448615.6762945876
151998382.4865671992 166498.0809679925
158035478.6613104045 355198.4096441269
173647979.1057577729 629123.0561523438
162658441.1490790546 444277.6513922438
154680865.8023348451 268894.7804436292
156761227.7048769891 324073.0438418826
157708647.0822994411 347445.3681751937
157155081.9914698899 333353.4465799332
152045687.6801253259 172480.0311927795
158711758.1676699221 368447.5424768925
157401894.5517201126 339690.3442347050
153235430.4627940357 228492.2433676422
172950436.8886468709 619868.3508758545
169189214.3136501312 556939.6404190063
162259295.3558149040 436560.9661505446
157349981.4130188823 339414.1435511112
173816934.1559482217 631961.3649902344
173837252.0378535092 631977.6923217773
173888596.3560132980 633248.4868164062
173438057.8148871362 627487.7402343750
173490594.4890031219 628158.5117187500
151965267.1367759407 166276.0750118792
154638061.5811173916 268175.2885773983
162143383.9873888195 433795.7195972204
162349200.1222633421 437543.9186328650
157087620.9182457626 332403.5175465941
152017786.7801586390 172256.5234329104
152134030.9333781898 179459.5585800614
173992056.3192580640 634308.2180175781
152081508.8462663293 173499.6868378427
156489318.9496913850 316534.1714518070
154401888.6079599857 261320.3310555425
156325588.3171871603 310009.4450113773
161834506.6981076896 428416.4050871134
162576702.8485766351 441044.4899553061
162231540.2835228145 434256.3420077562
156532875.0722383559 317860.2041666508
152244028.6470663548 187880.5355515685
161847906.1693498790 428625.3537265062
152162318.5088479817 180109.2976627257
153860263.8444147706 245805.2294930425
151621233.8960367739 135037.9833276086
162127142.2444585264 431439.8219546456
152994428.0475049019 218051.1867102589
162048463.0629725754 430849.7628726143
156385162.4844515026 313489.9862552285
156081134.3812906444 304933.6871982217
151551181.3972606361 127602.9270579219
155926094.4786735475 299500.9209614396
169264366.2782132924 556943.5191612244
152970177.7909600735 218046.2104681935
151612409.6667501926 134938.3234137297
156224370.7496944964 307729.2396731973
151511762.3466880620 119845.3762766719
160322293.5160048604 398393.4237848896
152996578.2223616838 218176.1155089345
155660917.1694034636 293235.7760096788
153883755.8332498074 246037.3306573033
155722724.1936530173 295113.0329013467
152326552.2508692145 190951.3461814132
153761252.0735449195 239526.2618652787
168518633.8448947966 544035.7861862183
155843761.7935297787 297229.3165507913
155606364.0918860435 292374.7494474053
156027811.7927823961 301356.7164784279
168035306.2160933912 536242.1892385483
153975969.2991108298 247308.9099081755
153857805.0333923101 245057.4147437215
154051580.8534122109 247890.2907202840
168498699.3106216788 543503.3768577576
152469778.0139998496 198708.8969626632
153909081.4254784584 246564.2580054402
155534093.0324351490 289081.8502674904
155445486.2771501839 286658.2420436945
155427443.2397358119 286473.7517014947
155516752.7660421431 287985.5164768305
156010453.1593603790 300833.9811113086
155379523.2216411531 285841.6149159279
155200764.5772053301 278277.0989116635
155288361.8779190481 278439.1856112480
167887249.9397522211 531332.1645507812
168267863.1231313050 539985.6929807663
168219936.6213401854 537898.6106630564
168286095.0494284332 540443.4511871338
168727957.2245101929 548201.0019683838
153622494.9730201066 238422.9121283498
153673519.9832206964 239261.2087592091
155215095.0999126136 278312.6537876129
153764874.7143239379 240499.9828689303
153467966.2912839055 232663.8094275203
165006657.9909307361 475808.3400968015
165684539.4626528621 486650.8733857572
165565656.7599705756 486233.5704072416
165199158.4566134214 479456.4311250150
165118478.0849862397 478893.3226045072
164711364.5001705289 470985.4731076658
165792315.2156192064 488272.2415084839
164638055.4190358818 469948.9950803220
165947652.0070936680 491854.4924653471
164513433.7604404092 463750.6338742673
165077650.0557021797 477680.1808961332
164299322.8403942585 461994.7664452791
164590869.1558726132 464715.9951355159
164400098.1107572019 463133.4641296566
164033148.4624700844 455112.3567661047
164002430.2523705661 455033.2765620053
164199772.3375622034 456404.8362450739
167231286.6369680464 501801.4210506678
167206259.5499436259 499901.0402151346
167693181.2598503232 507660.4102840461
167875233.7683564425 510199.8400610685
167764045.7233614028 510192.6602840461
167449168.7295681536 504584.2860455513
166995234.1621238291 496446.8920712471
