171862079.6206999123 602716.5520019531
172836410.6557940841 618435.4788818359
175121998.5618208945 648703.5477294922
175978783.5447198153 658975.2529296875
153273576.0092257261 228730.8697396219
175349102.1641153395 650219.1499023438
177095645.1038978994 663944.1601562500
154728434.8523856997 271148.3482099380
151678468.7408516407 142413.1341227498
152372164.0190881789 194460.3150438275
158420770.0952065885 363665.8146936893
158498510.7890160978 365053.7375372257
159050633.3701367974 374758.0454223156
172842712.9515321851 618803.6250000000
151794307.4597354829 146073.5770432763
158526229.3903178871 365662.6188929081
158947312.9032829106 371662.4381968975
154237173.9660116434 256459.9595320821
173536384.9643796980 629119.2241210938
159130480.5090015233 375018.4445592612
172123094.8287171721 605887.8194580078
175673928.7958253026 655979.8964843750
175588311.1196911335 653537.9526367188
172324469.3058518171 612003.9608154297
175413471.7550925612 651830.7031250000
176709924.6994451284 661652.1420898438
176739384.5533287227 662387.8471679688
151800730.6352586448 154524.6592054479
163118532.0029844940 452141.0188612565
157410673.0338083208 340372.0301477909
158243772.8278649747 358174.2326421738
172323594.3313278854 610868.3645324707
152838519.9813854694 209347.4938092437
152845986.5577236712 209594.9471242037
176071575.5101397634 659298.6992187500
152194869.9478903413 186089.7460837569
163154231.4827697873 452360.1552968249
153580510.7180605531 236955.9469000995
154792074.7543013096 271218.0445857849
154869527.3920330405 271867.8400761690
158558179.3636028469 365936.2927357405
173755568.4006002247 631666.6611328125
158268509.2512074411 359396.6447911263
173172817.5827782154 623568.7689208984
173211411.9690534174 625235.1430664062
175880987.9756141901 658262.2211914062
172249233.9530620277 609944.0939941406
151584144.7236960232 133563.7902390771
175787921.0561363399 657200.4125976562
175608624.5912085176 654562.4838867188
175423723.2884781957 652501.4746093750
151633766.2610297799 141148.2518479638
173167125.4025686085 623263.7792968750
172645200.0556171536 616303.7590484619
172726432.8271823823 617728.3283843994
168898558.9637749791 550246.1658706665
157057370.0529918373 331656.5927698612
163064014.0224777162 450435.5073492751
157850583.3538774550 350175.5574877262
163146942.8128974140 452313.2440648302
151550803.9763835669 125843.1184896044
163300350.7897961438 452483.1382051110
158627422.3369679153 367023.8812841401
151591097.6133281589 134541.3936835341
173038520.9247334898 622282.3613281250
176950009.7731738985 663054.5957031250
169429525.8247779310 559734.5841865540
158140792.4505003393 357905.0681116581
152377783.1528045535 194685.5934958663
173393136.3096780181 626317.0288085938
173903758.1195327640 634068.1704101562
162531728.3019538820 439146.0888922438
152700844.4183235765 206443.0580403414
157834017.6573667824 349348.7690546513
172998794.5307228565 621056.2221679688
168400426.2504998446 542920.9216690063
168974018.0508456528 551849.0858535767
152571991.9490056634 202349.3328248262
157043595.3121019900 330885.4657465816
162513291.1616569161 438484.0677277466
158545043.6307165325 365713.8386981487
162695522.1270296276 444449.8925824389
152759008.6579219103 209339.0087239351
154913628.3967088461 275688.1735401358
174763494.4379063249 643755.2851562500
152637108.3805837631 202557.3404832091
154653009.4759244919 268518.0574079361
163002982.2361861765 448615.6762945876
174970277.7925242782 646111.5229492188
151998382.4865671992 166498.0809679925
158035478.6613104045 355198.4096441269
158027843.3986300528 354929.8933572769
173647979.1057577729 629123.0561523438
162658441.1490790546 444277.6513922438
154359147.8398445249 260390.7691798415
158853181.5513018072 370713.5112066269
154680865.8023348451 268894.7804436292
156761227.7048769891 324073.0438418826
157708647.0822994411 347445.3681751937
157155081.9914698899 333353.4465799332
176574922.1922542751 661590.7172851562
154367268.9765534401 260445.5774691906
154221488.1398075819 255530.9776619878
154526036.1638808250 264090.2208260503
174006520.3215115964 635366.3984375000
152045687.6801253259 172480.0311927795
158711758.1676699221 368447.5424768925
162729503.6737864614 444596.5588231310
162006061.0415063202 430129.4480841383
151479045.8521177173 106317.6675811913
152345152.5756166875 193847.2968650069
157401894.5517201126 339690.3442347050
153235430.4627940357 228492.2433676422
172950436.8886468709 619868.3508758545
169189214.3136501312 556939.6404190063
174578957.6710871458 640742.6804199219
162259295.3558149040 436560.9661505446
176838191.8239637315 662437.3168945312
157349981.4130188823 339414.1435511112
169072589.6587284803 552157.9126358032
173816934.1559482217 631961.3649902344
173837252.0378535092 631977.6923217773
151476859.5560335815 99349.3447055724
169276853.2279231548 557235.2644996643
175076090.1288081110 646160.7463378906
173888596.3560132980 633248.4868164062
173438057.8148871362 627487.7402343750
175096205.6284278035 646483.0217285156
173490594.4890031219 628158.5117187500
169659828.3611240387 564697.1912002563
174271349.3252938390 638134.8239746094
151965267.1367759407 166276.0750118792
154638061.5811173916 268175.2885773983
160371773.9117409289 399027.5877253193
157543073.1519430876 341799.9074671268
161971702.8897220194 429459.0872730017
174803040.7848150432 644813.2949218750
174379521.2169409990 639680.0048828125
174187180.6453469992 635980.2675781250
162143383.9873888195 433795.7195972204
156691450.3992061317 323116.5752918124
162436584.5228929222 438468.8212817907
162349200.1222633421 437543.9186328650
157087620.9182457626 332403.5175465941
152017786.7801586390 172256.5234329104
160755675.3874425292 407216.3913859505
152134030.9333781898 179459.5585800614
173992056.3192580640 634308.2180175781
157572078.5887409151 343039.7548938394
162786851.8940581381 444975.0276707411
160909627.0850434899 410160.7796496529
171975927.9633370042 603722.5628662109
171597559.6417185366 590241.0119018555
171685148.7609242201 598481.0797271729
152081508.8462663293 173499.6868378427
154184663.1979707479 253679.2349342909
156489318.9496913850 316534.1714518070
172109971.5072806776 605574.8292236328
174945543.5161946416 645871.4753417969
151509492.4821274877 112530.2077257149
154401888.6079599857 261320.3310555425
157826880.6238221228 347564.3745768070
156325588.3171871603 310009.4450113773
177000239.7157476544 663271.1440429688
156950286.5409454405 327531.9575846195
174833459.5157798827 645051.7917480469
175273700.4693784416 649361.7700195312
161834506.6981076896 428416.4050871134
162576702.8485766351 441044.4899553061
151483952.8866923451 112115.6689340584
169298426.2894609571 557515.1732215881
174733474.5956360102 642504.3547363281
162231540.2835228145 434256.3420077562
156532875.0722383559 317860.2041666508
160508431.0443900824 401390.1761042256
160561404.5751364231 403453.9900690693
152244028.6470663548 187880.5355515685
161847906.1693498790 428625.3537265062
161274472.7381359637 415832.2658948082
152162318.5088479817 180109.2976627257
161343271.9968407452 418954.7680920738
169454793.3534016013 560657.2795562744
161221035.8143576980 414852.1034278054
169550126.7493788004 562048.3293609619
169313829.1961596012 558735.9455986023
153860263.8444147706 245805.2294930425
151621233.8960367739 135037.9833276086
162127142.2444585264 431439.8219546456
170172582.6367472410 571395.4374122620
161406522.9495998323 419013.0707699436
161517389.3099046648 421957.1474949497
152994428.0475049019 218051.1867102589
161769264.0539578497 425088.8009945530
162048463.0629725754 430849.7628726143
156385162.4844515026 313489.9862552285
151477010.7172344625 105381.5531322770
156081134.3812906444 304933.6871982217
151551181.3972606361 127602.9270579219
161173850.3401865065 414493.4154351134
161430600.4955926836 420752.1686703343
151571346.0729483664 133431.4871117882
155926094.4786735475 299500.9209614396
169264366.2782132924 556943.5191612244
160461548.7322743535 400331.4878718037
160630230.7893796563 405193.0879694599
151922358.3490593731 156533.3485684395
152970177.7909600735 218046.2104681935
151612409.6667501926 134938.3234137297
159487148.7346542478 381139.8544571385
153094803.2293432355 222907.8105658498
159310434.8298740983 376604.5276068825
156224370.7496944964 307729.2396731973
169718474.3726212680 564741.3844566345
151511762.3466880620 119845.3762766719
159967399.1448996067 391232.0094172138
160721170.8848732710 406068.4368458766
160322293.5160048604 398393.4237848896
159932769.9470331073 387771.0771052021
152996578.2223616838 218176.1155089345
159590596.8321384192 382955.2943293232
159946296.7894217372 390635.8730036396
155660917.1694034636 293235.7760096788
159822247.0665172338 386434.3733780369
153883755.8332498074 246037.3306573033
155722724.1936530173 295113.0329013467
152326552.2508692145 190951.3461814132
159809009.3834364414 385473.4980403986
153761252.0735449195 239526.2618652787
159741315.0520762801 383742.3623427137
168518633.8448947966 544035.7861862183
155843761.7935297787 297229.3165507913
155606364.0918860435 292374.7494474053
156027811.7927823961 301356.7164784279
168035306.2160933912 536242.1892385483
153975969.2991108298 247308.9099081755
159428212.7300780118 377583.5464057106
169611946.7168051600 562437.2890777588
153857805.0333923101 245057.4147437215
154051580.8534122109 247890.2907202840
168498699.3106216788 543503.3768577576
155508495.8979813755 287257.6310349908
151511553.9843287468 113985.5844119489
152469778.0139998496 198708.8969626632
153909081.4254784584 246564.2580054402
169302732.9949417710 557572.3956451416
155477077.6704145968 286683.4075983372
155534093.0324351490 289081.8502674904
155445486.2771501839 286658.2420436945
155427443.2397358119 286473.7517014947
155516752.7660421431 287985.5164768305
156010453.1593603790 300833.9811113086
155379523.2216411531 285841.6149159279
155200764.5772053301 278277.0989116635
171095433.9845262468 583015.4883422852
170117423.9420703948 569190.8506791592
155288361.8779190481 278439.1856112480
171218660.8575570881 585831.0049438477
170985921.8012004197 580468.9874000549
170950298.2888600230 579574.5249977112
167887249.9397522211 531332.1645507812
168267863.1231313050 539985.6929807663
168219936.6213401854 537898.6106630564
170399831.3906235993 573345.0032691956
168286095.0494284332 540443.4511871338
168727957.2245101929 548201.0019683838
170545746.3501903117 575471.5657691956
170855042.5098682344 579033.7779541016
170680450.9484327435 578126.7310523987
153622494.9730201066 238422.9121283498
153673519.9832206964 239261.2087592091
170632429.9555049241 576260.8760337830
170536437.8193330765 574869.8262290955
155215095.0999126136 278312.6537876129
153764874.7143239379 240499.9828689303
153467966.2912839055 232663.8094275203
170784875.9456641972 578972.0389900208
165006657.9909307361 475808.3400968015
165684539.4626528621 486650.8733857572
165565656.7599705756 486233.5704072416
165199158.4566134214 479456.4311250150
165118478.0849862397 478893.3226045072
164711364.5001705289 470985.4731076658
165792315.2156192064 488272.2415084839
164638055.4190358818 469948.9950803220
165947652.0070936680 491854.4924653471
164513433.7604404092 463750.6338742673
165077650.0557021797 477680.1808961332
164299322.8403942585 461994.7664452791
164590869.1558726132 464715.9951355159
164400098.1107572019 463133.4641296566
164033148.4624700844 455112.3567661047
164002430.2523705661 455033.2765620053
164199772.3375622034 456404.8362450739
167231286.6369680464 501801.4210506678
167206259.5499436259 499901.0402151346
167693181.2598503232 507660.4102840461
167875233.7683564425 510199.8400610685
167764045.7233614028 510192.6602840461
167449168.7295681536 504584.2860455513
166995234.1621238291 496446.8920712471
