176641966.6150997877 658975.2529296875
157882200.4613725543 342605.3835529685
174096862.8445444405 633919.2583007812
173776949.0605889857 627209.6591796875
173994856.6000891328 633661.5520019531
174395188.0089874864 634549.0241699219
176771271.2989758551 661279.3911132812
177014622.9639164805 662387.8471679688
161834506.6981076896 428416.4050871134
172155978.0245077014 603503.1374816895
175310276.4826302528 648936.0681152344
175170371.8608679771 646498.9318847656
172109560.9163345993 603361.0560913086
157960456.3401399851 347615.5943820477
160950088.0354313254 409529.7202936787
162576702.8485766351 441044.4899553061
168927828.9150547683 550635.5550956726
172453494.4004815221 610356.5570068359
174446566.5564368665 639033.3388671875
157929018.3203089833 347564.3745768070
157621717.1461503804 340063.9318957925
157273687.5295275152 332692.6914103031
157418847.2864582837 336436.4727213383
157470660.5505527854 339806.8237955570
174620094.0673179030 639706.3549804688
156305400.9805340469 308928.3933989406
161016993.2979812026 410922.4223010916
175088858.9931228459 646111.5229492188
177257849.0241086781 663944.1601562500
151483952.8866923451 112115.6689340584
169298426.2894609571 557515.1732215881
172026824.5435106456 602728.5507659912
153266766.4232249260 226443.4596100450
162183126.7889831960 432961.9860507250
151736604.5464810729 142928.1357934289
153394735.4965443313 231305.0597077012
174733474.5956360102 642504.3547363281
176287666.3382170498 658063.0136718750
152458307.0839610100 194799.7897019591
175008844.7366875708 645539.2321777344
153118327.2001535296 223547.8434979916
153108418.1701758802 223547.5089264512
162968672.7870142758 444734.7647355795
154264271.1702869534 256458.7309578862
154573914.8099839687 262038.5735228658
176873234.8312327266 662357.4736328125
157247404.5362572372 332094.1985263228
162231540.2835228145 434256.3420077562
162683610.5048895180 443070.5473497286
154202314.9701657891 254348.4532225728
156991441.2803672254 328068.5359537601
172082251.1534130275 603203.2955322266
162755443.4487440884 444526.1238193512
162503155.5046605170 438292.3396524191
171965366.6935496330 600500.6295776367
175505237.9109546244 650465.7590332031
156532875.0722383559 317860.2041666508
162820063.3183647096 444712.5006402731
174772824.2591305673 642695.5539550781
174807917.8443697095 642727.2487792969
174857070.1432170868 643262.1642456055
174876127.6314870417 645051.7917480469
160508431.0443900824 401390.1761042256
172275471.7658492327 606824.8553466797
176195288.9177204669 658049.0390625000
162975937.0464283526 444870.4926622286
156791559.7438456714 324291.7222330570
151726592.9079001844 142795.5341088586
157107092.2645521462 329327.8778241873
172567706.0072495639 610416.6641979218
152231217.0054143667 186293.4025626387
152784483.7435664535 207184.6902112365
169661763.2700476944 564641.1156845093
152238928.9493174255 186353.8354697432
156964174.6483249366 326739.1401110888
175300085.2253184617 647585.0131835938
160561404.5751364231 403453.9900690693
152244028.6470663548 187880.5355515685
152127560.8268953562 178332.1953025069
172783607.7490989268 613384.5281982422
161847906.1693498790 428625.3537265062
162424410.5967319906 437056.2841166634
161274472.7381359637 415832.2658948082
156723155.7362389266 322296.7266136408
173414295.8542982042 622185.8094482422
156463944.4881729782 314009.1276560426
157108576.2821036279 331075.7724353075
152162318.5088479817 180109.2976627257
161343271.9968407452 418954.7680920738
169454793.3534016013 560657.2795562744
161221035.8143576980 414852.1034278054
169550126.7493788004 562048.3293609619
177181208.6365514100 663271.1440429688
152204841.1364883184 186089.7460837569
162296786.5670619309 436468.6419657845
169313829.1961596012 558735.9455986023
177087749.6598979533 662907.6821289062
153860263.8444147706 245805.2294930425
151621233.8960367739 135037.9833276086
172685210.2228997052 612322.7196044922
172683974.0543093383 612233.2652587891
172594751.1435908377 610829.3504943848
152949572.2959593534 217093.7176312413
152890868.3720800281 215150.2597845998
156465628.1563585103 314816.0189700723
156321324.9590328038 309415.8922610879
156445814.9382869303 313534.9117672443
157451339.8410286009 337696.4653995633
175899256.5903030336 653880.1865234375
176123741.2824688852 655557.0283203125
154423855.9511504769 261320.3310555425
161996912.2258355916 429816.5954652209
156465578.6807807982 314518.9823529720
173207178.6100534499 619336.5294189453
176121876.1377168596 655498.7690429688
176857101.8445302844 661606.5664062500
175661535.2606613040 650641.5024108887
172974047.4399783313 617104.4473876953
161693579.9565536678 423438.8723585982
162127142.2444585264 431439.8219546456
170172582.6367472410 571395.4374122620
151645475.5705214441 135438.1181472745
161406522.9495998323 419013.0707699436
161517389.3099046648 421957.1474949497
173914832.1373057663 629967.4835205078
152994428.0475049019 218051.1867102589
161769264.0539578497 425088.8009945530
162048463.0629725754 430849.7628726143
175666782.4466102719 650757.3782043457
158943928.0047329664 366582.7174110397
151596518.4799118638 134510.5669457726
156385162.4844515026 313489.9862552285
152350072.0698722005 191903.8390183654
162156801.2512439191 431491.6182079691
151477010.7172344625 105381.5531322770
156081134.3812906444 304933.6871982217
151551181.3972606361 127602.9270579219
161173850.3401865065 414493.4154351134
161430600.4955926836 420752.1686703343
155326100.7776512802 283760.8414378762
173262678.3525136709 620004.2637939453
151571346.0729483664 133431.4871117882
155926094.4786735475 299500.9209614396
169264366.2782132924 556943.5191612244
160461548.7322743535 400331.4878718037
160768088.6300167143 406726.6673547406
173848795.5610421896 628030.4713134766
160630230.7893796563 405193.0879694599
169288295.7742837667 557065.3635177612
151922358.3490593731 156533.3485684395
151823570.4243972003 150204.1937566102
151691305.1790589690 142277.1875996888
152970177.7909600735 218046.2104681935
153213469.0627864599 224397.8996771779
158999091.4777746201 367642.4230606541
173914169.3026998937 628940.7886962891
151612409.6667501926 134938.3234137297
160394270.9107350707 398761.5699030537
159487148.7346542478 381139.8544571385
153094803.2293432355 222907.8105658498
159310434.8298740983 376604.5276068825
153082187.0897637010 221955.6523004379
156224370.7496944964 307729.2396731973
169718474.3726212680 564741.3844566345
159566436.7351193428 382164.4103463873
151511762.3466880620 119845.3762766719
173176020.8296721876 618754.2376708984
156200017.2148301303 307168.8938724995
159058191.1082074046 371317.0133926853
173607327.5981875062 625185.7557373047
160670895.2912359834 405259.7572620291
159967399.1448996067 391232.0094172138
160721170.8848732710 406068.4368458766
160322293.5160048604 398393.4237848896
159932769.9470331073 387771.0771052021
152996578.2223616838 218176.1155089345
160196636.4475192428 391588.5537449121
159590596.8321384192 382955.2943293232
159946296.7894217372 390635.8730036396
155660917.1694034636 293235.7760096788
159822247.0665172338 386434.3733780369
153883755.8332498074 246037.3306573033
169439945.7065325379 559589.3137969971
155722724.1936530173 295113.0329013467
159208992.6274505556 374404.5383865818
152326552.2508692145 190951.3461814132
159809009.3834364414 385473.4980403986
153761252.0735449195 239526.2618652787
159741315.0520762801 383742.3623427137
168518633.8448947966 544035.7861862183
155843761.7935297787 297229.3165507913
155606364.0918860435 292374.7494474053
156027811.7927823961 301356.7164784279
168035306.2160933912 536242.1892385483
153975969.2991108298 247308.9099081755
159428212.7300780118 377583.5464057106
169611946.7168051600 562437.2890777588
153857805.0333923101 245057.4147437215
154051580.8534122109 247890.2907202840
168498699.3106216788 543503.3768577576
155508495.8979813755 287257.6310349908
158460598.8832496703 355338.3804522753
151511553.9843287468 113985.5844119489
152469778.0139998496 198708.8969626632
153909081.4254784584 246564.2580054402
169302732.9949417710 557572.3956451416
155477077.6704145968 286683.4075983372
158215527.8912903368 352175.0051426496
168441426.4171901047 542656.0871124268
158828331.2181447148 366582.6394913181
158481479.8299620450 355766.7125598993
155534093.0324351490 289081.8502674904
151980640.2289409041 157844.5237778723
158777685.4643633962 365089.6025063600
155445486.2771501839 286658.2420436945
158624849.3400579095 361678.7415930834
155427443.2397358119 286473.7517014947
157915238.3373631537 344426.6899830904
155516752.7660421431 287985.5164768305
158331839.1113239825 354197.6977985706
151897791.7605684400 150339.7964341342
151906175.4173601866 150670.9009112176
152071743.0473979414 164668.9024134278
158711155.8554867208 362279.3748719677
168810344.0465334952 549814.8448638916
158337457.3150326610 355000.2706458177
152030574.0249448419 163824.0118234754
156010453.1593603790 300833.9811113086
155379523.2216411531 285841.6149159279
155200764.5772053301 278277.0989116635
171095433.9845262468 583015.4883422852
170117423.9420703948 569190.8506791592
155288361.8779190481 278439.1856112480
171218660.8575570881 585831.0049438477
154804307.8400940001 269637.9286529031
170985921.8012004197 580468.9874000549
170950298.2888600230 579574.5249977112
167887249.9397522211 531332.1645507812
168267863.1231313050 539985.6929807663
168219936.6213401854 537898.6106630564
171944772.6041234136 594702.7623405457
170399831.3906235993 573345.0032691956
168286095.0494284332 540443.4511871338
168727957.2245101929 548201.0019683838
170545746.3501903117 575471.5657691956
168698668.0697478354 546776.4326324463
170855042.5098682344 579033.7779541016
170680450.9484327435 578126.7310523987
153622494.9730201066 238422.9121283498
153673519.9832206964 239261.2087592091
153351414.7496158481 230665.3613470998
153272960.7166207731 226605.4536322560
170632429.9555049241 576260.8760337830
170536437.8193330765 574869.8262290955
155215095.0999126136 278312.6537876129
152842509.1806117594 209336.1694374566
153764874.7143239379 240499.9828689303
155062069.8149647117 272267.2046909332
153467966.2912839055 232663.8094275203
154915596.2912052870 270555.1030063629
153175872.8226472437 224188.0161789469
152824995.1841440201 207695.4751996007
152841785.5990985632 209336.1668499913
152831907.0983435512 208281.2474520802
154648011.8604364991 262797.5522251129
170784875.9456641972 578972.0389900208
154681704.1458116174 262805.4517157078
154713110.9818194509 263073.8140931726
165006657.9909307361 475808.3400968015
171731138.4286582470 592072.5122566223
165684539.4626528621 486650.8733857572
171852638.5302546322 593447.7059516907
171685136.1298437417 587496.5876274109
171694485.5896268487 588508.5419731140
165565656.7599705756 486233.5704072416
165199158.4566134214 479456.4311250150
165118478.0849862397 478893.3226045072
164711364.5001705289 470985.4731076658
165792315.2156192064 488272.2415084839
164638055.4190358818 469948.9950803220
165947652.0070936680 491854.4924653471
164513433.7604404092 463750.6338742673
165077650.0557021797 477680.1808961332
164299322.8403942585 461994.7664452791
164590869.1558726132 464715.9951355159
164400098.1107572019 463133.4641296566
163543045.7660962343 446433.6403620541
163709823.2906357944 447275.7257807553
164033148.4624700844 455112.3567661047
164002430.2523705661 455033.2765620053
163620207.8962480426 447250.4344128054
164199772.3375622034 456404.8362450739
163775725.5683477521 447618.5831604581
167231286.6369680464 501801.4210506678
167206259.5499436259 499901.0402151346
167693181.2598503232 507660.4102840461
167875233.7683564425 510199.8400610685
167764045.7233614028 510192.6602840461
167449168.7295681536 504584.2860455513
166995234.1621238291 496446.8920712471
