152709289.4218491912 181572.5172088444
152312976.7816392779 159493.3970768750
152735641.6662225723 181597.9045889676
154559707.1430039406 242501.4658972919
154598543.2864822745 242576.0510843261
154624008.6837589741 242640.3991294410
155505577.7534918189 263925.5518052578
161345868.7068738639 390687.6125923693
161356742.6327493489 392935.2910947800
161485028.3343748748 395847.5879697800
165009248.4666127264 465701.7030358613
164488255.2212326527 462272.8334069550
164499828.6550872028 462291.7596233767
164122064.9931959212 453464.0006512087
171158012.9875321388 573465.7148274928
171167221.0352962613 576629.2618855983
173959925.0868670642 617623.3812255859
174202854.8670112491 619907.5323181152
161630194.5687837303 396615.5807020068
154351838.7102251649 236842.3673521783
154499953.2782632709 239027.8068442848
160273559.3012404740 374483.9969968796
160878655.0798291266 388857.2242002487
160575490.4826678932 382058.8762447834
164563358.0326584280 462478.3512868565
171258182.5006250739 576698.8754720241
174266425.3592866361 620103.8106689453
174680944.0139082670 623575.5562744141
176891141.9615463316 647674.4023437500
177263736.9138347507 652933.4316406250
178318970.8686564863 658868.2031250000
154707881.6655219197 242728.6577399280
154766287.4998692274 243266.5271461606
171072674.7484697998 572871.9282063991
176799767.6500009894 646053.1140441895
176841034.0345459878 647003.6308593750
152254553.8463525772 159412.6709034741
152473357.0633141696 173834.4851720631
154055726.6991515756 229154.4487031102
154190724.7983762026 234882.8483481910
154028203.8149412870 228413.0615516212
156143788.4146608114 279539.6145493984
161044213.5604762137 389814.0394468307
177319560.5829619765 653435.1489257812
178081788.7120936811 658155.1992187500
170889303.0216678083 570669.2082356960
174981424.7086025476 625844.3970642090
152350637.1802791953 167171.5120344460
156051837.9497330785 279391.8522212505
170927375.1962675750 571249.8156575710
174405651.3815149963 622539.0782470703
173292040.1236907542 608423.6372070312
178215609.1992902458 658288.7670898438
152796880.4797784686 182264.2379040346
163773852.5467310548 446891.7857101839
172621961.7160986662 598884.7238769531
152503539.7610769570 174506.6871227846
153016812.9398906827 196042.7148914840
153846213.6317321062 222154.4181420114
154333244.1687188745 235058.8506827857
155602025.8879077435 267971.6278598309
163994216.7384508252 448947.3834534269
171674159.6196122468 585482.2726783752
171449118.3893866241 579421.1469563991
171065394.7824369073 572238.9880208522
170812187.1363250613 570571.6799153835
153699934.1160816550 220770.7699051406
153932725.9602799416 227301.2999015357
155835220.0290742517 271995.2903306484
156126988.8671478927 279428.9159457684
160799103.3522251546 383687.8579912186
163804819.2884251773 447643.9640764371
163540704.4584550261 440701.3282776456
163388967.4486163259 439823.6328125577
163643823.9898636937 444603.9303284269
165121812.2837806642 471004.8580833673
173126844.1473071277 605213.9431152344
155914365.8526464701 274167.8276841640
155768111.9952190518 271634.3014400005
155988695.3524932861 275877.0390676260
156286515.8612628877 280148.5872744322
178184871.4329902828 658272.2998046875
178225988.4069200754 658497.3823242188
153251409.9379254282 202987.4779774453
153667282.7715145946 219516.5136946943
155167667.6401554346 256496.3258140087
160375880.4443334639 375668.9159116745
164620539.6523202062 463158.9760909081
173463315.9228083193 609488.3298339844
173373341.6623328030 609100.6102600098
177015150.6278990805 648485.6811523438
177944185.0078935325 656981.5312500000
153146330.2269893885 196483.7055929210
153974720.5600941777 227337.0144755999
155559754.9601878524 266123.0996161699
155536595.0859506726 264066.5821750164
160780535.4456113279 383653.9975242615
173821011.1230934262 616107.5601806641
173470845.1363719106 611981.0977325439
173480415.7317624986 612126.8231201172
177909861.5830815434 656545.1376953125
155397854.4288902879 263913.8143832684
164841729.7693474889 464165.1776289940
170755434.8893484473 569473.1906452179
153753953.2982664108 221274.2375881830
152411877.3936440349 167447.2024169462
152606573.1576203704 175763.4556780653
153179415.5756476521 197651.0741203055
153434625.5531715155 211973.2417768966
173444348.1377872229 609232.1807861328
152345972.7319342792 166099.5504699247
152561388.0294706821 174745.4563392401
153260639.7611482441 203800.2656727340
153428512.6272093654 211549.0425017383
155390538.6740028262 258472.1656240225
155220257.5172246695 257197.9271789789
160822688.7874770463 386453.0615044832
153305021.4455038905 203933.4683185633
163762307.9023368061 445763.4620667081
170794393.4210189283 569590.1921710968
152159175.3993264735 144049.2086058659
153358070.9785548151 205362.4169718530
153354758.1295774877 204871.1440226343
153000651.6153258979 195229.9271961953
152145221.9057034850 138150.6350039346
152200099.8167096972 151695.9930907292
152190132.1221309304 145014.9290902717
153205998.5417302847 202976.6530558374
155260939.0668772459 257555.0862203296
155119764.1429176331 255998.9885754045
160449379.0326023400 379097.0252007246
160559421.6821007431 382056.4886655807
172127047.0388512313 590804.1489853133
174663330.3591402471 623345.9837646484
154750130.0955902040 243215.0402951539
154335655.9118770361 235457.4895139039
165087528.0891410112 470869.1062026024
173759975.3377891779 613725.2479248047
173694379.5843422711 612161.4288330078
152709169.9420563579 181310.0732145812
153298332.5598906577 203836.4247990847
163775725.5683477521 447618.5831604581
164939926.5804538131 465402.0412764549
173697012.0093206763 613212.9178466797
175933110.8313245475 635734.8791503906
177150093.4729208946 649132.9882812500
154453868.6142910421 238284.0851281285
152248304.9393368959 151753.7906213505
152419301.7565787435 167991.4098064328
154914461.5003072619 249517.8540749252
160959318.1082752049 389793.7123703957
175375899.6264729202 628209.9078369141
153088537.2555725574 196412.0361804962
154935962.1179192364 249849.8665622529
154845691.7401478291 248124.4694254454
165212693.7540611327 471769.5888382196
175504727.8177513182 632064.3728027344
165057277.1910014749 469177.4289717674
164696897.5130976439 463262.4142737389
176369992.6208486855 639338.1024169922
176658885.3011225462 641310.0041503906
164465652.7212225795 458704.4615188837
171602417.7845378518 583099.8750938643
176296579.2633089423 637941.5305175781
152145560.4197456837 143935.8492562873
161096705.7879519165 390560.4094939232
160595231.5514933467 382173.5344023705
160339170.4265752137 375390.2193198204
160257408.1097995043 374302.0412642956
172497971.0945706964 594523.7061176300
152865496.6517151892 188656.4848219454
152931304.3698417544 190407.6336659696
172536789.3770234585 595240.2432022095
159584660.9689762890 356453.2777363941
159864931.9185179770 364220.3476546938
163886316.6831952333 448135.7451891080
173208392.7603871524 606233.5232772827
172599833.0112819970 596718.8792133331
175743707.2710377574 632180.7839355469
152930441.5244318247 188681.7208248377
175077998.7308775783 626303.6262207031
152864426.8245800138 188654.4853992462
164333036.6186015904 456437.9033370018
171385493.3675266802 579100.4928913116
172604008.4499983490 597164.3762836456
175273203.9780164063 628165.3298339844
175230439.6001305580 627494.5583496094
164444230.5484715104 458351.9458823204
164200422.0519313514 455401.4253096581
172339796.8064377606 593198.0029926300
163758828.5304169953 445326.3394436836
170775685.5581023693 569543.1585373152
171501609.5153196156 581856.6658649445
160018054.2517550290 366624.0783160860
171924439.6863852739 588148.9837021101
159650445.9985638559 356796.3289388353
172620395.0061152279 598496.6448383331
152897805.8983105421 188657.2487647533
159923281.7183994949 364608.8339923555
171596574.7422851920 583066.4133450985
172161833.4953855872 592065.1267719269
172263482.6042441130 592536.0792083740
172591528.8400018215 595581.4301910400
172194853.5342619419 592341.9682769775
171641649.2159540653 584388.9158649445
171457164.0781477690 579687.0933303833
158496476.0110090971 328050.3295814699
158738870.6408824325 335807.8802369088
160228477.9718522131 369303.6181247234
167173504.8804701865 499439.8915305138
165592356.9394888580 474202.0580946207
167231286.6369680464 501801.4210506678
170669309.1923019290 557213.1651916504
170355056.5556924939 550318.3342953920
170223549.1820242703 548269.9399944544
170255650.2899435461 549427.2536896169
170181098.3918261230 545586.2849923372
170259266.7399124801 549521.0030099154
170183110.8316288590 547178.7338275909
167206259.5499436259 499901.0402151346
170191350.6197775602 547881.2649826650
159068633.2765813470 343565.4310181588
165588339.9835043550 473674.5410190821
165538856.6215714216 471821.0661655664
169749668.6031637788 540520.8049631119
159182074.7012421489 345041.5390503854
159550722.8490954041 353726.6578734368
169712606.9532742202 537995.8664813042
169340888.6196188331 533900.4825204224
169553504.8510012031 536082.1102609634
169214227.2492014468 529619.4825754166
169689518.8671247065 536221.2598276138
169216029.5944706500 533007.2084951401
169181003.3251635432 529391.9955148697
169217591.3869138062 533039.4523019791
159244177.9004988670 347567.2553589791
159776053.3983772993 359181.4106888771
159410874.9280754924 351493.7055172175
168226780.5320237577 517924.7206822634
168831061.3731144965 525913.7109125853
159730482.3583786190 359080.5337728197
159391058.1232059002 351322.9817994088
159519955.7570248544 351786.3188991994
159455221.2405644357 351773.3979563713
168497500.1465829313 519762.3474714458
159451368.0509519279 351541.8466868401
160185017.0591779053 367024.9663870540
168138993.9334929287 514327.7781660892
168182158.4385938644 516095.3285727538
168862606.7026063204 526468.9425871074
168922273.9773680270 526878.0816092528
167920011.4067475498 511162.4229254760
168303667.2297747135 518916.0673422851
167895646.3187491000 510688.2545261420
167693181.2598503232 507660.4102840461
167875233.7683564425 510199.8400610685
167952658.4404505491 511171.8509734869
167764045.7233614028 510192.6602840461
167449168.7295681536 504584.2860455513
158366624.8770528734 322502.0005820598
158653377.9976458848 330271.7768397576
166665561.9123461843 490772.4243087769
166354569.4090394378 482953.8971333504
166336524.5069820583 482874.9162983894
166375845.7127915919 487616.7230305672
166710116.0526102781 491488.6075825691
166066528.7590596974 480986.2331261635
166995234.1621238291 496446.8920712471
165917235.6324146986 477822.5924458504
166424391.3439091146 488714.6437153816
158987043.3114332259 337729.5171789732
158594817.0095752180 328962.7406333294
159004891.2891636193 338044.6221030559
166228997.8178980052 482781.5397324562
166010737.0249621868 480957.0929341316
158621027.1661703289 329972.7754233684
158712510.1987198889 331903.0214160290
158710025.4071231186 331794.4401324596
158045891.1954768002 311395.6839089394
158184975.0501509607 311896.4026589394
157955054.3625205457 303381.5510134324
158200560.8304548562 317156.4304909706
157752920.4129842222 296324.4554505572
157364500.8747914135 291304.7521258816
158043304.6639554799 303381.7813959047
157652922.0844183266 296251.2266068682
157822161.4726369083 303381.0596982464
157819436.9537206590 298981.9535446391
157496026.2706540525 295623.9673066363
157767594.1829160154 296605.2041142210
157269062.0423935354 287727.3715806231
157353859.8218989074 289640.4072162434
157081140.0730060041 281882.8564349934
163290789.0630814433 408503.1335446001
163272229.4850295484 407766.6002116203
163234840.4180666804 406994.5539160129
163047169.9627816677 406799.4973410619
162796106.8008574247 400563.0358496066
162592631.4758545756 398015.6180590643
162788189.5552478433 399341.6507739080
