151580745.0151345432 119920.4036542177
152715646.5770229101 206463.6843784060
155909295.4908085167 294047.7320344057
155508495.8979813755 287257.6310349908
158460598.8832496703 355338.3804522753
175140104.8214159608 643938.8798828125
176928655.6670182347 659721.9550781250
176934993.3545133770 661309.3398437500
154241220.4155538082 250490.3164172769
169515382.9274172485 558397.8440475464
177425698.8635401726 663015.9472656250
151549475.1842640638 114201.6084445417
151511553.9843287468 113985.5844119489
159317065.3241858780 374586.4580318913
159487182.2413302660 378488.1012319702
173980282.0350315571 628453.7182617188
177002958.4459732175 661431.2597656250
177433819.8067351878 663058.2646484375
152557983.4829966724 199709.4017069545
159673671.1516712904 381907.5880164284
159711740.3371904492 381969.7350960154
159064390.4290249348 369478.5901749119
152469778.0139998496 198708.8969626632
153885581.5765733123 245846.0155381169
169522686.1485368609 560657.2795562744
169689907.1058211625 562532.7021141052
169843704.6577838957 564641.1156845093
169806719.6731972992 563430.8642234802
174160887.7818883955 631985.4199218750
154260206.8423532844 254321.8087866902
168987981.5497037172 551894.8147125244
174709719.7098019123 637357.2067871094
173837193.9226235747 626853.8574218750
154042127.5004067421 247207.6764014363
158909547.1994325519 366809.7400672045
154319571.7180320024 254400.4314468503
151667406.8459686935 128240.2647442222
153909081.4254784584 246564.2580054402
169302732.9949417710 557572.3956451416
169209691.0520559251 556676.5424957275
174924320.1540577114 641707.5124511719
155477077.6704145968 286683.4075983372
158299888.9423834383 352725.5639701393
158215527.8912903368 352175.0051426496
168441426.4171901047 542656.0871124268
176326123.5681827962 654806.4204101562
158828331.2181447148 366582.6394913181
158941032.8970368505 366878.9956910595
158542280.1498529017 359929.5861489382
169435901.2095871270 557779.4180526733
158481479.8299620450 355766.7125598993
173898602.6746316850 627440.0631103516
174071049.3351851404 629003.6374511719
174740201.3375743628 638152.6105957031
159589530.1206458211 379646.1873370409
158943801.0934491158 366949.2635089159
159451542.7765800357 375338.5591289181
159326110.0364766419 374667.2576280832
175284601.3223583996 644351.9450683594
151600785.0851883888 121726.6795763671
155534093.0324351490 289081.8502674904
159268363.0148755610 374542.6044512987
174295846.3112863600 633785.3652343750
174520719.3278446794 635946.7658691406
151980640.2289409041 157844.5237778723
158777685.4643633962 365089.6025063600
174842012.2057136893 639253.8884277344
174793863.2637978792 638686.2517089844
177494108.5236272216 663944.1601562500
155445486.2771501839 286658.2420436945
158624849.3400579095 361678.7415930834
177259486.8474771976 662907.6821289062
155427443.2397358119 286473.7517014947
157915238.3373631537 344426.6899830904
152412121.2583673596 190925.1146038976
155516752.7660421431 287985.5164768305
157994339.8089961112 345237.2358681764
158331839.1113239825 354197.6977985706
168524104.2261612713 542873.5426177979
173569991.7964329720 621024.4467468262
151897791.7605684400 150339.7964341342
151906175.4173601866 150670.9009112176
162004615.9040229917 423955.1058268473
168555751.2232559919 543796.3919830322
173519505.8654422164 619287.2826538086
173765446.3187646568 621413.4064636230
153264355.3741702139 225926.8104166593
162035967.6525357962 424448.8426432535
175393886.7415116131 647079.2993164062
152071743.0473979414 164668.9024134278
158711155.8554867208 362279.3748719677
159062991.2354542315 369395.5063292589
159089005.8182700574 370036.9256532177
168810344.0465334952 549814.8448638916
158337457.3150326610 355000.2706458177
152030574.0249448419 163824.0118234754
175226286.1092193127 644219.3433837891
175298064.3169751167 644609.6513671875
156050872.9208463132 301148.9808882084
156010453.1593603790 300833.9811113086
161947717.3211242855 423618.4634928629
175304250.5703588128 644998.6110839844
153108666.7520429194 222903.3174815979
155912726.6679123938 295300.4327561259
156125010.1498021185 301803.4742358532
168500211.1036397219 542746.6895904541
175509966.1689008772 647732.4692382812
155683816.8747961819 293301.2715518679
155297579.5885585248 279431.4926072564
175843532.2040139437 651259.9624023438
176414495.3263855577 656910.5332031250
162206694.7095475197 427731.0846052580
155765587.3862484396 293374.3244753685
155379523.2216411531 285841.6149159279
175377144.0631837547 645010.8479003906
151580142.4994982481 114483.3583438694
171133932.5898168683 583660.0870094299
155200764.5772053301 278277.0989116635
151829671.4109393358 144633.1423920095
151931194.1056888700 152188.2400031388
171095433.9845262468 583015.4883422852
158091813.9238505960 347479.6152016725
170117423.9420703948 569190.8506791592
155288361.8779190481 278439.1856112480
151589638.9946286082 120482.7139629722
175670610.3550547361 649979.0253906250
175698563.4343366027 650370.3979492188
161784202.7093961537 420171.7652201056
161324183.5566971898 412184.0339760706
175844886.1078548133 651778.9707031250
152260407.4154549241 178078.6952785458
151702017.1255190670 128671.2451374531
161800120.8970290422 420261.1109532267
171218660.8575570881 585831.0049438477
154804307.8400940001 269637.9286529031
170985921.8012004197 580468.9874000549
151871847.9907182753 150086.0126211941
170373412.6820502877 571284.0502662659
162197202.7389112413 427689.2497166544
175591853.8427313566 648581.5527343750
158006769.6228466630 346123.0237858295
170950298.2888600230 579574.5249977112
161877973.8954479992 422317.4044697210
161422346.9109241664 413358.6362037063
158071534.7756227851 346757.8717934694
167887249.9397522211 531332.1645507812
168267863.1231313050 539985.6929807663
168219936.6213401854 537898.6106630564
171944772.6041234136 594702.7623405457
176241676.3337449729 653968.1384277344
170399831.3906235993 573345.0032691956
176049622.6037955880 652840.7792968750
168286095.0494284332 540443.4511871338
151762836.6614620388 135124.8341639042
168727957.2245101929 548201.0019683838
170545746.3501903117 575471.5657691956
161704892.4383918643 419931.5272135660
168698668.0697478354 546776.4326324463
176662612.7581205070 658861.9062500000
176515882.7147105634 657453.3334960938
176184903.7054688931 653730.3437500000
170855042.5098682344 579033.7779541016
169124261.4367873967 553648.4040946960
162275929.0060813427 428203.4362166554
169732313.9319760501 563402.9797935486
170680450.9484327435 578126.7310523987
151789628.8188372850 135270.3059817553
153622494.9730201066 238422.9121283498
154079146.2996111810 247787.9997142162
153673519.9832206964 239261.2087592091
152408264.8163336813 185839.5341435876
154141075.3713076711 248454.9546596613
170327410.7235789597 570889.0891685486
153351414.7496158481 230665.3613470998
162162095.4890164137 427689.1913349554
153151133.6138453186 223511.7431830373
169687175.8743638098 561805.5056724548
156425461.5563688874 307804.4641412590
161263620.5601213872 406284.2932901338
153272960.7166207731 226605.4536322560
158155900.0224691629 348150.3866860475
161281234.7687039375 409011.4264548377
169502949.1528810263 558349.8106040955
151812316.1048110723 141706.7382834256
153140565.6252394915 223506.6035956349
156537264.9668306708 307841.8534111649
170632429.9555049241 576260.8760337830
156554580.4204593301 308549.1160439942
153111487.5076188445 222907.8105658498
156547215.4483667016 307862.1190026496
156405152.8655481339 301874.0360198021
158015689.8787841201 346153.5824868288
153089746.3252095580 221955.3177288976
152263900.8928844631 178400.2649480309
152450521.5181608796 191467.7251860108
170536437.8193330765 574869.8262290955
153327630.5223355889 228969.7439621501
155215095.0999126136 278312.6537876129
173090633.5497742295 610740.1871337891
152842509.1806117594 209336.1694374566
153764874.7143239379 240499.9828689303
155062069.8149647117 272267.2046909332
151754274.2561665177 133711.0959989130
153467966.2912839055 232663.8094275203
160464537.1748872101 392428.4103720740
154915596.2912052870 270555.1030063629
160783608.7109971344 398067.4102500037
161072238.7574293911 404814.8502515554
153175872.8226472437 224188.0161789469
160548597.0804372430 396833.3017294959
160346219.8032732010 390375.7065146521
160658679.8109521568 396850.5398448065
169923077.2871406376 564843.6400718689
151749728.0794631243 133660.4896140397
152824995.1841440201 207695.4751996007
152841785.5990985632 209336.1668499913
152377605.3157112300 185549.6433121171
152831907.0983435512 208281.2474520802
154648011.8604364991 262797.5522251129
152372333.9595640302 183357.4346164670
170784875.9456641972 578972.0389900208
154681704.1458116174 262805.4517157078
152959234.9121312499 216078.4821356740
160076492.7041644156 387639.8346632079
160088356.3539163172 387640.1580314592
152896039.3495500386 214197.7669476476
173094347.6640194654 610880.2152290344
154465175.3397240639 256079.4504655600
160489056.0209590495 393718.6767513708
154713110.9818194509 263073.8140931726
154353434.4154928923 255040.0014438629
160063724.6137866676 384951.2661552385
160068767.1637504399 386636.0680142045
152200511.5347988605 172110.6528802719
152272056.7117085457 179296.1184004154
160759149.5157378614 396959.6807662651
152287623.4057808220 179876.6607549991
157486906.7577269673 331110.4153491419
157361058.9988636374 325517.5327387017
160839021.7811400890 400026.0650808171
173191982.6954080760 611939.9464302063
172950084.7518871427 609489.1654243469
152183874.5391033888 170795.8406244125
157897016.6277726293 339426.8033100918
160416793.1171797514 392268.5142995671
157470090.2566941977 330957.3616423768
173400950.1955040097 613006.3390388489
172336802.4908341765 600359.2900886536
157177238.9491692781 323131.7688226860
172620210.2020917833 605508.4283638000
157309722.0150066018 323195.7583093804
157601762.4867236316 332625.4477293652
160007287.0055969954 384510.9635183171
172781691.4500534832 605754.3301277161
157832604.0298079848 338698.6666385096
157456194.6387476921 330889.3196039360
172192150.9370121658 599322.8120613098
172046481.5661339164 596053.2493171692
165006657.9909307361 475808.3400968015
171731138.4286582470 592072.5122566223
165684539.4626528621 486650.8733857572
171852638.5302546322 593447.7059516907
171685136.1298437417 587496.5876274109
171694485.5896268487 588508.5419731140
165565656.7599705756 486233.5704072416
165199158.4566134214 479456.4311250150
157382572.2867197990 328297.1597374838
165118478.0849862397 478893.3226045072
164711364.5001705289 470985.4731076658
165792315.2156192064 488272.2415084839
172268799.0190996826 599771.5833320618
164638055.4190358818 469948.9950803220
165947652.0070936680 491854.4924653471
164513433.7604404092 463750.6338742673
165077650.0557021797 477680.1808961332
164299322.8403942585 461994.7664452791
172308347.4516049623 600136.9439888000
152172516.7130530477 165658.1723013427
164590869.1558726132 464715.9951355159
164400098.1107572019 463133.4641296566
163455931.4417420328 443497.1796686947
163354767.1719554067 440372.2951472104
163543045.7660962343 446433.6403620541
157007578.0050533414 309147.1470534801
163709823.2906357944 447275.7257807553
164033148.4624700844 455112.3567661047
163291937.8266353309 439760.0106321257
164002430.2523705661 455033.2765620053
163620207.8962480426 447250.4344128054
164199772.3375622034 456404.8362450739
157096033.4699797034 310068.2454412486
163266937.4697072506 437593.5221753418
163775725.5683477521 447618.5831604581
167231286.6369680464 501801.4210506678
167206259.5499436259 499901.0402151346
167693181.2598503232 507660.4102840461
167875233.7683564425 510199.8400610685
167764045.7233614028 510192.6602840461
167449168.7295681536 504584.2860455513
166995234.1621238291 496446.8920712471
