154462489.9375227690 250949.4695323315
154671700.7148258090 255899.1179712620
154597462.9748128653 254379.3156932201
157361058.9988636374 325517.5327387017
158500101.8098871708 354326.1484583020
159546271.4852742553 371437.8950614885
160839021.7811400890 400026.0650808171
172044553.1387875080 594336.7966804504
171702716.8268769681 590425.9218258858
173191982.6954080760 611939.9464302063
172950084.7518871427 609489.1654243469
175369709.7201939225 637143.3674316406
176650782.5222010911 653520.3676757812
177903593.7324706614 661786.4565429688
178313090.2735985219 663944.1601562500
154614108.7240179777 254928.2741118874
154639585.3594688773 255682.3755547609
152438410.1735739112 186302.1553169098
153315235.0664999485 222065.1524434295
153954181.6353157163 240200.0120694842
154188123.5547685623 248140.1355174389
154441883.2335512042 248174.7082007732
158138335.5313162804 344553.9732321457
160748056.2611786127 394007.6121999577
172579097.5251489580 602530.6881294250
175196596.4668523371 629631.4338378906
175848590.6958701313 645386.2739257812
175505152.7333357930 637369.6359863281
178201112.1936918795 662831.4077148438
178205659.4328085780 662861.9604492188
178071460.9184189439 662407.5463867188
152119788.6140149832 163038.2898431625
152183874.5391033888 170795.8406244125
153418160.4686751962 223888.6851374116
153638305.8837217093 232384.8064268436
155269781.6316251159 270316.7341842055
155154418.0612570047 269679.5286902785
155495999.9186608791 277283.9467377067
157897016.6277726293 339426.8033100918
159096746.9239341021 361758.1358868435
159309574.3953637481 370420.0387338356
160416793.1171797514 392268.5142995671
160391581.4171521068 391129.1839959279
170214992.0619957447 565692.4768180847
170321084.4225985706 566013.1308708191
170302547.1345759630 565784.4713249207
175566126.7815081179 642509.6577148438
152367294.5346807539 179875.1706426945
152316650.7404742837 179257.8974812832
153286179.8040222526 219255.4879447427
153059488.5646948218 209931.6138202511
153074710.8000011742 209967.8097002767
153793059.5417086482 233935.1829624176
157470090.2566941977 330957.3616423768
160245355.2279049158 388197.8997976140
170112919.8288680017 557549.5507926941
170662153.6067021191 574116.9147758484
172144966.6108367145 597285.9491157532
173400950.1955040097 613006.3390388489
172805743.0431624651 607634.9908638000
175701591.2443635762 643569.3889160156
176817990.3297763467 655734.7646484375
176625100.9202074111 653334.5307617188
154115058.6579151750 242528.1211241093
153978197.7861316800 240417.1574195232
153860722.6650404930 234232.0192273464
153914910.7459198236 240142.3572080936
175236401.0065151453 636501.9582519531
151795382.0919161141 115434.4160856204
151981423.7663233578 129474.5062795179
152262497.1542985141 172672.5994073655
153373936.7616034746 223788.5512821041
155301705.7286306620 270768.2823044658
155466332.3675444126 276606.3174234540
165036406.1510232389 477608.2854093015
172336802.4908341765 600359.2900886536
175540222.2166593671 642262.7048339844
175837439.3446144760 643734.4644775391
177856098.0302234888 661363.1718750000
155355002.2930627465 276477.2645701766
155169682.3193243146 269954.4019827247
152491454.5013999939 186570.0104793515
153155635.9885286689 216031.0005008541
153174271.0851116180 216428.8821918331
155008480.4635434151 268710.2379683852
158169566.3421456814 344616.7681769088
176686086.7551894188 654717.9189453125
152365074.8215554059 179662.7695623841
157177238.9491692781 323131.7688226860
172435817.5392379761 600770.6060066223
172620210.2020917833 605508.4283638000
178017250.6301481128 662030.7641601562
152274923.6670293212 178624.3703865409
152401209.3636285663 181417.4263908863
153420680.4642504752 224546.3218458500
157309722.0150066018 323195.7583093804
160591309.3110312521 392272.3199264214
177121844.4139671624 657159.3339843750
160643656.0130382478 392385.4343319491
152218313.3809843063 170873.8034323063
152263336.2085709572 178553.3914056625
153250348.0293785334 217232.4917499386
153054139.6015591621 209407.7002954542
157601762.4867236316 332625.4477293652
159875522.4894974232 376711.2225680351
160007287.0055969954 384510.9635183171
171777826.0042854548 592891.2939949036
152935746.3014864624 202077.5405525528
152957535.1990767121 208330.7899422012
154715495.2737574577 260382.5005885363
158039869.1186543703 344544.3758990720
159955182.5143340826 379174.2674428776
172781691.4500534832 605754.3301277161
176434448.1795493960 651480.1083984375
154844968.8463831544 261845.1670441832
159756249.6166823208 376643.5291668728
159594020.5530552268 376548.2791616276
175845183.6578538716 644583.4772949219
157832604.0298079848 338698.6666385096
157745457.7426613569 336275.8062639397
157456194.6387476921 330889.3196039360
158314813.1556966901 348635.9427145675
158478698.2482073903 352915.4899517850
159503237.6424723864 371065.4514579729
159236883.2983887196 363899.1170269803
157815677.6292293072 336834.6434436396
159863613.5018948913 376662.3933322430
170863032.0737705529 577663.2758064270
176089292.9507097304 648941.1757812500
175976164.3572568595 645857.6708984375
176268606.4064541459 650365.7451171875
159586825.8129114509 374515.8093986467
176320399.7391640246 651344.7639160156
154797321.0922026038 261495.4438996520
159135895.2515730858 363743.1187195734
165486783.8194895983 485173.8392060697
170789827.7510191500 576667.6037712097
176582449.4160081148 653098.5268554688
158795898.5013756752 360922.1367607072
158781574.1847277880 360094.2429692105
158760372.3374862075 359844.6729278520
158608749.2845681906 356169.4442974881
170137651.0101136267 564469.9991264343
165524893.1349140406 485407.4927229285
170378519.4134986699 566015.4874153137
170427242.7408701181 569929.3363151550
172080165.9520846009 596079.5532722473
151894278.5157447755 121652.6874816613
151888343.1977723837 121473.0645951331
154964141.3411481380 261990.1216822863
165459247.2474455833 484039.8034757078
165372501.7324068248 481589.0224698484
170564492.5719568133 573124.3080329895
171470094.0814223886 586700.7253913879
172192150.9370121658 599322.8120613098
177216335.0501807332 657779.5942382812
176529867.4743070900 652122.6430664062
176906477.5778398812 656355.0249023438
152552381.3049082756 186615.6382880807
154501894.4196980000 253737.8931184020
164783497.7810440361 471327.7688077390
172046481.5661339164 596053.2493171692
177135962.3200061023 657240.8549804688
151828410.9069296122 121432.4659208255
152936903.5850811303 202877.9564171638
158726726.4075350761 357728.8266217068
165006657.9909307361 475808.3400968015
154479449.9097165465 253517.4296643343
170469645.9091084003 572037.7207145691
170970334.1172785163 579613.4728813171
158634108.9764181376 356630.2949625396
164812428.4124181867 472000.2766202390
158483857.5361613333 353334.0781515792
152089106.5818281174 159248.6579716709
158373737.6540082693 352311.5240133957
171301593.8096519709 582424.5179405212
152583441.4490969181 187174.0085960031
177001354.5583502650 656678.4711914062
171731138.4286582470 592072.5122566223
165684539.4626528621 486650.8733857572
171328307.8954962790 585631.9257621765
171947002.0118777454 594010.8367500305
171852638.5302546322 593447.7059516907
171685136.1298437417 587496.5876274109
171694485.5896268487 588508.5419731140
165565656.7599705756 486233.5704072416
152755552.0323728919 196629.6045249104
165199158.4566134214 479456.4311250150
151987556.6762612760 130671.0588731067
152685087.5706402063 194583.9733405709
157382572.2867197990 328297.1597374838
165118478.0849862397 478893.3226045072
157717082.2627575397 336017.6467942160
164711364.5001705289 470985.4731076658
153555720.2157162130 225163.8541794624
165792315.2156192064 488272.2415084839
172268799.0190996826 599771.5833320618
151991104.1738820970 136500.7632188099
157163905.0716500878 315008.6343740225
164638055.4190358818 469948.9950803220
165947652.0070936680 491854.4924653471
151907376.0827775896 128743.2124375599
164513433.7604404092 463750.6338742673
152167609.6784784496 165519.8982790019
165077650.0557021797 477680.1808961332
171976377.8549866974 594118.4911079407
164299322.8403942585 461994.7664452791
172308347.4516049623 600136.9439888000
177025981.1567549407 656718.4868164062
158249428.2196344137 346048.2507592440
177138015.8160859346 657391.5029296875
152683946.1859731376 194501.6467538476
164251021.0502991378 460263.5833482444
152869492.8613691330 202074.9203897119
152172516.7130530477 165658.1723013427
152682308.0738824308 194317.3696084619
152705072.3853541613 195041.3411203027
164590869.1558726132 464715.9951355159
157806725.2290718555 336711.0747559071
164400098.1107572019 463133.4641296566
152602904.4601148963 188977.7385092080
163284480.8213169873 439073.8628962338
163409300.2888875604 442174.4137995541
163455931.4417420328 443497.1796686947
163354767.1719554067 440372.2951472104
163543045.7660962343 446433.6403620541
151896297.0805144310 122762.7640165286
157143301.9023572803 314518.9339187145
173949912.4081096649 616143.4530525208
152048211.1531392932 138399.0297026532
157007578.0050533414 309147.1470534801
156835151.3726030588 306761.3831374645
156442322.2890943289 295399.1008921862
163709823.2906357944 447275.7257807553
164033148.4624700844 455112.3567661047
163291937.8266353309 439760.0106321257
164002430.2523705661 455033.2765620053
163620207.8962480426 447250.4344128054
152661421.5830352306 189006.1113066375
156793691.6686689258 305716.2852183580
156884024.4920262694 307500.8695598841
164199772.3375622034 456404.8362450739
156922415.9125187993 307963.4099071529
157096033.4699797034 310068.2454412486
156853127.9964363575 306936.8109319713
156579299.6919066906 299163.2511352897
156502816.2260917425 298023.0825511217
156366746.7897473276 290863.0255247355
156233323.6750100851 290579.2367917299
156351598.9291452169 290586.5289812088
156130794.0153833628 285128.2263227701
156135370.9664357305 286280.7409307957
155979624.4015353024 284146.2286130190
156071426.0468690991 284199.7610921860
155913119.9740546942 282821.6860104799
163266937.4697072506 437593.5221753418
173701606.5288780630 613259.6993408203
173959925.0868670642 617623.3812255859
174202854.8670112491 619907.5323181152
174266425.3592866361 620103.8106689453
174680944.0139082670 623575.5562744141
174981424.7086025476 625844.3970642090
174405651.3815149963 622539.0782470703
173821011.1230934262 616107.5601806641
174663330.3591402471 623345.9837646484
163775725.5683477521 447618.5831604581
173697012.0093206763 613212.9178466797
175077998.7308775783 626303.6262207031
167231286.6369680464 501801.4210506678
167206259.5499436259 499901.0402151346
169749668.6031637788 540520.8049631119
169712606.9532742202 537995.8664813042
169340888.6196188331 533900.4825204224
169553504.8510012031 536082.1102609634
169214227.2492014468 529619.4825754166
169689518.8671247065 536221.2598276138
169216029.5944706500 533007.2084951401
169181003.3251635432 529391.9955148697
169217591.3869138062 533039.4523019791
168831061.3731144965 525913.7109125853
168497500.1465829313 519762.3474714458
168138993.9334929287 514327.7781660892
168182158.4385938644 516095.3285727538
168862606.7026063204 526468.9425871074
168922273.9773680270 526878.0816092528
167920011.4067475498 511162.4229254760
168303667.2297747135 518916.0673422851
167895646.3187491000 510688.2545261420
167693181.2598503232 507660.4102840461
167875233.7683564425 510199.8400610685
167952658.4404505491 511171.8509734869
167764045.7233614028 510192.6602840461
167449168.7295681536 504584.2860455513
166995234.1621238291 496446.8920712471
163234840.4180666804 406994.5539160129
163047169.9627816677 406799.4973410619
162796106.8008574247 400563.0358496066
