152169049.9461725354 71899.6601334073
152127943.9262250662 71297.4297070958
153764172.3136371672 102013.7658378229
153943018.5644524395 105244.8098084822
158824936.0422292948 160847.0309658330
164026307.7655320764 201473.4827759303
173543977.5060859025 259410.9346618652
185408630.5071830750 285306.6730957031
151901054.9151879549 63414.7256387174
159096410.2663720250 163100.3348019850
164040059.8493666649 201610.7056988440
173351007.4768752754 258553.8025741577
173721496.4704166055 260725.7669906616
175631189.1831418574 270256.9252319336
180504215.6639175415 282831.4272460938
180777282.1308331788 282901.0207519531
159168777.8293958306 163987.9032351505
158714288.6529745460 159833.3094047438
174246326.2420433462 262481.4873886108
174446664.5240004063 263512.4687118530
173951593.7043109238 262256.9691772461
152612322.6637795269 78531.4489380717
152446804.9412348866 77387.3687084317
167415242.9892522395 223406.5222635865
181008401.8386374712 283270.5131835938
179847941.4762559235 280611.2491455078
180383695.0194020569 282351.4819335938
159210073.7786123157 164041.6165489089
152322639.0132007301 76641.1748581529
158530260.3382915258 158859.6571830641
173861184.7290402353 261189.2330856323
176890780.6447222531 274098.4995117188
176921028.9273979962 274540.4169921875
156789500.7212420106 141892.3409594893
159044405.7865257859 162960.5071083980
152546488.9146724343 78250.7773972154
175752033.4075629413 270630.3319091797
180189123.1881628633 281578.1887207031
179861171.8806570768 281112.7705078125
153602490.5361045897 99707.0170223890
173664252.7299585342 259896.3038406372
168812381.2126570642 232019.0013861326
180269935.0055817664 281975.8134765625
180481626.0341520309 282783.3828125000
152518279.9979799092 78212.0345866084
158948351.6430291533 162334.9449035006
163408175.1624882817 197444.5472900905
173638994.3648198545 259417.1048507690
152058942.1515480280 71111.2234611370
153520865.0408676565 98074.6967318207
157366172.1943902373 146983.8109229356
163833209.5030606985 200332.3083977140
163543777.1220908761 198330.1044189967
173421864.6338596642 258879.4548149109
176110779.9131211340 271763.9185791016
154039983.8433902264 106085.7987639055
156409663.8452494144 136884.1457577497
159079633.0958294272 163053.4456678778
167665717.7740441263 225958.9349222779
173871088.4999311864 261881.3641586304
179761015.2230511308 280018.3361816406
152277151.7014923692 75485.7585498691
168739367.9996710122 231813.6418321199
152296581.9587738514 75853.5507876873
153719442.3245037794 101970.7835377202
158023344.8129225373 153345.8222387284
167528685.8003923893 224183.2659616928
152175541.4794441760 74062.9460096955
152027317.7610864043 70638.0252407648
175565470.6926836669 269700.2480468750
174465109.0799437463 264298.6376113892
174585364.2801701725 265111.0979995728
179659519.2135882974 279603.2061767578
167529687.2045080662 224655.4499216537
175757566.6613465250 270943.0657958984
156736261.9997209311 141388.3349644691
156753214.8040390611 141408.6546138376
157229015.0259954333 145005.6675594598
175232439.6887882650 268304.7435302734
162750473.0484195948 192856.0270661275
163726070.6054655313 199614.0198604688
176030074.2161764801 271529.6331787109
163121119.0233506560 195844.0596191920
152058442.7534857988 70643.1693008542
174743806.3922872841 266087.2090148926
180087532.1895260513 281165.1164550781
153612042.9426681101 99856.4735264786
158526488.0630107522 158393.8405430913
162311539.1916125417 188511.9798427820
168813088.2649770081 232578.7285933164
151983002.6663320065 67812.3673785888
151950161.8714489639 66654.8949193358
179567430.8455666900 278865.4338989258
153467030.3526750505 97853.6449166879
153522640.6445597410 98311.9317838967
153765359.6324697137 102039.2573069528
154044753.2848547399 106102.4667326555
156732647.5968523026 140935.4006480724
158714860.2145050764 160032.6520748259
162609557.6009538174 191582.4899288863
153848735.7494235039 102786.3643452418
164174937.4239853621 202363.7497543544
175891233.3317426741 271385.9624633789
177401345.6393872797 275200.2679443359
175846057.2374744713 271324.6119384766
177388555.8416955769 275066.7609863281
153533409.0493538380 98626.6193164334
175973594.8122368753 271387.6102294922
153723617.6138128042 101990.0116472989
153417167.2291716039 97832.6529084787
156283716.2756476998 132954.2353166714
177315437.1765585840 274723.9133300781
175055853.0150868297 266997.1539077759
175293063.9027044475 268802.9498367310
185173779.2588726878 284863.0280761719
168550127.6119145453 231336.0641646055
174266134.7334861457 263408.4903707504
177527193.9191867411 275587.2619628906
153546100.3158128262 98666.5996941671
175265767.7750495970 268625.8469848633
164089757.9140439630 202022.2744695395
174555758.2210782468 264392.9089736938
162589074.7465277314 191007.5986692756
174699460.0376900733 265910.6097793579
185374707.4415483475 285072.9904785156
169589048.2708608210 236039.8200183197
156010553.1198806167 131824.9852066413
168876123.5821233690 233212.1155471471
163004746.8073294759 194660.0946604460
177214670.9147897065 274692.5593261719
177361900.6551802456 275012.8662109375
155680821.7589492202 126839.7091275007
168810404.2600083649 231881.3905031537
151496690.8515850902 48396.8655668856
176334321.2604611218 272407.9338378906
151484072.0225520730 48382.4804507839
167714355.1956411600 226224.4286814193
175487689.8049775660 269284.8690795898
168006666.7063648403 227369.5898905396
155551061.2232579589 125559.6369225532
151914397.4400206804 66128.0455832286
155638578.5814256072 126699.3445282131
162962085.6122196317 194398.7980953902
152845894.4567530155 86858.0696402714
158152138.2893658280 155040.2934239507
152679325.7290877998 83333.4188505307
176813322.4287672937 273796.9965820312
159414076.7889246345 165926.1944033206
163067224.2884578407 195105.8535601199
168518829.0364266336 230745.5008328306
158931343.8801681995 161438.2956295134
163699662.0805754662 199244.1301061213
152741236.1164183319 84481.6147882909
175719517.9480305612 270505.5694580078
151785411.6475944221 62445.4453933835
164194442.0436652303 202532.8608273417
155304945.1245650053 121958.0762815028
151467290.9776352644 44537.1539558503
170005220.8198907375 238764.0985157048
159275171.7768351436 164493.5586592853
159551832.9667755961 166346.0766764730
159489161.1624364257 166332.8873723000
162993194.7792255878 194531.0321490020
164161065.0862589478 202312.4058927745
168716038.4324375093 231769.8087621331
157882599.5278999805 152317.9493846297
152929880.9928103983 88429.8313190117
151802656.1247091889 62831.7114979029
152872596.4172944427 87850.9995172069
151473997.1210422516 44778.4899354689
158379805.9104967713 157024.8085286021
151658882.8282364011 55812.8467037212
158367321.3016992807 156708.3922375664
163012878.6689788103 194798.6308590621
151729461.8165970147 58537.8465048531
151682391.6481350958 55907.9579714388
151571673.9921405315 52294.5721775405
169688266.7968150973 236538.4446592331
155604875.2773311734 126172.7268425971
162816860.9294164181 193379.6141354293
151465411.7836691737 42946.3345652074
151906806.9233305454 65596.1767012551
155554451.2777300477 126097.8992795497
169705499.1196633875 237232.0355695603
184806033.3041751385 284467.9016113281
158219487.2710749507 155785.3957110643
151525502.8797199130 49352.3292856907
152824576.2054769695 85725.1415973649
184499576.1638047099 284114.9294433594
153290069.8806639910 94716.6382986054
169091014.7504807115 233581.3829680830
151579133.5378599763 52517.8887812011
151737587.9369185269 59545.4146074913
157816023.9413844943 151174.7965173401
153025904.9842129052 90576.4861989960
151706507.1745165288 56891.6454489306
152882217.8585199118 87934.6202321992
157457598.3133923411 148252.6782126106
155736157.4356494546 127895.8159297351
158274064.6683927178 155974.3067218065
155361712.5045901537 122539.7613150403
153265422.1573435962 94460.9541863546
152933003.4211733639 88458.5082860932
155718192.8490447402 127402.6479978487
162119734.7499772906 187669.3741221800
156773713.0762796402 141491.1074896432
156922353.7341617346 142915.7384692706
161908957.6832765937 185867.7813964859
168234264.3457030952 229135.0447855592
155381013.4165145159 123229.1933873817
168840070.7816062868 232637.1955210119
161233253.3195378184 179605.3320101312
162418727.4749875665 190040.6833262816
161201268.0425847769 179571.5965184977
169862716.8722239733 237827.6457533836
184593504.4518247843 284363.3715820312
156492673.8118160963 137587.7925882202
155794045.8247322440 128083.4901364595
169288540.6787588596 235042.9222883103
151852671.2363335788 63297.9191139340
157944780.8124739528 152436.4495851994
169156657.1366811991 233910.9852933442
168683103.4805607200 231539.0833917973
170314787.3118987679 239175.2088847160
170970990.2193649411 242780.4861826897
168391012.6379860640 229973.0378271490
170496045.1203488410 240828.6227040291
170947276.5883526504 242730.1102519035
170838662.3607631922 242269.2348246574
170411197.0047073960 240686.0064921379
156594324.8105225563 139228.2835482955
170683226.7902365923 241275.6085205078
165607999.7817539871 207475.2892669192
155605736.5043599606 126234.1535179913
151643579.6926274896 53178.0550563270
155862116.6534788609 129556.4130608365
157746213.1534590721 150314.9125679508
153349193.1299720407 95343.7865994767
157878813.0815827250 151701.7944642082
154746201.6401032507 111529.9820660547
166344222.2157993019 215953.9423215738
155300684.3789570928 118867.2311841175
154410497.0453838110 108497.7028833181
179376335.2898690999 276726.0308227539
179330084.8501825929 276613.8074340820
160890221.9922996759 177266.7257906309
165796269.8294852376 212463.2178252688
179529015.3628335595 277306.6582031250
165993522.6511166990 213347.0901397219
179404870.8015485704 277069.8500976562
184330081.3469078541 283847.4436035156
160966227.3380926251 177797.8563893473
178931371.9652777314 275670.9426269531
179153600.1420230269 275716.3609008789
154258273.4708439410 107689.8369617954
184175713.2508853078 283640.2229003906
157634085.2341400385 148728.5869430006
179293281.7016313076 276355.2261962891
156301536.5459294319 134196.7333583467
160778976.7212347984 176517.6790617442
162005835.3821496367 186480.6026352363
166013510.5123188794 213854.1616729251
155981338.0379537940 131271.8874509191
165622648.1802299321 211155.4422195902
156304783.4065399170 135461.1711860156
154682232.4638753235 111220.8550465003
161070875.5078399181 178949.0776783040
167221191.8131711483 222056.7176888934
154474929.5362007916 110379.2227348238
166098948.6873482466 214739.5284880152
166751791.3299857378 218947.7306364527
154222466.0946555138 106931.9442232743
160306583.4557917118 172734.0163793376
161097626.2070015669 179313.7226620035
160655981.3264838457 175888.8070287516
166702822.5874786079 218547.7978596091
166974079.9467412233 219866.7949370742
167042190.3187707663 220704.1696012965
166461413.1844801903 217036.6047285548
166569364.6165988743 217904.4932402125
161439456.8053034544 182069.1614642235
154543970.3057242632 111125.5996539265
152669730.5176688433 78622.0861254632
160566823.9482904673 174262.6067496564
159864675.4419978261 167838.9843840411
160064144.8758756518 169826.0984180000
159832796.1520621181 167429.7508227851
160165108.2787094116 170634.4243006732
160091284.9372864366 170473.4841601875
159985508.2231301069 169447.0521188405
155037734.2682222724 113445.0504364967
154944751.0712817311 112685.8618488312
154952904.0780345798 113431.3786945343
154786461.2184871137 111811.2075519562
165376283.0703213513 205556.5359112918
165079062.7468491197 203006.1299079768
165081539.9050327241 203430.4903267487
165011996.3820520639 202628.9357246161
165217960.4878485799 203619.7937570363
173181807.5074965358 244471.7455315590
