176965413.1146816909 275204.0498046875
151489843.1442305446 48600.3580104043
157692523.2949066758 150368.6040630639
154833557.1929324567 118217.5270025453
154650678.6531527042 115327.5847762339
159161552.0090641379 164351.5728114992
165841129.8803344369 215830.5794502348
165169450.4874911308 211240.3294125646
177422946.6614881456 276951.2880859375
180384770.5366827548 283117.0251464844
152574474.7083593905 81118.8351635486
152388933.4860564470 77588.1574846869
181637854.5215162933 284426.3298339844
151446242.9225006402 39539.3938023234
157993797.8787159324 154053.0396236256
165704813.5669251084 215002.3598802090
173120874.5661288202 258898.5990295410
166460678.9591315985 219862.0636409372
174754557.1779138446 267753.5023193359
185390162.0242536664 285513.7468261719
174459894.3961384892 266806.7718505859
157888327.4722254276 153689.6080215126
175924945.0016171932 272991.1927490234
181229148.6514838040 284192.1142578125
152489691.6513756216 80160.7669090490
175141518.1120065749 269659.3344116211
175015614.0486861765 269496.8516998291
180793431.9224183261 283545.4287109375
182579588.2358376086 285198.9660644531
176787476.4253183901 274768.9096679688
158938698.7731121182 162469.1576258093
164901785.6899691820 208276.2938476652
158875972.7489612103 161924.5277497321
163199374.2809081674 196220.4116172828
181889343.0973449349 284745.4560546875
181930158.1927216649 284925.2543945312
152047507.8187904060 70709.5747287359
166235981.9037461281 218268.5925153345
152639561.1179336905 81139.2343572527
166356168.4958197474 219124.9529172033
164926056.0434296131 209346.7860292196
166451466.3308407664 219183.4037457556
179824226.3485350907 281695.2824707031
153286536.4033580124 94833.6624083668
158470183.7102060318 159114.1962721497
158215035.4694058299 155923.9956209809
158761184.9108936787 161559.9446814209
165084006.1576151252 210630.1526905497
164962510.1781945229 210088.5098701566
165885889.5644506812 216385.5204938501
165581536.4822049737 214084.1389665604
152486610.3975431621 78959.0130947828
153917125.0197286010 105542.3511268541
166038708.6563153267 216982.7977145314
166135390.8900653124 217099.6038619131
166018574.2465550900 216897.8951266408
174545868.6870080531 267453.7948608398
165671231.7472668886 214425.7260109037
162803220.1367710829 193747.4027061500
163661700.3020943999 199427.1749850065
165995649.1615388393 216581.7665133104
175370250.8570829630 270845.8608398438
151549169.0503959656 52036.2262635878
157550755.7256401777 149928.7856556997
165822213.9007303119 215503.8788454980
176334366.0878424346 273683.3718261719
154258562.9245987535 109946.7076859482
175761530.3734082878 271883.7281494141
177946977.2456379235 277770.3800048828
165988648.2721759677 216412.9180911034
175379126.5146585107 271332.9514160156
178143680.1885857284 278010.4779052734
165389023.9958844781 213041.1812136620
177671842.5416698158 277266.3360595703
177908483.8434399068 277534.6412353516
157786498.9949550629 152243.8304714710
179934384.0173301399 281927.5240478516
158424951.0302731991 158251.2430219799
175565638.8193687797 271811.8759765625
175243579.8161096871 270675.8912963867
181589382.4065285325 284284.7927246094
154442630.8922552764 112809.9051553615
177009317.0730428398 275883.1639404297
165012026.9200649858 210235.3601077050
177168683.9757477343 276605.0289306641
181787190.5749949813 284639.0993652344
165285263.0555741787 211695.4831545800
163725631.0149877071 199875.4235891849
157233858.7104135752 147249.8266869932
158061703.1703324318 155399.0874178559
157725708.3745082617 152202.3498605043
165022139.2111392617 210268.9407351464
173242921.5011390746 259904.0552062988
156354698.5650849938 135692.7458493859
158002318.7481731176 154399.5866158605
174798740.4908365309 268636.3923339844
154513986.3572720587 113726.6317067407
156403958.5165989399 137737.8685918003
180604341.3937531114 283437.1000976562
157859678.8401216865 153127.0956881866
180179597.6235523820 282837.6369628906
153765763.7905067503 102933.6529768601
155119646.3776764870 121706.2527105531
154171776.4469583333 109432.4953740843
158323844.3804827332 156856.1088563800
162766069.4232488275 192732.0815248527
172713811.2303980887 255568.5815200806
176608778.9856798351 274371.5092163086
176838431.5443043411 275037.2471923828
177606900.4479971826 277118.5485839844
157883281.7074202895 153578.7912113816
173440538.3263527155 260878.7916564941
173267915.6226472259 260507.2765197754
176246128.6994516551 273314.2947998047
156620934.6033669114 140605.6363882571
173693339.8329252303 262816.7052307129
175787282.7119283378 272017.8778076172
154750238.8523744643 115974.5762100278
174330907.4326473475 266276.7786254883
153849670.6407526731 103991.1543835894
156292860.3045200109 134943.0171968490
162535203.7614713907 190522.4000122584
153358083.6064644158 96588.4810140180
158913397.1849892139 161944.5767478384
181090689.5971865952 283776.8762207031
156626958.3846211433 140646.9176904112
152114561.3737356067 71857.6567071527
164751015.9341509938 207691.5348830819
175195946.9336366653 269993.5728149414
175279924.3036212623 270827.9042968750
151466120.4606382549 44567.5660903356
162658686.6074450612 192268.4873817973
173682232.8109207749 262273.6143798828
174880282.1191995442 269104.9616088867
152432307.3001743555 78269.3157290922
154703859.9927150905 115497.5654435195
156978730.4229840040 144633.7680507451
173594963.4879758358 262112.4577636719
174140050.1144342422 265237.7947387695
157271754.5860723853 147887.2566452175
151442221.7296326160 39129.1224823566
179623484.2236620188 280975.3868408203
179994548.3375639021 282152.7001953125
153597858.7286147177 99862.3372052059
154624822.9025002718 114580.6349301673
156990925.7871710062 144947.3392899632
180081917.1545098126 282195.2297363281
156576802.2813521028 139983.0924091786
153335124.7910725176 95417.6964122057
157389305.1146953702 148668.3191601760
180912932.0835671127 283630.9785156250
180263509.0827968419 282965.2927246094
174840098.6244035363 268700.4635620117
154478170.9910297692 113566.3275003752
156894139.7656591535 143150.8335229307
151654326.6824855804 56270.2254965100
153578027.2549321055 99292.9713373527
151909798.7303360999 66939.2933433510
157804497.0838919878 152380.3672092116
174575302.3564615250 267531.1296386719
153504831.9768690765 98741.2608574010
179365387.3130642474 280354.3445434570
179758713.9256192446 281235.2629394531
157131458.3161410689 146103.5241485983
151769975.1762683094 59916.9664314389
151620109.0372150838 55541.5527522359
163178509.3929123878 195959.9873756208
151436060.5450198650 38980.7141877832
153215912.9652475119 94618.9493083507
152469476.9954581559 78312.1134155989
151867487.4467825294 63705.8048439622
153562107.1469435990 99046.5212819323
151894273.1209770143 66867.3513515450
154115769.3846202195 107340.2735034730
156722634.3316620588 141475.9125007987
152140798.2588178217 72754.1266752936
156681090.4193403125 141135.2711065859
185266519.5036885440 285409.8247070312
164467803.7764484882 205386.6870660186
185273997.0850147009 285442.6057128906
164054158.3898029327 202165.1832025424
154813112.2454856932 117599.7277834139
154503389.8501819968 113582.1136083922
151733329.7596352696 59545.4146074913
156906601.7837541699 144119.6130639464
151797491.7708887458 62838.4500294924
151980436.9734472334 68564.4929682471
153705450.0100530684 102027.3152730920
156626404.3249684572 140643.6834374815
154019165.6038243175 106734.7177347972
162950715.6620634198 194475.2724337591
164018493.6240640283 201734.0742340088
164209070.8848450184 203158.8245242685
164236564.0064241290 203223.5653726012
164061121.2436002493 202746.1425962448
162384308.0522392392 190136.6955484785
153492570.8693260252 98601.1906226620
164362716.0547935367 204568.7007759586
168002408.9204221070 227546.3550364641
156789500.7212420106 141892.3409594893
159044405.7865257859 162960.5071083980
163408175.1624882817 197444.5472900905
152058942.1515480280 71111.2234611370
163833209.5030606985 200332.3083977140
167665717.7740441263 225958.9349222779
152296581.9587738514 75853.5507876873
167528685.8003923893 224183.2659616928
152175541.4794441760 74062.9460096955
152027317.7610864043 70638.0252407648
167529687.2045080662 224655.4499216537
163121119.0233506560 195844.0596191920
162311539.1916125417 188511.9798427820
162609557.6009538174 191582.4899288863
153417167.2291716039 97832.6529084787
156283716.2756476998 132954.2353166714
168550127.6119145453 231336.0641646055
169589048.2708608210 236039.8200183197
156010553.1198806167 131824.9852066413
168876123.5821233690 233212.1155471471
163004746.8073294759 194660.0946604460
155680821.7589492202 126839.7091275007
168810404.2600083649 231881.3905031537
151484072.0225520730 48382.4804507839
167714355.1956411600 226224.4286814193
155638578.5814256072 126699.3445282131
152845894.4567530155 86858.0696402714
152679325.7290877998 83333.4188505307
159414076.7889246345 165926.1944033206
163067224.2884578407 195105.8535601199
168518829.0364266336 230745.5008328306
152741236.1164183319 84481.6147882909
151785411.6475944221 62445.4453933835
155304945.1245650053 121958.0762815028
170005220.8198907375 238764.0985157048
162993194.7792255878 194531.0321490020
168716038.4324375093 231769.8087621331
152929880.9928103983 88429.8313190117
152872596.4172944427 87850.9995172069
151473997.1210422516 44778.4899354689
163012878.6689788103 194798.6308590621
151729461.8165970147 58537.8465048531
151571673.9921405315 52294.5721775405
169688266.7968150973 236538.4446592331
155604875.2773311734 126172.7268425971
151465411.7836691737 42946.3345652074
155554451.2777300477 126097.8992795497
169705499.1196633875 237232.0355695603
151525502.8797199130 49352.3292856907
152824576.2054769695 85725.1415973649
169091014.7504807115 233581.3829680830
151579133.5378599763 52517.8887812011
153025904.9842129052 90576.4861989960
151706507.1745165288 56891.6454489306
152882217.8585199118 87934.6202321992
155736157.4356494546 127895.8159297351
155361712.5045901537 122539.7613150403
152933003.4211733639 88458.5082860932
155718192.8490447402 127402.6479978487
162119734.7499772906 187669.3741221800
161908957.6832765937 185867.7813964859
168234264.3457030952 229135.0447855592
155381013.4165145159 123229.1933873817
168840070.7816062868 232637.1955210119
161233253.3195378184 179605.3320101312
161201268.0425847769 179571.5965184977
169862716.8722239733 237827.6457533836
155794045.8247322440 128083.4901364595
169288540.6787588596 235042.9222883103
169156657.1366811991 233910.9852933442
170314787.3118987679 239175.2088847160
170970990.2193649411 242780.4861826897
168391012.6379860640 229973.0378271490
170496045.1203488410 240828.6227040291
170947276.5883526504 242730.1102519035
170838662.3607631922 242269.2348246574
170411197.0047073960 240686.0064921379
170683226.7902365923 241275.6085205078
155605736.5043599606 126234.1535179913
155862116.6534788609 129556.4130608365
160890221.9922996759 177266.7257906309
160966227.3380926251 177797.8563893473
160778976.7212347984 176517.6790617442
162005835.3821496367 186480.6026352363
155981338.0379537940 131271.8874509191
156304783.4065399170 135461.1711860156
161070875.5078399181 178949.0776783040
167221191.8131711483 222056.7176888934
160306583.4557917118 172734.0163793376
161097626.2070015669 179313.7226620035
160655981.3264838457 175888.8070287516
166974079.9467412233 219866.7949370742
167042190.3187707663 220704.1696012965
161439456.8053034544 182069.1614642235
160566823.9482904673 174262.6067496564
159864675.4419978261 167838.9843840411
160064144.8758756518 169826.0984180000
159832796.1520621181 167429.7508227851
160165108.2787094116 170634.4243006732
160091284.9372864366 170473.4841601875
159985508.2231301069 169447.0521188405
