155608472.1727602482 125943.4855706915
156255331.2411570549 132892.7934405660
154021557.3957680166 102842.4791330927
156024504.2888767123 131323.5904775858
162607619.9481623769 189966.3285873847
176535270.9596024752 268415.2402343750
179364357.3411107063 275554.7991943359
180622453.2055188119 280024.9349365234
157421467.6978961825 147534.7099312320
162203394.9216996431 187126.6836899238
176661555.1638455093 268918.1520996094
181810214.9923550189 281525.9533691406
156916499.4707036018 141587.8989965692
157785452.3158817887 149812.6580979824
165774620.7941590250 211668.6348407021
168619955.7934991717 229745.7307105213
175708153.9063260555 264636.1431884766
152929384.0295180976 84493.7367191509
153070432.1109937131 89033.4174529732
157478393.5083159804 147886.9971464053
168850847.3929433525 231597.5577291399
169904577.6834805608 235588.5437365770
176325336.9018538892 268352.9387817383
180897932.3955468833 280777.6550292969
151572342.9593943655 45304.4846463543
152054337.7567323148 66790.9987562126
168971826.2090004086 231871.8018589020
175778574.1517517865 265810.9113159180
180424700.3554879725 279511.9525146484
184015787.2302254438 283218.8171386719
153283451.6400918663 92376.4707791999
156301536.5459294319 134196.7333583467
176544744.9900489151 268717.6872558594
179693222.9694321156 277408.5502929688
179642874.0953468978 276631.6338500977
175983999.9270842671 266665.0023803711
162279617.8891250491 188127.5926066728
180715815.7921938002 280384.8117675781
157367932.9990770817 146908.4086173549
159124585.1045897603 161117.9052913791
162445396.8606895804 189530.9716281610
162493783.5473938584 189760.4519316645
167937237.3950216770 225905.1477184445
179629148.4856866002 276261.6090469360
160778976.7212347984 176517.6790617442
162776081.8394165635 190169.9754990058
167992336.1537632644 226691.3353381306
170436237.8027960360 239002.5004754066
180021819.6156660318 278762.8974609375
182173851.8821862042 281738.9892578125
161235210.1860175729 179909.7714490294
181432954.1413285434 281361.2731933594
180383921.8132947981 279337.0316162109
152824548.5925478041 81745.4613579706
159046526.8854594827 160669.5220030552
181244218.8084182739 280981.5245361328
180792799.7098105252 280707.8342285156
162005835.3821496367 186480.6026352363
166318232.2904134989 215646.8245115033
166013510.5123188794 213854.1616729251
180944322.2568809092 280807.2778320312
152961404.9115811586 88108.6420220331
152914698.3156740069 84451.6571201951
168355511.5701162219 229177.4992607981
177240825.0065727830 270219.2917480469
151777583.6806893349 60161.9495671066
175288775.4451821446 262919.6156005859
184542704.9538965821 284207.3908691406
153004920.1356099546 88231.6902514890
158488197.3362147808 156449.9446285373
155981338.0379537940 131271.8874509191
169524117.5556413233 234099.5006943941
156633952.2819536328 138595.8383585071
161043912.8889521956 178693.6913060954
165622648.1802299321 211155.4422195902
168448498.9398799241 229592.3334949166
169609430.6633242667 234914.0800455809
170226916.0208477378 237990.9603289366
184342936.2354586124 283820.7883300781
184188505.5657278299 283530.8757324219
170317263.6455604136 238033.6984707415
180458153.7424481213 279726.7702636719
158762218.9957051277 158493.8500240451
184748354.3848545551 284281.8969726562
158607130.5666387081 157913.0853756076
168030174.2880555093 227338.1318335682
176827672.6765644252 269292.3957519531
156217223.0211336017 132133.3642754412
156304783.4065399170 135461.1711860156
168203150.8493455350 227721.4312853962
156799165.6903901398 140103.2279675007
162135386.1212900281 186616.1349031553
161516495.2527583241 182207.9949209036
166940398.8791527450 219072.3136933795
169367267.1169382036 233785.1439574361
169163385.0972813368 233306.9080117941
170435312.9988577664 238745.4137417376
154682232.4638753235 111220.8550465003
161684547.8206281066 183311.0804500895
170692237.9801048040 239059.1035608053
169037179.7524391115 232254.1458047628
176880297.4834869504 269613.9128417969
169144601.4084154963 232860.0416037440
169682182.9843651056 235425.6746145487
169202203.7150222063 233414.8325723410
152979959.1398634315 88190.2978132263
156156852.5176234841 132074.6019828818
156767167.4138517976 139856.3296607153
168814224.9288502634 231236.3946748748
176823203.6516399682 268942.1013183594
151743440.5356152356 56695.2845073417
151644850.6855898499 53178.0550563270
156459308.3654568195 136554.9668979943
184063927.9817008376 283427.0996093750
167939176.4275537729 226021.2800267530
167791536.3481419086 225734.1406226307
152094038.3676513135 67268.7912279097
161036235.6454641223 178246.9370755553
167442702.9208926260 223335.6651789844
167680320.8766460121 224378.5380013934
160986529.5704601407 177168.5481176188
161920729.9337391257 185204.3400936442
167694403.2211923599 224386.0863025784
179808485.2833502591 277672.5961914062
162272281.9973068237 187204.6640433906
151575679.1735997498 45415.6834575357
151931185.0681917965 64464.3145259749
151845794.6442915201 62750.2367541762
175346889.1346619725 263155.5722045898
152975696.4895779192 88122.5710882143
157198191.5514016151 143960.3750848323
176771328.7212562561 268929.5982055664
183815677.7734304667 282968.5847167969
156659853.7625060081 139153.5641816705
161950014.3826500177 185634.1472504195
167565049.6602566242 223466.0933732739
167287410.0090819299 222148.1614978909
167715061.6953837872 224905.0911892405
161070875.5078399181 178949.0776783040
161938220.8726686239 185346.3288987370
160210283.8070260882 171490.1949763185
167221191.8131711483 222056.7176888934
154474929.5362007916 110379.2227348238
166221464.2070236504 215031.3804167262
166098948.6873482466 214739.5284880152
175400485.3830281794 263387.2380981445
161758840.4548507333 184374.5675463842
156982057.6577826142 142012.0304121526
156532812.8532884717 137767.7330537513
166751791.3299857378 218947.7306364527
175446431.9103394747 263874.2756958008
154222466.0946555138 106931.9442232743
160306583.4557917118 172734.0163793376
175429634.1820404530 263699.9258422852
161097626.2070015669 179313.7226620035
153862455.8607763350 100996.7979808048
160655981.3264838457 175888.8070287516
153529002.6297158301 96473.3749345735
166702822.5874786079 218547.7978596091
153220842.1382717192 91627.6687203989
156882766.4903684258 141048.7970091477
158250576.0875677466 154133.6809386611
166974079.9467412233 219866.7949370742
167042190.3187707663 220704.1696012965
166461413.1844801903 217036.6047285548
162176172.4686844945 187015.2518011944
152258044.3040542901 71218.3516425951
156553915.2087663412 137808.5300711766
158474300.9649382830 155958.8634883761
161038553.8944708109 178639.9597930720
153439970.1310354471 94365.4367308858
157803326.1234360933 149876.4196275473
166569364.6165988743 217904.4932402125
158355437.2786263824 155078.2809268832
162342967.5834939480 188542.7614945602
158652393.7159546018 157932.9369192725
174437463.4340328872 258319.2216796875
158294720.7512001991 154659.3236621028
174367520.2537634373 257584.5362930298
175104688.2410475016 261720.1937255859
152627184.6103863716 78088.0689137876
152442751.9928913116 76053.8321249117
166430204.9068557024 216259.3921694508
161439456.8053034544 182069.1614642235
154543970.3057242632 111125.5996539265
166454287.2832810879 216774.3716749898
183257865.5788090229 281986.0422363281
151721547.3780131340 56118.3398992317
152413642.0264078081 74387.6086500688
151975026.0775097311 64906.9035580256
157849938.8870624900 150433.9144205451
179424567.8821584284 275954.0827636719
151761310.2868471444 57207.0382539537
152238281.7205886543 70886.1963636735
152501738.0521584153 76166.4973987662
183605838.0944264531 282553.7075195312
152590622.6831111014 77452.5788122714
152669730.5176688433 78622.0861254632
160419013.9671388268 173124.9706785109
152583348.5191626251 77167.0832717717
166006112.6279633045 213276.6146260253
154305630.3836416006 107587.3570124105
156269704.9004992247 134004.4797988608
165978796.6130451560 212885.7756145648
174822107.1527173519 260340.8934326172
166260330.8207137585 215044.1145758381
152544360.5119635165 76908.6980816755
179149838.6780349016 274087.3250732422
151905778.2928697765 63467.4637498911
157187665.6116870046 143935.5193950534
174905287.9880334139 260773.0573959351
152614658.1838243902 77635.5516583356
178982734.0447594523 273563.4125366211
175172052.3807990253 262430.0020141602
151580244.4068599641 46036.6772911660
154080876.0718186498 104136.4001748756
151706005.3364072442 53879.3776309644
160407148.8538602591 173077.5267786857
153720534.7381486297 99367.3221179441
160566823.9482904673 174262.6067496564
152176836.5870018303 70018.1967537836
156116000.9320839047 131776.6396749690
151586987.5694292784 48888.5754439468
151712454.6769378483 55801.9150698557
160495140.6868550777 173454.5012898471
159864675.4419978261 167838.9843840411
175081181.3240115643 261230.3251800537
153831355.5255397260 100431.6175281004
160064144.8758756518 169826.0984180000
159832796.1520621181 167429.7508227851
160165108.2787094116 170634.4243006732
160091284.9372864366 170473.4841601875
154309630.4643492103 107649.0743743375
159985508.2231301069 169447.0521188405
159708714.5575363040 166138.8044773107
159389242.5937960744 162108.4300348079
153686898.9714124501 99349.8304187254
152304551.1314426363 72630.6406381680
152296114.3187875152 72398.9991963962
153755070.0616588295 100038.9558599785
159613773.4733160734 165346.5284234798
155037734.2682222724 113445.0504364967
154944751.0712817311 112685.8618488312
152145416.7228350341 69763.4573408226
154952904.0780345798 113431.3786945343
154786461.2184871137 111811.2075519562
159446262.1548208594 163836.0934344828
159145677.9650153518 161561.3707086360
158927813.4706672430 159510.5195123469
153666957.9660568535 97341.4879556224
151884610.1116912961 63076.0320185060
153520036.4086980522 95878.1253412560
153616827.4547064602 97181.6720537096
154167583.9512817860 105075.0983422846
151614891.5559954941 49218.7776217554
155576393.4777265191 121285.8972713351
155482472.6009726524 120656.1193908453
151628244.9868021607 49427.2644951955
174265577.1090139747 256056.7642059326
174007812.1953232884 254154.3397521973
173874795.9758133888 251046.1060485840
178417378.9728083909 270544.7861328125
151637509.5057719350 52299.3509635003
173878777.0462131202 251892.8496856689
173810965.2466214299 249940.9813232422
163866156.3264898956 195855.8788648024
164144115.8639966846 197669.3696852099
165376283.0703213513 205556.5359112918
164420675.2812682092 198913.8103768341
163910010.5273691714 196267.8338488042
164060179.6233661175 197289.4135673754
165079062.7468491197 203006.1299079768
165081539.9050327241 203430.4903267487
165011996.3820520639 202628.9357246161
164948626.4728804231 202472.6606162786
164911542.6741412878 201977.9549320638
173810915.5985541046 248642.6476745605
173897367.8741492033 252848.0190734863
164592003.7780570686 200319.9596885443
164025023.5026608109 196525.5819211006
163367354.5271593630 190688.8091810942
163489064.9377286732 192876.9171522856
165217960.4878485799 203619.7937570363
155469658.4241008759 118382.7516744096
172006205.1693033576 239906.8912749290
155328892.0591165423 114259.8968972070
155328034.8976700306 113673.4997012881
172730546.2678858340 242292.5518469810
172540878.3329815269 242102.2626538277
172257958.1323360503 240867.4747042656
172351192.3291115463 241095.1565060616
173439460.3626839221 245004.2644875050
173357088.7120297253 244751.5549759865
173548009.7028526068 245399.7365612984
173789363.1287196279 247061.8527970314
173378877.9234235287 244910.5280449390
173181807.5074965358 244471.7455315590
