163365642.3502298594 197027.3097412623
166072679.4038245082 215442.0090030879
173531859.4444217384 260232.9675292969
173931213.2947741151 262460.4961547852
175011483.6334133446 269237.8105468750
155061427.4386864007 118631.9717767707
173702810.2295372486 262334.4572143555
175439096.6444398761 269789.1843872070
184962198.6927735209 284614.7292480469
184773965.0580787659 284570.6718750000
152432307.3001743555 78269.3157290922
153379784.6658402085 95883.3498210460
154703859.9927150905 115497.5654435195
156978730.4229840040 144633.7680507451
165435955.9162235260 210597.1662773266
173976757.4958896637 262708.2200317383
173594963.4879758358 262112.4577636719
176973130.7674317658 275054.8562622070
179985678.6988266110 281740.1292114258
181790533.7751088440 283886.4536132812
180772170.5144904554 283367.8120117188
151567623.8277000487 51940.5342886946
174140050.1144342422 265237.7947387695
157592588.0563105345 150121.2847934961
158854341.3862994313 160743.5586428475
176691265.8072228730 274323.2690734863
151463165.8463237286 39475.5063969092
158903940.5928327441 160931.2618067600
165946502.0632618666 214330.4368369132
175459482.4922509193 270148.5551757812
164793998.3049250841 207129.9487159401
166005717.9992551208 214885.0587469563
176471013.0459144413 273653.5640258789
156603977.2953927517 139997.3020287901
157271754.5860723853 147887.2566452175
181589476.3105574846 283794.4443359375
151442221.7296326160 39129.1224823566
154783757.0943488181 115528.9562154583
157860490.3989036083 152416.4652881026
164999012.8310008049 208993.7059831098
175507592.3670683503 270367.3123168945
157559135.1182711720 149783.9694424421
158858350.8456865549 160795.9076266941
166149488.1732029915 216162.5115482435
177635817.7558132112 276784.6572265625
179623484.2236620188 280975.3868408203
179994548.3375639021 282152.7001953125
162807689.4813468456 192125.8232910670
153597858.7286147177 99862.3372052059
154624822.9025002718 114580.6349301673
164985806.9623451233 208402.1113944873
175239595.5986681581 269742.6848144531
156990925.7871710062 144947.3392899632
157884487.2144848108 152429.9149948508
180081917.1545098126 282195.2297363281
181570467.3902350962 283772.3076171875
181608409.4424616396 283799.4375000000
156576802.2813521028 139983.0924091786
153335124.7910725176 95417.6964122057
157389305.1146953702 148668.3191601760
158922153.2274271250 161009.2312403750
162535432.8495569825 190507.6917368658
165784426.1775094867 213849.4839790314
175329400.2471695542 269747.4506225586
180912932.0835671127 283630.9785156250
180468652.5534971654 283283.0124511719
179839450.8132663071 281546.5732421875
165505170.0961144567 212823.4633342847
180263509.0827968419 282965.2927246094
174840098.6244035363 268700.4635620117
154478170.9910297692 113566.3275003752
156894139.7656591535 143150.8335229307
151654326.6824855804 56270.2254965100
156418856.6908031702 136600.5810099989
179816999.6232250631 281354.6968994141
153578027.2549321055 99292.9713373527
174954906.2489269972 268903.0527954102
174327376.1072895527 265590.5141801834
151909798.7303360999 66939.2933433510
157337111.6796532869 148222.5529741794
157804497.0838919878 152380.3672092116
174362477.0023340881 265976.8590698242
174575302.3564615250 267531.1296386719
153504831.9768690765 98741.2608574010
158074070.6180942059 152469.0762950331
165047764.7179625034 210123.9705253467
179365387.3130642474 280354.3445434570
179758713.9256192446 281235.2629394531
157131458.3161410689 146103.5241485983
165552286.7321980596 212852.8661655411
165070440.5223173499 210201.7328647599
151769975.1762683094 59916.9664314389
151620109.0372150838 55541.5527522359
163178509.3929123878 195959.9873756208
165028039.1929985285 210080.2986503467
177595986.6995846331 276544.0187988281
157465953.8761965632 148976.8586269170
151436060.5450198650 38980.7141877832
165854114.9288643599 213875.7278495654
175677102.6437961459 270630.5197753906
153215912.9652475119 94618.9493083507
152469476.9954581559 78312.1134155989
165165861.6654964685 210428.4298219159
176904879.9220362604 274927.5817871094
175796010.7909308970 271442.8130493164
174022561.4711583257 263527.1845588684
157515293.0279629230 149553.4237733632
151867487.4467825294 63705.8048439622
152318424.3590551615 76657.7562742829
153562107.1469435990 99046.5212819323
157917396.3836293221 152451.8906703740
178060520.2842753828 277193.5299072266
175709331.0470237732 271091.6755371094
151894273.1209770143 66867.3513515450
152603302.3814387023 78531.4489380717
154115769.3846202195 107340.2735034730
154863037.5056605041 117954.6014179311
156722634.3316620588 141475.9125007987
165024434.9079130292 209630.6439777166
152140798.2588178217 72754.1266752936
156681090.4193403125 141135.2711065859
185266519.5036885440 285409.8247070312
164467803.7764484882 205386.6870660186
175696913.8248257041 270769.5759887695
177446448.6631602347 276281.7674560547
185273997.0850147009 285442.6057128906
155174016.9301609099 121250.8881173991
164054158.3898029327 202165.1832025424
185170197.1152258813 284971.3969726562
154813112.2454856932 117599.7277834139
154503389.8501819968 113582.1136083922
153834876.8837569654 102847.5879195303
175649173.1164033711 270545.7999267578
151733329.7596352696 59545.4146074913
153906166.3597043157 103490.7924844966
167404914.4029234946 223596.4805833797
156906601.7837541699 144119.6130639464
154561909.4812442362 113586.6059199518
167385812.9011388421 222642.5975504518
152254991.2875886858 75032.2059403062
154465131.2145186961 111958.0392286948
154240225.3326991498 109773.0554822034
151797491.7708887458 62838.4500294924
168095918.6528723836 228135.9864359498
173398324.4633258879 258754.2764244080
151980436.9734472334 68564.4929682471
152576855.1771629751 78431.8923953772
154188867.8811401427 109428.0197383112
153705450.0100530684 102027.3152730920
156626404.3249684572 140643.6834374815
177590434.3103400767 276354.6054687500
173418674.3843127787 258983.4733047485
154019165.6038243175 106734.7177347972
162950715.6620634198 194475.2724337591
153456430.5413411856 97865.9131963708
177033681.3047381341 275381.0451660156
164018493.6240640283 201734.0742340088
164209070.8848450184 203158.8245242685
164236564.0064241290 203223.5653726012
164061121.2436002493 202746.1425962448
162384308.0522392392 190136.6955484785
152549784.3525441885 78322.5473662019
153492570.8693260252 98601.1906226620
154018840.8861782253 106127.4119130716
164362716.0547935367 204568.7007759586
168002408.9204221070 227546.3550364641
176137798.5821934640 271937.5556030273
185212459.2023724914 285146.6311035156
153943018.5644524395 105244.8098084822
173351007.4768752754 258553.8025741577
159210073.7786123157 164041.6165489089
158530260.3382915258 158859.6571830641
156789500.7212420106 141892.3409594893
159044405.7865257859 162960.5071083980
158948351.6430291533 162334.9449035006
163408175.1624882817 197444.5472900905
152058942.1515480280 71111.2234611370
163833209.5030606985 200332.3083977140
163543777.1220908761 198330.1044189967
176110779.9131211340 271763.9185791016
159079633.0958294272 163053.4456678778
167665717.7740441263 225958.9349222779
152296581.9587738514 75853.5507876873
167528685.8003923893 224183.2659616928
152175541.4794441760 74062.9460096955
152027317.7610864043 70638.0252407648
167529687.2045080662 224655.4499216537
163726070.6054655313 199614.0198604688
176030074.2161764801 271529.6331787109
163121119.0233506560 195844.0596191920
162311539.1916125417 188511.9798427820
158714860.2145050764 160032.6520748259
162609557.6009538174 191582.4899288863
153417167.2291716039 97832.6529084787
156283716.2756476998 132954.2353166714
168550127.6119145453 231336.0641646055
169589048.2708608210 236039.8200183197
156010553.1198806167 131824.9852066413
168876123.5821233690 233212.1155471471
163004746.8073294759 194660.0946604460
155680821.7589492202 126839.7091275007
168810404.2600083649 231881.3905031537
151496690.8515850902 48396.8655668856
151484072.0225520730 48382.4804507839
167714355.1956411600 226224.4286814193
155638578.5814256072 126699.3445282131
152845894.4567530155 86858.0696402714
158152138.2893658280 155040.2934239507
152679325.7290877998 83333.4188505307
159414076.7889246345 165926.1944033206
163067224.2884578407 195105.8535601199
168518829.0364266336 230745.5008328306
163699662.0805754662 199244.1301061213
152741236.1164183319 84481.6147882909
151785411.6475944221 62445.4453933835
155304945.1245650053 121958.0762815028
151467290.9776352644 44537.1539558503
170005220.8198907375 238764.0985157048
162993194.7792255878 194531.0321490020
168716038.4324375093 231769.8087621331
152929880.9928103983 88429.8313190117
152872596.4172944427 87850.9995172069
151473997.1210422516 44778.4899354689
158379805.9104967713 157024.8085286021
158367321.3016992807 156708.3922375664
163012878.6689788103 194798.6308590621
151729461.8165970147 58537.8465048531
151571673.9921405315 52294.5721775405
169688266.7968150973 236538.4446592331
155604875.2773311734 126172.7268425971
162816860.9294164181 193379.6141354293
151465411.7836691737 42946.3345652074
155554451.2777300477 126097.8992795497
169705499.1196633875 237232.0355695603
158219487.2710749507 155785.3957110643
151525502.8797199130 49352.3292856907
152824576.2054769695 85725.1415973649
184499576.1638047099 284114.9294433594
169091014.7504807115 233581.3829680830
151579133.5378599763 52517.8887812011
153025904.9842129052 90576.4861989960
151706507.1745165288 56891.6454489306
152882217.8585199118 87934.6202321992
155736157.4356494546 127895.8159297351
158274064.6683927178 155974.3067218065
155361712.5045901537 122539.7613150403
152933003.4211733639 88458.5082860932
155718192.8490447402 127402.6479978487
162119734.7499772906 187669.3741221800
156773713.0762796402 141491.1074896432
161908957.6832765937 185867.7813964859
168234264.3457030952 229135.0447855592
155381013.4165145159 123229.1933873817
168840070.7816062868 232637.1955210119
161233253.3195378184 179605.3320101312
161201268.0425847769 179571.5965184977
169862716.8722239733 237827.6457533836
156492673.8118160963 137587.7925882202
155794045.8247322440 128083.4901364595
169288540.6787588596 235042.9222883103
151852671.2363335788 63297.9191139340
169156657.1366811991 233910.9852933442
170314787.3118987679 239175.2088847160
170970990.2193649411 242780.4861826897
168391012.6379860640 229973.0378271490
170496045.1203488410 240828.6227040291
170947276.5883526504 242730.1102519035
170838662.3607631922 242269.2348246574
170411197.0047073960 240686.0064921379
170683226.7902365923 241275.6085205078
155605736.5043599606 126234.1535179913
155862116.6534788609 129556.4130608365
160890221.9922996759 177266.7257906309
160966227.3380926251 177797.8563893473
156301536.5459294319 134196.7333583467
160778976.7212347984 176517.6790617442
162005835.3821496367 186480.6026352363
155981338.0379537940 131271.8874509191
156304783.4065399170 135461.1711860156
161070875.5078399181 178949.0776783040
167221191.8131711483 222056.7176888934
166751791.3299857378 218947.7306364527
160306583.4557917118 172734.0163793376
161097626.2070015669 179313.7226620035
160655981.3264838457 175888.8070287516
166702822.5874786079 218547.7978596091
166974079.9467412233 219866.7949370742
167042190.3187707663 220704.1696012965
166461413.1844801903 217036.6047285548
166569364.6165988743 217904.4932402125
161439456.8053034544 182069.1614642235
152669730.5176688433 78622.0861254632
160566823.9482904673 174262.6067496564
159864675.4419978261 167838.9843840411
160064144.8758756518 169826.0984180000
159832796.1520621181 167429.7508227851
160165108.2787094116 170634.4243006732
160091284.9372864366 170473.4841601875
159985508.2231301069 169447.0521188405
173181807.5074965358 244471.7455315590
