153227639.3929805756 91267.6931207225
152772659.2580766678 83775.6524180666
153184853.0726346076 91169.9231078670
159430326.6984437108 165636.1489420980
170095898.7782973647 238200.3102421761
159069239.4023717642 162822.4936791183
181010006.8757566214 282359.3041992188
159551832.9667755961 166346.0766764730
159489161.1624364257 166332.8873723000
159357389.7714754939 164229.9299822301
176007564.7142644227 269586.1890869141
178007501.3319484293 274458.3529052734
163855535.9986465573 199276.4066147059
178031171.9324606359 275008.0567626953
180772304.2703006268 282165.4567871094
152986293.7869240940 90027.5709125921
159079504.2909054756 162907.8459001006
158891256.8405684829 160855.9079208793
174679823.3264550269 262763.5831298828
163416969.8603625894 197082.5163740218
181617284.8679353297 282492.1724853516
179998693.9003441930 279772.0466308594
158996949.7562810779 162106.9781398894
162993194.7792255878 194531.0321490020
155671041.6455219388 126584.5187581666
177390544.0942883790 273981.9946289062
162948328.1097140312 193940.3588555753
164161065.0862589478 202312.4058927745
163734617.1031598449 199240.4282273091
168716038.4324375093 231769.8087621331
157882599.5278999805 152317.9493846297
177682981.3627887070 274084.9025878906
153517070.7166911960 97201.4187890038
177237079.4656616151 273544.3522949219
151494280.9796353877 48410.6225948827
152929880.9928103983 88429.8313190117
158536414.6532802582 158675.1987056853
181282679.5333383977 282380.4929199219
151802656.1247091889 62831.7114979029
152872596.4172944427 87850.9995172069
169830114.3192788959 237494.1319513922
151473997.1210422516 44778.4899354689
151580025.2745290995 52558.3296973817
158379805.9104967713 157024.8085286021
151658882.8282364011 55812.8467037212
158367321.3016992807 156708.3922375664
163012878.6689788103 194798.6308590621
167456619.0521554649 224044.3523997309
151492346.2020750046 48365.1863517277
151729461.8165970147 58537.8465048531
177206517.6044751108 273248.0070800781
151682391.6481350958 55907.9579714388
151571673.9921405315 52294.5721775405
175920529.1147678792 269202.4029541016
153463875.9222610891 96180.1005706191
169594121.7757475972 235942.8641006504
163704848.1283716559 199194.1920027137
168620805.0924615264 230775.4702044129
169688266.7968150973 236538.4446592331
176050598.5570662916 269961.4742431641
176629384.2930450737 271682.0243530273
152870363.0183208287 86173.2267374024
155604875.2773311734 126172.7268425971
162816860.9294164181 193379.6141354293
163157727.6010751724 195804.0891098231
175181973.4042412341 265062.9314575195
151465411.7836691737 42946.3345652074
151923597.8609668016 66194.7596549392
174694524.9147448242 263292.8831787109
177017711.1627238095 272649.4255981445
167374759.3534739316 223186.1484745982
176879161.2732072175 272560.3130493164
151906806.9233305454 65596.1767012551
155554451.2777300477 126097.8992795497
185319707.2005861402 284702.7265625000
169705499.1196633875 237232.0355695603
174870138.9506402314 263861.2037963867
177072364.6287200153 272797.1843261719
184806033.3041751385 284467.9016113281
176251776.9013320506 270541.3540039062
175555668.7514280379 267255.0872192383
175583040.1936734021 267419.9855346680
176647752.3073026836 272091.2662963867
158715006.5810474753 159979.1284285784
180133186.3894137442 279865.4626464844
152037348.7764071226 68790.9075906873
175293440.8751412630 266379.1997680664
175855499.0301255882 268658.2847900391
158219487.2710749507 155785.3957110643
180407717.8998929262 281201.6821289062
151525502.8797199130 49352.3292856907
180563500.8817646503 281666.6506347656
152824576.2054769695 85725.1415973649
152017835.2235147953 67289.0547212362
153567168.3283298314 98620.1968621358
184499576.1638047099 284114.9294433594
151788857.8378050327 62417.6633993844
153290069.8806639910 94716.6382986054
168626409.6664812267 230813.8052416444
169091014.7504807115 233581.3829680830
179994104.0562726855 279235.7139282227
151522280.0978822410 48421.8077652012
175495601.8900422752 267154.0014038086
151579133.5378599763 52517.8887812011
155317320.1965389252 120293.5232391357
176549176.3791208565 271195.0918579102
162105287.8955109715 186774.0632151812
151737587.9369185269 59545.4146074913
157816023.9413844943 151174.7965173401
158166839.1863208413 154649.6156061068
180424649.7488600612 281207.7409667969
179746376.5267345607 279124.2207031250
153025904.9842129052 90576.4861989960
175743708.6883223951 268197.9655761719
176156296.7436908782 270312.1973876953
176148252.9181631505 269962.2290039062
175903182.1751851141 269138.2232666016
151706507.1745165288 56891.6454489306
152882217.8585199118 87934.6202321992
168533167.5745526254 230470.0510266423
157383084.7115129828 147105.4867148079
157457598.3133923411 148252.6782126106
167541531.2873297036 224271.9676817896
167691917.2414992452 224794.5617674830
155736157.4356494546 127895.8159297351
168169057.9981081784 228525.2477884889
168639476.7408834100 231022.4567957520
163528001.4989653826 197712.6020400077
152453998.8599818647 74817.2506144568
152290888.0358628035 72314.4470790550
158274064.6683927178 155974.3067218065
153436622.5109158754 96090.9211539373
155361712.5045901537 122539.7613150403
153545515.9969933629 98035.2568117127
168598467.3969801962 230617.8223523833
153265422.1573435962 94460.9541863546
152933003.4211733639 88458.5082860932
162760691.1836915612 192521.1760630980
152306351.8876741827 74053.1246505827
155718192.8490447402 127402.6479978487
162119734.7499772906 187669.3741221800
156773713.0762796402 141491.1074896432
156922353.7341617346 142915.7384692706
161908957.6832765937 185867.7813964859
168234264.3457030952 229135.0447855592
151488212.7170789838 46348.5057889670
156920676.5873563886 142802.1978608645
155381013.4165145159 123229.1933873817
168840070.7816062868 232637.1955210119
162530503.0124359727 190844.7196250632
158691534.5118522048 159592.4341585636
161233253.3195378184 179605.3320101312
182377916.5195657015 282771.9699707031
162418727.4749875665 190040.6833262816
161201268.0425847769 179571.5965184977
169862716.8722239733 237827.6457533836
153627061.9076957405 99504.5073827103
184593504.4518247843 284363.3715820312
156492673.8118160963 137587.7925882202
168958095.6082381606 233075.7229390007
182322878.0353058279 282733.0415039062
166285476.9969209433 214872.3000777712
166335707.8653389812 215152.8674924722
155794045.8247322440 128083.4901364595
159006670.3472180068 162268.3944786191
152119770.7278123796 70676.2962687537
169288540.6787588596 235042.9222883103
182427963.4055417776 282868.0854492188
158614458.7705546319 159000.7116172910
158932494.2225573063 161052.9188719988
168928364.8148365617 232955.2561957985
151852671.2363335788 63297.9191139340
157944780.8124739528 152436.4495851994
169156657.1366811991 233910.9852933442
168683103.4805607200 231539.0833917973
170314787.3118987679 239175.2088847160
170970990.2193649411 242780.4861826897
168814552.3852081299 232413.1390558598
153646822.0226078928 99514.7826034770
168391012.6379860640 229973.0378271490
170496045.1203488410 240828.6227040291
170947276.5883526504 242730.1102519035
181920604.4887700081 282519.8898925781
170838662.3607631922 242269.2348246574
165954967.4937289357 212935.6974395266
170411197.0047073960 240686.0064921379
156594324.8105225563 139228.2835482955
170683226.7902365923 241275.6085205078
181988752.7410067916 282655.5537109375
156376379.0978529453 136598.4279483855
161032374.9139369130 178734.6462735271
165607999.7817539871 207475.2892669192
156970072.5489113331 143066.1933449931
155605736.5043599606 126234.1535179913
151643579.6926274896 53178.0550563270
155862116.6534788609 129556.4130608365
166355905.5877486467 216197.0072253695
157746213.1534590721 150314.9125679508
153349193.1299720407 95343.7865994767
153663228.6812032759 99540.0263813928
157878813.0815827250 151701.7944642082
154746201.6401032507 111529.9820660547
160848157.3036305904 177101.3650897106
166344222.2157993019 215953.9423215738
155300684.3789570928 118867.2311841175
154410497.0453838110 108497.7028833181
179376335.2898690999 276726.0308227539
156262691.4094174504 131444.8474499807
179330084.8501825929 276613.8074340820
160890221.9922996759 177266.7257906309
165796269.8294852376 212463.2178252688
179529015.3628335595 277306.6582031250
165993522.6511166990 213347.0901397219
179404870.8015485704 277069.8500976562
184017322.8536212444 283265.7998046875
184330081.3469078541 283847.4436035156
160966227.3380926251 177797.8563893473
178931371.9652777314 275670.9426269531
179153600.1420230269 275716.3609008789
179625527.8354307711 277838.9455566406
154258273.4708439410 107689.8369617954
183879084.9145127535 283188.4238281250
179644561.8080459237 277944.2480468750
184175713.2508853078 283640.2229003906
157634085.2341400385 148728.5869430006
179293281.7016313076 276355.2261962891
156024504.2888767123 131323.5904775858
156301536.5459294319 134196.7333583467
160778976.7212347984 176517.6790617442
162005835.3821496367 186480.6026352363
166013510.5123188794 213854.1616729251
151777583.6806893349 60161.9495671066
155981338.0379537940 131271.8874509191
165622648.1802299321 211155.4422195902
168030174.2880555093 227338.1318335682
156304783.4065399170 135461.1711860156
154682232.4638753235 111220.8550465003
167791536.3481419086 225734.1406226307
167442702.9208926260 223335.6651789844
183815677.7734304667 282968.5847167969
161070875.5078399181 178949.0776783040
167221191.8131711483 222056.7176888934
154474929.5362007916 110379.2227348238
166098948.6873482466 214739.5284880152
156532812.8532884717 137767.7330537513
166751791.3299857378 218947.7306364527
154222466.0946555138 106931.9442232743
160306583.4557917118 172734.0163793376
161097626.2070015669 179313.7226620035
153862455.8607763350 100996.7979808048
160655981.3264838457 175888.8070287516
166702822.5874786079 218547.7978596091
166974079.9467412233 219866.7949370742
167042190.3187707663 220704.1696012965
166461413.1844801903 217036.6047285548
156553915.2087663412 137808.5300711766
166569364.6165988743 217904.4932402125
174437463.4340328872 258319.2216796875
174367520.2537634373 257584.5362930298
161439456.8053034544 182069.1614642235
154543970.3057242632 111125.5996539265
152501738.0521584153 76166.4973987662
152590622.6831111014 77452.5788122714
152669730.5176688433 78622.0861254632
152583348.5191626251 77167.0832717717
152544360.5119635165 76908.6980816755
152614658.1838243902 77635.5516583356
154080876.0718186498 104136.4001748756
160566823.9482904673 174262.6067496564
159864675.4419978261 167838.9843840411
160064144.8758756518 169826.0984180000
159832796.1520621181 167429.7508227851
160165108.2787094116 170634.4243006732
160091284.9372864366 170473.4841601875
159985508.2231301069 169447.0521188405
152296114.3187875152 72398.9991963962
155037734.2682222724 113445.0504364967
154944751.0712817311 112685.8618488312
154952904.0780345798 113431.3786945343
154786461.2184871137 111811.2075519562
154167583.9512817860 105075.0983422846
174265577.1090139747 256056.7642059326
174007812.1953232884 254154.3397521973
173874795.9758133888 251046.1060485840
173878777.0462131202 251892.8496856689
173810965.2466214299 249940.9813232422
165376283.0703213513 205556.5359112918
165079062.7468491197 203006.1299079768
165081539.9050327241 203430.4903267487
165011996.3820520639 202628.9357246161
164948626.4728804231 202472.6606162786
173810915.5985541046 248642.6476745605
173897367.8741492033 252848.0190734863
165217960.4878485799 203619.7937570363
173439460.3626839221 245004.2644875050
173357088.7120297253 244751.5549759865
173548009.7028526068 245399.7365612984
173789363.1287196279 247061.8527970314
173378877.9234235287 244910.5280449390
173181807.5074965358 244471.7455315590
