186878822.1407268643 7605.4013911951
187528543.3537788987 7745.6073319559
187313979.5732889771 7709.6389519815
196074389.7784855664 8574.1583633423
187645396.1124694347 7756.9267463386
187707206.7672023773 7781.4546404257
191600402.8953177333 8415.7602653503
187462004.1231027246 7726.4252545481
187463275.0258175731 7735.9315564279
180401471.5438160002 5125.8031197555
180743676.1196745336 5268.3801616967
187315638.0538240075 7724.6190850382
192023416.6000804901 8428.7081680298
191605378.7154440880 8425.6314468384
186796895.2652869225 7588.2395736445
186990353.6430023313 7648.8107730616
187259264.6621536016 7695.4674922694
178368430.4075145721 3573.2378277018
180397042.0710529387 5068.3694561191
195825711.2630039155 8570.6926651001
180281158.0390089452 5054.3107410736
183563966.9937823415 6585.4129336064
195545077.6943561137 8545.3845291138
186666314.7497191429 7547.7798768748
186641831.3249768615 7527.3960477579
195726180.1166911423 8569.4704895020
186948166.4689105153 7637.2772895563
178601772.9688014388 3783.5851210478
187267810.7300921679 7699.4577180082
178925027.7714151442 4107.4108297455
183465748.2226413488 6545.6895639584
186927695.5876061916 7623.6001865137
190916565.8851037621 8322.7810726166
183204261.1893771887 6463.4611974572
177417921.0722085238 1942.9505637747
181359072.3057469428 5632.6675295471
178370131.2041394413 3583.5058860019
191592974.4881954789 8404.9998016357
178848642.5514066815 4012.2855020965
183089331.8180513978 6402.8228594993
195604711.0169689357 8560.8563766479
178310893.6315046549 3567.0667142406
180232869.3871404231 5034.9093754954
191433465.0427592993 8404.7456741333
195568754.4763076603 8545.4587173462
181713502.6691588163 5775.3165433328
188519257.8622193933 7866.1168164611
191154475.6046289206 8368.4458694458
188205516.8883571029 7845.3402467649
187984197.7953637838 7811.0122419279
192321271.6472212076 8432.5678443909
195178479.6073327363 8538.3255386353
177373831.0856850147 1845.2868842941
191256692.6423642635 8373.1868362427
187175921.2426853776 7665.0951816309
179964334.7509196699 4848.7980093955
187873325.3024072647 7800.0334058683
178493473.9672800899 3694.9331740573
180223228.6195396483 5022.1803948500
178439747.2028625011 3676.1338297486
196089331.4368280470 8575.0505447388
180040233.5494198501 4852.0460613831
183154865.4272459149 6434.8104117100
180081005.0980893075 4936.8429158791
183065778.9476180077 6397.1562850212
191118681.8336063027 8354.2187194824
195516577.5811124146 8541.2120056152
178523788.4101754427 3773.5483855441
181332284.9169650376 5630.6472268472
183588123.7262765765 6594.3397791569
191308607.6394313574 8386.5580749512
180581278.0308016241 5232.7460143059
180582372.6925309598 5238.5284915342
187228041.8856007457 7677.2824985255
192357223.2669196725 8439.6076469421
186626827.8897548914 7502.4182786215
178511911.8300684690 3763.7605609581
180783367.9020920098 5321.9373745263
180561016.6798091233 5231.1026503532
183334244.3944979906 6517.1124613468
183660309.7782726884 6614.6875277375
180407030.9970547259 5134.9649856635
183652036.7070949078 6602.5284654781
188110161.6874885559 7837.7770372108
180503211.6703866422 5151.3435808835
191432296.9987242818 8387.0642471313
183373975.7343904376 6533.8759482090
178008801.6573827565 3149.4294115824
180462659.3080205619 5145.2021665615
190983834.2163428068 8335.7198143005
177963352.8404794633 3043.7853711266
183498697.6807259917 6557.3704106544
186861689.3107825518 7593.7672235239
191042858.1593526602 8335.8000507355
180442361.9179283082 5137.9247700912
183018365.1756066680 6367.9702131485
183156702.0957447290 6456.2239114975
191226534.5267118812 8372.5732498169
191263108.0829491019 8385.5304946899
178400425.4843176007 3676.0643309787
178817884.9472205937 4009.4642698020
178776763.6192995608 3954.5280777364
180453083.0208523273 5144.9027394564
187842530.4661035538 7783.4725160599
178749009.9101615846 3940.2874618917
178678898.9552792013 3917.6692406087
181728960.1843430400 5778.0001336196
177975310.2936387360 3072.1418331563
180178605.7384406030 4968.8322095913
190753704.4897481203 8295.4112701416
196522209.8400305212 8576.6974868774
181681841.9383898377 5769.4175060457
183287540.0121069551 6489.5899059509
188014850.6534110904 7816.0582418442
190796853.6704961061 8307.3408813477
177362294.4149317145 1757.1479436280
192210934.5998105407 8429.6412200928
178153376.4274170995 3361.9670284409
180269706.1220427454 5046.5594511074
186572075.5506053567 7433.2728931177
178046731.6782284081 3170.3961234795
177410354.5230989456 1905.5049133163
177393565.5845569968 1848.9480603486
181394616.3535943329 5657.3905126574
181727992.0982095599 5777.2839430652
186588071.3032927513 7498.2085010279
192130668.7944728136 8428.7124443054
181232538.9325738847 5546.3941874872
181629751.6567733884 5745.2268430265
178011730.5398171246 3158.7826401163
177347934.3885442615 1735.8267402512
192629883.2153192163 8448.6398468018
178972402.6144507527 4115.1632380037
181760442.5776915550 5821.6574193509
181487827.0789288282 5705.8567068069
192322661.0387024879 8434.4884376526
196479881.9949930608 8575.8706588745
178058708.5961655080 3253.9820857663
178041952.7976054847 3161.4195497185
179004598.7512996495 4160.7685057129
187981932.8958245516 7802.6153459549
181545613.5177359581 5725.6791414741
191078853.1322729588 8348.1113204956
192432395.7998197079 8439.9354057312
179051755.8967624307 4173.6887201815
182934093.3581716418 6317.6118476127
182858114.3160794973 6232.6809689474
182856115.6367381215 6226.8267992471
182866559.4882750511 6311.7053496574
179811175.9121454060 4730.0613848525
178879880.7621861398 4081.5282637085
177457931.9195170403 1964.5295522065
191108637.8312802315 8349.1572036743
197093576.0306605995 8578.5919647217
181565302.3785365224 5732.7559370915
178851647.8585729897 4041.5470245509
196770204.1086751521 8577.4101486206
177383397.3286674023 1845.3053166319
183559619.8428838253 6565.6008416032
190410304.8200908899 8216.0419855118
179842765.4208639860 4742.9147149879
178976340.9346895516 4135.8760776400
182769278.9459919930 6195.7103060258
183023545.3946209550 6387.3088805412
182858284.9575880170 6260.3549127315
178234460.6588886678 3390.6784717198
179455836.0004191399 4451.0766371785
185624623.2266818285 7167.8503161825
181237925.2768512964 5547.6931574265
181165544.7164362073 5537.0323813329
178120330.8523364365 3273.1468714532
180130450.3973331749 4938.5309693175
179913500.5402197838 4765.1174856934
185435590.3001830578 7134.2186517616
190571497.1493939161 8240.6222743988
190690794.3144056797 8264.9494647980
192607092.8625857830 8441.3168830872
179281066.1479287148 4352.6490036763
185252712.6696942449 7056.5692149432
185478340.7158394456 7135.5570058227
185332568.1789018512 7104.7521246703
185100899.3034096956 7022.0151423900
178455881.3765645325 3691.3540455329
183838746.2080554962 6631.9311854992
179953021.6300315261 4822.7208302631
181118225.5180511475 5456.8541943298
178737877.0507058203 3927.5778486358
183150712.7267125845 6429.9191732143
178215598.1276793182 3383.1055857495
179801359.1797546744 4679.9690465994
179781441.9172948003 4666.3543384388
183816996.0668030977 6621.5781518262
186159998.2268366814 7301.2591269910
182858747.1587994099 6284.5057573055
182966358.1619843841 6355.9094018672
178638025.5365487039 3786.9563934433
179609471.8052276373 4555.5755993620
178351366.1312206686 3571.7949938028
179547744.5408579707 4538.5346091010
186436856.3844220042 7400.8027079999
178643163.6733879745 3865.3594953644
178638523.4859625399 3846.0600201639
178335727.3808409274 3570.0220116823
182113146.3877605796 5927.2981336694
181652435.1980075836 5752.5293593591
178554429.3806646168 3776.0268670099
181888741.5149336159 5837.7667921166
186346876.6269600391 7361.1246646345
190252368.0410509706 8133.5418386459
182698345.5905135572 6009.4360355409
186308927.0352098942 7346.8220318258
186517074.4437605739 7420.0425113142
179714124.6079830527 4636.5946327940
185989758.6157351136 7235.3331197160
190327296.9012161493 8161.8355808258
182136934.1904389560 5934.2156368028
186042143.9989500642 7268.4198277849
182195434.5925940275 5963.5073970283
179664546.9512124062 4592.0558113157
182272669.6032792926 5967.1802523623
185951554.5019879341 7231.6459829379
181966399.2831482589 5899.4656980615
181739365.1579776704 5796.5905138368
190373555.0137462020 8188.1051855087
186114853.0411384106 7272.5279793907
179509971.7044650316 4512.8905374214
179259227.4706604481 4270.6356084861
185996647.9900729656 7256.2770131486
179588095.0417607427 4549.7215021282
178189961.6828419268 3380.6945890542
185751699.4583806396 7189.4289185959
179389970.2417528033 4432.9215280481
179354265.0289791822 4360.8996278711
177482459.9834333658 2016.3092968150
178269590.1686660349 3477.7115370467
179261883.0844830871 4323.6417201458
177549050.0775232315 2128.8040787916
190205106.5090131760 8113.6008300781
178255761.1057672799 3472.9744252412
179182811.4226460457 4238.1760155942
190162826.7995817065 8080.2217378616
185720048.9622122049 7175.1469020336
179159722.2793247104 4234.9679988323
190251666.2784101963 8118.5873298645
179230952.8497242332 4263.1969571559
185278543.7675881982 7066.2763652294
177536119.3123158216 2124.7473439812
177573203.8452246189 2130.8953031391
177570754.4812205434 2129.0153340935
177489014.8953080773 2019.5551900506
184850472.1940200329 6942.4831037014
181103616.0019966662 5434.1681404833
185873613.1917054653 7203.5124101258
180935672.0047710836 5333.9508845603
185058052.7257176638 7005.1579265087
190098493.6542487741 8079.3181819916
184962263.8035525680 6974.0579394787
178238515.3274299800 3401.1625608560
181100922.4855836034 5382.5578362916
177630427.5888380706 2229.1213836372
181021521.0747839510 5369.9436639502
184919112.7397586703 6958.4052676647
178287448.2858757675 3490.0034194905
180963568.1544032097 5358.5352456544
177593945.1952390075 2186.1961406618
177662443.8341319561 2268.0496906042
184651768.8288039565 6839.7169224089
184681166.6206035018 6878.3025137251
181056280.3836649060 5377.7912555162
177683632.3532764316 2281.5627882730
184388708.8542925119 6754.2411355791
177908169.9909619987 2732.7592194234
194488970.2337168753 8468.8908233643
184226398.4295927286 6728.7069063006
194776430.6467669904 8476.7726058960
184667952.4698272943 6841.7811933821
177937347.2993310988 2744.3002986764
184257526.9097420573 6732.2705049334
184169935.5277716517 6705.3267645590
184140150.5233123302 6686.3120407812
177942613.4787124693 2840.5941733276
177821253.4189929664 2472.5549270539
184185301.6403636932 6709.3844961874
184047423.1850956082 6668.7535872213
177939535.8493756950 2819.0595206176
194935260.3229704201 8490.7324981689
177886781.3561599553 2651.8432418113
177937333.7155808508 2744.1294607404
177898798.5490337908 2728.8744956260
177773514.4665379822 2381.3453257410
177807498.7416704595 2469.0879908083
177817810.1713005006 2469.2740929967
177737090.5553677976 2359.8106730310
177832358.3695570529 2541.2140822266
177767154.0159257352 2367.6349397306
194782505.6318660080 8480.2417602539
194949662.7548716962 8491.3489608765
194747109.6438619792 8472.4464874268
195124001.2807794511 8494.7491989136
194471711.6259621680 8455.1465187073
