178764620.8204334676 2209.6919603199
193532374.1057618260 8297.1987495422
178770183.5850243270 2319.1521043628
178867757.7287069559 2611.6231670938
179031420.4319714606 2920.9115307909
179059394.2583179176 2921.5040857177
179341156.0305424035 3032.3484790893
180030006.8605305851 4117.4478086055
180116809.7244530320 4249.9412215770
180401038.1319441199 4481.8214511395
180323714.7271439135 4383.3207524911
181428493.6710186601 5246.3440040497
181338814.3791065216 5153.6183158307
183451857.8019778132 6138.9155844913
183243135.3126921654 6034.5203106419
183397336.8548706174 6093.4504915592
183243380.1800811291 6039.3123917297
185143698.5467296243 6633.6699801103
184784252.0728997588 6541.8356638566
185658435.3794081807 6660.5139095969
191295275.4416482747 8061.8613553047
191969805.4710527360 8166.6534194946
192793519.3927419782 8239.9312896729
192844868.8826042414 8246.1769104004
193523666.0056466460 8292.8309898376
181323801.4398877025 5146.6385282425
183348653.9984307289 6082.3018157594
185543407.2355484366 6657.1689958290
178837186.4785442352 2502.0620290600
178981413.2435419261 2859.2277110796
179921827.4521023929 4023.0524304927
181384635.6081762016 5230.1941532044
181899992.7223270237 5482.0951436905
183173118.0346408486 6032.5121744589
183099627.6420471072 5993.7069773392
183329278.4609012008 6066.0725449752
183113809.3677608371 6029.4895806030
184454151.8810271025 6453.7734753288
185192440.7828091979 6635.8033991472
185304479.5583398938 6643.5487266199
185319158.4543466568 6645.6784077396
185030390.3907110095 6614.1644869462
185337499.7900435925 6653.4036401324
184934418.8287532926 6606.0221567766
185084539.3800961375 6622.3170010426
191134764.2754081786 8009.6998276711
191167326.3461262882 8018.8189787865
192113719.5478657186 8184.2172813416
193319114.4340387583 8280.4094314575
192998883.2708500028 8265.5895500183
193731496.4367079735 8299.5732307434
197630602.9769437909 8358.7697410583
185236545.1791471839 6641.3084130564
178826620.1871484220 2415.6155185997
179105467.1302814186 3007.9488080125
180448161.9453006387 4483.4369601727
181626942.7902166545 5358.0235294251
183005778.8255991340 5901.7549091630
183030136.9764763117 5919.4601446443
184603202.8851531744 6502.1556879558
184864920.7054335475 6585.9201164522
184770755.8897178769 6535.4442920961
191604509.0386108458 8092.6690578461
191090345.5929748714 8009.4765467644
191449113.2546992004 8068.9521636963
192894658.0472019911 8253.4903259277
192865927.7191294432 8250.0509986877
180061771.1436619759 4138.5957594932
180201429.5199192464 4303.7221090168
178862317.7297237813 2510.0856621116
179215134.8475068510 3010.6301547741
179060015.4455893934 2946.5646110158
180079499.8805501759 4218.9586936057
180386114.5282011628 4394.2986552888
181481057.9519295096 5267.3502220063
181878210.9908482730 5471.5913957505
181848447.6449202299 5470.0276798157
183006219.9473179579 5905.6412168794
184119696.7377513051 6342.9423943848
184449484.6580748558 6453.5512511709
191526708.8813051879 8082.4480996132
184826272.4329636693 6544.8408851900
184655594.7950224280 6524.7525245228
184553395.2449550033 6477.6415632699
179020394.3571789265 2915.9984201044
179233590.7864031494 3027.4053582377
180505960.9269847870 4493.8468388150
180253021.8674473464 4322.6104125500
180345653.2780708373 4392.6334747792
181694268.9740438461 5390.5544113068
181792703.1681019366 5458.8008979706
181886794.4692007601 5477.8829573242
183036712.4034441710 5986.8652101808
184536848.5243045092 6457.7045107564
184344685.7494625449 6391.6206825950
184355067.2560212612 6408.4169586875
184646668.8579784036 6503.0903987006
184418078.9132559896 6453.4884232261
191229282.4658953249 8028.5641026497
191873456.0440301597 8150.1652879715
192420930.8226262033 8225.6590881348
180464166.1710018218 4489.4776790751
180397848.9368278086 4472.6338243604
182706594.0172782540 5787.5689452642
191388790.4118845165 8066.3242077827
178991995.5767326653 2915.7228940111
178929865.7854109704 2807.0849595051
179979833.6570224762 4113.0790625633
180274534.5021333694 4383.2994632245
180069311.5660885274 4198.0675858975
180182942.3474895060 4290.8837756634
181679759.2227187455 5368.0739702134
182830920.8512136936 5888.0345424169
191261113.4274417460 8058.0930905342
191143187.6516828239 8014.9759678841
191814182.2959595025 8126.2439584732
191918590.5566233695 8158.7245788574
193002890.1945946813 8270.2051544189
181598203.3334845901 5320.2304347901
181566722.0564151704 5277.3303865342
181477560.1529612243 5250.1216951556
183889975.2092484236 6237.6613751341
191984558.5892967880 8172.2442665100
191859491.9982576668 8143.2212085724
191876456.3193355501 8152.1525392532
193984685.3711034060 8306.6270179749
181767602.7403060794 5435.6781104950
178948035.3889208734 2809.7234735005
181613851.3695489466 5349.3407539277
182049065.9608384073 5557.5164553539
183035186.0515329242 5945.8583358281
184769269.0908254981 6526.6774786214
192045151.7943703830 8180.5149955750
192334972.1153869927 8220.5931930542
192125669.9032342732 8202.8808059692
197344091.5966925621 8352.0745124817
180046130.7543210685 4133.2332770219
190915632.3444158137 7969.0915894508
192090768.8337145150 8182.2597732544
192030441.1533989012 8176.5515251160
197644554.8083902597 8361.3439292908
178923662.7179554403 2729.9320274517
181914272.8877376020 5498.4568165258
182165096.4035433233 5615.8212420360
191049521.8939832747 8002.2438511848
190937517.7335704267 7975.5614342690
190569243.7157301605 7871.3474631310
191928225.8798182309 8159.6392498016
197747320.1310552359 8371.5292854309
191847341.1216019690 8133.2057352066
184327874.1052082777 6364.9920114257
190902923.3039170802 7954.4459900856
192168650.2725112140 8209.1091194153
197541404.5052505732 8355.0648956299
198004910.8457618058 8378.4130363464
180053001.4304783642 4137.0083644586
181949044.1100624800 5525.5452090083
182013522.0531917810 5542.3492487834
184232326.0439485312 6351.3080352523
193424861.3943059444 8289.1775779724
197702062.4753030241 8367.8823127747
178894884.4755500853 2709.2044134997
182081999.0678654015 5570.3508947805
190886505.4744201601 7949.4535164833
191790898.9283256233 8118.1383934021
192088464.9776336253 8181.0001411438
182112617.2675208449 5583.9156301931
190691582.0852694213 7911.4793343544
193173060.7061182857 8274.9187889099
193121863.2685420513 8274.5666389465
197254732.8900379241 8341.6372413635
197203355.8866806626 8334.3925971985
182211933.0171399415 5629.0701522433
183943478.0023516417 6240.9706417014
184078315.2250310183 6308.7669588904
190691533.3866486847 7874.3195843697
191672777.7106086910 8113.4885911942
192962289.5844453573 8263.9293403625
197786936.7354347408 8374.2403984070
197540868.4323327541 8352.7358818054
181920604.7968706787 5513.3538521246
184285619.1361092329 6363.1592321683
190783862.7567919195 7935.3280491829
192026084.6582807004 8172.6887969971
192115304.7569181621 8186.5310554504
197796403.8588391840 8376.6933555603
181977763.4511038363 5533.3006209747
190889710.9213275015 7952.1310925484
190804097.5738618672 7938.4464898109
190732377.7137208283 7917.5049865246
191411055.5732386410 8067.8108639717
184345629.9378904104 6397.5598677375
183984585.4876788855 6244.6109291007
184087216.3652827144 6309.8670162846
179888907.5827617943 3866.6077782645
179893177.4306064546 3935.8135854468
181974178.5917103291 5526.0291296855
182161980.2122850716 5597.4883744136
190876475.6411539614 7949.1064400673
182128858.6342283189 5589.7098776714
184032360.0749626160 6299.0162902762
190875090.6304159462 7946.1555123329
190996772.4159438908 7985.3212876320
190958759.6387698948 7984.8766007423
179852272.6647521555 3829.8810815621
179878412.4847937524 3852.9956508089
181983212.5045413077 5542.2660586254
182304206.7698846757 5634.9112815873
182774840.1620013118 5837.3863849815
182031387.4816184938 5542.3655882195
179870271.5023820400 3852.9510615111
182041570.4138963223 5547.5806203202
191254766.4968992770 8035.9364986420
183998653.5336529016 6258.0257378117
192755393.2545332909 8230.3701896667
182332900.9012494385 5647.0758790091
182293144.6783737838 5634.2398844079
182371823.5756493509 5649.8170802784
182411333.3894174397 5684.2429458515
182376569.2658686340 5682.0536694840
183787394.3189715743 6193.1118346945
179828143.1032089591 3683.7561683338
179885065.5841646791 3864.9714651682
182536360.7989496291 5688.6229044975
182562665.4082529843 5695.9226235055
183861671.8267740011 6220.0806592863
183884397.6019474268 6226.0379162085
192840704.8995541334 8241.7479171753
182773420.5188159943 5829.1797921554
183798149.4312764406 6208.9566078678
183984917.1166937947 6248.2312729731
183734208.1353271604 6178.4086027290
179892589.6457700133 3868.1133165933
183731906.4674437642 6166.6299198919
182482915.7436499000 5684.9506497697
182594228.1153148413 5696.9234607012
183588422.7542819381 6143.7893818670
183702032.2266783118 6161.3182605111
183647527.8140199184 6155.9743655526
182595142.5513801575 5746.7312778585
183641809.7931624055 6151.2264118210
183717640.9973115325 6162.2616087198
179608904.8296072781 3127.8719409371
183313123.9247021675 6046.9750336462
179665233.6734328270 3340.0969284453
183006559.8045349717 5909.4389036458
179650589.5606948435 3249.0450222809
182830713.4837187529 5837.9223360547
182936591.7625501752 5898.2211169057
179658383.5464245379 3340.0944779237
182729707.7431469560 5823.5762485617
182635425.1946051717 5759.6944941633
179722713.9112409651 3420.3866465409
179811694.4274090528 3509.0835126918
179739965.4216123521 3423.7514236961
179707642.3719083667 3407.7778793891
179636799.8177717328 3242.0224125341
179783803.5831812322 3486.7125998010
179657405.0065354109 3322.8150914033
179698008.2371181846 3404.3071241845
179708188.9589710236 3409.8364065700
179758504.0895900726 3442.8870292176
179813454.3334388137 3539.0040846132
188167482.3305035233 6756.5889608860
188299127.9853898585 6818.4867725670
187981242.0135700703 6662.5036109686
188170901.7720114589 6758.0826818943
188470741.2574325800 6869.1971104145
188941364.4067976177 6956.4422900677
188386417.1806619167 6841.4812617302
188350003.5044164956 6824.0508890450
188994708.6425193548 6971.1542789936
188496759.3228018582 6882.3535087109
188762898.6710308194 6948.6681830883
188614450.3261236846 6917.7356193066
188691632.0409819782 6920.5289375782
188747407.8403719366 6931.4016723633
188514604.7830755711 6898.9024631977
188211057.3197333813 6779.8997633457
188075452.4669289589 6681.7952215075
189029446.9632354081 6982.8629693985
188851071.1064423621 6953.1058292389
188962717.9280923009 6968.0334100127
189063909.4084127247 7009.4438416958
188762763.6516087055 6931.7762758732
189007215.7118355632 6977.7409975529
189583114.3666331768 7011.3153610229
190451329.9020777643 7023.1772885323
