178578897.3221045434 3722.6331240161
178585043.2942067683 3737.7621151435
181665723.8970994353 5733.0952516908
182269342.1997588873 5950.0362203698
182094868.7209543884 5909.1431489270
183144753.1405350566 6369.3485934471
186561492.3269435763 7394.2190898359
187027071.2502602935 7449.5899404250
191701286.5213153660 8382.4156684875
178383700.5486858189 3595.5818215387
178556576.1844628453 3721.7382459788
179580656.6898606718 4542.3816720910
179664546.9512124062 4592.0558113157
181880928.2260902822 5816.8763530831
182272669.6032792926 5967.1802523623
185951554.5019879341 7231.6459829379
178616601.8839167655 3760.7897030341
179899137.6820530593 4622.8920584197
182434480.1961540282 5970.0353925805
178425203.9626571238 3674.4523464667
181419286.9157583416 5633.0260383750
181293504.5166242123 5557.9492294902
182151523.4474126697 5912.1757354180
187058357.3500066996 7481.1983737126
182181883.1790798008 5918.2978752311
182198302.4775048494 5937.6159284692
181966399.2831482589 5899.4656980615
181739365.1579776704 5796.5905138368
183016232.8445295095 6339.0417983268
190373555.0137462020 8188.1051855087
196288369.4134964049 8553.3174362183
177417709.5965673923 1860.6982560754
181912580.0985221267 5826.6970049257
183168484.8007912636 6395.7746794898
186505924.4403234720 7363.6597064435
177434934.4693945646 1870.0474805813
181737850.8313589096 5758.2333284731
183179408.6275589466 6427.5282714103
183542430.3147181869 6536.3696790081
183362527.7311614752 6494.8535447460
186114853.0411384106 7272.5279793907
177363797.7929782867 1667.5314756911
178456820.5318121612 3675.8854296330
179727850.8369089663 4616.2225076362
181666238.6521191895 5746.9481757174
186397108.7098981142 7343.9656642377
191922705.4440126717 8387.8903694153
179983537.9041697085 4623.7213092850
183307382.2250515819 6458.0633551811
179448447.6547147632 4452.7237359948
181508691.2786714137 5663.7784362610
181653958.2970533073 5732.8292290086
177376811.2583369017 1760.5873365384
179578616.3698735833 4527.5252244688
181551151.0472794175 5699.4239488954
181474418.6351118088 5655.0551272447
181668223.8842633963 5750.9741808290
181578725.6781362593 5724.7809587831
183487292.5978343487 6499.5704619621
183245800.7460643649 6439.1489455436
183096150.9257361293 6354.1228938174
179754249.7601401210 4622.3506814644
183170084.8853757977 6405.3114818071
183060772.0028875470 6339.7513205630
186698107.7313038111 7405.6515948363
192509784.4724214971 8411.1749229431
177989912.2733419240 2965.5172387417
179509971.7044650316 4512.8905374214
181424046.6003828645 5649.1818300600
186423035.1044217944 7351.1836017072
186479085.1004124880 7352.6810344160
190647511.9332066178 8248.6110658646
192129079.0749984682 8403.0314559937
186840782.1897491217 7438.8798640668
186879471.4845378995 7446.1218149960
186551975.7486793399 7392.6664546430
186233618.8388887644 7299.8374751466
186309080.5561552048 7334.2018342186
177508251.4194028974 2055.2806327923
179259227.4706604481 4270.6356084861
185996647.9900729656 7256.2770131486
177394001.4390466809 1798.3168172818
183265928.1943507195 6446.0921351646
183144349.1903871298 6366.2387282585
186083313.3567263484 7267.0418904680
192372933.3624685705 8403.6656188965
181286066.1362952888 5547.0493218873
191279007.8101534843 8344.2431259155
179311702.4687795043 4334.3936012546
183128218.3103623986 6361.1464783882
183145653.4707055688 6375.8812728857
185490729.3175727129 7123.1883123773
190573904.4116854072 8222.6957216263
190703990.1311466098 8250.6009187698
191638537.4010770917 8368.6718635559
178076766.6485081613 3149.1816534158
191543500.9470490813 8367.3386383057
196228104.5345833600 8542.6738204956
183214729.3294389248 6437.4736296867
177475003.1305407286 1950.9229992414
191958515.6059851348 8394.5945930481
178155343.1276645362 3274.1588477250
179588095.0417607427 4549.7215021282
181229475.7860387862 5468.7905118440
191241932.6933858991 8340.0869140625
178189961.6828419268 3380.6945890542
190887126.8539434075 8275.0847320557
191188669.8741444945 8316.6016311646
191156833.8415611386 8315.8726501465
191206187.3518943191 8318.9888267517
179281962.9465917945 4334.0503804805
185751699.4583806396 7189.4289185959
178043370.6496288478 3064.0352745261
178121201.7051895559 3225.4473165628
179389970.2417528033 4432.9215280481
191341941.8086898923 8346.8967742920
179354265.0289791822 4360.8996278711
191138441.4889948368 8312.9586791992
178015257.4899681509 3035.4131145802
191049232.0540474057 8294.5637626648
179579570.2305346727 4533.8971597619
191217275.1230543852 8337.0909881592
191430407.9162038565 8358.0978775024
177478248.2125405073 1981.6603323198
178161935.0343711674 3274.9536837582
190518329.6783128977 8205.3062691689
177482459.9834333658 2016.3092968150
185298405.4388300180 7068.9971314700
179368545.6648209095 4375.3156549401
191087066.2844353914 8301.9649353027
191253226.7427528501 8343.3763198853
178351505.6715537608 3568.0338801247
190988187.4378259778 8293.6102752686
191366532.4957285523 8352.3634872437
178269590.1686660349 3477.7115370467
181385923.7861604989 5587.5886437867
177474733.4869622588 1933.5640765554
178321760.3109888732 3565.1613530366
185542547.5121619701 7125.0946139782
190809276.2070407271 8266.6716890335
177449179.1111904383 1932.4182172990
178163575.0920033753 3278.3028697129
191357015.0733760595 8349.2483825684
196250350.6443201005 8543.3789672852
179261883.0844830871 4323.6417201458
185574435.8681090474 7135.0565578556
193064136.1439625323 8426.7472114563
177526605.6025192738 2111.6219151854
177549050.0775232315 2128.8040787916
177444533.0394846797 1909.9296690202
178062266.9426961243 3144.8726019021
178608088.8249352276 3750.3431935866
178973420.0819190145 4066.5267835109
183361845.6845384240 6460.0169779879
179147159.0256929994 4174.0371594875
179015280.4902343154 4103.4023507881
190205106.5090131760 8113.6008300781
178255761.1057672799 3472.9744252412
179182811.4226460457 4238.1760155942
190162826.7995817065 8080.2217378616
185720048.9622122049 7175.1469020336
179074475.9091376662 4158.1150958984
185451181.0031865835 7112.0868167370
193096708.0030244887 8427.2695236206
185355643.1553193927 7082.8180331676
179159722.2793247104 4234.9679988323
190251666.2784101963 8118.5873298645
179230952.8497242332 4263.1969571559
185278543.7675881982 7066.2763652294
177536119.3123158216 2124.7473439812
179053564.2610855103 4153.7368131130
177573203.8452246189 2130.8953031391
177570754.4812205434 2129.0153340935
179116471.6911729574 4166.0314342751
178368555.5795792043 3568.7963104599
183691942.3832541108 6570.8353564476
183515192.1392645240 6522.7057711814
184740043.0247483253 6908.8775310009
179047600.7747359276 4140.9934506862
185110779.6177325249 7011.4822444408
177489014.8953080773 2019.5551900506
178924195.9638154507 4031.5333066433
192943389.0672017634 8423.8486289978
180755344.7902278602 5211.0727795076
184850472.1940200329 6942.4831037014
180707168.5822249949 5207.9975764942
193355699.4808266759 8437.6796875000
192680878.6280246675 8413.3820228577
178165321.9800613821 3334.3410200235
183976284.8984587789 6639.9346429591
181103616.0019966662 5434.1681404833
195966766.1050231159 8531.3852310181
185873613.1917054653 7203.5124101258
180935672.0047710836 5333.9508845603
180627208.8353161812 5078.0061028065
192836781.4334759414 8414.2330360413
178895107.1162850261 3974.1613396232
178891357.7404015064 3960.0731001619
193285278.9545564055 8437.0866355896
178875218.0183196664 3957.6368711441
178110769.2277081311 3149.6350692865
185058052.7257176638 7005.1579265087
190098493.6542487741 8079.3181819916
190332896.5888048410 8128.4813556671
192843912.5392347872 8422.2920265198
178731018.7082166076 3861.9259444001
178121781.1741569936 3254.3327459451
180659581.7628639042 5154.1651907158
184962263.8035525680 6974.0579394787
192929011.0836092234 8422.7823066711
180841267.9695838988 5261.8920111759
178826028.3837113976 3864.6808006017
178238515.3274299800 3401.1625608560
178548938.3804571331 3701.2705894553
178621697.9191424251 3778.4093873351
180850407.6427191198 5289.2019717884
180787309.4680085480 5261.3541133594
180757426.1509237885 5235.3300983761
196047151.3598740399 8536.0532760620
178665883.7015827298 3797.5081727355
178729519.2628371716 3801.0300764740
196163046.8976933658 8540.1111755371
181167919.1412096024 5465.8591317956
196046970.6929909289 8535.9952087402
178499069.6810483336 3688.0480286925
181100922.4855836034 5382.5578362916
177630427.5888380706 2229.1213836372
181021521.0747839510 5369.9436639502
195856345.3803716004 8527.1534271240
184919112.7397586703 6958.4052676647
178287448.2858757675 3490.0034194905
180963568.1544032097 5358.5352456544
181127828.7245648503 5449.0985848878
178377072.6141711771 3571.3592035025
195641801.8722238243 8518.0293273926
196004979.3493812382 8533.3826065063
183768834.7492189407 6598.4816806053
177593945.1952390075 2186.1961406618
183624137.2410385609 6555.5967490409
177969245.2344599664 2885.7995349592
184534629.2020536065 6766.0472155809
195533639.5799085200 8504.6665115356
177662443.8341319561 2268.0496906042
195633554.2158538401 8513.7982254028
184536667.1881814599 6814.6372228926
195654683.6163568795 8521.4386825562
184651768.8288039565 6839.7169224089
184681166.6206035018 6878.3025137251
181056280.3836649060 5377.7912555162
177683632.3532764316 2281.5627882730
184388708.8542925119 6754.2411355791
177908169.9909619987 2732.7592194234
194488970.2337168753 8468.8908233643
195309348.5771509707 8501.9244079590
184226398.4295927286 6728.7069063006
194776430.6467669904 8476.7726058960
184667952.4698272943 6841.7811933821
180405617.0560492873 4843.8713106088
177937347.2993310988 2744.3002986764
184257526.9097420573 6732.2705049334
184169935.5277716517 6705.3267645590
184140150.5233123302 6686.3120407812
177942613.4787124693 2840.5941733276
177821253.4189929664 2472.5549270539
184185301.6403636932 6709.3844961874
184047423.1850956082 6668.7535872213
183876426.2570034266 6617.7182478659
177939535.8493756950 2819.0595206176
194935260.3229704201 8490.7324981689
177886781.3561599553 2651.8432418113
177937333.7155808508 2744.1294607404
177898798.5490337908 2728.8744956260
180174264.4303962588 4749.3294954624
180292772.4509484172 4832.1064153340
177773514.4665379822 2381.3453257410
180129750.5554798841 4730.9962663974
177807498.7416704595 2469.0879908083
177817810.1713005006 2469.2740929967
177737090.5553677976 2359.8106730310
180327212.1636670828 4834.2434435215
180364041.8543814719 4841.2359819736
177832358.3695570529 2541.2140822266
194431590.6106891930 8442.2002487183
177767154.0159257352 2367.6349397306
180066790.7384120822 4652.6248044952
194782505.6318660080 8480.2417602539
194949662.7548716962 8491.3489608765
180027307.7275189757 4639.8478301950
194747109.6438619792 8472.4464874268
195124001.2807794511 8494.7491989136
195262362.8521971107 8495.9277725220
195305426.9464307725 8497.5619735718
194471711.6259621680 8455.1465187073
180113370.4193988442 4676.5717510321
180013244.8314221203 4626.1301578619
180027108.3859634399 4626.2041579234
194159308.1329174936 8437.8222007751
182846236.9322001934 5998.7482646440
183011216.1523514986 6067.8606408571
182913233.3654993773 6060.8771394228
