185992316.5712852478 7014.8547326340
191124263.0670647919 8062.3221902847
191358060.4424553216 8151.0315170288
192549927.0891985595 8326.4325218201
183313997.3637638092 6315.8615483891
185524569.2756134272 6950.9358250983
185458022.2335657477 6916.4600777014
185766721.1181959510 6990.4250686213
185807839.2287275791 6997.9165923640
185620114.5969253182 6975.6696937128
192741643.0003979504 8344.2859916687
178371037.5335153043 2979.3305813035
178294047.4264744222 2869.8704372606
178502239.4701026976 3090.8393493852
178698586.9720855057 3185.4960583584
180005180.6416954398 4489.4110594204
183540831.0213899016 6393.3196019779
183317616.5469870567 6319.3244418751
183687565.0514578819 6426.2335129429
185064710.6861594915 6831.0896587290
185295816.7422768474 6903.3265337863
185521073.3730821609 6923.9578246989
191411130.4798596203 8155.7879047394
191842188.8941399157 8225.5636596680
192814123.4321917593 8362.4736099243
196776636.1391481459 8430.5410003662
178577387.0519096553 3179.4480049124
178413417.9522754848 3072.6850277147
179638844.5687243342 4224.2006449021
181599428.9259569943 5504.2510637270
183226365.7921035886 6267.0349000127
183450695.3470327258 6346.9667857320
185385673.0007199645 6907.4674272456
196705521.6739848554 8425.1684112549
196565614.5832214653 8417.6724243164
178407321.8395780623 2999.3861032001
178323781.8520916998 2963.2248836717
178478822.5755588114 3084.2213375430
178342074.0406300724 2974.7611935000
181510761.9644753337 5435.3459207380
181382310.6548877954 5352.5569414126
181592152.7140696645 5500.1396829264
183308253.8172283769 6296.3397637059
183429533.2275677323 6334.4200707127
184247449.4321722388 6593.0378461594
184934363.3774020076 6792.0692062296
192009636.1162051260 8246.9761581421
192488598.2007205784 8312.3792228699
193696145.6076735556 8380.9583740234
181263007.2532570362 5324.8546327578
181299824.7460560501 5330.0523214267
183366691.6705284715 6333.1105940968
185511074.9508379102 6916.5281204597
192696155.1479019225 8335.1132125854
179997596.0118836462 4470.9298735073
181421655.0211018026 5424.1240223275
181338867.8293400407 5351.2369646059
183680409.3263942003 6414.9744272877
184735067.5715008974 6746.3495058433
185132654.2591847181 6838.6763997888
191446879.6482727826 8159.8199348450
192659599.0323796570 8334.7874069214
192728534.8301644027 8335.7460212708
178505926.4261817336 3095.4469608246
183685189.4158292413 6418.6213913609
192711779.8043746650 8335.6444435120
196191769.1685088575 8406.8969726562
178389283.8244676888 2983.1469571303
179710946.3148547411 4239.4740976609
179941058.7813985646 4431.9650275552
179956105.6508128047 4464.2995941749
185158882.7226816416 6857.9489370202
193349164.0938984454 8377.9706878662
181387425.6814154387 5366.1801294314
181451467.9555777907 5432.6016300546
181242706.9588043690 5310.7603826450
181389353.6362855732 5415.4179719912
185253399.7052554488 6879.4518203654
192761182.0166614354 8354.0579910278
193292394.0718063414 8371.2571563721
179905193.1267816126 4411.8378036132
184408120.8031068444 6639.5901365510
191570571.8400664628 8184.2727355957
191210709.6574611962 8116.4264078140
196383611.8368310630 8417.1758956909
196646435.1455534995 8423.5021591187
179821000.0870557129 4380.3117826095
180081468.3425080180 4492.4440703237
181404163.9257187843 5418.6710466372
185105888.5328322053 6834.3542489085
192017641.8326734006 8256.4477081299
178575315.1203005016 3107.8987322849
178555080.6802094877 3096.2316633823
184932089.7485843301 6763.4005823945
184969020.6520012021 6809.2449947213
184834180.3546937108 6755.3600917672
192745747.3677934706 8349.5898971558
180001820.8548964560 4484.7845063618
179840136.5526999533 4391.5485870948
179866384.8629547656 4403.8098571889
181514584.6595476866 5442.6689727732
181551934.7387620807 5484.2592609750
184677335.8457142711 6706.1885295724
184528567.5398252606 6685.6257053231
191403335.4402711093 8154.5589685440
192549404.3843279183 8325.9560852051
181545907.1956932545 5447.4980691897
181794430.8549685180 5583.1956172166
182270983.1604428887 5651.9970046062
181849865.9091161788 5610.2753885765
181757632.2792280912 5548.6323565712
183708733.4126294255 6434.0967941929
184239925.8340664506 6584.9911247010
184305989.9877582788 6620.1576230933
191650106.3801854551 8200.7888946533
191288511.8361084163 8127.8181657791
192008949.4010375440 8239.8516616821
192548039.4294008315 8317.1464462280
192657403.6070668995 8328.8188705444
183862544.3615270853 6473.1732788731
183571716.8588826060 6405.7999077488
184918721.1935582757 6759.9323564775
184645064.5209778547 6688.1312976693
192251602.4943200052 8292.8098220825
184449206.3259165287 6654.0506854867
184146353.5461596847 6554.7071271653
184680935.9740921259 6731.7869411325
192059880.8639003932 8266.8521499634
179777337.8610083163 4336.7732042588
181714289.9826941192 5545.1644583670
181588935.3110910952 5490.5374894482
181923373.7684782743 5631.9170419019
184163034.5900054574 6575.2123234684
179684869.2117235959 4233.8537996930
184055271.3148047924 6543.3501954789
184504995.2403359413 6665.3044391389
184500458.3856421113 6656.6309943909
191693221.0829676688 8201.1481437683
184670534.2450153828 6695.9908847628
183532607.9882680774 6366.5301156689
184443079.6779458523 6643.4382091378
184363047.5515326858 6637.8879352326
181638862.4628221691 5520.5028556166
184302065.1046032310 6596.0375607919
191346560.0971383750 8134.5109882355
191964658.9266197979 8237.7351684570
179646757.4199240506 4225.3868113152
181694182.4908914566 5544.9699011822
183686517.7471804023 6421.0153680493
179927669.0904070139 4414.8376975648
179626823.6133482456 4186.0247437830
179726163.7258198261 4304.7753595628
180248908.4633469880 4540.0242957165
195933466.7733723223 8394.8911705017
179561963.7994548082 4105.4354382373
184203065.4168905616 6581.4329438920
191769887.5171304643 8210.2713813782
192035549.1685245335 8258.0930919647
180334525.5898004472 4571.0162959419
180330388.0069898963 4558.3533876982
179982984.6151895821 4469.6123770763
181791386.8226674795 5579.0122120757
183711821.6505126953 6437.9981995274
184422440.5802237988 6642.5048695788
184058960.3492971063 6553.9813733811
191936051.1417964399 8229.8658180237
191960019.3382175863 8236.3529968262
192138757.9854108989 8279.6587066650
179605754.6305497885 4186.0087983484
181945864.6141991615 5642.3108559627
183694636.1590780616 6429.0417308886
183983544.8125518560 6529.2201142956
191197599.4831414521 8103.7708234787
191356396.5398884118 8145.3034925461
192302726.7220250666 8300.2077865601
196363877.4691650569 8414.7681427002
191523918.6632021368 8178.4910240173
191609371.5168319643 8198.8772811890
192267297.1889316738 8295.1776657104
183757405.0188653469 6454.7430749584
183453459.2887100577 6351.3870568920
195982415.7113148868 8402.6071472168
183907657.3451572657 6481.0273500134
183616846.4419543743 6412.4944301296
192416404.8107533157 8310.3074989319
192390395.7477876842 8302.8450355530
196043122.6503778398 8404.1590347290
183455792.5163913369 6357.1185289074
191491732.6977690160 8167.1141891479
183927701.2373537421 6498.9509969403
191586389.9747782648 8184.8147926331
191482265.5743645728 8166.4600219727
195816744.0692270994 8387.2591362000
181731849.3941461742 5546.5691845496
181681560.7679179907 5542.6038552303
183809913.2542167902 6467.0678468395
183770558.4466553926 6460.8349137951
183431207.6849570274 6346.3111573209
183549440.7150909305 6396.7220903088
183176238.7516471744 6099.7949145769
191143857.9893555343 8075.8459014893
195918585.6665958166 8394.7051887512
183205018.5660689473 6177.6577390169
195564268.5868600607 8386.9186897278
183176295.8516251445 6129.9282535051
180052560.4129537046 4489.6166442996
181776789.1150531769 5560.1283579845
183080452.7518680692 6088.1031487916
182846236.9322001934 5998.7482646440
182814035.8254389763 5962.5854447816
182733646.1738255620 5931.7506204915
183056452.3588930368 6078.3871572055
183142605.2773450613 6096.1903727983
191649439.1767456830 8199.6381111145
182784846.2515546679 5955.8504696821
183011216.1523514986 6067.8606408571
182913233.3654993773 6060.8771394228
183177010.1410553455 6164.7926143144
180173542.7188169360 4500.5670068249
191772825.1637741029 8217.9913864136
180150356.0541732907 4495.8310087835
180174135.6675687134 4500.6284770396
183107855.5623449683 6094.5780120418
190935167.7664918005 8001.3100461960
191101949.4303984940 8020.1030826569
191094803.6334333718 8014.0898303986
191060150.0050076544 8008.3161685467
182343239.8311548531 5666.4087595307
182330855.6221152842 5653.7461133116
191119316.3289494812 8043.0549221039
190720744.8942075670 7928.5051145554
190878172.4949138463 7989.0590553284
190763366.6161420047 7930.6788702011
190716701.2872937620 7918.3361921310
190796261.6766509116 7959.7697629929
190523208.4466617405 7800.6851048470
190874445.5470929444 7984.8283386230
191072297.2685513198 8012.4942021370
182706594.0172782540 5787.5689452642
191049521.8939832747 8002.2438511848
190569243.7157301605 7871.3474631310
190691582.0852694213 7911.4793343544
190691533.3866486847 7874.3195843697
190783862.7567919195 7935.3280491829
182411333.3894174397 5684.2429458515
182376569.2658686340 5682.0536694840
182536360.7989496291 5688.6229044975
182562665.4082529843 5695.9226235055
182482915.7436499000 5684.9506497697
182594228.1153148413 5696.9234607012
182595142.5513801575 5746.7312778585
182729707.7431469560 5823.5762485617
182635425.1946051717 5759.6944941633
190451329.9020777643 7023.1772885323
