125781.7473076316 113760.3995876173
124349.8647480526 115537.5798851573
126099.9434319825 113760.3995876173
124986.2569967544 114729.7706590028
123077.0802506491 113760.3995876173
127054.5318050351 115376.0180399264
120531.5112558421 112791.0285162318
126736.3356806842 113598.8377423864
127690.9240537368 116830.0746470046
124668.0608724035 115537.5798851573
125463.5511832807 115376.0180399264
122281.5899397719 114729.7706590028
126736.3356806842 116022.2654208500
122758.8841262982 114406.6469685409
121963.3938154210 114406.6469685409
121327.0015667193 113114.1522066937
121645.1976910702 114891.3325042337
119258.7267584386 113275.7140519246
123554.3744371754 115052.8943494646
127372.7279293860 116506.9509565428

127372.7279293860 116506.9509565428
121167.9035045439 112791.0285162318
120372.4131936667 114729.7706590028
125781.7473076316 113598.8377423864
126736.3356806842 114729.7706590028
127690.9240537368 116183.8272660810
127372.7279293860 115537.5798851573
124190.7666858772 114406.6469685409
124827.1589345789 115214.4561946955
126099.9434319825 112952.5903614627
123872.5705615263 115376.0180399264
125304.4531211053 115214.4561946955
124508.9628102281 115052.8943494646
121804.2957532456 114245.0851233100
122122.4918775965 114568.2088137719
118940.5306340877 113921.9614328482
119576.9228827895 112144.7811353082
121486.0996288947 113598.8377423864
126418.1395563333 113275.7140519246
127054.5318050351 114245.0851233100

122440.6880019474 114406.6469685409
121167.9035045439 112791.0285162318
120372.4131936667 114729.7706590028
125781.7473076316 113598.8377423864
126736.3356806842 114729.7706590028
127690.9240537368 116183.8272660810
127372.7279293860 115537.5798851573
124190.7666858772 114406.6469685409
124827.1589345789 115214.4561946955
126099.9434319825 112952.5903614627
123872.5705615263 115376.0180399264
125304.4531211053 115214.4561946955
124508.9628102281 115052.8943494646
121804.2957532456 114245.0851233100
122122.4918775965 114568.2088137719
118940.5306340877 113921.9614328482
119576.9228827895 112144.7811353082
121486.0996288947 113598.8377423864
126418.1395563333 113275.7140519246
127054.5318050351 114245.0851233100

124508.9628102281 114568.2088137719
120213.3151314912 116506.9509565428
121486.0996288947 114568.2088137719
121486.0996288947 114891.3325042337
125145.3550589298 114568.2088137719
121167.9035045439 113275.7140519246
121804.2957532456 113114.1522066937
127850.0221159123 116345.3891113118
127372.7279293860 116183.8272660810
123077.0802506491 115376.0180399264
123872.5705615263 115376.0180399264
124190.7666858772 114729.7706590028
126736.3356806842 114083.5232780791
124827.1589345789 114568.2088137719
125463.5511832807 114245.0851233100
119576.9228827895 112306.3429805391
122281.5899397719 114083.5232780791
127054.5318050351 114083.5232780791
126099.9434319825 113114.1522066937
120531.5112558421 114729.7706590028

121804.2957532456 114568.2088137719
121804.2957532456 114406.6469685409
121645.1976910702 114406.6469685409
121645.1976910702 114891.3325042337
121645.1976910702 114568.2088137719
121804.2957532456 114245.0851233100
121327.0015667193 114729.7706590028
121804.2957532456 114891.3325042337
121804.2957532456 115052.8943494646
121327.0015667193 114568.2088137719
121486.0996288947 114568.2088137719
121804.2957532456 114729.7706590028
121645.1976910702 114245.0851233100
121804.2957532456 113921.9614328482
121486.0996288947 114891.3325042337
121645.1976910702 114729.7706590028
121486.0996288947 114729.7706590028
121804.2957532456 114083.5232780791
121327.0015667193 114891.3325042337
121486.0996288947 114245.0851233100

121804.2957532456 114568.2088137719
121804.2957532456 114406.6469685409
121645.1976910702 114406.6469685409
121645.1976910702 114891.3325042337
121645.1976910702 114568.2088137719
121804.2957532456 114245.0851233100
121327.0015667193 114729.7706590028
121804.2957532456 114891.3325042337
121804.2957532456 115052.8943494646
121486.0996288947 114406.6469685409
121486.0996288947 114568.2088137719
121804.2957532456 114729.7706590028
121645.1976910702 114245.0851233100
121804.2957532456 113921.9614328482
121486.0996288947 114891.3325042337
121645.1976910702 114729.7706590028
121486.0996288947 114729.7706590028
121804.2957532456 114083.5232780791
124668.0608724035 115376.0180399264
121486.0996288947 114245.0851233100

121804.2957532456 114568.2088137719
121804.2957532456 114406.6469685409
121645.1976910702 114406.6469685409
121645.1976910702 114891.3325042337
121645.1976910702 114568.2088137719
121804.2957532456 114245.0851233100
121327.0015667193 114729.7706590028
121804.2957532456 114891.3325042337
121804.2957532456 115052.8943494646
121486.0996288947 114406.6469685409
121486.0996288947 114568.2088137719
121804.2957532456 114729.7706590028
121645.1976910702 114245.0851233100
121804.2957532456 113921.9614328482
121486.0996288947 114891.3325042337
121645.1976910702 114729.7706590028
121486.0996288947 114729.7706590028
121804.2957532456 114083.5232780791
121327.0015667193 114568.2088137719
121486.0996288947 114245.0851233100

121804.2957532456 114568.2088137719
121804.2957532456 114406.6469685409
121645.1976910702 114406.6469685409
121645.1976910702 114891.3325042337
121645.1976910702 114568.2088137719
121804.2957532456 114245.0851233100
121327.0015667193 114729.7706590028
121804.2957532456 114891.3325042337
121804.2957532456 115052.8943494646
121486.0996288947 114406.6469685409
121486.0996288947 114568.2088137719
121804.2957532456 114729.7706590028
121645.1976910702 114245.0851233100
121804.2957532456 113921.9614328482
121486.0996288947 114891.3325042337
121645.1976910702 114729.7706590028
121486.0996288947 114729.7706590028
121804.2957532456 114083.5232780791
121963.3938154210 114245.0851233100
121486.0996288947 114245.0851233100

121804.2957532456 114568.2088137719
121804.2957532456 114406.6469685409
121645.1976910702 114406.6469685409
121645.1976910702 114891.3325042337
121645.1976910702 114568.2088137719
121804.2957532456 114245.0851233100
121327.0015667193 114729.7706590028
121804.2957532456 114891.3325042337
121804.2957532456 115052.8943494646
121486.0996288947 114406.6469685409
121486.0996288947 114568.2088137719
121804.2957532456 114729.7706590028
124668.0608724035 115376.0180399264
121804.2957532456 113921.9614328482
121486.0996288947 114891.3325042337
121645.1976910702 114729.7706590028
121486.0996288947 114729.7706590028
121804.2957532456 114083.5232780791
121327.0015667193 114891.3325042337
121486.0996288947 114245.0851233100

121804.2957532456 114568.2088137719
121804.2957532456 114406.6469685409
121645.1976910702 114406.6469685409
121645.1976910702 114891.3325042337
121645.1976910702 114568.2088137719
121804.2957532456 114245.0851233100
121327.0015667193 114729.7706590028
121804.2957532456 114891.3325042337
121804.2957532456 115052.8943494646
124668.0608724035 115376.0180399264
121486.0996288947 114568.2088137719
121804.2957532456 114729.7706590028
121645.1976910702 114245.0851233100
121804.2957532456 113921.9614328482
121486.0996288947 114891.3325042337
121645.1976910702 114729.7706590028
121486.0996288947 114729.7706590028
121804.2957532456 114083.5232780791
121327.0015667193 114891.3325042337
121486.0996288947 114245.0851233100

121804.2957532456 114568.2088137719
121804.2957532456 114406.6469685409
121645.1976910702 114406.6469685409
121645.1976910702 114891.3325042337
121645.1976910702 114568.2088137719
121804.2957532456 114245.0851233100
121327.0015667193 114729.7706590028
121804.2957532456 114891.3325042337
121804.2957532456 115052.8943494646
121486.0996288947 114406.6469685409
121486.0996288947 114568.2088137719
121804.2957532456 114729.7706590028
121645.1976910702 114245.0851233100
121804.2957532456 113921.9614328482
121486.0996288947 114891.3325042337
121645.1976910702 114729.7706590028
121486.0996288947 114729.7706590028
121804.2957532456 114083.5232780791
121327.0015667193 114406.6469685409
121486.0996288947 114245.0851233100

121804.2957532456 114568.2088137719
121804.2957532456 114406.6469685409
121645.1976910702 114406.6469685409
121645.1976910702 114891.3325042337
121645.1976910702 114568.2088137719
121804.2957532456 114245.0851233100
121327.0015667193 114729.7706590028
121804.2957532456 114891.3325042337
121804.2957532456 115052.8943494646
121486.0996288947 114406.6469685409
121486.0996288947 114568.2088137719
121804.2957532456 114729.7706590028
121645.1976910702 114245.0851233100
121804.2957532456 113921.9614328482
121486.0996288947 114891.3325042337
121645.1976910702 114729.7706590028
121486.0996288947 114729.7706590028
121804.2957532456 114083.5232780791
121327.0015667193 114891.3325042337
121486.0996288947 114245.0851233100

121804.2957532456 114568.2088137719
121804.2957532456 114406.6469685409
121645.1976910702 114406.6469685409
121645.1976910702 114891.3325042337
121645.1976910702 114568.2088137719
121804.2957532456 114245.0851233100
121327.0015667193 114729.7706590028
121804.2957532456 114891.3325042337
121804.2957532456 115052.8943494646
121486.0996288947 114406.6469685409
121486.0996288947 114568.2088137719
121804.2957532456 114729.7706590028
121645.1976910702 114245.0851233100
121804.2957532456 113921.9614328482
121486.0996288947 114891.3325042337
121645.1976910702 114729.7706590028
121486.0996288947 114729.7706590028
121804.2957532456 114083.5232780791
121963.3938154210 114406.6469685409
121486.0996288947 114245.0851233100

121804.2957532456 114568.2088137719
121804.2957532456 114406.6469685409
121645.1976910702 114406.6469685409
121645.1976910702 114891.3325042337
121645.1976910702 114568.2088137719
121804.2957532456 114245.0851233100
121327.0015667193 114729.7706590028
121804.2957532456 114891.3325042337
121804.2957532456 113921.9614328482
121486.0996288947 114406.6469685409
121486.0996288947 114568.2088137719
121804.2957532456 114729.7706590028
124668.0608724035 115376.0180399264
121327.0015667193 114891.3325042337
121486.0996288947 114891.3325042337
121645.1976910702 114729.7706590028
121486.0996288947 114729.7706590028
121804.2957532456 114083.5232780791
121963.3938154210 114406.6469685409
121486.0996288947 114245.0851233100

121804.2957532456 114568.2088137719
121804.2957532456 114406.6469685409
121645.1976910702 114406.6469685409
121645.1976910702 114891.3325042337
121645.1976910702 114568.2088137719
121804.2957532456 114245.0851233100
121327.0015667193 114568.2088137719
121804.2957532456 114891.3325042337
121804.2957532456 113921.9614328482
121486.0996288947 114406.6469685409
121486.0996288947 114568.2088137719
121804.2957532456 114729.7706590028
121645.1976910702 114245.0851233100
121327.0015667193 114891.3325042337
121486.0996288947 114891.3325042337
121645.1976910702 114729.7706590028
121486.0996288947 114729.7706590028
121804.2957532456 114083.5232780791
121963.3938154210 114406.6469685409
121486.0996288947 114245.0851233100

121804.2957532456 114568.2088137719
121804.2957532456 114406.6469685409
121645.1976910702 114406.6469685409
121645.1976910702 114891.3325042337
121645.1976910702 114568.2088137719
121804.2957532456 114245.0851233100
121963.3938154210 114245.0851233100
121804.2957532456 114891.3325042337
121963.3938154210 114568.2088137719
121486.0996288947 114406.6469685409
121486.0996288947 114568.2088137719
121804.2957532456 114729.7706590028
121645.1976910702 114245.0851233100
121327.0015667193 114891.3325042337
121486.0996288947 114891.3325042337
121645.1976910702 114729.7706590028
121486.0996288947 114729.7706590028
124508.9628102281 115699.1417303882
121963.3938154210 114083.5232780791
121327.0015667193 114568.2088137719

121804.2957532456 114568.2088137719
121804.2957532456 114406.6469685409
121645.1976910702 114406.6469685409
121645.1976910702 114891.3325042337
121645.1976910702 114568.2088137719
121804.2957532456 114245.0851233100
121963.3938154210 114245.0851233100
121804.2957532456 114891.3325042337
121963.3938154210 114568.2088137719
121486.0996288947 114406.6469685409
121486.0996288947 114568.2088137719
121804.2957532456 114729.7706590028
124668.0608724035 115376.0180399264
121327.0015667193 114891.3325042337
121486.0996288947 114891.3325042337
121645.1976910702 114729.7706590028
121486.0996288947 114729.7706590028
121804.2957532456 114083.5232780791
121963.3938154210 114083.5232780791
121327.0015667193 114568.2088137719

121327.0015667193 114729.7706590028
121804.2957532456 114406.6469685409
121645.1976910702 114406.6469685409
121645.1976910702 114891.3325042337
121645.1976910702 114568.2088137719
121804.2957532456 114245.0851233100
121963.3938154210 114245.0851233100
121804.2957532456 114891.3325042337
121963.3938154210 114568.2088137719
121486.0996288947 114406.6469685409
121486.0996288947 114568.2088137719
121804.2957532456 114729.7706590028
121645.1976910702 114245.0851233100
121327.0015667193 114891.3325042337
121486.0996288947 114891.3325042337
121645.1976910702 114729.7706590028
121486.0996288947 114729.7706590028
124508.9628102281 115376.0180399264
121963.3938154210 114083.5232780791
124668.0608724035 115214.4561946955

121327.0015667193 114729.7706590028
121804.2957532456 114406.6469685409
121645.1976910702 114406.6469685409
121645.1976910702 114891.3325042337
121645.1976910702 114568.2088137719
121804.2957532456 114245.0851233100
121963.3938154210 114245.0851233100
121804.2957532456 114891.3325042337
121963.3938154210 114568.2088137719
121486.0996288947 114406.6469685409
121486.0996288947 114568.2088137719
121804.2957532456 114729.7706590028
121645.1976910702 114245.0851233100
121327.0015667193 114891.3325042337
121486.0996288947 114891.3325042337
121645.1976910702 114729.7706590028
121486.0996288947 114729.7706590028
121804.2957532456 114083.5232780791
127054.5318050351 116668.5128017737
124668.0608724035 115214.4561946955

121327.0015667193 114729.7706590028
121804.2957532456 114406.6469685409
121645.1976910702 114406.6469685409
121645.1976910702 114891.3325042337
121645.1976910702 114568.2088137719
121804.2957532456 114245.0851233100
121963.3938154210 114245.0851233100
121804.2957532456 114891.3325042337
121963.3938154210 114568.2088137719
121486.0996288947 114406.6469685409
121486.0996288947 114568.2088137719
121804.2957532456 114729.7706590028
121645.1976910702 114245.0851233100
121327.0015667193 114891.3325042337
121486.0996288947 114891.3325042337
121645.1976910702 114729.7706590028
121486.0996288947 114729.7706590028
121167.9035045439 114729.7706590028
121963.3938154210 114083.5232780791
124668.0608724035 115214.4561946955

121327.0015667193 114729.7706590028
121804.2957532456 114406.6469685409
121645.1976910702 114406.6469685409
121645.1976910702 114891.3325042337
121645.1976910702 114568.2088137719
121804.2957532456 114245.0851233100
121963.3938154210 114245.0851233100
121804.2957532456 114891.3325042337
121963.3938154210 114568.2088137719
121486.0996288947 114406.6469685409
121486.0996288947 114568.2088137719
121804.2957532456 114729.7706590028
121645.1976910702 114245.0851233100
121327.0015667193 114891.3325042337
121486.0996288947 114891.3325042337
121645.1976910702 114729.7706590028
121486.0996288947 114729.7706590028
124190.7666858772 115376.0180399264
121963.3938154210 114083.5232780791
124668.0608724035 115214.4561946955

121327.0015667193 114729.7706590028
121804.2957532456 114406.6469685409
121645.1976910702 114406.6469685409
121645.1976910702 114891.3325042337
121645.1976910702 114568.2088137719
121167.9035045439 114568.2088137719
121963.3938154210 114245.0851233100
121804.2957532456 114891.3325042337
121963.3938154210 114568.2088137719
121486.0996288947 114406.6469685409
121486.0996288947 114568.2088137719
127372.7279293860 116830.0746470046
121645.1976910702 114245.0851233100
121327.0015667193 114891.3325042337
121486.0996288947 114891.3325042337
121645.1976910702 114729.7706590028
121486.0996288947 114729.7706590028
121804.2957532456 114083.5232780791
121963.3938154210 114083.5232780791
124668.0608724035 115214.4561946955

121327.0015667193 114729.7706590028
121804.2957532456 114406.6469685409
121645.1976910702 114406.6469685409
121645.1976910702 114891.3325042337
121645.1976910702 114568.2088137719
121804.2957532456 114245.0851233100
121963.3938154210 114245.0851233100
121804.2957532456 114891.3325042337
121963.3938154210 114568.2088137719
124349.8647480526 115699.1417303882
121486.0996288947 114568.2088137719
127372.7279293860 116830.0746470046
121645.1976910702 114245.0851233100
121327.0015667193 114891.3325042337
121486.0996288947 114891.3325042337
121645.1976910702 114729.7706590028
121486.0996288947 114729.7706590028
121804.2957532456 114083.5232780791
121963.3938154210 114083.5232780791
124668.0608724035 115214.4561946955

121327.0015667193 114729.7706590028
121804.2957532456 114406.6469685409
121645.1976910702 114406.6469685409
121645.1976910702 114891.3325042337
121645.1976910702 114568.2088137719
121804.2957532456 114245.0851233100
121963.3938154210 114245.0851233100
121804.2957532456 114891.3325042337
121963.3938154210 114568.2088137719
121486.0996288947 114406.6469685409
121486.0996288947 114568.2088137719
127372.7279293860 116830.0746470046
121645.1976910702 114245.0851233100
121327.0015667193 114891.3325042337
121486.0996288947 114891.3325042337
121645.1976910702 114729.7706590028
121486.0996288947 114729.7706590028
126577.2376185088 113921.9614328482
121963.3938154210 114083.5232780791
124668.0608724035 115214.4561946955

121327.0015667193 114729.7706590028
121804.2957532456 114406.6469685409
121645.1976910702 114406.6469685409
121645.1976910702 114891.3325042337
121645.1976910702 114568.2088137719
121804.2957532456 114245.0851233100
121963.3938154210 114245.0851233100
121804.2957532456 114891.3325042337
121963.3938154210 114568.2088137719
121486.0996288947 114406.6469685409
121486.0996288947 114568.2088137719
127372.7279293860 116830.0746470046
121645.1976910702 114245.0851233100
121327.0015667193 114891.3325042337
121486.0996288947 114891.3325042337
121645.1976910702 114729.7706590028
121486.0996288947 114729.7706590028
124508.9628102281 115860.7035756191
121963.3938154210 114083.5232780791
124668.0608724035 115214.4561946955

121327.0015667193 114729.7706590028
121804.2957532456 114406.6469685409
121645.1976910702 114406.6469685409
121804.2957532456 114729.7706590028
121645.1976910702 114568.2088137719
121804.2957532456 114245.0851233100
121963.3938154210 114245.0851233100
121804.2957532456 114891.3325042337
121963.3938154210 114568.2088137719
121486.0996288947 114406.6469685409
127054.5318050351 116506.9509565428
127372.7279293860 116830.0746470046
121645.1976910702 114245.0851233100
121327.0015667193 114891.3325042337
121486.0996288947 114891.3325042337
121645.1976910702 114729.7706590028
121486.0996288947 114729.7706590028
121804.2957532456 114083.5232780791
121963.3938154210 114083.5232780791
124668.0608724035 115214.4561946955

127054.5318050351 116506.9509565428
121804.2957532456 114406.6469685409
126577.2376185088 113921.9614328482
121804.2957532456 114729.7706590028
121645.1976910702 114568.2088137719
121804.2957532456 114245.0851233100
121963.3938154210 114245.0851233100
121804.2957532456 114891.3325042337
121963.3938154210 114568.2088137719
121486.0996288947 114406.6469685409
121486.0996288947 114568.2088137719
127372.7279293860 116830.0746470046
121645.1976910702 114245.0851233100
121327.0015667193 114891.3325042337
121486.0996288947 114891.3325042337
121645.1976910702 114729.7706590028
121486.0996288947 114729.7706590028
121804.2957532456 114083.5232780791
121963.3938154210 114083.5232780791
124668.0608724035 115214.4561946955

127054.5318050351 116506.9509565428
121804.2957532456 114406.6469685409
121645.1976910702 114406.6469685409
121167.9035045439 114406.6469685409
121645.1976910702 114568.2088137719
121804.2957532456 114245.0851233100
121963.3938154210 114245.0851233100
121804.2957532456 114891.3325042337
121963.3938154210 114568.2088137719
121486.0996288947 114406.6469685409
121486.0996288947 114568.2088137719
127372.7279293860 116830.0746470046
121645.1976910702 114245.0851233100
121327.0015667193 114891.3325042337
121486.0996288947 114891.3325042337
121645.1976910702 114729.7706590028
121486.0996288947 114729.7706590028
121804.2957532456 114083.5232780791
121963.3938154210 114083.5232780791
124668.0608724035 115214.4561946955

127054.5318050351 116506.9509565428
121804.2957532456 114406.6469685409
121645.1976910702 114406.6469685409
121804.2957532456 114729.7706590028
121645.1976910702 114568.2088137719
121804.2957532456 114245.0851233100
121963.3938154210 114245.0851233100
121804.2957532456 114891.3325042337
121963.3938154210 114568.2088137719
121486.0996288947 114406.6469685409
121486.0996288947 114568.2088137719
127372.7279293860 116830.0746470046
121804.2957532456 113437.2758971555
121327.0015667193 114891.3325042337
121486.0996288947 114891.3325042337
121645.1976910702 114729.7706590028
121486.0996288947 114729.7706590028
121804.2957532456 114083.5232780791
121963.3938154210 114083.5232780791
124668.0608724035 115214.4561946955

127054.5318050351 116506.9509565428
121804.2957532456 114406.6469685409
121645.1976910702 114406.6469685409
121804.2957532456 114729.7706590028
121645.1976910702 114568.2088137719
121804.2957532456 114245.0851233100
121963.3938154210 114245.0851233100
121804.2957532456 114891.3325042337
121963.3938154210 114568.2088137719
121486.0996288947 114406.6469685409
121486.0996288947 114568.2088137719
127372.7279293860 116830.0746470046
121645.1976910702 114245.0851233100
121327.0015667193 114891.3325042337
121486.0996288947 114891.3325042337
121645.1976910702 114729.7706590028
121486.0996288947 114729.7706590028
121486.0996288947 113437.2758971555
121963.3938154210 114083.5232780791
124668.0608724035 115214.4561946955

127054.5318050351 116506.9509565428
121804.2957532456 114406.6469685409
121645.1976910702 114406.6469685409
121804.2957532456 114729.7706590028
121645.1976910702 114568.2088137719
121804.2957532456 114245.0851233100
121963.3938154210 114245.0851233100
121804.2957532456 114891.3325042337
121963.3938154210 114568.2088137719
121486.0996288947 114406.6469685409
121486.0996288947 114568.2088137719
127372.7279293860 116830.0746470046
127054.5318050351 114083.5232780791
121327.0015667193 114891.3325042337
121486.0996288947 114891.3325042337
121645.1976910702 114729.7706590028
121486.0996288947 114729.7706590028
121804.2957532456 114083.5232780791
121963.3938154210 114083.5232780791
124668.0608724035 115214.4561946955

127054.5318050351 116506.9509565428
121804.2957532456 114406.6469685409
121645.1976910702 114406.6469685409
121804.2957532456 114729.7706590028
121645.1976910702 114568.2088137719
121804.2957532456 114245.0851233100
121963.3938154210 114245.0851233100
121804.2957532456 114891.3325042337
121963.3938154210 114568.2088137719
121486.0996288947 114406.6469685409
121486.0996288947 114568.2088137719
127372.7279293860 116830.0746470046
121645.1976910702 114245.0851233100
121327.0015667193 114891.3325042337
121486.0996288947 114891.3325042337
121645.1976910702 114729.7706590028
121486.0996288947 114729.7706590028
121804.2957532456 114083.5232780791
121963.3938154210 114083.5232780791
124668.0608724035 115214.4561946955

127054.5318050351 116506.9509565428
121804.2957532456 114406.6469685409
121645.1976910702 114406.6469685409
121804.2957532456 114729.7706590028
121645.1976910702 114568.2088137719
121804.2957532456 114245.0851233100
121963.3938154210 114245.0851233100
121804.2957532456 114891.3325042337
121963.3938154210 114568.2088137719
121486.0996288947 114406.6469685409
121486.0996288947 114568.2088137719
127372.7279293860 116830.0746470046
121645.1976910702 114245.0851233100
121327.0015667193 114891.3325042337
121486.0996288947 114891.3325042337
121645.1976910702 114729.7706590028
127690.9240537368 116506.9509565428
124668.0608724035 115376.0180399264
121963.3938154210 114083.5232780791
124668.0608724035 115214.4561946955

127054.5318050351 116506.9509565428
121804.2957532456 114406.6469685409
121645.1976910702 114406.6469685409
121804.2957532456 114729.7706590028
121645.1976910702 114568.2088137719
126736.3356806842 115537.5798851573
121963.3938154210 114245.0851233100
121804.2957532456 114891.3325042337
121963.3938154210 114568.2088137719
121486.0996288947 114406.6469685409
121486.0996288947 114568.2088137719
127372.7279293860 116830.0746470046
121645.1976910702 114245.0851233100
121327.0015667193 114891.3325042337
121486.0996288947 114891.3325042337
121645.1976910702 114729.7706590028
121486.0996288947 114729.7706590028
124668.0608724035 115376.0180399264
121963.3938154210 114083.5232780791
124668.0608724035 115214.4561946955

127054.5318050351 116506.9509565428
121804.2957532456 114406.6469685409
121645.1976910702 114406.6469685409
121804.2957532456 114729.7706590028
121645.1976910702 114568.2088137719
121804.2957532456 114245.0851233100
121963.3938154210 114245.0851233100
121804.2957532456 114891.3325042337
121963.3938154210 114568.2088137719
121486.0996288947 114406.6469685409
121486.0996288947 114568.2088137719
127372.7279293860 116830.0746470046
121645.1976910702 114245.0851233100
121327.0015667193 112791.0285162318
121486.0996288947 114891.3325042337
121645.1976910702 114729.7706590028
121486.0996288947 114729.7706590028
124668.0608724035 115376.0180399264
121963.3938154210 114083.5232780791
124668.0608724035 115214.4561946955

127054.5318050351 116506.9509565428
121804.2957532456 114406.6469685409
121645.1976910702 114406.6469685409
121804.2957532456 114729.7706590028
121645.1976910702 114568.2088137719
121804.2957532456 114245.0851233100
121963.3938154210 114245.0851233100
121804.2957532456 114891.3325042337
121963.3938154210 114568.2088137719
121486.0996288947 114406.6469685409
121486.0996288947 114568.2088137719
127372.7279293860 116830.0746470046
121645.1976910702 114245.0851233100
121327.0015667193 114891.3325042337
121486.0996288947 114891.3325042337
121645.1976910702 114729.7706590028
121486.0996288947 114729.7706590028
124668.0608724035 115376.0180399264
121963.3938154210 114083.5232780791
124668.0608724035 115214.4561946955

127054.5318050351 116506.9509565428
121804.2957532456 114406.6469685409
121645.1976910702 114406.6469685409
121804.2957532456 114729.7706590028
121645.1976910702 114568.2088137719
121804.2957532456 114245.0851233100
121963.3938154210 114245.0851233100
124190.7666858772 115699.1417303882
121963.3938154210 114568.2088137719
121486.0996288947 114406.6469685409
121486.0996288947 114568.2088137719
127372.7279293860 116830.0746470046
121645.1976910702 114245.0851233100
124827.1589345789 115376.0180399264
121486.0996288947 114891.3325042337
121645.1976910702 114729.7706590028
121486.0996288947 114729.7706590028
124668.0608724035 115376.0180399264
121963.3938154210 114083.5232780791
124668.0608724035 115214.4561946955

127054.5318050351 116506.9509565428
121804.2957532456 114406.6469685409
121645.1976910702 114406.6469685409
121804.2957532456 114729.7706590028
121645.1976910702 114568.2088137719
126736.3356806842 115860.7035756191
121963.3938154210 114245.0851233100
121804.2957532456 114891.3325042337
121963.3938154210 114568.2088137719
121486.0996288947 114406.6469685409
121486.0996288947 114568.2088137719
127372.7279293860 116830.0746470046
121645.1976910702 114245.0851233100
122122.4918775965 114729.7706590028
121486.0996288947 114891.3325042337
121645.1976910702 114729.7706590028
121486.0996288947 114729.7706590028
124668.0608724035 115376.0180399264
121963.3938154210 114083.5232780791
124668.0608724035 115214.4561946955

127054.5318050351 116506.9509565428
121804.2957532456 114406.6469685409
121645.1976910702 114406.6469685409
121804.2957532456 114729.7706590028
121645.1976910702 114568.2088137719
121804.2957532456 114245.0851233100
121963.3938154210 114245.0851233100
121804.2957532456 114891.3325042337
121963.3938154210 114568.2088137719
121486.0996288947 114406.6469685409
121486.0996288947 114568.2088137719
127372.7279293860 116830.0746470046
121645.1976910702 114245.0851233100
124827.1589345789 115376.0180399264
121486.0996288947 114891.3325042337
121645.1976910702 114729.7706590028
121486.0996288947 114729.7706590028
124668.0608724035 115376.0180399264
121963.3938154210 114083.5232780791
124668.0608724035 115214.4561946955

127054.5318050351 116506.9509565428
121804.2957532456 114406.6469685409
121645.1976910702 114406.6469685409
121804.2957532456 114729.7706590028
121645.1976910702 114568.2088137719
121804.2957532456 114245.0851233100
121963.3938154210 114245.0851233100
121804.2957532456 114891.3325042337
121963.3938154210 114568.2088137719
121486.0996288947 114406.6469685409
121486.0996288947 114568.2088137719
127372.7279293860 116830.0746470046
121645.1976910702 114245.0851233100
122281.5899397719 115214.4561946955
121486.0996288947 114891.3325042337
121645.1976910702 114729.7706590028
121486.0996288947 114729.7706590028
124668.0608724035 115376.0180399264
121963.3938154210 114083.5232780791
124668.0608724035 115214.4561946955

127054.5318050351 116506.9509565428
121804.2957532456 114406.6469685409
121645.1976910702 114406.6469685409
121804.2957532456 114729.7706590028
121645.1976910702 114568.2088137719
121804.2957532456 114245.0851233100
121963.3938154210 114245.0851233100
121327.0015667193 114729.7706590028
121963.3938154210 114568.2088137719
121486.0996288947 114406.6469685409
121486.0996288947 114568.2088137719
127372.7279293860 116830.0746470046
121645.1976910702 114245.0851233100
126577.2376185088 113437.2758971555
121486.0996288947 114891.3325042337
121327.0015667193 114891.3325042337
121486.0996288947 114729.7706590028
124668.0608724035 115376.0180399264
121963.3938154210 114083.5232780791
124668.0608724035 115214.4561946955

127054.5318050351 116506.9509565428
121804.2957532456 114406.6469685409
121645.1976910702 114406.6469685409
121804.2957532456 114729.7706590028
121645.1976910702 114568.2088137719
121804.2957532456 114245.0851233100
121963.3938154210 114245.0851233100
121327.0015667193 114729.7706590028
121963.3938154210 114568.2088137719
121486.0996288947 114406.6469685409
124031.6686237018 115537.5798851573
127372.7279293860 116830.0746470046
121645.1976910702 114245.0851233100
122122.4918775965 114729.7706590028
121486.0996288947 114891.3325042337
121327.0015667193 114891.3325042337
121486.0996288947 114729.7706590028
124668.0608724035 115376.0180399264
121963.3938154210 114083.5232780791
124668.0608724035 115214.4561946955

121645.1976910702 113437.2758971555
121804.2957532456 114406.6469685409
121645.1976910702 114406.6469685409
121804.2957532456 114729.7706590028
121645.1976910702 114568.2088137719
121804.2957532456 114245.0851233100
121963.3938154210 114245.0851233100
121327.0015667193 114729.7706590028
121327.0015667193 114083.5232780791
121486.0996288947 114406.6469685409
121486.0996288947 114568.2088137719
127372.7279293860 116830.0746470046
121645.1976910702 114245.0851233100
121645.1976910702 112952.5903614627
121486.0996288947 114891.3325042337
125145.3550589298 114891.3325042337
121486.0996288947 114729.7706590028
124668.0608724035 115376.0180399264
121963.3938154210 114083.5232780791
124668.0608724035 115214.4561946955

126577.2376185088 116506.9509565428
121804.2957532456 114406.6469685409
121645.1976910702 114406.6469685409
121804.2957532456 114729.7706590028
121645.1976910702 114568.2088137719
121804.2957532456 114245.0851233100
121963.3938154210 114245.0851233100
121327.0015667193 114729.7706590028
121327.0015667193 114083.5232780791
121486.0996288947 114406.6469685409
121486.0996288947 114568.2088137719
127372.7279293860 116830.0746470046
121645.1976910702 114245.0851233100
121645.1976910702 112952.5903614627
122122.4918775965 113921.9614328482
121804.2957532456 113760.3995876173
121486.0996288947 114729.7706590028
124668.0608724035 115376.0180399264
121963.3938154210 114083.5232780791
126895.4337428596 116506.9509565428

121645.1976910702 113437.2758971555
121804.2957532456 114406.6469685409
121645.1976910702 114406.6469685409
121804.2957532456 114729.7706590028
121645.1976910702 114568.2088137719
121804.2957532456 114245.0851233100
121963.3938154210 114245.0851233100
121327.0015667193 114729.7706590028
121327.0015667193 114083.5232780791
121486.0996288947 114406.6469685409
121486.0996288947 114568.2088137719
127372.7279293860 116830.0746470046
121645.1976910702 114245.0851233100
123872.5705615263 115699.1417303882
122122.4918775965 113921.9614328482
121804.2957532456 113760.3995876173
121486.0996288947 114729.7706590028
124668.0608724035 115376.0180399264
121963.3938154210 114083.5232780791
126895.4337428596 116506.9509565428

121645.1976910702 113437.2758971555
121804.2957532456 114406.6469685409
121645.1976910702 114406.6469685409
121804.2957532456 114729.7706590028
121645.1976910702 114568.2088137719
121804.2957532456 114245.0851233100
124508.9628102281 115537.5798851573
121327.0015667193 114729.7706590028
121327.0015667193 114083.5232780791
121486.0996288947 114406.6469685409
121486.0996288947 114568.2088137719
127372.7279293860 116830.0746470046
121645.1976910702 114245.0851233100
121645.1976910702 112952.5903614627
122122.4918775965 113921.9614328482
125145.3550589298 114245.0851233100
121486.0996288947 114729.7706590028
124668.0608724035 115376.0180399264
121963.3938154210 114083.5232780791
126895.4337428596 116506.9509565428

121645.1976910702 113437.2758971555
121804.2957532456 114406.6469685409
121645.1976910702 114406.6469685409
121804.2957532456 114729.7706590028
121645.1976910702 114568.2088137719
121804.2957532456 114245.0851233100
124508.9628102281 115537.5798851573
121327.0015667193 114729.7706590028
121327.0015667193 114083.5232780791
121486.0996288947 114406.6469685409
121486.0996288947 114568.2088137719
127372.7279293860 116830.0746470046
121645.1976910702 114245.0851233100
127372.7279293860 116506.9509565428
122122.4918775965 113921.9614328482
121804.2957532456 113760.3995876173
121486.0996288947 114729.7706590028
124668.0608724035 115376.0180399264
121963.3938154210 114083.5232780791
126895.4337428596 116506.9509565428

124986.2569967544 115699.1417303882
121804.2957532456 114406.6469685409
121645.1976910702 114406.6469685409
121804.2957532456 114729.7706590028
121645.1976910702 114568.2088137719
121804.2957532456 114245.0851233100
124508.9628102281 115537.5798851573
121327.0015667193 114729.7706590028
121327.0015667193 114083.5232780791
121486.0996288947 114406.6469685409
121486.0996288947 114568.2088137719
127372.7279293860 116830.0746470046
121645.1976910702 114245.0851233100
121645.1976910702 112952.5903614627
122122.4918775965 113921.9614328482
121804.2957532456 113760.3995876173
121486.0996288947 114729.7706590028
124668.0608724035 115376.0180399264
121963.3938154210 114083.5232780791
126736.3356806842 116345.3891113118

121645.1976910702 113437.2758971555
121804.2957532456 114406.6469685409
121645.1976910702 114406.6469685409
121804.2957532456 114729.7706590028
121645.1976910702 114568.2088137719
121804.2957532456 114245.0851233100
124508.9628102281 115537.5798851573
121327.0015667193 114729.7706590028
121963.3938154210 113598.8377423864
121486.0996288947 114406.6469685409
126418.1395563333 113921.9614328482
127372.7279293860 116830.0746470046
121645.1976910702 114245.0851233100
121645.1976910702 112952.5903614627
126736.3356806842 116506.9509565428
121804.2957532456 113760.3995876173
121486.0996288947 114729.7706590028
127054.5318050351 116668.5128017737
121963.3938154210 114083.5232780791
126736.3356806842 116345.3891113118

121645.1976910702 113437.2758971555
121804.2957532456 114406.6469685409
124986.2569967544 114729.7706590028
121963.3938154210 113921.9614328482
121645.1976910702 114568.2088137719
121804.2957532456 114245.0851233100
124508.9628102281 115537.5798851573
121327.0015667193 114729.7706590028
121963.3938154210 113598.8377423864
121486.0996288947 114406.6469685409
120213.3151314912 116183.8272660810
124349.8647480526 115376.0180399264
121645.1976910702 114245.0851233100
121167.9035045439 114245.0851233100
126736.3356806842 116506.9509565428
121804.2957532456 113760.3995876173
121486.0996288947 114729.7706590028
127054.5318050351 116668.5128017737
121963.3938154210 114083.5232780791
126736.3356806842 116345.3891113118

121645.1976910702 113437.2758971555
121804.2957532456 114406.6469685409
124986.2569967544 114729.7706590028
121963.3938154210 113921.9614328482
124031.6686237018 115537.5798851573
121804.2957532456 114245.0851233100
124508.9628102281 115537.5798851573
121327.0015667193 114729.7706590028
121963.3938154210 113598.8377423864
121486.0996288947 114406.6469685409
121486.0996288947 114568.2088137719
124349.8647480526 115376.0180399264
121645.1976910702 114245.0851233100
121167.9035045439 114245.0851233100
126736.3356806842 116506.9509565428
121804.2957532456 113760.3995876173
121486.0996288947 114729.7706590028
127054.5318050351 116668.5128017737
121963.3938154210 114083.5232780791
126736.3356806842 116345.3891113118

121645.1976910702 113437.2758971555
121804.2957532456 114406.6469685409
124986.2569967544 114729.7706590028
121963.3938154210 113921.9614328482
121645.1976910702 114568.2088137719
121804.2957532456 114245.0851233100
124508.9628102281 115537.5798851573
121327.0015667193 114729.7706590028
121963.3938154210 113598.8377423864
121486.0996288947 114406.6469685409
121486.0996288947 114568.2088137719
124349.8647480526 115376.0180399264
121645.1976910702 114245.0851233100
121167.9035045439 114245.0851233100
126736.3356806842 116506.9509565428
121804.2957532456 113760.3995876173
121486.0996288947 114729.7706590028
127054.5318050351 116668.5128017737
121963.3938154210 114083.5232780791
127054.5318050351 115860.7035756191

121645.1976910702 113437.2758971555
121804.2957532456 114406.6469685409
124986.2569967544 114729.7706590028
121963.3938154210 113921.9614328482
121645.1976910702 114568.2088137719
121804.2957532456 114245.0851233100
124508.9628102281 115537.5798851573
121327.0015667193 114729.7706590028
121963.3938154210 113598.8377423864
121486.0996288947 114406.6469685409
121486.0996288947 114568.2088137719
124349.8647480526 115376.0180399264
120054.2170693158 112144.7811353082
121167.9035045439 114245.0851233100
126736.3356806842 116506.9509565428
121804.2957532456 113760.3995876173
121486.0996288947 114729.7706590028
127054.5318050351 116668.5128017737
121963.3938154210 114083.5232780791
126736.3356806842 116345.3891113118

121645.1976910702 113437.2758971555
121804.2957532456 114406.6469685409
124986.2569967544 114729.7706590028
119576.9228827895 111983.2192900773
121645.1976910702 114568.2088137719
121804.2957532456 114245.0851233100
124508.9628102281 115537.5798851573
121327.0015667193 114729.7706590028
121963.3938154210 113598.8377423864
121486.0996288947 114406.6469685409
121486.0996288947 114568.2088137719
124349.8647480526 115376.0180399264
121645.1976910702 114245.0851233100
121167.9035045439 114245.0851233100
126736.3356806842 116506.9509565428
121804.2957532456 113760.3995876173
121486.0996288947 114729.7706590028
127054.5318050351 116668.5128017737
121963.3938154210 114083.5232780791
126736.3356806842 116345.3891113118

121645.1976910702 113437.2758971555
121804.2957532456 114406.6469685409
124986.2569967544 114729.7706590028
121963.3938154210 113921.9614328482
121645.1976910702 114568.2088137719
121804.2957532456 114245.0851233100
124508.9628102281 115537.5798851573
121327.0015667193 114729.7706590028
121963.3938154210 113598.8377423864
121486.0996288947 114406.6469685409
121486.0996288947 114568.2088137719
119895.1190071403 116345.3891113118
121645.1976910702 114245.0851233100
121167.9035045439 114245.0851233100
126736.3356806842 116506.9509565428
121804.2957532456 113760.3995876173
121486.0996288947 114729.7706590028
127054.5318050351 116668.5128017737
121963.3938154210 114083.5232780791
126736.3356806842 116345.3891113118

121645.1976910702 113437.2758971555
121804.2957532456 114406.6469685409
124986.2569967544 114729.7706590028
121963.3938154210 113921.9614328482
121645.1976910702 114568.2088137719
121804.2957532456 114245.0851233100
124508.9628102281 115537.5798851573
121327.0015667193 114729.7706590028
121963.3938154210 113598.8377423864
121486.0996288947 114406.6469685409
121486.0996288947 114568.2088137719
124349.8647480526 115376.0180399264
121645.1976910702 114245.0851233100
121167.9035045439 114245.0851233100
126736.3356806842 116506.9509565428
118940.5306340877 113921.9614328482
126577.2376185088 116345.3891113118
127054.5318050351 116668.5128017737
121963.3938154210 114083.5232780791
126736.3356806842 116345.3891113118

121645.1976910702 113437.2758971555
121804.2957532456 114406.6469685409
124986.2569967544 114729.7706590028
121963.3938154210 113921.9614328482
121645.1976910702 114568.2088137719
121804.2957532456 114245.0851233100
124508.9628102281 115537.5798851573
121327.0015667193 114729.7706590028
121963.3938154210 113598.8377423864
121486.0996288947 114406.6469685409
121486.0996288947 114568.2088137719
124349.8647480526 115376.0180399264
121645.1976910702 114245.0851233100
121167.9035045439 114245.0851233100
126895.4337428596 116183.8272660810
120849.7073801930 116991.6364922355
126577.2376185088 116345.3891113118
127054.5318050351 116668.5128017737
121963.3938154210 114083.5232780791
127531.8259915614 116183.8272660810

121645.1976910702 113437.2758971555
121804.2957532456 114406.6469685409
124986.2569967544 114729.7706590028
121963.3938154210 113921.9614328482
127372.7279293860 116668.5128017737
121804.2957532456 114245.0851233100
124508.9628102281 115537.5798851573
121327.0015667193 114729.7706590028
121963.3938154210 113598.8377423864
121486.0996288947 114406.6469685409
121486.0996288947 114568.2088137719
124349.8647480526 115376.0180399264
121645.1976910702 114245.0851233100
121167.9035045439 114245.0851233100
126099.9434319825 112952.5903614627
120849.7073801930 116991.6364922355
126577.2376185088 116345.3891113118
127054.5318050351 116668.5128017737
121963.3938154210 114083.5232780791
126736.3356806842 116345.3891113118

121645.1976910702 113437.2758971555
121804.2957532456 114406.6469685409
124986.2569967544 114729.7706590028
120372.4131936667 115699.1417303882
127372.7279293860 116668.5128017737
121804.2957532456 114245.0851233100
124508.9628102281 115537.5798851573
121327.0015667193 114729.7706590028
121963.3938154210 113598.8377423864
121486.0996288947 114406.6469685409
121486.0996288947 114568.2088137719
124349.8647480526 115376.0180399264
121645.1976910702 114245.0851233100
121167.9035045439 114245.0851233100
126895.4337428596 116183.8272660810
120849.7073801930 116991.6364922355
126577.2376185088 116345.3891113118
127054.5318050351 116668.5128017737
121963.3938154210 114083.5232780791
126736.3356806842 116345.3891113118

121645.1976910702 113437.2758971555
121804.2957532456 114406.6469685409
124986.2569967544 114729.7706590028
121963.3938154210 113921.9614328482
127372.7279293860 116668.5128017737
121804.2957532456 114245.0851233100
124508.9628102281 115537.5798851573
121327.0015667193 114729.7706590028
121963.3938154210 113598.8377423864
121486.0996288947 114406.6469685409
121486.0996288947 114568.2088137719
124349.8647480526 115376.0180399264
121645.1976910702 114245.0851233100
121167.9035045439 114245.0851233100
126895.4337428596 116183.8272660810
126099.9434319825 113598.8377423864
126577.2376185088 116345.3891113118
127054.5318050351 116668.5128017737
121963.3938154210 114083.5232780791
126736.3356806842 116345.3891113118

122599.7860641228 114891.3325042337
121804.2957532456 114406.6469685409
124986.2569967544 114729.7706590028
121963.3938154210 113921.9614328482
127372.7279293860 116668.5128017737
121804.2957532456 114245.0851233100
124508.9628102281 115537.5798851573
121327.0015667193 114729.7706590028
121963.3938154210 113598.8377423864
121486.0996288947 114406.6469685409
121486.0996288947 114568.2088137719
124349.8647480526 115376.0180399264
121645.1976910702 114245.0851233100
121167.9035045439 114245.0851233100
126895.4337428596 116183.8272660810
120849.7073801930 116991.6364922355
126577.2376185088 116345.3891113118
127054.5318050351 116668.5128017737
121963.3938154210 114083.5232780791
126736.3356806842 116345.3891113118

121645.1976910702 113437.2758971555
121804.2957532456 114406.6469685409
124986.2569967544 114729.7706590028
121963.3938154210 113921.9614328482
127372.7279293860 116668.5128017737
121804.2957532456 114245.0851233100
124508.9628102281 115537.5798851573
121327.0015667193 114729.7706590028
121963.3938154210 113598.8377423864
121486.0996288947 114406.6469685409
121486.0996288947 114568.2088137719
124349.8647480526 115376.0180399264
121645.1976910702 114245.0851233100
121167.9035045439 114245.0851233100
126895.4337428596 116183.8272660810
120849.7073801930 116991.6364922355
126577.2376185088 116345.3891113118
127054.5318050351 116668.5128017737
121963.3938154210 114083.5232780791
120531.5112558421 117314.7601826973

121645.1976910702 113437.2758971555
121804.2957532456 114406.6469685409
124986.2569967544 114729.7706590028
121963.3938154210 113921.9614328482
127372.7279293860 116668.5128017737
121804.2957532456 114245.0851233100
124508.9628102281 115537.5798851573
121327.0015667193 114729.7706590028
121963.3938154210 113598.8377423864
121486.0996288947 114406.6469685409
121486.0996288947 114568.2088137719
124349.8647480526 115376.0180399264
121645.1976910702 114245.0851233100
121167.9035045439 114245.0851233100
126895.4337428596 116183.8272660810
120849.7073801930 116991.6364922355
126577.2376185088 116345.3891113118
127054.5318050351 116668.5128017737
121963.3938154210 114083.5232780791
126736.3356806842 116345.3891113118

121645.1976910702 113437.2758971555
124668.0608724035 115214.4561946955
124986.2569967544 114729.7706590028
121963.3938154210 113921.9614328482
127372.7279293860 116668.5128017737
121804.2957532456 114245.0851233100
126895.4337428596 114406.6469685409
121327.0015667193 114729.7706590028
119417.8248206140 113275.7140519246
121486.0996288947 114406.6469685409
121486.0996288947 114568.2088137719
124349.8647480526 115376.0180399264
121645.1976910702 114245.0851233100
121167.9035045439 114245.0851233100
126895.4337428596 116183.8272660810
120849.7073801930 116991.6364922355
126577.2376185088 116345.3891113118
127054.5318050351 116668.5128017737
121963.3938154210 114083.5232780791
126736.3356806842 116345.3891113118

121645.1976910702 113437.2758971555
124668.0608724035 115214.4561946955
124986.2569967544 114729.7706590028
121963.3938154210 113921.9614328482
127372.7279293860 116668.5128017737
121804.2957532456 114245.0851233100
122440.6880019474 115052.8943494646
121327.0015667193 114729.7706590028
121963.3938154210 113598.8377423864
121486.0996288947 114406.6469685409
121486.0996288947 114568.2088137719
124349.8647480526 115376.0180399264
121645.1976910702 114245.0851233100
121167.9035045439 114245.0851233100
126895.4337428596 116183.8272660810
120849.7073801930 116991.6364922355
126577.2376185088 116345.3891113118
127054.5318050351 116668.5128017737
121963.3938154210 114083.5232780791
126736.3356806842 116345.3891113118

121645.1976910702 113437.2758971555
124668.0608724035 115214.4561946955
124986.2569967544 114729.7706590028
121963.3938154210 113921.9614328482
127372.7279293860 116668.5128017737
121804.2957532456 114245.0851233100
126895.4337428596 114406.6469685409
121327.0015667193 114729.7706590028
121963.3938154210 113598.8377423864
121327.0015667193 114891.3325042337
121486.0996288947 114568.2088137719
124349.8647480526 115376.0180399264
121645.1976910702 114245.0851233100
121167.9035045439 114245.0851233100
125781.7473076316 113437.2758971555
120849.7073801930 116991.6364922355
126577.2376185088 116345.3891113118
127054.5318050351 116668.5128017737
121963.3938154210 114083.5232780791
126736.3356806842 116345.3891113118

121645.1976910702 113437.2758971555
124668.0608724035 115214.4561946955
124986.2569967544 114729.7706590028
121963.3938154210 113921.9614328482
127372.7279293860 116668.5128017737
121804.2957532456 114245.0851233100
126895.4337428596 114406.6469685409
121327.0015667193 114729.7706590028
121963.3938154210 113598.8377423864
121327.0015667193 114891.3325042337
121486.0996288947 114568.2088137719
124349.8647480526 115376.0180399264
121645.1976910702 114245.0851233100
121167.9035045439 114245.0851233100
120531.5112558421 117637.8838731591
120849.7073801930 116991.6364922355
126577.2376185088 116345.3891113118
127054.5318050351 116668.5128017737
121963.3938154210 114083.5232780791
126736.3356806842 116345.3891113118

121645.1976910702 113437.2758971555
124668.0608724035 115214.4561946955
124986.2569967544 114729.7706590028
121963.3938154210 113921.9614328482
127372.7279293860 116668.5128017737
121804.2957532456 114245.0851233100
126895.4337428596 114406.6469685409
121327.0015667193 114729.7706590028
121963.3938154210 113598.8377423864
121486.0996288947 114406.6469685409
121486.0996288947 114568.2088137719
124349.8647480526 115376.0180399264
121645.1976910702 114245.0851233100
121167.9035045439 114245.0851233100
126895.4337428596 116183.8272660810
120849.7073801930 116991.6364922355
126577.2376185088 116345.3891113118
127054.5318050351 116668.5128017737
121963.3938154210 114083.5232780791
126736.3356806842 116345.3891113118

121645.1976910702 113437.2758971555
124668.0608724035 115214.4561946955
124986.2569967544 114729.7706590028
121963.3938154210 113921.9614328482
127372.7279293860 116668.5128017737
121804.2957532456 114245.0851233100
126895.4337428596 114406.6469685409
121327.0015667193 114729.7706590028
121963.3938154210 113598.8377423864
121327.0015667193 114891.3325042337
127690.9240537368 115699.1417303882
124349.8647480526 115376.0180399264
121645.1976910702 114245.0851233100
121167.9035045439 114245.0851233100
126895.4337428596 116183.8272660810
120849.7073801930 116991.6364922355
126577.2376185088 116345.3891113118
127054.5318050351 116668.5128017737
121963.3938154210 114083.5232780791
126736.3356806842 116345.3891113118

121645.1976910702 113437.2758971555
124668.0608724035 115214.4561946955
124986.2569967544 114729.7706590028
121963.3938154210 113921.9614328482
127372.7279293860 116668.5128017737
120372.4131936667 116830.0746470046
126895.4337428596 114406.6469685409
121327.0015667193 114729.7706590028
121963.3938154210 113598.8377423864
121327.0015667193 114891.3325042337
121486.0996288947 114568.2088137719
124349.8647480526 115376.0180399264
121645.1976910702 114245.0851233100
121167.9035045439 114245.0851233100
126895.4337428596 116183.8272660810
120849.7073801930 116991.6364922355
126577.2376185088 116345.3891113118
127054.5318050351 116668.5128017737
121963.3938154210 114083.5232780791
126736.3356806842 116345.3891113118

121645.1976910702 113437.2758971555
124668.0608724035 115214.4561946955
124986.2569967544 114729.7706590028
121963.3938154210 113921.9614328482
127372.7279293860 116668.5128017737
121804.2957532456 114245.0851233100
126895.4337428596 114406.6469685409
121327.0015667193 114729.7706590028
121963.3938154210 113598.8377423864
121327.0015667193 114891.3325042337
121486.0996288947 114568.2088137719
124349.8647480526 115376.0180399264
121645.1976910702 114245.0851233100
121167.9035045439 114245.0851233100
126895.4337428596 116183.8272660810
120849.7073801930 116991.6364922355
126577.2376185088 116345.3891113118
127054.5318050351 116668.5128017737
121963.3938154210 114083.5232780791
126736.3356806842 116345.3891113118

121645.1976910702 113437.2758971555
124668.0608724035 115214.4561946955
124986.2569967544 114729.7706590028
119736.0209449649 113437.2758971555
127372.7279293860 116668.5128017737
121804.2957532456 114245.0851233100
126895.4337428596 114406.6469685409
124508.9628102281 115537.5798851573
121963.3938154210 113598.8377423864
121327.0015667193 114891.3325042337
121486.0996288947 114568.2088137719
124349.8647480526 115376.0180399264
121645.1976910702 114245.0851233100
121167.9035045439 114245.0851233100
126895.4337428596 116183.8272660810
120849.7073801930 116991.6364922355
126577.2376185088 116345.3891113118
127054.5318050351 116668.5128017737
121963.3938154210 114083.5232780791
126736.3356806842 116345.3891113118

121645.1976910702 113437.2758971555
124668.0608724035 115214.4561946955
124986.2569967544 114729.7706590028
121963.3938154210 113921.9614328482
127372.7279293860 116668.5128017737
121804.2957532456 114245.0851233100
126895.4337428596 114406.6469685409
124508.9628102281 115537.5798851573
121963.3938154210 113598.8377423864
121327.0015667193 114891.3325042337
121486.0996288947 114568.2088137719
124349.8647480526 115376.0180399264
121645.1976910702 114245.0851233100
121167.9035045439 114245.0851233100
119576.9228827895 112467.9048257700
120849.7073801930 116991.6364922355
126577.2376185088 116345.3891113118
127054.5318050351 116668.5128017737
121963.3938154210 114083.5232780791
126736.3356806842 116345.3891113118

121645.1976910702 113437.2758971555
124668.0608724035 115214.4561946955
124986.2569967544 114729.7706590028
121963.3938154210 113921.9614328482
127372.7279293860 116668.5128017737
121804.2957532456 114245.0851233100
127690.9240537368 116668.5128017737
124508.9628102281 115537.5798851573
121963.3938154210 113598.8377423864
121327.0015667193 114891.3325042337
121486.0996288947 114568.2088137719
124349.8647480526 115376.0180399264
121645.1976910702 114245.0851233100
121167.9035045439 114245.0851233100
126895.4337428596 116183.8272660810
120849.7073801930 116991.6364922355
126577.2376185088 116345.3891113118
127054.5318050351 116668.5128017737
121963.3938154210 114083.5232780791
126736.3356806842 116345.3891113118

121645.1976910702 113437.2758971555
124668.0608724035 115214.4561946955
124986.2569967544 114729.7706590028
121963.3938154210 113921.9614328482
127372.7279293860 116668.5128017737
122281.5899397719 115052.8943494646
126895.4337428596 114406.6469685409
124508.9628102281 115537.5798851573
121963.3938154210 113598.8377423864
121327.0015667193 114891.3325042337
121486.0996288947 114568.2088137719
124349.8647480526 115376.0180399264
121645.1976910702 114245.0851233100
121167.9035045439 114245.0851233100
126895.4337428596 116183.8272660810
120849.7073801930 116991.6364922355
126577.2376185088 116345.3891113118
127054.5318050351 116668.5128017737
121963.3938154210 114083.5232780791
126736.3356806842 116345.3891113118

126259.0414941579 113921.9614328482
120690.6093180175 115699.1417303882
126895.4337428596 116022.2654208500
120690.6093180175 115537.5798851573
127372.7279293860 116668.5128017737
121804.2957532456 114245.0851233100
120690.6093180175 117961.0075636210
124508.9628102281 115537.5798851573
120531.5112558421 117799.4457183901
121327.0015667193 114891.3325042337
121486.0996288947 114568.2088137719
124349.8647480526 115376.0180399264
119258.7267584386 114729.7706590028
119576.9228827895 111983.2192900773
126577.2376185088 114245.0851233100
127213.6298672105 115699.1417303882
120849.7073801930 118607.2549445446
127054.5318050351 116668.5128017737
126577.2376185088 114406.6469685409
123395.2763750000 115376.0180399264

119417.8248206140 112791.0285162318
120690.6093180175 115699.1417303882
126895.4337428596 116022.2654208500
120690.6093180175 115537.5798851573
127372.7279293860 116668.5128017737
121804.2957532456 114245.0851233100
120690.6093180175 117961.0075636210
124508.9628102281 115537.5798851573
120531.5112558421 117799.4457183901
121327.0015667193 114891.3325042337
121486.0996288947 114568.2088137719
124349.8647480526 115376.0180399264
119258.7267584386 114729.7706590028
119576.9228827895 111983.2192900773
126577.2376185088 114245.0851233100
123872.5705615263 115537.5798851573
120849.7073801930 118607.2549445446
127054.5318050351 116668.5128017737
119895.1190071403 113921.9614328482
123395.2763750000 115376.0180399264

119417.8248206140 112791.0285162318
120690.6093180175 115699.1417303882
126895.4337428596 116022.2654208500
120690.6093180175 115537.5798851573
127372.7279293860 116668.5128017737
121804.2957532456 114245.0851233100
120690.6093180175 117961.0075636210
124508.9628102281 115537.5798851573
124668.0608724035 114891.3325042337
121167.9035045439 113114.1522066937
121486.0996288947 114568.2088137719
124349.8647480526 115376.0180399264
119258.7267584386 114729.7706590028
119576.9228827895 111983.2192900773
126577.2376185088 114245.0851233100
127213.6298672105 115699.1417303882
120849.7073801930 118607.2549445446
127054.5318050351 116668.5128017737
119895.1190071403 113921.9614328482
123395.2763750000 115376.0180399264

120690.6093180175 116506.9509565428
124349.8647480526 115052.8943494646
126895.4337428596 114083.5232780791
126736.3356806842 114245.0851233100
127213.6298672105 116506.9509565428
126418.1395563333 114891.3325042337
126895.4337428596 114729.7706590028
124349.8647480526 114083.5232780791
126895.4337428596 116668.5128017737
122122.4918775965 113921.9614328482
126418.1395563333 115699.1417303882
124668.0608724035 115376.0180399264
124986.2569967544 114891.3325042337
121804.2957532456 113437.2758971555
122281.5899397719 114083.5232780791
119576.9228827895 113114.1522066937
120849.7073801930 115214.4561946955
118940.5306340877 113921.9614328482
125940.8453698070 114083.5232780791
120213.3151314912 116506.9509565428

