194420771.6718015671 1769518.8574218750
177366411.3353369534 886350.0590820312
178946148.3259228170 1193690.0073242188
181836725.7993716598 1471310.8613281250
181969977.3352147341 1472642.9707031250
190030983.0838607252 1746167.0390625000
190262129.1132854521 1753084.8076171875
181159731.7403064668 1385054.1308593750
185433256.7421519458 1661886.1972656250
187282887.0751781464 1706829.0117187500
190148983.3835962117 1747489.0712890625
190160696.5311307609 1748520.6289062500
177742578.2890146673 997053.7963867188
183617009.1223680675 1586689.7456054688
185462712.5964104235 1662389.2382812500
194340570.0555865765 1768930.5351562500
180603180.8066712022 1368710.5888671875
190431547.6199603379 1755904.5830078125
181736460.4712079167 1460290.3320312500
184024005.4451167881 1602239.0048828125
185222067.0655522048 1653349.3095703125
190488200.0296256244 1756156.2402343750
194780501.5718561411 1770577.1328125000
197471206.9551694393 1773379.9423828125
183486554.9864570498 1578832.9516601562
185414551.6299502850 1659606.0439453125
185912135.1328893304 1675323.3144531250
178018150.4216732681 1046123.0537109375
183139193.2181355655 1555225.6938476562
187393574.9420031309 1708235.8398437500
182061728.2201986909 1486063.1103515625
183858231.7302963734 1593125.5556640625
187739992.9548339844 1708984.5585937500
189895574.8387961984 1745880.2646484375
177419651.1876456141 901541.1347656250
184038544.4300505519 1603583.3105468750
186369895.3738930225 1686919.8173828125
194154344.0950504541 1768047.4394531250
185162542.9489249885 1649510.1005859375
185281938.7972860932 1654629.4482421875
183436952.1225802898 1576929.5659179688
185953728.8244189322 1676014.1484375000
187135085.8321695328 1703573.1005859375
191543130.0471549034 1760945.4589843750
177823148.7755719125 1012160.0507812500
177801087.8417798877 1009981.2812500000
183747581.7093736529 1590372.6694335938
194422512.6716594100 1769939.0859375000
185409533.8724613488 1659078.7919921875
191150932.8168213964 1760485.3261718750
186999261.7613850832 1702458.3076171875
187158190.6704380512 1704720.4287109375
186963339.1731497943 1702367.0986328125
183958490.8447446525 1601007.3349609375
177699837.0055671036 985680.4370117188
183503910.5232954621 1581668.7905273438
186912826.6034331024 1699992.0175781250
181713660.9729821086 1458624.4291992188
180405393.0039051771 1355636.8295898438
183231931.9568462670 1564989.5229492188
183271468.6974261999 1566419.0444335938
186486197.1425652206 1688542.9453125000
186627658.5394152105 1694856.9248046875
186561442.7758303881 1693455.2509765625
180823425.8412976563 1384496.8505859375
186683374.5593154728 1695921.2041015625
183696883.6699572206 1587855.6840820312
191172908.3175391555 1760713.9042968750
186509993.5332929790 1689655.0361328125
185817802.4672247469 1673863.6435546875
185963799.7662333250 1676080.4570312500
179009145.5267105699 1203936.6743164062
186626829.1283350587 1694152.1455078125
181585620.9734411240 1453710.3281250000
185428050.8785886765 1659800.3613281250
177495076.9456419945 913842.8532714844
186753259.7293830514 1696452.0449218750
183112177.6471105218 1554668.2397460938
186129590.4991479218 1681243.3798828125
177357822.3343269229 879782.7189941406
191070067.8743472695 1760094.0605468750
177848998.3135886490 1016871.8623046875
185146404.0945303440 1646818.0166015625
186204562.9821600020 1682125.9521484375
190731767.4544877112 1757560.7714843750
197361998.9443296790 1773210.8408203125
181670330.3534084558 1456661.4531250000
190578871.8088757992 1757503.1640625000
190935759.8261539340 1759900.7695312500
178875575.5376821756 1188864.7700195312
186189250.6011813581 1681399.7714843750
177882064.5444684327 1018411.3764648438
180033643.4795328677 1322803.2172851562
180966412.2563337684 1384584.8310546875
180096213.6549197435 1323825.2290039062
179078041.2229583561 1207197.4726562500
177646286.5167748034 966293.4497070312
177315198.6764760017 859339.0600585938
177744688.4798816741 998879.1127929688
181650009.5937291086 1455097.5351562500
178032845.9229768217 1051216.4699707031
178189699.6369735003 1063861.0778808594
194387325.0665733218 1769175.4160156250
190726615.1676192880 1757543.5830078125
180634048.4784719646 1374658.9453125000
180745978.0732581317 1383814.7148437500
180704371.0836288035 1380975.1552734375
190331413.0154140294 1753941.0312500000
190562316.1929126382 1757352.6328125000
178856321.4539577067 1182784.4575195312
184120661.5323633552 1605429.7705078125
185455524.3994752765 1662088.0351562500
185708055.3531586826 1670372.9121093750
180538763.7989305854 1368550.3027343750
183342273.6318471134 1570383.3452148438
183467812.7819416523 1577323.1762695312
184048758.2587034404 1604233.7031250000
177337688.7464118600 876405.8620605469
179211677.8509052694 1215795.7316894531
183374236.8112939596 1573457.1577148438
183429853.3634807765 1575532.9438476562
181995961.1250321567 1480403.4472656250
185609578.7679404020 1667783.8398437500
184137652.1036522985 1607549.5537109375
188455229.5597682893 1722191.8632812500
193937198.0176929832 1764361.3642578125
183299369.6559997201 1568107.5219726562
180662632.9844243526 1376055.3007812500
197205045.5070025325 1772955.9853515625
185367659.6576916873 1658372.7021484375
178819244.8746318519 1180942.3720703125
179104734.0476024747 1212716.8715820312
181797176.4545467794 1468377.8593750000
182952391.8154372871 1542049.9174804688
180382738.7375420034 1353526.9643554688
180301327.3083382845 1347300.0996093750
194033094.6005845070 1768003.1123046875
180607831.6629038453 1369176.7153320312
183910679.8671686351 1599180.1728515625
179153259.0645087063 1214279.9255371094
180454700.8513424993 1361345.5292968750
194015309.3494123220 1766475.1591796875
177987808.0270901918 1044452.8166503906
183043709.6667873859 1550568.1567382812
197206414.7529709339 1773055.4951171875
178080263.1365523934 1057946.1716308594
180366999.3881801963 1350821.8095703125
177416017.9171631336 900051.1879882812
179953761.8412153125 1310001.8818359375
182118470.2995185554 1489369.6909179688
183906783.4026174545 1599043.8769531250
181533249.5363753438 1445740.6479492188
180485921.4293681383 1362372.6787109375
181674535.3793999851 1457527.3476562500
178134374.4770613313 1062797.1950683594
178922246.7425030172 1193485.0244140625
178012102.9577217698 1045460.2399902344
180482724.1504684985 1361750.3554687500
184013599.3859446049 1602064.0244140625
194307384.7149079442 1768707.9121093750
180507558.4356474280 1363409.0556640625
180262632.9850094616 1345301.3842773438
180020880.5672644079 1319608.3330078125
177410538.7379896343 898793.8784179688
179489384.9613804817 1260806.1110839844
177364444.4645176828 883653.4462890625
179974829.2011717856 1312657.7573242188
177453502.3081828356 909506.8076171875
177595874.3635479808 955987.5617675781
184080468.3322142959 1605063.5634765625
188822734.3496467769 1729218.4794921875
194410676.6454588175 1769294.2812500000
178793033.7543416321 1176149.4301757812
179078749.0372168720 1211918.5075683594
178950697.9153563976 1197549.7773437500
188452530.2767269313 1715087.0087890625
183419825.8101677299 1574425.2651367188
196842626.2285783291 1772482.3007812500
177996750.1660564542 1044482.5495605469
179445664.2716460228 1249825.1711425781
179932417.9695960581 1308902.6015625000
180141387.7410648465 1332847.3764648438
178990629.9183235168 1198738.1352539062
188563085.6155849993 1722709.7939453125
196775639.4394682050 1772423.2109375000
177946738.0277257562 1032638.7800292969
177685935.1656474769 983030.3403320312
188695871.4242760837 1727025.7460937500
179021661.2199985683 1204006.8400878906
177912996.0857947469 1028183.1340332031
177889526.2359755933 1021104.1616210938
180291207.9682094455 1346118.8413085938
196355057.9064303637 1771528.4609375000
178564575.2629096210 1139806.2885742188
184821786.4298592210 1631303.1953125000
186258572.2688457370 1683094.2207031250
180187997.8630436957 1335734.9379882812
180161824.1441499293 1334957.2182617188
188600324.2775163949 1723350.9453125000
184669994.9835412502 1626325.1406250000
177615913.0967956483 963304.4355468750
189422923.0473677814 1737841.8652343750
178556288.5739298463 1138933.5695800781
188909271.4803589880 1729898.9433593750
193938499.7159217000 1765604.3212890625
184774236.1753302217 1631033.2470703125
184748908.1797170639 1628279.0263671875
184860070.5673494339 1633378.5703125000
193978213.7506785393 1766280.9013671875
181749917.9722758830 1463792.3247070312
177673247.8926404417 976349.1459960938
181682485.0893061459 1458062.3842773438
189052175.3147477806 1732145.8232421875
196711886.5794724226 1771925.6494140625
189215806.2282660902 1733119.7539062500
177659067.7100655437 976242.3491210938
189219867.2341500223 1733187.8056640625
182212400.3949181736 1492839.0380859375
179394588.6457606852 1249601.9631347656
196752818.2095533013 1771992.0429687500
196578927.3141133189 1771717.0019531250
177651890.2480164170 968276.5439453125
184873723.3896774054 1633640.9501953125
188113938.3750400543 1712801.6982421875
178601781.6706591845 1147017.0141601562
182394013.1378465295 1503879.3701171875
179478743.4777274132 1260254.7902832031
182490283.6117319465 1506744.6171875000
196756626.5664988160 1772025.4765625000
178651375.9379968941 1153434.0729980469
182440671.6725797951 1504486.1977539062
179742672.2619064748 1285449.2182617188
178744906.3011833131 1168638.4501953125
179554031.6337221861 1266430.9738769531
178688231.0201989710 1160038.3803710938
178601187.3731301725 1143101.1884765625
179693413.4003577828 1280133.1047363281
189582197.9412199557 1737965.7109375000
178647635.9711960554 1152765.0981445312
189410749.9641821086 1735958.7548828125
182238243.7867327034 1494288.1259765625
189354693.5560624897 1735712.7060546875
182693389.0136859715 1520870.1962890625
177550183.7706390023 938197.0620117188
189333599.8989984095 1735128.5742187500
187945336.1163687706 1710529.3886718750
178742048.9424349070 1167318.1206054688
182814383.7108080685 1526619.7299804688
177585876.6809064746 946356.4931640625
177533202.2628154159 930043.9863281250
182326133.7939574122 1501567.7036132812
182862792.4874990582 1527515.6860351562
182720306.0735116005 1522684.9296875000
177568838.3965475559 945509.1879882812
184717513.4124045372 1628046.7060546875
182758752.4805039763 1524886.6962890625
184432686.5384315848 1617695.6542968750
182506535.3746776879 1513351.5053710938
182147137.8861742914 1489503.3222656250
184536046.8914333880 1621414.2500000000
179464518.8804126382 1255947.9733886719
184394618.6645387411 1614706.0527343750
177515925.0947735310 920738.6396484375
182273949.4344768822 1498239.0678710938
188134595.2355985045 1712967.9912109375
196065999.1977230310 1770595.1484375000
196115962.2804839611 1770822.1621093750
196277041.4605867863 1770980.0312500000
196085545.0443514585 1770808.6425781250
179546307.7110517025 1264846.6101074219
177495315.9894032180 916272.4692382812
177527223.8238846660 923611.8796386719
188027305.4921323657 1711408.5625000000
179920452.3729157448 1305511.4396972656
179640769.0497189462 1276468.7028808594
188220678.5629830360 1714367.1445312500
187936325.2206368446 1709313.6914062500
179883578.2225154936 1302278.6896972656
179852502.3641719520 1295737.2912597656
179793321.4292261004 1289227.3781738281
179825702.0233961940 1290594.5688476562
181489247.2718752027 1428247.4980468750
181500318.6623642445 1430394.4072265625
179198808.1862571836 1215506.4501953125
179380440.2273324430 1233817.3432617188
179284462.7986430526 1225100.3022460938
179323482.4502677321 1228510.8354492188
179366505.0799207687 1231031.9404296875
179244528.2440457940 1221963.4624023438
179368578.3661135435 1231614.3598632812
179241894.1279418170 1219851.4809570312
181313572.4241705239 1409808.0146484375
181435414.5029852092 1414354.8632812500
181407855.0118244588 1409823.7329101562
182900086.0280196071 1530717.2529296875
178494058.9851146936 1065969.0649414062
178446226.1787699759 1065465.2814941406
178404991.0777919590 1063995.1552734375
178424138.1366076171 1065011.1616210938
178542738.9670573175 1083704.7111816406
