179114101.7809874415 1203060.4030761719
179150729.6570639908 1205615.0646972656
177467907.9508014619 883118.5187988281
177559275.0375968516 930698.4020996094
177625719.2836730778 941421.0710449219
179603956.8146360219 1268530.9650878906
180364231.6448710859 1340226.9106445312
190086859.1270343065 1743293.4707031250
191320402.9966235161 1755421.0000000000
177648517.0591659844 946615.2719726562
177589024.2101896107 935373.7746582031
177566174.5214466453 930966.4262695312
177527223.8238846660 923611.8796386719
178978340.8240964413 1189834.1486816406
184371110.3240332305 1612585.5380859375
185560395.1976894438 1655599.6347656250
185433674.4045431316 1646177.2617187500
186726246.1224050820 1676218.9648437500
186103510.9734171927 1670613.3408203125
189797225.7578358948 1739392.2451171875
191629750.5592123866 1756693.6093750000
196882413.6549939513 1770318.5175781250
184600483.6093877852 1619463.9296875000
189744761.6762671173 1739045.3095703125
189429680.7233392894 1733612.4443359375
191155382.4631842971 1754683.5068359375
184880299.9249263406 1626528.4716796875
191860015.4920982718 1757750.2871093750
178711374.8514529169 1146350.0688476562
180055361.8987504542 1315943.4367675781
182289340.7885480821 1492566.3149414062
184462224.7239787877 1616914.1132812500
185790250.5012511909 1661361.0615234375
185997036.2870275676 1665996.8242187500
191640295.4877395034 1757119.6513671875
185761824.4629173577 1659412.6826171875
186701723.7889414728 1675897.0214843750
184576597.5569292903 1618404.3613281250
184429432.0045650899 1614520.8720703125
178640176.0643877089 1128918.6889648438
178873298.3823466301 1173372.7006835938
182546501.5899264216 1507341.7373046875
184203689.3916450739 1603066.2255859375
185616608.4445956647 1657131.3701171875
190792582.2339698672 1750026.1162109375
177908186.9290674329 1002970.1979980469
177877633.3953240514 995400.5485839844
178986154.3583399057 1193081.0327148438
185737524.5793504417 1658251.7207031250
191212514.1416064501 1755110.2880859375
185814224.2883551419 1661517.8828125000
186092109.6339218915 1666316.8769531250
190858693.9607328176 1750914.3085937500
178019303.3161970377 1004229.2822265625
177825588.3026328087 986813.6435546875
177851428.2818311155 988138.6960449219
185500904.0202813447 1653783.5224609375
186423729.9947231114 1675881.9218750000
177814703.9695736170 984671.0139160156
184152915.5536691844 1595625.1230468750
184197062.1310650408 1603035.3779296875
185025218.4924493432 1630403.2519531250
185959415.2449970543 1665619.6933593750
186259436.6770889461 1671320.1396484375
188131594.2151238322 1711854.3574218750
192346671.1052571535 1759077.1835937500
178890427.6371659636 1180004.1767578125
184705920.1040717959 1622957.8417968750
191854626.9902353287 1757212.2353515625
186308682.6982208788 1672946.9873046875
186286317.1502741873 1672817.1914062500
181185925.2762284279 1378251.8549804688
184870270.5233352482 1626084.3310546875
180536610.2375938296 1356239.2324218750
183631823.3523544669 1570757.2617187500
185001604.8273403943 1629434.0195312500
195931520.7834115028 1769288.8164062500
178708330.3684002757 1145850.7456054688
179977688.6715533733 1308976.4421386719
195934453.6386731863 1769526.8828125000
196801939.5954784155 1769651.4638671875
182595821.6923061907 1513668.6933593750
183720158.9881272614 1577650.5205078125
177641058.3890564740 942613.9477539062
188027305.4921323657 1711408.5625000000
177803227.8325020671 979263.8386230469
184560681.2298261821 1617182.5908203125
178668760.8902015686 1133694.0808105469
189131681.2082560360 1725427.5029296875
177501705.2452443540 898477.5866699219
178835407.7321576178 1168360.1000976562
179920452.3729157448 1305511.4396972656
189920608.1198982894 1740058.4638671875
177766869.0333189368 975471.3381347656
183095610.8870748281 1538502.1708984375
180059026.2265749574 1320347.5493164062
183624280.8007525504 1568812.8730468750
182416606.6135635674 1500526.2192382812
192026568.9968988299 1758314.3330078125
179549014.7423468232 1261117.3063964844
180103342.7269332707 1324777.1569824219
180578653.4179251194 1362739.2934570312
178669114.6227857471 1142917.7490234375
177692766.7464173138 958091.3261718750
178818651.7001416385 1161867.2719726562
179551975.4002536833 1263187.0061035156
179520968.0699125528 1258581.0383300781
178742169.3837740421 1149630.0727539062
191093419.6113164425 1753655.1396484375
180314799.8366149366 1337682.5305175781
180141728.5383471847 1327365.7004394531
183062003.3322190642 1537942.6157226562
191098903.5027341843 1754189.0068359375
185744788.7228560746 1658756.2236328125
187656679.9865793884 1704379.9414062500
177522172.6320628524 910182.8674316406
195511590.2350258231 1767928.1240234375
195609900.8521567583 1768319.0712890625
182707532.1931615770 1520492.8642578125
190978881.8360343575 1752599.9414062500
177727843.8058292866 958331.8808593750
183400463.6985026896 1559419.9394531250
189444175.4118912518 1733889.7490234375
187698663.0222771764 1705364.9287109375
190566694.9542891979 1746594.6054687500
195653483.3850534558 1768598.6826171875
177677254.7348770797 949929.6459960938
187516610.9259426296 1702143.8691406250
189350535.0229048431 1733191.0527343750
179563888.2960076928 1265482.6599121094
189502602.3044370711 1736290.7685546875
177617259.5633571148 941060.1030273438
177551312.6379802525 925169.2041015625
177505582.6345659494 905897.0698242188
178774305.4157462716 1159240.6518554688
180574709.1962726116 1360269.0043945312
190304654.7030116320 1745149.6845703125
195323445.0302747488 1767359.9033203125
190458510.2865903974 1745879.4375000000
180716613.9457874894 1371902.6386718750
180606237.8941061199 1363398.7080078125
183587154.6029858291 1568487.1508789062
190549679.8799934983 1746142.7011718750
178874712.2181807756 1175990.4848632812
195888064.6212180257 1769023.1464843750
195848070.2254450917 1768979.5009765625
182564958.6967638433 1510918.0156250000
183176786.7769194841 1547530.4501953125
184184991.2445196211 1599035.0097656250
190224491.3261673450 1744732.4130859375
179497653.6442274451 1252901.3557128906
180692880.7992808223 1369202.2114257812
187869145.2360865474 1708643.9980468750
185451823.7686766684 1650622.5351562500
189500098.3252687156 1736042.1533203125
179457223.8076087236 1248800.1728515625
179626273.8707619607 1270762.4475097656
185903204.4881577194 1662031.8593750000
177493855.0096882880 891506.5126953125
194725166.8417321444 1765741.4257812500
179757027.7005162239 1288413.1013183594
194576573.7409996986 1763591.1621093750
183150361.1161391735 1546858.7666015625
179640769.0497189462 1276468.7028808594
188209453.8223693967 1712167.8291015625
179055603.7060780525 1196773.3088378906
183078577.0325108171 1538380.3647460938
182208984.4895181656 1487962.1674804688
180541528.3569608033 1357635.2587890625
187500629.0976919532 1701262.7216796875
194632952.5380129814 1763987.7011718750
183649805.0162921250 1574167.4741210938
188220678.5629830360 1714367.1445312500
178023783.2053783536 1008703.5878906250
182323105.1015316844 1496493.9545898438
187950959.5032144189 1710143.7451171875
190553598.1621656418 1746329.7773437500
190142557.0341309905 1743850.2187500000
178080804.5189846158 1025171.2629394531
180005315.5873690248 1315464.2600097656
180405647.1069685221 1348811.0078125000
180390237.5676952600 1347905.9179687500
183583487.7344144285 1568123.7036132812
190126887.6418546438 1743671.0332031250
179146533.5938284993 1204654.1391601562
180191645.9595369697 1331320.1503906250
187936325.2206368446 1709313.6914062500
182207078.8163489699 1487502.9296875000
186968978.4927168787 1685810.6718750000
186843655.7102039158 1682225.4218750000
177480205.0996465385 886101.5610351562
185299202.3430415094 1642054.9218750000
186950000.9002713263 1684204.2851562500
180241199.0676566958 1333407.6123046875
179951670.4170722365 1307220.6364746094
184030204.2294335365 1589010.3872070312
185193621.6849141419 1635952.1357421875
183885090.0691232979 1585385.7075195312
190130695.9988001585 1743672.4648437500
181557215.6850442886 1436535.2988281250
185203448.0919865668 1636187.4677734375
190054229.7971712947 1742670.7480468750
179939313.8286786675 1307000.0246582031
179883578.2225154936 1302278.6896972656
181655177.5995546579 1444551.7304687500
182363655.2812260985 1497191.8500976562
181924911.6577802896 1461715.5292968750
179055433.0452616513 1195906.0568847656
187089145.8533774316 1688748.6074218750
189305275.6470153928 1732027.5683593750
181800975.2169263363 1456487.9726562500
186980347.0623283684 1686826.5087890625
185165219.2974539697 1634865.8828125000
187019305.2858170867 1687033.6669921875
192274749.5299807191 1758524.8779296875
178047396.8221477568 1015025.5134277344
179745452.3246860504 1285153.4597167969
181673841.4634308219 1446904.7558593750
179071966.8981148303 1200341.8398437500
181677467.0098292232 1447339.5478515625
181618446.2602848411 1441392.7041015625
185073749.1335799992 1632615.6826171875
179852502.3641719520 1295737.2912597656
179793321.4292261004 1289227.3781738281
178382968.9704273045 1060121.0732421875
179825702.0233961940 1290594.5688476562
181861026.0158821344 1459107.5141601562
183704313.2331587374 1574873.0981445312
181796206.8793932796 1452401.0454101562
190022289.5063837171 1741877.2519531250
178172428.2939238548 1037989.7741699219
181714328.6449244022 1449632.1503906250
187206681.5751021802 1694226.8750000000
181489247.2718752027 1428247.4980468750
187232091.8583614528 1695153.0058593750
182095261.0430588126 1477257.5004882812
188994764.8471766114 1724479.3144531250
187310858.3632455766 1696842.4072265625
181500318.6623642445 1430394.4072265625
182259487.7109917104 1490945.1850585938
182011626.6646358967 1466678.1860351562
179198808.1862571836 1215506.4501953125
182453189.0892246664 1505211.0463867188
182148781.5399448574 1482652.0966796875
187119979.0110084713 1691406.2255859375
182291802.1771229804 1493759.0444335938
179271833.5309801996 1223297.7358398438
181751689.1825068593 1451302.9052734375
179380440.2273324430 1233817.3432617188
179401725.7498508096 1240691.3588867188
190015045.8788680434 1741703.8056640625
179284462.7986430526 1225100.3022460938
179323482.4502677321 1228510.8354492188
179366505.0799207687 1231031.9404296875
179244528.2440457940 1221963.4624023438
183361511.3129171133 1556362.6044921875
183474175.9534498751 1560219.7226562500
179368578.3661135435 1231614.3598632812
179241894.1279418170 1219851.4809570312
189931866.4593195319 1740502.9306640625
178184102.5142148137 1043466.7736816406
179158282.8030526936 1210021.4726562500
191590786.7091180682 1755941.7500000000
194964530.0206785202 1766146.0253906250
182891221.9688086808 1525436.6406250000
183213307.9372805357 1549052.4946289062
178214428.4898690283 1045431.6896972656
182670122.1919228137 1516207.9770507812
181313572.4241705239 1409808.0146484375
186821160.2077821195 1678326.5546875000
188879226.1842529774 1722708.3232421875
178078925.1658405364 1019157.7805175781
181435414.5029852092 1414354.8632812500
178022965.0560689270 1005903.8535156250
181407855.0118244588 1409823.7329101562
178179577.2316127419 1038392.5905761719
188804166.7353664637 1721139.5312500000
178197139.6491090953 1045310.7888183594
178108545.9869558513 1025810.3962402344
188866535.1159835458 1722333.1728515625
178079518.7600246966 1020694.6193847656
182980998.2581309974 1533897.9541015625
183125645.2334023118 1544483.3837890625
182900086.0280196071 1530717.2529296875
181948816.7085376978 1461873.2978515625
181553851.2788219452 1430597.2446289062
178494058.9851146936 1065969.0649414062
183511931.8607074916 1562893.6850585938
182799549.2305958569 1522696.6870117188
178446226.1787699759 1065465.2814941406
178404991.0777919590 1063995.1552734375
178424138.1366076171 1065011.1616210938
182831891.8630555570 1524241.1049804688
188799638.4572746158 1719048.5224609375
178633891.5210048258 1098254.7058105469
178542738.9670573175 1083704.7111816406
178621445.8867909014 1095313.3723144531
178612738.0942205787 1094259.2604980469
188684364.4581643939 1714603.7822265625
178579945.3748068810 1090916.5529785156
