178212933.4523290396 1078890.3205566406
180099564.8562408984 1327917.4531250000
185178115.0768500268 1651626.8095703125
191092348.8267990947 1761033.1269531250
183683715.8964239657 1588422.1967773438
187186722.9347147942 1708468.6992187500
189950399.2589284480 1750488.7597656250
180203448.5771592557 1337183.3125000000
184922417.6277784705 1641873.9931640625
180478810.0473958552 1362883.2373046875
177318702.8583434224 864370.6677246094
184951947.8379334807 1643794.7363281250
183335467.0595351160 1565387.1684570312
194988517.6636653543 1770943.9121093750
178132239.2797343135 1069795.6953125000
184859885.0423404574 1638851.3007812500
185192790.4283898771 1651822.6894531250
177300093.3576515317 863672.3593750000
181886789.6255237162 1477657.2841796875
182060669.5896317661 1489791.9311523438
184984371.7837506533 1646763.2041015625
189733906.0158541203 1744149.2734375000
177291060.8003087044 831143.0258789062
187521473.3330084085 1713619.8486328125
189997368.6125838459 1751437.8183593750
197717326.8399873972 1774190.9433593750
183215868.7652615607 1562331.7871093750
183833996.6767847240 1597305.3979492188
185269971.6265153289 1654836.3437500000
189888941.3255803585 1749358.9414062500
181870817.4477329552 1473599.7968750000
187562711.0054682195 1713798.3164062500
177904104.1800560057 1028879.7277832031
183495056.3815452456 1577137.9438476562
197962383.4343900681 1774344.8632812500
178581855.9129522443 1142214.4609375000
185297406.2995772958 1655168.3378906250
187734714.7128489316 1716139.8339843750
177398298.1158040166 894638.6293945312
181873622.1500872672 1473720.4731445312
183636088.5462616980 1586913.0063476562
177981557.2888704836 1034335.3564453125
185236568.3785958886 1654175.0380859375
185319911.9911583662 1655329.2041015625
183218750.9827841520 1565263.0102539062
187331425.6178523004 1710209.0087890625
177472473.9701497257 917761.9414062500
178636012.3229362071 1151351.3266601562
187440186.7311038971 1713024.0126953125
177964939.2090837061 1033399.8989257812
179905668.8504234254 1309131.3627929688
190965643.5148978829 1760226.9648437500
190645489.9347513914 1757904.0527343750
194164152.0832093954 1769285.2519531250
180744128.1334836483 1382928.1977539062
181954285.8490786254 1481520.1601562500
186016159.9688787758 1677838.6787109375
191170667.9367855191 1761162.8828125000
198248740.9750784636 1774509.0527343750
178171119.4817245901 1075682.4504394531
179994754.1111304164 1316988.4555664062
179907238.5582414567 1310317.2919921875
179943500.4535761476 1312066.3325195312
187016494.1566511095 1702539.8603515625
187923573.8939389586 1718953.5390625000
194364323.0023446679 1769294.1113281250
189693260.8244721591 1743291.4843750000
180101578.0644682944 1329564.9067382812
198084352.0036008954 1774422.7343750000
177452100.0620011687 909506.8076171875
189976864.1252245009 1750759.3789062500
194745913.0407458544 1770307.9140625000
177885240.7966785729 1024443.6977539062
178301220.7810199261 1079400.0307617188
177846610.3264921606 1018683.6816406250
180078904.9836179018 1324917.6196289062
185103963.4871821404 1650262.6835937500
189737928.8516230285 1747390.4863281250
190693659.0482873917 1758497.6894531250
187917012.2263776660 1718921.6855468750
190077804.2246095240 1753026.1445312500
190771619.2957281470 1759906.7148437500
178168662.8759442568 1070521.6677246094
178067594.0605524480 1060693.1091308594
183173885.3401520252 1561917.7182617188
188404870.3283415139 1723318.8974609375
187761138.3370867074 1716611.8339843750
188270869.7903188169 1722827.7119140625
191616396.4869698882 1761629.4375000000
183101909.7105562687 1550483.8735351562
177741577.3858459592 993605.5141601562
178867950.8683944345 1187066.9975585938
186344807.4518721104 1684056.2187500000
186214175.8305989206 1683842.6318359375
177670894.6728094220 980480.5317382812
180013648.4776276648 1322830.2993164062
197441168.2707189322 1773435.4375000000
188058134.9160605073 1721320.8222656250
178928458.9203729928 1195195.0366210938
183067646.7687310874 1548913.8139648438
188150011.2083187401 1721944.7001953125
187816760.7795850039 1718830.9687500000
177284421.3952674270 826996.9125976562
178106264.4523278177 1064655.9792480469
186334744.2770590782 1684042.7255859375
182464618.0280725360 1506911.3427734375
177376274.4627242684 889824.2456054688
190378763.6291592419 1756045.1728515625
187595205.2351595759 1715044.4794921875
187588973.8457716107 1714048.8359375000
187661803.0825641155 1715901.5673828125
182454260.4179241061 1506771.1616210938
185407779.6318958998 1660332.3056640625
177899432.3991351426 1024843.1640625000
178141822.4966177046 1070089.8347167969
180359855.8647123277 1352512.0649414062
177294205.9907069802 841258.9672851562
177862153.0945441425 1019898.4750976562
182371614.2936081290 1503640.2919921875
183151982.3308317959 1560007.8588867188
190732104.3804739714 1759307.0263671875
181159326.4424602985 1385304.7294921875
187048740.2637566328 1705088.7705078125
182178570.3349296451 1494359.2041015625
182995134.6446158588 1544430.6674804688
177325547.6867673397 865428.0332031250
177810597.3306590021 1012160.0507812500
181166891.8444991410 1385637.2031250000
186677032.3489698768 1696279.9062500000
181826791.3936057091 1470976.9648437500
181913961.3483253121 1479712.7382812500
186485412.2397238016 1690823.8574218750
180470509.1977152824 1361995.4384765625
177366411.3353369534 886350.0590820312
185433256.7421519458 1661886.1972656250
177742578.2890146673 997053.7963867188
185462712.5964104235 1662389.2382812500
181736460.4712079167 1460290.3320312500
185222067.0655522048 1653349.3095703125
194780501.5718561411 1770577.1328125000
178018150.4216732681 1046123.0537109375
177419651.1876456141 901541.1347656250
186369895.3738930225 1686919.8173828125
177801087.8417798877 1009981.2812500000
194422512.6716594100 1769939.0859375000
177699837.0055671036 985680.4370117188
183503910.5232954621 1581668.7905273438
186627658.5394152105 1694856.9248046875
186561442.7758303881 1693455.2509765625
185817802.4672247469 1673863.6435546875
179009145.5267105699 1203936.6743164062
186626829.1283350587 1694152.1455078125
181585620.9734411240 1453710.3281250000
186753259.7293830514 1696452.0449218750
183112177.6471105218 1554668.2397460938
186129590.4991479218 1681243.3798828125
177357822.3343269229 879782.7189941406
186204562.9821600020 1682125.9521484375
197361998.9443296790 1773210.8408203125
181670330.3534084558 1456661.4531250000
190578871.8088757992 1757503.1640625000
178875575.5376821756 1188864.7700195312
177646286.5167748034 966293.4497070312
177744688.4798816741 998879.1127929688
181650009.5937291086 1455097.5351562500
178032845.9229768217 1051216.4699707031
180634048.4784719646 1374658.9453125000
180745978.0732581317 1383814.7148437500
180704371.0836288035 1380975.1552734375
190562316.1929126382 1757352.6328125000
178856321.4539577067 1182784.4575195312
185455524.3994752765 1662088.0351562500
185708055.3531586826 1670372.9121093750
180538763.7989305854 1368550.3027343750
183342273.6318471134 1570383.3452148438
184048758.2587034404 1604233.7031250000
177337688.7464118600 876405.8620605469
183374236.8112939596 1573457.1577148438
183429853.3634807765 1575532.9438476562
185609578.7679404020 1667783.8398437500
184137652.1036522985 1607549.5537109375
193937198.0176929832 1764361.3642578125
180662632.9844243526 1376055.3007812500
197205045.5070025325 1772955.9853515625
185367659.6576916873 1658372.7021484375
178819244.8746318519 1180942.3720703125
179104734.0476024747 1212716.8715820312
182952391.8154372871 1542049.9174804688
180382738.7375420034 1353526.9643554688
180301327.3083382845 1347300.0996093750
194033094.6005845070 1768003.1123046875
183910679.8671686351 1599180.1728515625
179153259.0645087063 1214279.9255371094
180454700.8513424993 1361345.5292968750
194015309.3494123220 1766475.1591796875
177987808.0270901918 1044452.8166503906
197206414.7529709339 1773055.4951171875
177416017.9171631336 900051.1879882812
183906783.4026174545 1599043.8769531250
181533249.5363753438 1445740.6479492188
181674535.3793999851 1457527.3476562500
178012102.9577217698 1045460.2399902344
184013599.3859446049 1602064.0244140625
180507558.4356474280 1363409.0556640625
180262632.9850094616 1345301.3842773438
177410538.7379896343 898793.8784179688
177364444.4645176828 883653.4462890625
177595874.3635479808 955987.5617675781
184080468.3322142959 1605063.5634765625
188822734.3496467769 1729218.4794921875
178793033.7543416321 1176149.4301757812
179078749.0372168720 1211918.5075683594
178950697.9153563976 1197549.7773437500
196842626.2285783291 1772482.3007812500
177996750.1660564542 1044482.5495605469
179445664.2716460228 1249825.1711425781
180141387.7410648465 1332847.3764648438
196775639.4394682050 1772423.2109375000
177946738.0277257562 1032638.7800292969
177685935.1656474769 983030.3403320312
188695871.4242760837 1727025.7460937500
180291207.9682094455 1346118.8413085938
196355057.9064303637 1771528.4609375000
178564575.2629096210 1139806.2885742188
180161824.1441499293 1334957.2182617188
188600324.2775163949 1723350.9453125000
184669994.9835412502 1626325.1406250000
177615913.0967956483 963304.4355468750
178556288.5739298463 1138933.5695800781
188909271.4803589880 1729898.9433593750
193938499.7159217000 1765604.3212890625
184774236.1753302217 1631033.2470703125
184748908.1797170639 1628279.0263671875
193978213.7506785393 1766280.9013671875
181749917.9722758830 1463792.3247070312
181682485.0893061459 1458062.3842773438
189052175.3147477806 1732145.8232421875
196711886.5794724226 1771925.6494140625
189215806.2282660902 1733119.7539062500
177659067.7100655437 976242.3491210938
189219867.2341500223 1733187.8056640625
179394588.6457606852 1249601.9631347656
196752818.2095533013 1771992.0429687500
196578927.3141133189 1771717.0019531250
177651890.2480164170 968276.5439453125
178601781.6706591845 1147017.0141601562
179478743.4777274132 1260254.7902832031
196756626.5664988160 1772025.4765625000
178651375.9379968941 1153434.0729980469
179742672.2619064748 1285449.2182617188
178744906.3011833131 1168638.4501953125
179554031.6337221861 1266430.9738769531
178688231.0201989710 1160038.3803710938
178601187.3731301725 1143101.1884765625
179693413.4003577828 1280133.1047363281
189582197.9412199557 1737965.7109375000
178647635.9711960554 1152765.0981445312
189410749.9641821086 1735958.7548828125
189354693.5560624897 1735712.7060546875
182693389.0136859715 1520870.1962890625
177550183.7706390023 938197.0620117188
189333599.8989984095 1735128.5742187500
178742048.9424349070 1167318.1206054688
182814383.7108080685 1526619.7299804688
177585876.6809064746 946356.4931640625
177533202.2628154159 930043.9863281250
182862792.4874990582 1527515.6860351562
182720306.0735116005 1522684.9296875000
177568838.3965475559 945509.1879882812
184717513.4124045372 1628046.7060546875
182758752.4805039763 1524886.6962890625
184432686.5384315848 1617695.6542968750
182506535.3746776879 1513351.5053710938
184536046.8914333880 1621414.2500000000
179464518.8804126382 1255947.9733886719
184394618.6645387411 1614706.0527343750
177515925.0947735310 920738.6396484375
196277041.4605867863 1770980.0312500000
179546307.7110517025 1264846.6101074219
177527223.8238846660 923611.8796386719
179640769.0497189462 1276468.7028808594
179883578.2225154936 1302278.6896972656
179852502.3641719520 1295737.2912597656
179793321.4292261004 1289227.3781738281
179825702.0233961940 1290594.5688476562
181489247.2718752027 1428247.4980468750
181500318.6623642445 1430394.4072265625
179198808.1862571836 1215506.4501953125
179380440.2273324430 1233817.3432617188
179284462.7986430526 1225100.3022460938
179323482.4502677321 1228510.8354492188
179366505.0799207687 1231031.9404296875
179244528.2440457940 1221963.4624023438
179368578.3661135435 1231614.3598632812
179241894.1279418170 1219851.4809570312
181313572.4241705239 1409808.0146484375
181435414.5029852092 1414354.8632812500
181407855.0118244588 1409823.7329101562
182900086.0280196071 1530717.2529296875
178542738.9670573175 1083704.7111816406
