189458108.5074469447 1731213.9404296875
189941542.9342445135 1735301.7480468750
189748093.0743952096 1734672.9550781250
191938653.2646554112 1751599.3964843750
183630103.4758339822 1552416.5859375000
177867247.5583699644 922060.4150390625
180627406.3481771052 1336930.5468750000
183406237.2105759680 1548154.1372070312
183413129.1272363365 1552035.3300781250
185336777.6680889428 1615450.5800781250
190067459.9736665487 1736032.9501953125
189743151.6789970994 1733337.1152343750
178805001.1067457199 1141509.4812011719
179017603.5945166051 1170688.5227050781
179078183.9228459001 1178019.3383789062
179167576.8086567819 1184162.1784667969
185491262.4882618487 1615876.5664062500
184734222.1537720859 1606035.0927734375
185706786.9121768773 1641361.2998046875
186010370.4039075971 1652882.7871093750
187647522.0129275024 1694386.1074218750
187903385.1224373877 1695231.7509765625
189518118.5493362546 1732916.6035156250
194957771.3502348661 1761785.0234375000
195272864.3264639974 1764397.6601562500
194948763.7715398669 1761250.6455078125
178866081.6698529124 1145604.3503417969
178952533.3183764815 1160620.2258300781
179097819.1528524160 1180095.3466796875
180265757.2102924287 1310365.7841796875
180573117.8050237894 1334141.6044921875
182966492.0948253572 1530849.2265625000
192063956.5482718349 1753454.7832031250
195335138.8466191888 1764744.5351562500
178262167.7160895169 1037299.5935058594
178883232.5241296291 1153037.0141601562
181851370.8511675596 1449421.9042968750
184778441.7044218481 1607181.8447265625
185956318.2273975909 1650808.0048828125
177874823.9333572984 922787.6752929688
180499552.6976636052 1332092.8959960938
181826873.2605091929 1448314.1171875000
184967871.4828582108 1612579.1982421875
187470178.2950884402 1689721.4208984375
184806683.4016334116 1610812.5156250000
184790607.2199254930 1607472.9921875000
185027813.2416764200 1614728.3710937500
184802793.1877816617 1610271.8476562500
178413330.6987763047 1054327.8776855469
179056243.7244243622 1175058.9199218750
178973861.2018411756 1167218.6440429688
179201258.5224948525 1190042.0615234375
180351482.5442295074 1322136.8354492188
180193591.9585675895 1304437.0541992188
187534633.8807265460 1692494.5839843750
191015593.7039657831 1744530.0205078125
195166020.5790606141 1762900.6162109375
179143963.0350939631 1182613.5009765625
178336665.5461005867 1053235.9147949219
179025699.4577077031 1173143.3828125000
183189666.9070135057 1539015.0610351562
183096217.4911706746 1535393.9956054688
182940428.8374333680 1528954.2993164062
183302708.9903089702 1544090.6689453125
183393288.4647956789 1544994.0161132812
186020611.7578805387 1655052.6503906250
189341805.8111387491 1729472.0361328125
189334396.4218431711 1728259.7451171875
192195626.6412376761 1753693.1689453125
177860648.3546525240 915447.5043945312
177953954.6376926601 954938.4682617188
180211588.9530898631 1306185.1142578125
180489483.1331937611 1331931.6777343750
183036187.0781078637 1533610.4462890625
182906513.8129012883 1527178.4555664062
195670929.3839693666 1765671.7226562500
180465518.2826070786 1330399.8706054688
179021344.8631362617 1171132.5583496094
178928565.0297583342 1155630.7009277344
180273595.1220590472 1314916.9360351562
182326665.2690984309 1482490.8911132812
187633325.6243874133 1693169.4619140625
195363029.7244997025 1764883.8281250000
178284008.0192477405 1038698.9069824219
187689544.6129498184 1694390.8378906250
187271272.1533146203 1687759.9619140625
195173561.9557352066 1764347.5322265625
184872952.7815246284 1610971.8691406250
180131629.5172911286 1298075.7758789062
180168474.4903357029 1300030.1323242188
186235731.9344885647 1660538.6542968750
187341888.9934558570 1689196.9677734375
191009561.6048539877 1742628.7324218750
192415559.5414441228 1754451.4013671875
194994523.4720335007 1762455.5888671875
195484438.0296469331 1765484.0078125000
195793845.7321385145 1765701.7968750000
180133632.5871770680 1299939.9472656250
182456873.3442409337 1492627.6318359375
186312498.1819224060 1663394.9736328125
177922230.4154818952 930627.3945312500
178013563.9090031087 970086.6755371094
179190833.0423079431 1186430.2644042969
185856645.5510129035 1646672.0273437500
187217286.2440741956 1685928.8925781250
179083908.1540894806 1178321.6584472656
178998765.1759749055 1169700.6384277344
180016849.1643799841 1282890.7885742188
181967608.9015944004 1458017.2456054688
181877911.7670092583 1453631.0068359375
182343774.7451683581 1487845.8520507812
182701135.2603320777 1507989.5971679688
178416919.9975846112 1059208.6699218750
178321648.2416685224 1047466.6291503906
177999346.2483892441 965092.0766601562
178890904.9788058996 1155162.4079589844
181787157.5468897223 1443830.2968750000
181850150.2935862541 1448825.5498046875
182781969.0116626918 1517163.6079101562
187141332.6261030436 1683683.5917968750
187323781.1395884454 1688984.5478515625
189443279.1514655948 1729936.4814453125
192301867.8554189205 1754204.8330078125
178046106.3907387257 979350.0766601562
177978979.3867032826 963519.8413085938
178305246.1637692750 1042981.5407714844
177946255.5198880732 952444.7299804688
178228631.1998337507 1032584.9050292969
178874409.5553639233 1150612.8527832031
178759900.1578299105 1125289.5202636719
178764803.5406744778 1134626.1237792969
181876267.5875903964 1453381.3974609375
182572479.4491101205 1499069.7880859375
184211852.7197010517 1578166.9658203125
186178019.9057569206 1658224.3027343750
187476868.7600876987 1690475.3398437500
191706970.2213296890 1750931.9472656250
191168443.9517459273 1747300.7490234375
182597906.7935873568 1503984.0869140625
182633725.0168956816 1505037.5947265625
189137270.1941590309 1723475.7197265625
177941104.6855499446 933948.1328125000
178695757.1055234075 1108537.0747070312
178734905.1865357161 1121675.8737792969
180064108.9714443684 1287867.2309570312
182616876.1887281239 1504784.0869140625
186323844.3464471996 1663657.9990234375
191035723.2254816890 1746488.1406250000
178633891.5210048258 1098254.7058105469
180047818.8376415074 1287200.9389648438
187691493.0014205873 1695123.5917968750
191324832.7980227470 1749308.1113281250
191315096.4940531850 1748355.2744140625
191203304.7875410318 1748174.9746093750
182543518.9977312386 1496384.7871093750
191592924.1027578712 1750640.0644531250
178215756.4301201701 1021002.1052246094
182368649.6526310742 1489404.6997070312
186077732.8830368817 1657029.5712890625
186986049.8647466004 1679155.9404296875
187294482.4897471964 1688498.3857421875
196172689.3503636122 1765851.4550781250
178217399.1311471164 1028809.1794433594
189234903.3913127780 1726879.2099609375
185731989.9298776686 1643480.6953125000
185788921.2088027298 1644116.5263671875
178003800.3568699360 965788.9509277344
180005577.5826887786 1281110.0737304688
177942382.3737988770 945546.2880859375
178653720.7471565306 1104225.3508300781
179439608.6711547375 1206168.6557617188
185790453.9485393167 1644967.1816406250
185730847.0996142030 1643033.5908203125
179560495.9972766340 1218171.0454101562
185874218.5415259898 1649873.9003906250
178032844.4350700378 972656.6674804688
179920156.7212123275 1270554.5717773438
191498132.3972597122 1749689.4042968750
192367815.2652763724 1754219.3339843750
182678346.5970638394 1505726.7265625000
182517936.7951557636 1495716.0102539062
178215058.3054076135 1017796.2912597656
179492847.0304076672 1210091.8002929688
184422791.1415694058 1593656.4687500000
184488039.8427431285 1596716.9658203125
195587371.7864397764 1765589.8828125000
184326357.7741877139 1586076.7919921875
184341106.5879665315 1590812.7460937500
186817926.8759911656 1675765.2988281250
184306528.2754580677 1585120.3818359375
184219609.0416849554 1581957.0869140625
191885555.3310269713 1751396.7724609375
178157895.8044725358 1000994.7434082031
178672701.3958376050 1105030.5329589844
188819199.4113268852 1717717.3681640625
184291773.4335322678 1585045.7949218750
182486410.0418039560 1494193.2968750000
179501360.6347270906 1212480.0561523438
182576741.7918081880 1501230.9052734375
184219629.3185651600 1584965.3769531250
191815107.9087561369 1751054.6894531250
178072117.9346500337 980611.0600585938
178542738.9670573175 1083704.7111816406
182099801.2415889204 1467303.3349609375
181993804.3243536651 1459335.3706054688
182232026.5579425991 1479026.0966796875
179503186.8389604092 1215769.0922851562
182250806.8871600926 1480466.2587890625
182168084.8142773807 1474464.0712890625
182117652.6174819171 1467668.3798828125
185674763.4571336508 1639022.5683593750
178158113.9663344920 1012121.4611816406
182185123.7362928092 1474919.1630859375
188636834.3595973849 1708743.5419921875
192009604.7064021230 1752380.9707031250
178198789.9255225360 1016840.4379882812
182043504.0603410304 1463800.7060546875
188819058.9053442478 1717069.0966796875
188778229.1940291524 1715174.2392578125
178163461.7894045413 1013188.2446289062
188806786.4743166566 1715461.5771484375
178621445.8867909014 1095313.3723144531
187203210.0312673748 1684349.8203125000
188728750.6549016833 1714998.0537109375
191822628.0093674958 1751107.0742187500
188904517.4996389151 1719704.9882812500
178612738.0942205787 1094259.2604980469
183961184.1365609765 1571427.3242187500
187170675.1808854640 1684179.1318359375
178126105.6229599118 985468.4670410156
183770448.6692106724 1560057.1757812500
187057341.4492695630 1681960.2207031250
188684364.4581643939 1714603.7822265625
188894213.0061552525 1719438.8867187500
178579945.3748068810 1090916.5529785156
179357581.1438708603 1194695.2006835938
178491816.7314607799 1063878.1882324219
178486798.0465042293 1061043.8850097656
179915651.7844018042 1259707.8383789062
183680279.5561881661 1556289.1494140625
183889852.5022737384 1570168.5957031250
186444605.7579078972 1666780.9121093750
179910706.1373737156 1256104.8393554688
183799492.1801481843 1562953.2763671875
183814078.8347607851 1565822.8408203125
183783191.2727158070 1562421.4335937500
191860183.3123646975 1751391.0390625000
179853817.8166964948 1250745.2353515625
186362121.3845686018 1664828.4150390625
179910955.2895017564 1256806.9868164062
179808720.0650308430 1245013.2563476562
179821686.6689237952 1246795.4726562500
179781287.0816485882 1245010.1352539062
179722212.6810660660 1231625.1015625000
179733722.1368446052 1233566.3959960938
185973800.3253915608 1652216.8583984375
179627361.2079981565 1222236.4624023438
179771851.2432802916 1235670.9892578125
179649541.1374290586 1228404.4223632812
179721153.1649624109 1231193.4365234375
186301383.6061812937 1662826.7968750000
186781986.9059245884 1674732.0400390625
190927515.3998036385 1740535.4296875000
179610648.4118753970 1219230.8740234375
186533614.9788023531 1668731.7724609375
186563946.3292892873 1670093.3017578125
186632918.2544430792 1671728.4550781250
186328477.3432205021 1663723.4160156250
194688380.1841887832 1758058.4140625000
194726737.5677827597 1758674.5576171875
190872939.2087870240 1739072.1328125000
186387040.8819333613 1665031.2617187500
190911176.6340808868 1740340.6074218750
185638441.8800476491 1629238.6386718750
190860238.7494928837 1739008.2451171875
190680273.4565822482 1738012.6298828125
190648297.0360966325 1737557.4296875000
190572996.8023789525 1736868.4208984375
190569947.3082657456 1736855.0869140625
194875437.4386407733 1759395.2851562500
181676066.5582540333 1407225.4033203125
194903146.6121450663 1759423.3837890625
181767233.8966638744 1412582.7573242188
181769629.5684080422 1413331.3325195312
181750430.5085017979 1408920.9692382812
181298830.9609100521 1342175.7265625000
181179013.5458422601 1339355.9326171875
181331002.7875728309 1349079.2221679688
181488213.5498785079 1377316.7294921875
181367253.5939878523 1353556.3720703125
181373854.2557390034 1359131.7924804688
181367417.2150760591 1358330.3193359375
181395849.5238715708 1364765.8217773438
181433831.5562765300 1370621.2050781250
181526325.5764221847 1379528.5996093750
181568023.2482169569 1379880.8017578125
181621801.0514317453 1387697.5957031250
181588752.6369557679 1386612.8593750000
181579158.7728351951 1380910.2290039062
