183725930.3972461224 1571932.4824218750
186083003.8275685012 1685533.5146484375
185826673.7053110600 1671889.6611328125
187940381.8356754780 1741552.1416015625
187913731.0951993167 1741131.8076171875
188317566.8848599494 1753933.0087890625
188072533.8284059167 1747437.2402343750
189419807.8781416416 1772417.6416015625
189470598.1546596587 1773669.6728515625
190184543.8685368001 1784975.1708984375
193903601.6069679558 1802028.1982421875
183467318.2792260945 1558396.6079101562
183754682.5209928155 1572834.1542968750
177880280.7723792791 946361.4951171875
179350432.0551545918 1200545.5202636719
181055320.9704343975 1376187.8666992188
181296966.5422097445 1393842.4829101562
183526847.7639909983 1563837.0390625000
188157080.1996064186 1749770.2363281250
187957650.4506605864 1743080.5107421875
188439012.2806242406 1754257.6142578125
188845565.1208058596 1760874.6923828125
188485196.3695121408 1757671.8115234375
180963467.0913635790 1369774.4379882812
181205097.2292929888 1389660.8002929688
184086978.1988569796 1590618.3271484375
188200814.8996041715 1751183.7207031250
179842356.6230774522 1254258.5739746094
179756018.7388822138 1247824.3571777344
181312498.8488845825 1395746.5078125000
188012999.9523787200 1747284.6347656250
190067956.1544299424 1784351.4873046875
193381577.1246701479 1800623.1318359375
179210380.2283550203 1173606.0432128906
181389682.3056550324 1397899.1499023438
181079807.3874317408 1381548.7153320312
181609028.7785160244 1408453.5839843750
183916285.7916878462 1584933.4199218750
184297743.3468553424 1603065.9277343750
187143225.1907474995 1715797.0078125000
190225426.7012161911 1785728.7763671875
177920318.6631485522 962210.6176757812
178051099.1900015771 998386.3056640625
179682150.4804279506 1239280.4633789062
179941651.6097756326 1256680.5495605469
179840904.3154156506 1251864.9860839844
177896190.6919021308 962125.8784179688
177972919.7574511468 988971.5107421875
178119828.4628857970 1016248.4116210938
179661680.7580640018 1238670.0520019531
179627283.9264668822 1230071.5109863281
179623294.2023764253 1229515.2014160156
179556891.0503805280 1225956.1477050781
181507940.1722054482 1407118.7407226562
181454589.4056150317 1405484.4399414062
185888615.5860527754 1679486.2392578125
186159283.2412506044 1688039.5058593750
189596434.3840306103 1775917.1015625000
189600750.5377733409 1776285.2802734375
193240923.7086634338 1799857.8701171875
181438601.8283766806 1400560.8388671875
183630519.9694759548 1569719.9404296875
184340066.5063821077 1607926.2460937500
177967577.6937152743 978816.7568359375
184469268.6353262663 1611962.7304687500
187015778.3192717731 1714206.0136718750
186640296.3222224414 1706897.2734375000
187807017.0807387233 1738698.4179687500
191609506.0755408704 1793737.6201171875
191994970.2964297533 1795698.1689453125
193098920.7659513652 1799503.7509765625
178041928.8158563375 994651.2124023438
179361624.5382561088 1201231.8210449219
181391386.2365686893 1398566.8237304688
177997513.8222739100 991106.5703125000
181252851.5891678631 1391222.2460937500
177959580.9588405490 978059.5693359375
177921772.6769583523 962480.3881835938
183797818.5431116819 1579536.9619140625
184280361.7051034570 1601995.1552734375
187054222.8764784038 1715164.0107421875
187721436.4440460503 1737038.5703125000
189419487.7243574858 1772213.4355468750
189773499.8397645652 1780015.4775390625
189874836.9786706865 1781291.1259765625
190735180.3677366674 1788510.7197265625
178108689.4303517342 1007649.7412109375
178018085.4599574506 993366.1538085938
177932675.5226748288 976222.3916015625
178451454.2419155836 1049524.3154296875
179408479.3072261214 1205880.1174316406
189494737.2316830456 1773819.7783203125
190483699.6947802007 1787718.8564453125
191469339.9453202784 1793595.9794921875
186960368.1627412438 1714002.3955078125
189886655.2723953426 1782561.1396484375
190603114.3792544007 1788239.5146484375
191538522.7000130117 1793601.2099609375
179531928.7392002940 1219433.4201660156
179518528.4078180790 1216412.8967285156
179450999.4523822069 1209281.0612792969
179464241.4071984589 1210191.9338378906
179476507.3343082368 1215590.3566894531
193473598.5654252470 1801412.9541015625
178417878.4568007886 1044542.0029296875
178383054.7536685765 1040158.6689453125
181423817.7380858064 1399344.4843750000
185831576.0469810367 1676089.1513671875
187819294.6959195435 1740654.9687500000
193278773.8708783984 1800324.7236328125
178355718.0109161735 1040072.8847656250
179294594.6107954681 1190785.7731933594
181508114.1424407661 1407828.4931640625
184479044.5554293990 1612177.6992187500
193506767.9416364431 1801519.4951171875
179277142.8940512836 1188599.8210449219
178320503.3603053987 1037921.0004882812
179311869.8616124392 1195038.7888183594
180842628.3852950037 1348771.7221679688
186337787.0175753236 1696572.6347656250
186398001.5072085559 1698865.7734375000
192048545.2456559241 1796006.3037109375
192773136.2870323062 1798794.5791015625
186000878.6990641356 1684586.7294921875
187978002.5073198974 1745663.8652343750
179419154.3223027289 1207304.8278808594
180824407.7923858762 1345444.4658203125
184158702.3101655245 1599159.3066406250
193840018.4474777877 1801869.1455078125
186896107.4035894275 1711620.8134765625
186824658.1386984587 1710580.0019531250
178248154.2533406913 1028906.7592773438
178419567.2390569150 1045000.5053710938
186678859.9606826305 1709217.4960937500
190456970.6689195335 1787010.9560546875
190823255.3878997862 1789369.6904296875
193218467.6100718379 1799807.9208984375
179350181.5409455001 1200225.7312011719
179290107.4466571510 1189698.1237792969
189975942.7172912657 1783720.5400390625
180913814.1536642611 1358197.5053710938
186359546.2350364327 1697286.6240234375
190466319.4240274131 1787700.3505859375
193882720.3031045794 1801871.4775390625
179145961.1462356746 1168660.3361816406
179222379.8273581266 1177687.3757324219
178223367.5116266608 1022207.1083984375
179253295.2527627647 1180292.2463378906
190248923.9034388363 1785903.9033203125
190338670.6757872999 1786607.9873046875
193444628.5762600303 1801371.4306640625
189960853.5771654546 1783455.8583984375
189956746.1216753423 1783343.8837890625
188140998.8977060616 1748582.3876953125
193626232.0470657349 1801763.9970703125
183618165.1737836003 1566021.5644531250
188058643.9489777982 1747338.1777343750
189805566.6976433098 1780459.1435546875
178228166.7499849200 1023938.5341796875
180900293.3795227706 1354162.0361328125
186512663.3118275404 1703431.7714843750
191190317.7396552861 1790760.9189453125
183450300.0524010360 1553992.5068359375
191142485.1665236652 1790164.6455078125
192381689.5660526156 1797140.4267578125
184198025.8313629627 1601211.8242187500
184421899.7010602951 1610884.4990234375
186227628.9361229539 1694116.7685546875
186308107.5183364749 1696433.3476562500
186433559.1073011160 1700734.9511718750
191899519.3062882423 1795519.3115234375
191776933.8587589860 1793828.1181640625
181404060.3142320216 1398947.3623046875
183905848.5481676161 1583583.8046875000
191797197.3729401827 1794864.2568359375
179109467.2233129740 1158230.2048339844
179052067.8380339146 1153549.2790527344
179048084.7064751089 1153075.5427246094
183436279.1741606891 1544960.9726562500
186577450.6022056937 1705137.9902343750
186179279.4429372251 1691522.2519531250
179039942.0986254215 1150305.7570800781
178928701.3580833077 1130540.8610839844
180949139.8135502934 1360714.1308593750
186275647.6521988809 1696010.1640625000
178907848.9785168469 1127868.4973144531
183392993.8711083531 1544087.0239257812
179005132.0744757354 1142348.7209472656
178902750.0825262070 1126852.0476074219
184406475.3094903529 1610639.7587890625
193042503.4259257019 1798910.2021484375
193058535.6507202387 1798975.1435546875
183999270.6833041310 1590112.3203125000
184787279.8801526427 1627965.9453125000
184912881.6094129384 1629393.3701171875
189511584.0407945812 1774527.2011718750
189550105.0732072890 1774997.2705078125
192634326.7130773067 1797449.1787109375
178963900.2418830395 1135353.2629394531
189788287.4139755070 1780064.1552734375
184623202.5174265802 1620145.5712890625
191792088.7356479764 1794737.0791015625
184129369.0203917325 1596278.9423828125
183940980.0903600454 1587234.6816406250
183874255.3025577068 1582131.2968750000
184542800.9967376292 1617025.5195312500
185053205.2664851546 1631083.1904296875
178763501.6617463827 1093347.9372558594
178979800.6139788032 1138333.2785644531
178978167.3899892867 1138227.6437988281
183868528.7686513662 1580869.3750000000
178710135.3556806445 1089547.4309082031
183834944.4576794505 1579915.4345703125
184879406.9673654437 1629219.4062500000
185081917.0172650218 1632012.3447265625
184631987.4221741855 1620845.5371093750
178765341.3662000895 1102406.9743652344
178855191.4036440551 1117973.4919433594
178886797.0322311521 1125060.0144042969
178807428.9138860703 1106900.2873535156
180568718.1655230224 1313985.0224609375
178835984.6046852171 1114690.1149902344
184535120.5382314324 1615279.0078125000
189373034.8491961658 1767746.3603515625
178830546.8384836018 1109899.6437988281
180393290.2673671246 1291214.2080078125
180413844.6184565723 1294231.2446289062
182156797.3952276707 1424173.7441406250
180500142.6248896420 1307172.0136718750
178754771.0345480144 1092158.2575683594
180480622.9434726238 1304681.7626953125
180566295.8212514222 1310843.9667968750
181634389.1131054163 1413208.3784179688
181835491.5243549049 1422335.6469726562
188992030.5629373491 1762892.4960937500
181929402.6829592884 1423351.0302734375
180520646.1810009181 1307295.5996093750
188737150.4776975513 1759226.0175781250
187285630.0256541669 1719987.3925781250
178702246.5696934164 1071894.5532226562
187245257.9754131734 1716089.9658203125
181787543.3461990058 1418624.4228515625
178701361.7950616181 1067259.2514648438
191340168.5401385725 1792123.9931640625
178700294.6225807369 1065905.7915039062
191230529.9840911329 1791602.0029296875
178685882.6418093443 1049739.3051757812
178699525.6826110482 1050044.4902343750
188858206.3486965895 1761591.0478515625
191405454.7607950568 1792536.4404296875
183284852.9720038176 1532384.5375976562
183333297.8747846484 1535480.0122070312
183208960.5053375363 1528730.3588867188
183091878.6160125732 1518203.3432617188
183042781.3545314670 1516339.9252929688
189356955.3247101307 1767732.3642578125
191308737.7465964854 1791789.5166015625
180807754.9074428082 1334338.4560546875
180739643.8198151290 1328359.2338867188
182949273.0435354412 1505598.7524414062
180798340.3606587648 1334033.0024414062
182890029.9240101874 1493329.1362304688
182921492.8431736827 1502568.4653320312
189258048.8356284499 1767384.9248046875
189044730.5505588651 1763717.3798828125
183077194.3072848320 1516752.9482421875
188868191.0748745799 1761690.3759765625
182970010.4002860487 1509297.4731445312
190894570.8770523369 1789531.7412109375
188925135.0552152395 1761890.1533203125
190976643.7487094700 1790135.6826171875
185456557.0878960490 1640015.1005859375
180808929.6139958501 1335614.3969726562
185734260.7192526460 1654975.0341796875
187418169.3074381948 1721354.8417968750
183267448.8546972275 1529837.6142578125
180815930.5617520213 1338193.2993164062
187529906.5097754300 1723295.4365234375
185802927.7264049053 1656621.5800781250
180385215.2292119265 1274390.4326171875
180301750.3003107905 1263861.9648437500
180385455.4750658274 1277092.3940429688
180338308.3519925773 1264205.8959960938
180291695.0937262177 1257438.4746093750
187429028.5832371116 1721373.9248046875
187523308.8540337086 1722188.0810546875
187628572.4282867312 1726072.1855468750
180364903.4210839570 1270536.0581054688
187646049.4908551574 1726382.7568359375
187571554.9256925285 1723683.1757812500
182288510.2910665870 1431182.0649414062
182395012.3125496507 1438873.1870117188
182296674.1203491390 1433313.2407226562
182638279.8724335134 1453663.2294921875
182685741.0343307257 1453959.7841796875
182741210.2916098833 1458912.8515625000
182673505.3322465420 1453892.5195312500
182694707.7808730304 1456804.5039062500
182590139.3163466156 1451678.4121093750
182758947.8937965930 1460131.1206054688
