179036416.7528909445 1189393.1389160156
181430544.2769724727 1424661.7548828125
183354865.8671820462 1569380.5629882812
187134629.1980357766 1728829.2568359375
187436191.5944507420 1739485.2392578125
188676860.3531303108 1767501.8173828125
190728978.8021415174 1795401.5263671875
192988290.3761144876 1804829.2353515625
177373036.4010086656 834906.2939453125
179142570.0234774947 1201306.2517089844
189143131.5713818967 1775683.1455078125
180365306.9351642728 1321844.6806640625
181462728.1155299544 1427709.5678710938
181838433.3023389280 1440714.1010742188
181596919.8403833508 1437439.7363281250
187211298.8850701153 1735327.5615234375
187262755.6004882753 1739484.0341796875
189321415.4566013813 1779153.1064453125
178986962.8829675913 1182383.3850097656
181599007.7059585452 1439369.4731445312
182681220.0856193304 1521045.1972656250
179087723.6805188656 1199113.3601074219
178909292.2031057477 1179382.3771972656
178946922.4526894093 1180526.3586425781
177733958.8089217544 963928.2578125000
177755743.5280835629 964389.4882812500
184398054.3121692538 1620225.5771484375
178357950.6954761446 1089480.5268554688
187438487.6091126502 1743424.3554687500
178362696.2876927853 1096255.5444335938
181831089.7355932891 1439986.1381835938
185109887.8936613202 1657179.6240234375
188847770.4855299294 1771163.5595703125
189345020.5956949890 1780204.2490234375
177878884.7358701527 989568.7243652344
180158984.2922959328 1312205.8598632812
181522149.6535629630 1434435.5029296875
181482310.3100741506 1430242.6835937500
181332577.3936012387 1423483.6748046875
177969818.5919033289 992241.2114257812
179046845.5311742425 1193904.3728027344
179703831.1060878038 1267615.5388183594
183339885.2513179183 1569278.2231445312
185520935.2164086998 1675561.5722656250
187552648.0138545334 1746676.8349609375
191476200.8356314003 1798800.2080078125
178215740.2185210586 1070179.1787109375
180037553.4374123216 1302271.5756835938
182411894.2150714397 1502618.4018554688
182778459.0669501424 1529774.4707031250
185763913.1688397825 1681863.6962890625
179712312.3999604583 1269268.5637207031
190482631.1387234926 1793460.5966796875
193547890.0109810829 1806140.8779296875
177858094.8766536117 987688.4326171875
190838790.6835091412 1795590.2041015625
177523722.6031977832 912499.4638671875
179130205.7835426927 1201123.1467285156
183316657.6005168259 1567583.1889648438
189013643.6808459461 1774246.7822265625
177384058.0168968737 836665.2365722656
181272934.8545700610 1414125.4101562500
193085374.1902376413 1805522.0986328125
181185173.7575337291 1409516.9394531250
183426316.7476228178 1573509.8715820312
188696806.3446077406 1770274.0087890625
182770621.1551834941 1529700.2041015625
183359763.3594727814 1569815.8999023438
193536838.9448481202 1806068.3916015625
182598166.7487244010 1516945.0947265625
183401476.0543371439 1572344.9477539062
188439969.6858834028 1764092.7353515625
177567481.1214267612 924281.1269531250
189236240.9009185433 1778364.6572265625
185810950.3850847185 1685282.1318359375
185516636.0160277784 1673435.7812500000
177823913.8377603590 984783.3217773438
178322724.2697448134 1086034.9423828125
185399467.2192608416 1669572.9785156250
185669369.0362713039 1681402.6386718750
183448538.9895773828 1576995.7553710938
188087257.5521791875 1757928.0400390625
185135108.4763792753 1658478.0683593750
188260429.7213204205 1761421.0224609375
177543430.7423044443 918150.2739257812
178903989.5991255045 1173888.1687011719
181121800.0317481756 1403834.1611328125
187745559.8477230966 1750772.6767578125
191468173.4200068712 1798515.6962890625
180110111.3003846407 1305250.9716796875
184638266.7666763067 1636010.0566406250
188336309.6412950456 1763464.5205078125
191553770.1174482703 1799642.3603515625
184699207.2287061512 1636310.6318359375
189343149.2503860295 1779667.2060546875
177793796.3813374937 977337.9677734375
179139396.9055024981 1201158.4162597656
189319491.5641302168 1778677.2822265625
189188368.0765650272 1776514.5341796875
193087704.8807916641 1805558.0615234375
180049279.7073519230 1302853.7351074219
185565514.8340329230 1677084.6601562500
187934767.2811767161 1755835.1767578125
178995478.9732934237 1189195.9743652344
187735714.6386764944 1750595.4248046875
177635990.5999457836 941975.5087890625
181147922.2903246284 1404218.3603515625
189102540.9622724652 1774438.2490234375
181275971.6817384064 1414167.3144531250
189456703.9407988787 1782019.9736328125
189133763.3073659241 1774835.4931640625
179988783.2204419971 1295193.9846191406
187794785.7649676204 1751227.5107421875
194004596.3320285380 1806262.2822265625
179930568.5903196335 1291347.7150878906
183594808.6973899305 1582349.1625976562
189397102.7593502402 1781311.1494140625
177647688.2456251681 944542.8901367188
182483790.5508677959 1509610.6933593750
189616552.8467682004 1783578.2900390625
179829703.6362802386 1277315.1320800781
180960961.1230424643 1386400.8198242188
182574154.8398848474 1515712.8349609375
180950833.5944508612 1385854.7387695312
182805279.0808844864 1532727.6762695312
193255748.1098140478 1805636.0830078125
179834266.6824162602 1279161.0197753906
177733540.0066671968 959738.6298828125
177654729.6692775488 950111.8417968750
179906360.8095523715 1285841.1501464844
193874378.6591690481 1806171.7509765625
178204101.4657538533 1067652.1030273438
196526429.3238888383 1806797.3408203125
188327824.3262895048 1762083.1318359375
178237360.3805485368 1076437.9213867188
181014650.9712910354 1392320.4086914062
184701327.1281906962 1639471.7041015625
177611389.1171240509 934570.2993164062
183950542.8919036686 1600075.2714843750
184912261.9200878739 1645393.1220703125
196515785.3010367155 1806779.6337890625
180967603.6853154004 1387420.6230468750
179861908.4296664000 1283615.0876464844
179966415.8195430636 1291915.1599121094
180923196.8394114971 1382148.9760742188
186540721.2258505821 1709746.7988281250
187644714.3272646964 1749079.0751953125
179802804.8286991119 1276341.2761230469
182686746.4712487161 1523575.0175781250
182709154.1024097204 1527080.0214843750
186576530.8501963317 1710974.3330078125
179633490.4880933762 1254129.1574707031
192705598.2378510237 1803478.6767578125
191453354.0072633624 1798321.2783203125
192934450.7787963152 1804684.0732421875
177547291.4955252111 919650.3457031250
177561472.8857106864 922670.0124511719
189163476.7678777277 1776367.3271484375
177411161.4445144534 858452.6638183594
182800396.9086631238 1530751.0019531250
180976282.3304877579 1387633.1411132812
184682243.6416528523 1636104.0214843750
189917567.2771348953 1786020.1123046875
183933022.0492209196 1599977.1474609375
191527965.4892116189 1798896.7607421875
177582382.6946693659 928836.6518554688
179219872.1166126728 1211671.0520019531
179588270.9558891654 1250239.4030761719
187514140.6413733959 1744546.1074218750
191070437.5045601130 1797317.9716796875
179246499.4699955583 1214933.7570800781
179176701.0754194856 1207591.4602050781
179640003.3231179714 1257743.2502441406
179676732.7266775966 1261706.7768554688
182642334.8037113249 1520609.5664062500
183280969.0437484384 1562724.3344726562
183132017.8156682551 1548820.3393554688
196337748.7725193501 1806632.9384765625
183872599.4655314982 1597468.8330078125
186626479.5060147643 1713662.4326171875
179701478.2567610741 1263884.0085449219
183853829.5503087938 1597141.3974609375
183950811.2228046060 1600643.1240234375
179754224.7490245104 1269922.5893554688
179220230.3843465447 1212015.5983886719
186401400.8705946803 1706313.2480468750
192002548.0418421626 1801240.0947265625
184408691.9070255458 1625350.5205078125
185788846.6056593955 1685096.9775390625
177458082.1039748490 871532.8413085938
177618223.6700452566 937596.8247070312
193021952.6499474347 1804884.2353515625
193020802.4086937904 1804858.7724609375
177559962.2187023163 922554.7661132812
184526390.8364027143 1632158.8115234375
184486922.3088690341 1629622.9707031250
186043965.9456071258 1693615.3750000000
177468742.9806597531 878830.5205078125
180773621.9043479264 1367807.7626953125
192998555.1363919675 1804840.2412109375
184501017.4487840831 1630130.1484375000
186169712.0715424716 1697882.9658203125
189882567.1963599026 1785752.5126953125
178134416.5649915636 1050664.8911132812
178330472.1427460015 1088240.3579101562
192264806.9439157546 1801805.0263671875
178156926.3444471061 1055554.1579589844
177410734.0107440352 855146.4345703125
191368928.2421630621 1797950.1025390625
179170980.2240020037 1206805.8229980469
179371949.4056912661 1224550.9729003906
185852375.7886680663 1687888.4589843750
183909013.8248851895 1598959.3310546875
189929328.8330860436 1787181.9169921875
178277844.1800360680 1080287.5937500000
180827445.8000837564 1372630.5976562500
179148660.4866089821 1204362.1462402344
180754583.4737845659 1366666.2314453125
184440586.9530788362 1627389.8662109375
184556716.2872462571 1632897.5986328125
178177900.2996668816 1055921.9958496094
180693242.9994252026 1356033.4565429688
177486548.2254708111 878995.8388671875
177402048.1812454462 846324.4526367188
177408328.7249062657 848175.9355468750
177433047.4337892830 866932.8544921875
192858074.6298321187 1804080.2861328125
191884674.1875896454 1800913.7392578125
190205353.8829322159 1789288.3544921875
185571627.9555962980 1677900.6230468750
192533796.4381989539 1802522.1884765625
192876659.3807834685 1804117.1279296875
185834010.1331734359 1686606.4179687500
186526428.4453037977 1708817.0058593750
196132478.6655182838 1806265.0869140625
186543887.0369709432 1710642.2011718750
196279982.0552247763 1806443.3232421875
186803268.6133236885 1720180.4580078125
179566512.4546813369 1245585.0070800781
179441504.4573454857 1235118.3503417969
186794402.8280193210 1719350.1523437500
179604521.1739859581 1253074.6975097656
177512367.2102509141 888297.0766601562
179432932.2123242617 1229440.4953613281
177512373.2183566093 888489.2634277344
185774460.1028529704 1683717.8408203125
185779858.0816809237 1683970.2490234375
183370167.2196458578 1570093.5346679688
180749130.7636545002 1363691.5249023438
191047437.5760947466 1797171.5576171875
196146261.0096198320 1806371.3095703125
178791107.3714338541 1153737.2658691406
182983110.0434792042 1544324.5576171875
180700006.3079482913 1356361.4140625000
183970012.4477584660 1601157.0029296875
183161530.5928926170 1555665.4404296875
186772956.4300542474 1718482.9462890625
186688290.5199773014 1715905.9033203125
192365980.7769490182 1802103.6259765625
183978796.1922241449 1603063.5380859375
184200848.7255750299 1614649.9560546875
186689512.6427866220 1716479.4902343750
191035198.6434943080 1797069.9814453125
190358322.3282247186 1790894.5234375000
190374434.9852286577 1791130.4404296875
192289550.6289697587 1801829.1064453125
178742704.2520399690 1143047.4719238281
178117655.7455512583 1034438.6545410156
177981095.9686037004 1003559.5834960938
184123098.6749972105 1610518.6259765625
190128463.3666539788 1789020.6767578125
186941518.3351050317 1724137.7890625000
184001023.8588356078 1604657.5439453125
183732659.9077409804 1590260.8281250000
178734739.7942077518 1141095.1884765625
192228592.0202870667 1801478.7216796875
183040937.4374080598 1545976.7558593750
191006603.3368522525 1796312.2841796875
183202086.3116706312 1557071.1230468750
178107690.9775505364 1021660.7946777344
178788669.5818578601 1152169.8916015625
190455842.4789041579 1792675.7783203125
178075262.0799257159 1017057.7590332031
177980570.3121886253 994831.1872558594
178013350.3139855862 1007723.0549316406
186152084.4046160281 1694074.1767578125
178056760.6535740197 1015290.8859863281
178006699.2963663638 1006317.1789550781
178784061.5552053452 1148030.0346679688
185004274.4678984284 1646247.0166015625
186263129.9337840378 1698190.3798828125
178682614.9509242177 1131216.7929687500
178698000.3774602115 1131299.2700195312
178093508.7307150066 1020257.7219238281
178659391.1784245074 1123560.7460937500
178621204.7556064427 1118666.3017578125
178561798.3123839200 1110704.8955078125
178642766.6132671237 1119239.7136230469
178543792.4077666104 1103739.7890625000
178078489.8269693553 1020163.1147460938
