189801653.4639188945 1784560.0126953125
178255008.3619572818 1071977.5986328125
178494986.9403434694 1098499.9753417969
179750277.5982601643 1268095.8315429688
180234505.8767790794 1288435.9785156250
181303802.2033753991 1410195.6035156250
182876887.9426817000 1534915.9003906250
182642334.8037113249 1520609.5664062500
183280969.0437484384 1562724.3344726562
184681947.5437924266 1635918.8867187500
179264641.8153170943 1212194.2253417969
181280635.9013013244 1404549.6596679688
181152653.9955573380 1399762.6557617188
182716081.4939054847 1527008.4335937500
188195740.4935585856 1756850.5849609375
189750044.2579773962 1784227.3232421875
189176034.4477539361 1775343.7382812500
193873863.4587315917 1805898.2998046875
182701724.6618501246 1523502.1250000000
187631532.9804111123 1746080.6953125000
187865879.8778666258 1750932.0712890625
183132017.8156682551 1548820.3393554688
183335562.5548916757 1567499.4428710938
193349530.1868339479 1805242.7607421875
196337748.7725193501 1806632.9384765625
179745028.2191043496 1267267.8569335938
183872599.4655314982 1597468.8330078125
186626479.5060147643 1713662.4326171875
179701478.2567610741 1263884.0085449219
180004819.4676319957 1286499.9165039062
183853829.5503087938 1597141.3974609375
183950811.2228046060 1600643.1240234375
179848354.9389995337 1277052.4218750000
177488663.0513618588 884014.8630371094
177720427.4492013156 952939.2534179688
179754224.7490245104 1269922.5893554688
189205334.2878628373 1776237.4892578125
185819228.2868142128 1685480.1718750000
177571006.9003514051 923083.2807617188
179220230.3843465447 1212015.5983886719
179816095.3882407546 1274509.3764648438
182844095.2657223940 1531856.1928710938
186401400.8705946803 1706313.2480468750
187424478.0071140528 1740292.7373046875
179812314.8400324583 1274138.7453613281
183640747.6935103834 1584842.9174804688
184467811.7056057155 1629433.5839843750
185645398.1904565692 1678551.1494140625
189589583.6821128130 1783184.7353515625
192002548.0418421626 1801240.0947265625
193302581.5389703810 1805089.7685546875
177752684.6242578030 955422.2727050781
177685801.8868564367 944587.0458984375
178298545.9801917970 1080358.3339843750
180927529.2693969309 1384301.5454101562
183240979.4906482100 1557317.9794921875
183540962.7073725760 1578159.2202148438
184524992.7071091533 1631533.4775390625
184408691.9070255458 1625350.5205078125
184681148.0596099794 1635858.0146484375
185788846.6056593955 1685096.9775390625
185430033.7268526554 1670854.1503906250
188101326.6120674610 1755512.5654296875
193588330.6996029913 1805898.0595703125
185721170.3411276042 1682715.9101562500
177458082.1039748490 871532.8413085938
177618223.6700452566 937596.8247070312
177588650.5635296106 927163.8286132812
178913496.1081659794 1171756.4870605469
182819662.6060365140 1531032.1147460938
187544340.8683823347 1743454.0849609375
179134008.9400945306 1200185.2019042969
193021952.6499474347 1804884.2353515625
192949466.5129819214 1804568.5595703125
181012056.4867484272 1391081.0102539062
185943790.8855736852 1690859.6376953125
180969671.7411794066 1386882.8554687500
182848496.6438277066 1532079.7690429688
193020802.4086937904 1804858.7724609375
177559962.2187023163 922554.7661132812
179789737.5484664440 1270584.6030273438
189117277.1671164632 1774316.6455078125
184526390.8364027143 1632158.8115234375
184486922.3088690341 1629622.9707031250
186043965.9456071258 1693615.3750000000
179685635.9449266195 1260416.9943847656
189264393.2590305209 1777182.9384765625
177468742.9806597531 878830.5205078125
180637987.7588879764 1354168.2656250000
188268244.5382599235 1758478.6162109375
179094512.9027920365 1197016.6071777344
180716901.7956098318 1362518.6044921875
180888211.5943669379 1379753.9272460938
180773621.9043479264 1367807.7626953125
187620834.7789102793 1745765.4218750000
188187878.0240381956 1755755.2998046875
192998555.1363919675 1804840.2412109375
188498349.4119480252 1760564.1474609375
184501017.4487840831 1630130.1484375000
186169712.0715424716 1697882.9658203125
187834019.7124695778 1749806.9160156250
187514407.4387789965 1741738.9316406250
178249269.5607717931 1071904.3999023438
187972381.1122263074 1753913.5478515625
189882567.1963599026 1785752.5126953125
178134416.5649915636 1050664.8911132812
178217881.0725919604 1066966.6875000000
178236969.5650461614 1070187.8359375000
183322541.9464910626 1567109.0190429688
189297160.4998117685 1777909.3964843750
192975171.4902969897 1804623.2177734375
178330472.1427460015 1088240.3579101562
178979748.3218373060 1181572.5822753906
192264806.9439157546 1801805.0263671875
177543926.6025886238 915339.6550292969
177534348.1932397485 912077.8608398438
178156926.3444471061 1055554.1579589844
187618826.9556950927 1744168.7753906250
177410734.0107440352 855146.4345703125
191368928.2421630621 1797950.1025390625
178385358.9671417773 1095322.2626953125
179170980.2240020037 1206805.8229980469
179371949.4056912661 1224550.9729003906
185852375.7886680663 1687888.4589843750
183909013.8248851895 1598959.3310546875
189929328.8330860436 1787181.9169921875
178277844.1800360680 1080287.5937500000
180827445.8000837564 1372630.5976562500
178816031.4570415020 1158771.0202636719
179148660.4866089821 1204362.1462402344
180754583.4737845659 1366666.2314453125
184440586.9530788362 1627389.8662109375
184556716.2872462571 1632897.5986328125
184609500.0152106583 1633924.0566406250
178177900.2996668816 1055921.9958496094
178926170.9717612863 1173936.5114746094
185122935.8003457785 1656975.9677734375
187648828.2785415649 1746304.7333984375
180693242.9994252026 1356033.4565429688
187654033.5953123569 1746845.5664062500
187809225.6598762572 1748992.6035156250
179600634.1854937077 1246522.7004394531
179687076.4317504764 1260606.1010742188
182857206.1802761257 1532495.7729492188
183607005.7515794039 1582248.7631835938
187734002.3956404924 1748488.4609375000
196526195.0412263870 1806731.7822265625
177486548.2254708111 878995.8388671875
177402048.1812454462 846324.4526367188
177408328.7249062657 848175.9355468750
177461744.6983253658 872925.8503417969
177433047.4337892830 866932.8544921875
182839200.9049912691 1531610.1850585938
184361098.0389149189 1624434.1669921875
187601592.1402028799 1743982.9726562500
189486883.6912570000 1781905.5458984375
192858074.6298321187 1804080.2861328125
182697264.4651186764 1521298.1313476562
184757490.0545139015 1638820.4121093750
190013491.5119910538 1788202.0615234375
191884674.1875896454 1800913.7392578125
192739401.5510970056 1802880.2001953125
182882689.2503437400 1535192.7817382812
190205353.8829322159 1789288.3544921875
190762068.2234261036 1795288.0791015625
192769722.9761261940 1803439.2626953125
185571627.9555962980 1677900.6230468750
189335049.1000466347 1778686.0986328125
192533796.4381989539 1802522.1884765625
192876659.3807834685 1804117.1279296875
178883282.5484457910 1169430.9235839844
185834010.1331734359 1686606.4179687500
185320219.2455160320 1667238.5478515625
186526428.4453037977 1708817.0058593750
196132478.6655182838 1806265.0869140625
179054203.0965794921 1193274.7956542969
186543887.0369709432 1710642.2011718750
196279982.0552247763 1806443.3232421875
178960989.7834998369 1180824.4987792969
191773658.9098993540 1799509.0771484375
187173414.9565617144 1730964.5781250000
186938588.9533167481 1723910.7226562500
186803268.6133236885 1720180.4580078125
187286019.0571440756 1734662.9267578125
178206024.2975906730 1061073.6931152344
179023106.8437261581 1187707.1403808594
179566512.4546813369 1245585.0070800781
190900262.4697614312 1795523.9384765625
191488867.6475513577 1798010.8935546875
179441504.4573454857 1235118.3503417969
185689110.7110294998 1680902.0136718750
189440210.9847286940 1780601.1884765625
186794402.8280193210 1719350.1523437500
179604521.1739859581 1253074.6975097656
183673341.3884288967 1585446.1943359375
187026449.1326343119 1726494.4404296875
183426610.2839783430 1572721.1206054688
177512367.2102509141 888297.0766601562
179432932.2123242617 1229440.4953613281
177512373.2183566093 888489.2634277344
185774460.1028529704 1683717.8408203125
185779858.0816809237 1683970.2490234375
183370167.2196458578 1570093.5346679688
179287153.2892179489 1217483.0217285156
185297349.9644185305 1664078.3134765625
180749130.7636545002 1363691.5249023438
191047437.5760947466 1797171.5576171875
196146261.0096198320 1806371.3095703125
178791107.3714338541 1153737.2658691406
183476540.9830734134 1576531.1303710938
182983110.0434792042 1544324.5576171875
191100007.8732940257 1797273.5810546875
180700006.3079482913 1356361.4140625000
183970012.4477584660 1601157.0029296875
183161530.5928926170 1555665.4404296875
186772956.4300542474 1718482.9462890625
186688290.5199773014 1715905.9033203125
192365980.7769490182 1802103.6259765625
195765301.7366455197 1806052.2666015625
182605601.5900590122 1509729.4423828125
183978796.1922241449 1603063.5380859375
184200848.7255750299 1614649.9560546875
186689512.6427866220 1716479.4902343750
186759605.1919632554 1718238.9375000000
191035198.6434943080 1797069.9814453125
191217769.8870279193 1797453.2197265625
191211729.2414051294 1797432.7216796875
190358322.3282247186 1790894.5234375000
190374434.9852286577 1791130.4404296875
192289550.6289697587 1801829.1064453125
178742704.2520399690 1143047.4719238281
178117655.7455512583 1034438.6545410156
177981095.9686037004 1003559.5834960938
184123098.6749972105 1610518.6259765625
190128463.3666539788 1789020.6767578125
186941518.3351050317 1724137.7890625000
184001023.8588356078 1604657.5439453125
183732659.9077409804 1590260.8281250000
178734739.7942077518 1141095.1884765625
192228592.0202870667 1801478.7216796875
183040937.4374080598 1545976.7558593750
191006603.3368522525 1796312.2841796875
183202086.3116706312 1557071.1230468750
190499535.7505417466 1793101.1162109375
178107690.9775505364 1021660.7946777344
178788669.5818578601 1152169.8916015625
191701480.3602055609 1799337.8466796875
190455842.4789041579 1792675.7783203125
191653183.5236018002 1799094.2314453125
188648263.0521996617 1761727.6464843750
178075262.0799257159 1017057.7590332031
177980570.3121886253 994831.1872558594
178013350.3139855862 1007723.0549316406
181641817.1614395678 1424213.1918945312
181507065.6103058457 1417533.1953125000
181792644.6485281885 1424456.2646484375
181504604.1913031042 1416803.9506835938
181414134.2334016860 1413185.5463867188
181459237.6955314577 1415606.0512695312
188576653.5391646028 1760572.8642578125
181989100.6194003224 1424667.7685546875
186152084.4046160281 1694074.1767578125
181525858.3601581156 1421423.2387695312
178056760.6535740197 1015290.8859863281
178006699.2963663638 1006317.1789550781
178784061.5552053452 1148030.0346679688
184961845.4732584357 1642787.2207031250
185004274.4678984284 1646247.0166015625
186263129.9337840378 1698190.3798828125
178682614.9509242177 1131216.7929687500
178698000.3774602115 1131299.2700195312
177895632.0738824606 964020.6826171875
178093508.7307150066 1020257.7219238281
178659391.1784245074 1123560.7460937500
178621204.7556064427 1118666.3017578125
178561798.3123839200 1110704.8955078125
178541182.6605342031 1100813.5109863281
178642766.6132671237 1119239.7136230469
178543792.4077666104 1103739.7890625000
177906703.3461923897 966880.7885742188
177873229.1474882662 960363.0971679688
177962070.2032032013 984675.9023437500
178078489.8269693553 1020163.1147460938
188905078.6327547729 1764070.4814453125
188778022.9665227830 1762054.1982421875
177953657.4506868720 979805.6611328125
188859088.2027807236 1763097.7744140625
177972919.7574511468 988971.5107421875
177932675.5226748288 976222.3916015625
180568718.1655230224 1313985.0224609375
180393290.2673671246 1291214.2080078125
180413844.6184565723 1294231.2446289062
180500142.6248896420 1307172.0136718750
180480622.9434726238 1304681.7626953125
180566295.8212514222 1310843.9667968750
180520646.1810009181 1307295.5996093750
182288510.2910665870 1431182.0649414062
182395012.3125496507 1438873.1870117188
182296674.1203491390 1433313.2407226562
182590139.3163466156 1451678.4121093750
