179559999.3676717877 1261542.5737304688
177292725.9323943555 839747.6289062500
180058752.2601735592 1313415.4316406250
184733107.9259600043 1640340.3935546875
184949372.5188796818 1653918.7998046875
185273955.1817316711 1668005.0556640625
193581389.5481394231 1807963.2529296875
177773224.5003577471 985243.6113281250
182852052.9909821749 1542720.1704101562
193602990.8982627690 1807999.0029296875
179685830.3324292302 1267748.5717773438
182410345.4321017861 1517579.1889648438
178788263.5250982940 1158177.0405273438
184916185.6036680937 1652800.3974609375
189382339.9431240857 1780220.4072265625
190876125.5738831460 1796597.4091796875
178687429.1169358790 1155118.7358398438
178647225.1862326562 1143833.4755859375
180270214.6775283813 1329462.5273437500
185192165.0743117630 1665090.4013671875
189123603.1504980624 1777807.6513671875
177430341.1940707266 876499.1220703125
180365172.5701771975 1336850.7006835938
182669857.4181751907 1533140.0415039062
191415623.1129358709 1800358.9033203125
180203690.9374848604 1327396.6499023438
186514120.7704423964 1716168.3261718750
177868299.7385091186 998167.5810546875
177916865.4347834885 1001452.3408203125
186825953.7143094540 1728524.9111328125
177784940.0127165914 989641.3125000000
184941821.6446694434 1653276.5048828125
177389067.4472935498 873340.4206542969
177749798.5829629302 980061.2700195312
182717717.8505362868 1536501.5356445312
182868120.1249395609 1544694.1416015625
180108971.6039245725 1317431.4521484375
189284189.7097268701 1779883.6064453125
180125946.7893429101 1320399.9223632812
193516439.2038690150 1807502.3974609375
186265745.1871733665 1710026.1865234375
178506664.0721194446 1127152.7128906250
180091187.3733249307 1315209.6904296875
185015250.4890596271 1656649.2451171875
189212855.5253495872 1778756.5810546875
179689895.7384273410 1277468.7810058594
178319555.6422682106 1096762.4245605469
180154998.8736227155 1321018.6347656250
180047962.4668676257 1312497.8330078125
182687150.3686672151 1533518.2368164062
186985117.9344540536 1733966.3994140625
190393501.8680569530 1793967.5048828125
190736801.5647257268 1796326.2939453125
182674651.3911834061 1533324.3618164062
188622762.8830982745 1769836.9033203125
194596203.3131898642 1808052.6298828125
180236812.1099100113 1327654.9746093750
177704785.5605168045 971475.1791992188
182671125.4390752017 1533189.1137695312
178379815.0869780779 1102696.3713378906
178380065.2748056650 1109226.1818847656
179504501.8248323202 1256291.8503417969
191320008.2051074207 1799601.9130859375
186245395.0759670436 1708442.5234375000
186367021.3528617620 1714197.3535156250
189019173.8511246741 1777772.3623046875
190184071.7846460640 1790738.5029296875
186433802.8699258864 1715217.6083984375
191227051.9169397652 1799142.8623046875
182550412.9062159061 1524342.3554687500
185154059.2547725141 1662091.2587890625
187404121.7305515409 1743631.4658203125
188301292.1171247959 1763385.0439453125
177315486.3789538443 840601.5385742188
188988655.8834677637 1776246.3974609375
193523713.7493830621 1807851.0888671875
179806951.7602103949 1289119.5700683594
179889030.3209788799 1297959.2534179688
191971223.0651469231 1802016.8134765625
179959848.6372938156 1305607.5334472656
182508206.6802466214 1522428.3339843750
177648529.5919807553 960144.1508789062
182629256.0759740174 1532137.9516601562
185083549.2826106548 1660934.4296875000
178535517.4759705067 1132771.6738281250
186941802.8840188384 1732145.0615234375
187527130.8843843937 1745571.5478515625
188997435.3276469409 1776834.1025390625
190178463.9779709280 1790603.3369140625
191085686.1989128888 1798594.7822265625
179817396.9433966875 1291731.3986816406
185040538.7558925748 1659404.8369140625
190310794.5158256590 1792783.9326171875
192182053.9435962141 1802263.2041015625
179802048.3172404766 1288992.0534667969
186340983.0325050056 1711229.9072265625
190445476.1617776752 1794227.2216796875
181088634.2327794433 1400739.4599609375
177694143.7666755915 970032.6303710938
182597697.1638429463 1531154.5375976562
193396246.9033125341 1807077.7470703125
186397376.4374562204 1714666.2490234375
178584440.4975902140 1140506.3813476562
184858179.3958302140 1650262.7822265625
186562868.1005330682 1719882.3300781250
191412189.8545117676 1800330.0126953125
193308818.7021413147 1807007.2138671875
186585783.1960314512 1721351.5664062500
190635988.7662705481 1795796.6220703125
177694118.6453611553 968851.1030273438
188136585.3819935024 1759366.7763671875
179838837.4486480951 1293109.8405761719
191653938.4285602868 1800758.8486328125
177624243.8062958419 947579.9072265625
181488765.6092968285 1426889.9316406250
187194795.7061417103 1739467.4130859375
179313413.2562590241 1231165.3215332031
179479642.3614786267 1250598.5983886719
181318593.7632054985 1419787.0683593750
193460468.4929618537 1807322.4560546875
182541670.4750720859 1523686.5571289062
177333897.8180302083 845064.4562988281
179928408.2242043018 1299191.8034667969
177615907.6143704057 944744.0244140625
177717652.4163289964 974256.5190429688
179772226.6136040688 1285335.2258300781
191813184.9818780124 1802001.9091796875
179431415.8048986793 1250116.7038574219
177658293.5216755867 963130.3149414062
177799019.4864619970 991516.6791992188
179510774.5217593610 1257611.5173339844
181119442.0881302357 1405472.0859375000
181057177.7065443993 1399652.1396484375
186530755.3787032366 1716837.1279296875
181099923.2386767268 1402706.8095703125
184893259.5570378304 1652783.5429687500
179723463.7213847041 1282659.4523925781
193370580.1933593750 1807009.0009765625
178553955.3142179847 1135403.5344238281
188160903.5263478458 1761230.3339843750
188367200.1820639074 1766702.1416015625
183717615.6997744143 1593923.5722656250
183960682.6723198593 1605659.7841796875
183709946.2797232270 1592730.7412109375
184027987.1627695262 1607869.3759765625
191369104.8991909921 1800278.0107421875
184881252.7350381911 1652024.9013671875
177283863.5003860891 828328.9335937500
190126577.5734519660 1789908.6337890625
190942372.2473050058 1798063.0341796875
178493585.2380597293 1125586.8996582031
191800910.3512988687 1801504.5029296875
177764380.2204292715 981672.5263671875
193139348.1854651272 1805790.6259765625
193168471.8997285664 1806319.7001953125
178456221.4330397546 1120866.0722656250
188691163.4737956822 1772867.0009765625
183715332.1161700785 1593676.7509765625
190571719.0155306160 1795449.8095703125
183580366.6611490250 1585739.0908203125
183291965.1560554504 1570508.5356445312
184819721.8136593401 1649290.9765625000
183143189.6037890613 1562080.7250976562
189003060.9736306965 1777284.0009765625
183401197.8706929982 1575223.9477539062
184953080.9733770788 1654374.7568359375
183216943.0890861154 1564357.1713867188
177597120.9547962248 944306.5683593750
193056750.7200433910 1805613.4091796875
187104631.5748419166 1736726.8701171875
187373812.4118701220 1742995.0986328125
189135867.4476100206 1777988.6396484375
183504781.3055402339 1581239.1342773438
177981048.6860435009 1019689.6137695312
182938600.9058568180 1547835.9008789062
188874998.1852168143 1775348.1416015625
179593414.2699488401 1266369.6853027344
179563732.1081892252 1264959.5954589844
177590784.8207919300 937459.3715820312
184974528.2051526010 1655507.3115234375
178358171.6138901114 1102626.9589843750
177380759.5845373273 862837.5285644531
177356776.6510982513 857340.8547363281
184366933.1331574321 1623450.2929687500
179426889.2775260806 1247920.0461425781
177372384.4354211986 859336.4147949219
177341189.1242560148 854009.2751464844
186761926.8835513294 1726668.0781250000
183398200.7197467387 1573872.9003906250
190901542.7284618914 1797355.9072265625
178425771.0346153080 1115315.5009765625
178336747.4214620292 1098879.5458984375
177921208.9342718124 1005801.0942382812
178398621.7592436671 1112039.5253906250
177920376.7853433490 1005170.9428710938
184210698.2570271790 1616393.1875000000
177923707.7017893493 1007758.6484375000
184314808.3078719676 1621503.6044921875
188547788.8001437485 1769510.5791015625
177929639.6616980135 1012940.9692382812
185835289.6721225977 1690480.4892578125
189156303.9386764467 1778424.2197265625
185927818.9344389737 1692606.1796875000
178227076.2342049181 1077752.3916015625
184396291.1767543554 1624273.0644531250
184221176.4782759249 1617413.7802734375
186087185.0633540452 1698188.3984375000
185871205.2319752574 1692115.3369140625
179270297.8125217557 1229620.4328613281
177847958.5351123214 996603.1591796875
179258633.2242636085 1228048.7141113281
185653759.8562614918 1682224.7363281250
188915091.8207856119 1775933.1083984375
183089590.7940237820 1557842.0297851562
185472536.4515322447 1675601.5273437500
179371701.9839292765 1240181.9353027344
179318896.1842032671 1236369.0773925781
183043916.3243915737 1553632.1840820312
177450974.0674116015 892391.5117187500
187055756.7160923779 1734964.6796875000
185835206.4802357852 1688047.5654296875
185562829.4849316478 1678399.7197265625
177567855.7214853466 929341.4350585938
177516811.3165356219 914328.9453125000
181926836.8375577927 1446582.5219726562
181873866.6562949419 1443640.9965820312
181822535.7918744087 1441735.5903320312
177468413.3880034983 900205.2563476562
178249145.8090906739 1080050.1748046875
177451413.0551452339 894234.6176757812
181788879.0699660182 1440828.0434570312
189528138.7761140168 1782428.4990234375
192794813.6817429364 1804439.2177734375
178188952.7326574624 1068118.7622070312
188655062.5500206053 1772198.9833984375
187596229.8410278857 1747505.9169921875
180948229.8870373964 1389197.0854492188
185713152.3320107758 1684840.5478515625
185774996.8729285896 1687457.7802734375
179208861.6591606140 1220885.2795410156
185453162.0233315527 1674693.8291015625
188519337.7403393090 1768871.0341796875
181132874.5754296482 1406645.2626953125
185614997.2073318660 1681875.4492187500
189615717.5832561851 1784138.2001953125
178175104.5723021030 1063140.0668945312
181621716.3087171912 1440242.5385742188
179204528.3737993836 1218547.7705078125
178210895.2483585179 1070907.0874023438
181693385.6785751581 1440714.1010742188
179179963.9617168903 1215559.5612792969
181576263.2949475646 1438855.3969726562
179032527.2384939194 1198407.3166503906
181229243.0277738869 1414387.3369140625
179227242.6857131720 1222455.0690917969
181182176.2931041121 1410450.7314453125
178989921.8728044629 1191754.3647460938
178874516.2953655720 1159495.5520019531
184494623.1463732719 1630404.4277343750
179021257.5000134706 1196033.6584472656
181586965.6192910671 1439939.0693359375
192740681.3691859245 1803516.8583984375
178855851.4237637520 1159104.9538574219
184435623.4284230173 1626006.9814453125
178909292.2031057477 1179382.3771972656
178946922.4526894093 1180526.3586425781
181332577.3936012387 1423483.6748046875
187552648.0138545334 1746676.8349609375
188087257.5521791875 1757928.0400390625
177543430.7423044443 918150.2739257812
178903989.5991255045 1173888.1687011719
187745559.8477230966 1750772.6767578125
187934767.2811767161 1755835.1767578125
187735714.6386764944 1750595.4248046875
189456703.9407988787 1782019.9736328125
187794785.7649676204 1751227.5107421875
181014650.9712910354 1392320.4086914062
187644714.3272646964 1749079.0751953125
192705598.2378510237 1803478.6767578125
177547291.4955252111 919650.3457031250
189917567.2771348953 1786020.1123046875
184526390.8364027143 1632158.8115234375
184486922.3088690341 1629622.9707031250
180773621.9043479264 1367807.7626953125
189882567.1963599026 1785752.5126953125
178134416.5649915636 1050664.8911132812
178156926.3444471061 1055554.1579589844
189929328.8330860436 1787181.9169921875
180827445.8000837564 1372630.5976562500
180754583.4737845659 1366666.2314453125
184440586.9530788362 1627389.8662109375
180693242.9994252026 1356033.4565429688
192533796.4381989539 1802522.1884765625
180749130.7636545002 1363691.5249023438
180700006.3079482913 1356361.4140625000
184200848.7255750299 1614649.9560546875
178117655.7455512583 1034438.6545410156
178107690.9775505364 1021660.7946777344
178093508.7307150066 1020257.7219238281
178078489.8269693553 1020163.1147460938
