189428194.8450092077 1774111.5341796875
195074628.9126468599 1805298.5947265625
180892258.5839124024 1370881.2412109375
180868122.4437777102 1367320.1396484375
180793900.3252751827 1359246.3740234375
194886582.5394329727 1804909.6123046875
177726564.6018430591 910187.2604980469
178076080.0987000465 1019420.4465332031
178968819.8763198256 1168452.5258789062
179126669.2900692523 1180073.4355468750
180810791.8805854619 1366729.7265625000
180939092.3434636891 1377686.9169921875
181197571.2767598629 1394360.4702148438
181218354.1661879122 1398737.6235351562
182932272.0194317400 1531312.3515625000
183185114.0843268931 1549610.2353515625
183320589.7365315557 1555449.0283203125
183614806.8261756301 1574214.6113281250
184051529.0892431140 1598697.7685546875
185301074.9134308100 1656438.7412109375
190610775.4441593587 1793320.5927734375
183001375.1589254141 1533095.7236328125
185441392.7405060530 1664257.8593750000
189473810.8519886732 1777598.9248046875
183023796.7347280085 1534550.0986328125
183116909.6735256314 1543159.3417968750
179255247.1220803857 1198078.7797851562
183040804.4836992621 1541196.6923828125
183518351.1075133085 1572308.6015625000
184178797.0020068288 1604104.7597656250
184514774.7244620621 1620792.4150390625
191686687.8729817569 1796986.6591796875
179180278.5316410065 1189752.6259765625
181058799.0139301419 1384865.7802734375
181792644.6485281885 1424456.2646484375
181504604.1913031042 1416803.9506835938
178872432.7591932416 1155105.3452148438
181364797.4314000607 1407147.8754882812
181658567.0338968933 1421755.3740234375
181414134.2334016860 1413185.5463867188
181459237.6955314577 1415606.0512695312
188576653.5391646028 1760572.8642578125
191279746.5274971426 1796708.9873046875
192494219.5802887380 1800276.5341796875
185384386.3461354375 1662734.6347656250
179349381.3840175271 1204499.1152343750
181022698.4157303870 1379601.3120117188
181989100.6194003224 1424667.7685546875
185359580.2144514918 1659056.5693359375
185170658.0976564884 1654017.9716796875
187060441.2306508422 1722525.3349609375
186807711.6507268250 1716472.8740234375
189432295.4988284707 1777061.9892578125
178873902.4497085810 1158055.4501953125
183641324.8470588923 1576870.1835937500
183669127.3393401504 1579758.9218750000
186152084.4046160281 1694074.1767578125
191688324.6967855990 1797401.9873046875
194873488.1841594875 1804865.6201171875
189308113.8965917826 1773537.2343750000
189406999.0402880907 1773905.5810546875
179265422.2867390513 1198809.2895507812
181525858.3601581156 1421423.2387695312
183166654.3014667928 1548819.0937500000
186595732.7719650567 1710349.1572265625
191221052.3208826482 1796642.6572265625
194435599.7482667267 1802901.4482421875
181663843.7836679220 1423918.0498046875
179336490.4949123263 1201274.6425781250
181087565.5025228858 1389610.5141601562
183226346.9137969315 1551075.5585937500
183140072.2541231513 1547820.4179687500
184939814.4751660526 1640857.0224609375
187259071.2849159539 1726498.1796875000
190606767.7609128654 1793031.4013671875
194527148.3509345651 1803709.7216796875
177765100.1286861897 920490.4445800781
177833988.2049450874 937277.2929687500
178056760.6535740197 1015290.8859863281
178006699.2963663638 1006317.1789550781
178333437.4377081692 1067744.0654296875
183738792.5642990470 1580337.0507812500
190565628.2808064520 1792956.7373046875
178733617.4895111918 1137512.8144531250
183638069.8854863644 1576236.4404296875
190770895.0742748976 1794672.9970703125
178784061.5552053452 1148030.0346679688
186590276.4849078953 1709667.9951171875
188424639.9875924587 1757422.1152343750
190983774.6952246428 1794833.2861328125
191028304.9518040717 1795826.6884765625
194730788.8865531981 1804525.7373046875
179394280.1918833852 1213649.0068359375
178238426.8877242506 1055216.1279296875
178982851.7629240155 1170818.8525390625
179194079.5855454206 1195016.0800781250
180991818.3538534045 1378272.5595703125
183199144.5443967581 1550601.2529296875
186392937.8058053851 1700735.6044921875
190736584.1937938035 1794653.1572265625
190498505.8917482793 1791933.0048828125
194831006.4199812114 1804826.4091796875
178847457.2168728709 1151657.6953125000
181366360.8699831367 1410112.3354492188
187451254.3683826923 1729948.8515625000
185266720.5259525776 1654635.2841796875
185279083.2376290262 1655239.2353515625
192142176.3053428829 1798776.9541015625
192348531.1813268363 1800222.9013671875
178876310.2317950726 1159742.2587890625
184961845.4732584357 1642787.2207031250
185004274.4678984284 1646247.0166015625
178776751.8191064000 1143617.3461914062
179242498.8078440428 1197578.7451171875
186241462.8176877201 1696763.0087890625
186263129.9337840378 1698190.3798828125
186906708.0530959368 1717588.1171875000
187310480.0540278554 1727107.4306640625
188535229.8433861732 1759788.0595703125
186184889.1850020289 1695012.3837890625
187534208.3003286123 1731168.0429687500
190337813.9000844955 1789792.4931640625
178253858.8497750759 1056296.3813476562
178872073.0277549028 1155031.0278320312
186923594.6135738492 1717697.1494140625
186733819.8712696433 1712773.0244140625
178812583.1157414913 1151252.9897460938
187476751.5763300359 1730214.6562500000
187405973.1016130447 1728218.5341796875
188074182.4594502747 1748866.7675781250
186198457.1837777793 1695181.7353515625
179144439.5250781775 1186748.7109375000
189992504.5829578638 1785417.5107421875
190432392.5843582749 1790351.8017578125
179156226.3257470727 1187888.0419921875
179056566.3468196988 1179974.9584960938
184817442.5617492795 1637119.4111328125
190034779.2294343114 1785755.6181640625
192229117.6545279920 1799886.5126953125
187142666.2097780704 1725243.6445312500
178135256.4379383624 1030340.7519531250
178920721.9716023207 1165096.8779296875
178789349.7497965693 1148282.3833007812
180984947.9942794442 1377828.6162109375
184796332.7674545646 1636332.9560546875
184860130.0909622908 1637469.6669921875
187115022.9327672124 1724510.8740234375
178752798.2433508635 1140785.9692382812
180891238.5224016905 1369118.6865234375
180913958.4308864176 1373364.9521484375
187207262.0879993439 1725585.6816406250
187014918.7842989564 1720760.3085937500
177799815.7203204036 933112.1074218750
177742980.9764070511 916791.4262695312
183511454.0016583204 1569079.5087890625
184765619.1016971171 1634911.2529296875
184174025.5100053847 1603623.5058593750
178682614.9509242177 1131216.7929687500
186964776.4805010259 1719864.8593750000
188194182.1368210912 1750538.6718750000
178754303.7509346604 1141379.6215820312
184641900.4071984887 1627849.6582031250
186772138.7423034310 1714228.8066406250
188129617.2026614249 1750300.8056640625
190249567.7146878541 1788132.1044921875
178698000.3774602115 1131299.2700195312
184763930.7736217976 1632857.0146484375
177895632.0738824606 964020.6826171875
178093508.7307150066 1020257.7219238281
178659391.1784245074 1123560.7460937500
184716336.9055111706 1632003.5009765625
189689452.5285320282 1781250.0400390625
194095043.3309598565 1802619.9287109375
188258286.4944167435 1754332.2890625000
189647933.8169274628 1780309.7998046875
191976104.1375757456 1798506.2041015625
191647730.4151382744 1796765.8388671875
177753448.2123764157 919260.6987304688
178621204.7556064427 1118666.3017578125
178561798.3123839200 1110704.8955078125
178302721.2970304191 1063079.2570800781
179388038.6625536978 1210016.7995605469
183475724.4845674932 1567642.9042968750
190259552.4408658445 1788200.2958984375
179481120.1165219247 1220927.7568359375
178541182.6605342031 1100813.5109863281
179369339.2478744984 1209912.4919433594
187828727.3089106381 1739086.7500000000
178642766.6132671237 1119239.7136230469
178366516.0108958185 1075100.8906250000
179833038.9599298537 1255219.7712402344
188346436.4806404710 1755505.7783203125
178275689.0904099643 1060032.8295898438
178543792.4077666104 1103739.7890625000
179976527.2288548052 1271602.0732421875
180255341.2139173746 1277583.3886718750
189877945.2179340124 1784223.0986328125
177798260.8069730699 929778.8325195312
177862037.1856784225 949328.2412109375
180071331.9965128005 1275321.1477050781
178362523.8048754930 1072527.2163085938
178231430.8662663102 1054905.8442382812
178475380.4249000847 1088583.3442382812
184300279.4487664402 1610130.8632812500
184468921.5228534043 1619884.3876953125
178118200.3754291236 1027287.5307617188
183600231.2421073616 1573729.7480468750
180103399.5087856054 1275859.2668457031
180251814.1765016615 1276959.7336425781
181203782.9942182600 1396975.0175781250
179834330.0587870479 1259112.9479980469
183666018.9785607755 1577770.7666015625
179802510.4973736107 1250624.5192871094
184309891.3956535757 1612645.6445312500
184280421.8197269440 1609699.3710937500
178489990.8542330563 1090001.8466796875
178495304.3473840356 1098387.8803710938
178396304.7470773458 1082320.5639648438
178338649.9464233816 1071697.1494140625
178207395.0932025611 1045860.7724609375
187809693.0428120196 1737501.1523437500
189748678.0118459761 1781471.8173828125
183621147.8840335608 1574523.2812500000
184231190.0710472167 1607912.3144531250
194485953.0864059925 1803045.4150390625
178193613.7545160353 1041761.5759277344
177842280.9288305640 944482.4875488281
178156281.2762100399 1037941.3452148438
183852275.1098135412 1586942.9277343750
177906703.3461923897 966880.7885742188
194022288.5048779249 1802380.6123046875
177873229.1474882662 960363.0971679688
181322038.2646040320 1405697.1586914062
177962070.2032032013 984675.9023437500
178078489.8269693553 1020163.1147460938
181309085.8030513525 1405644.6503906250
183933604.7540884614 1589156.7451171875
183993195.9925208688 1593418.8076171875
184008825.1406168640 1596329.9912109375
183738793.5672279596 1581495.4052734375
194098859.7988116145 1802732.9541015625
188905078.6327547729 1764070.4814453125
179929731.2327841222 1266258.7734375000
177858757.3944422603 945165.1298828125
179937148.0328401029 1266378.9162597656
193878847.3420555592 1802335.9677734375
185795563.7517285645 1670681.3574218750
193367599.5772876740 1801237.2861328125
193854793.2495442629 1801923.5634765625
193248186.0504888296 1800900.8974609375
188778022.9665227830 1762054.1982421875
179732158.7056083977 1243946.3342285156
179770649.4204068780 1249904.2336425781
187974947.5861899257 1745773.1425781250
177953657.4506868720 979805.6611328125
179706082.2659370601 1243698.5969238281
177995552.2593064606 995668.0478515625
179687239.9945650697 1241527.0832519531
188859088.2027807236 1763097.7744140625
187946768.3540979028 1744154.6484375000
185925559.2599547207 1681117.9423828125
193674702.4302552640 1801804.9736328125
179446150.2888699174 1214138.8137207031
188014522.8145810366 1747704.7265625000
185826673.7053110600 1671889.6611328125
188485196.3695121408 1757671.8115234375
188200814.8996041715 1751183.7207031250
188012999.9523787200 1747284.6347656250
177972919.7574511468 988971.5107421875
179661680.7580640018 1238670.0520019531
179556891.0503805280 1225956.1477050781
185888615.5860527754 1679486.2392578125
177932675.5226748288 976222.3916015625
193473598.5654252470 1801412.9541015625
185831576.0469810367 1676089.1513671875
193506767.9416364431 1801519.4951171875
186000878.6990641356 1684586.7294921875
193840018.4474777877 1801869.1455078125
193626232.0470657349 1801763.9970703125
180568718.1655230224 1313985.0224609375
180393290.2673671246 1291214.2080078125
180413844.6184565723 1294231.2446289062
180500142.6248896420 1307172.0136718750
180480622.9434726238 1304681.7626953125
180566295.8212514222 1310843.9667968750
180520646.1810009181 1307295.5996093750
180739643.8198151290 1328359.2338867188
182890029.9240101874 1493329.1362304688
182921492.8431736827 1502568.4653320312
189258048.8356284499 1767384.9248046875
182288510.2910665870 1431182.0649414062
182395012.3125496507 1438873.1870117188
182296674.1203491390 1433313.2407226562
182685741.0343307257 1453959.7841796875
182741210.2916098833 1458912.8515625000
182673505.3322465420 1453892.5195312500
182694707.7808730304 1456804.5039062500
182590139.3163466156 1451678.4121093750
182758947.8937965930 1460131.1206054688
