191038682.6193112433 1797137.4482421875
178072553.7700453997 1019689.6137695312
190868795.4660089314 1796508.9970703125
190573903.9396896660 1795443.8466796875
177383637.8597118258 859567.6044921875
184864964.3759723008 1648938.5898437500
185290650.1941482723 1668328.1142578125
188547788.8001437485 1769510.5791015625
191619013.4114968181 1800497.9150390625
177990790.3269187808 1016410.3818359375
177929639.6616980135 1012940.9692382812
183331257.5573348999 1569620.3237304688
178621561.4047157466 1127620.8686523438
186774650.7379151285 1725167.1435546875
177689952.1481666267 956668.7978515625
186652599.1530088782 1720310.0996093750
178651298.7160860002 1128240.0532226562
185835289.6721225977 1690480.4892578125
178040690.1613492966 1017404.5063476562
177628571.3460327387 941263.6474609375
180141718.0742518902 1316337.4775390625
189156303.9386764467 1778424.2197265625
177349322.3172015548 851143.1503906250
182981969.0627923608 1549620.9331054688
185028488.1330543756 1654747.8789062500
191204368.3039635718 1798447.8759765625
178063065.9653651416 1017747.3676757812
182826582.4797686636 1540084.5590820312
183246301.0199896097 1563609.3696289062
178067070.9161094725 1017918.5825195312
178520963.6367028058 1121051.1303710938
177923988.6383989453 1007387.1791992188
186985940.9402109683 1733760.4501953125
180252877.6288013458 1324445.6518554688
178384577.9950023890 1105364.2998046875
185927818.9344389737 1692606.1796875000
188909483.8346506059 1774835.9697265625
190698612.3213622272 1795726.2900390625
177912274.7040268481 998254.8972167969
180060344.5888680816 1308825.1494140625
178581193.7947466671 1127156.3168945312
179793279.3770117760 1284350.3041992188
186533598.6903867424 1715123.1152343750
177421701.6345162392 870710.4511718750
180503389.4659454823 1325726.7978515625
189057837.1474243701 1777338.5498046875
191888451.0557973087 1801158.3603515625
194631945.0763688982 1806930.4970703125
180287837.2978125811 1324766.5512695312
181382904.9655390382 1425219.6093750000
179862688.6177731752 1287424.0712890625
180469797.4831537008 1325030.4184570312
177914804.5680949688 1004056.0708007812
188813958.2222442925 1774273.3291015625
180329333.1351481080 1324959.4677734375
178227076.2342049181 1077752.3916015625
179876182.3542787433 1287764.9296875000
181193432.6170683503 1410601.7382812500
182947670.9846472740 1546900.6855468750
178521527.1158415973 1121060.3583984375
182801610.3034812808 1536952.4252929688
184396291.1767543554 1624273.0644531250
184221176.4782759249 1617413.7802734375
186252719.3694073260 1702419.5576171875
184824810.8429172039 1646609.8515625000
186087185.0633540452 1698188.3984375000
186070956.2610875070 1695593.1025390625
189141899.0431341231 1777351.2568359375
178000267.8928535581 1016769.0122070312
178441081.1817694008 1113561.0883789062
179125418.4760133028 1208406.7590332031
193683065.4242796898 1806680.5654296875
185871205.2319752574 1692115.3369140625
179270297.8125217557 1229620.4328613281
192028283.2984889746 1801734.1123046875
177847958.5351123214 996603.1591796875
179258633.2242636085 1228048.7141113281
185653759.8562614918 1682224.7363281250
197295620.5148090124 1807490.4443359375
180014427.5133132339 1305715.6962890625
182636026.6957974732 1520920.8608398438
184213252.8200776577 1615942.6220703125
197294670.6649493873 1807479.5244140625
179992732.5699837804 1304112.6191406250
179930121.7339803576 1297746.1503906250
188915091.8207856119 1775933.1083984375
183189067.4898409247 1563398.5170898438
179905619.6194702983 1297161.0839843750
183089590.7940237820 1557842.0297851562
178548632.1401390135 1125953.2888183594
182836588.8524628580 1540722.6196289062
184348200.8568744361 1619882.7021484375
184329009.7268433571 1619027.5820312500
177833881.9667389989 988413.8339843750
186475620.7198226750 1713852.2050781250
178412392.9907819033 1109884.1562500000
178387570.2417550981 1105956.6181640625
178345528.5201009512 1096971.1318359375
179586770.0821878314 1261359.1799316406
179859858.1944484711 1287284.5019531250
191671717.0796807706 1800500.9970703125
183794417.7279643714 1591295.3125000000
177380643.3382627368 855681.8203125000
178504020.0969672203 1119901.2973632812
179527722.2528089881 1255597.2663574219
185472536.4515322447 1675601.5273437500
177417081.9165803492 868992.5053710938
197106748.3839194477 1807398.1552734375
197128977.6532395780 1807410.8779296875
179838560.1743056774 1286594.1967773438
192037400.8872602880 1801875.8271484375
178401775.4058718979 1107030.5288085938
179776552.3523446321 1277028.9096679688
185368723.0396970510 1670568.0283203125
191688925.6329502165 1800621.0712890625
191478449.9185261428 1800281.9990234375
190437604.3931667507 1793315.7001953125
177319058.4193589985 837481.4624023438
179371701.9839292765 1240181.9353027344
182666066.7249108553 1525661.3461914062
182795347.8403208852 1536547.2680664062
185182247.8275775015 1661289.9560546875
179318896.1842032671 1236369.0773925781
183043916.3243915737 1553632.1840820312
191443788.5545502007 1800085.8740234375
182881951.7904757261 1544337.4409179688
183577111.5865935683 1577844.7006835938
177450974.0674116015 892391.5117187500
177413871.3728461862 864025.1987304688
179437063.6452608109 1246375.4040527344
177366540.5270330608 854901.4187011719
183588343.6159112453 1579009.9291992188
179144453.7575500607 1209230.6569824219
182743805.3451268077 1533569.1665039062
183899987.5536201000 1599127.6210937500
187055756.7160923779 1734964.6796875000
177485095.6575622559 901285.7705078125
185835206.4802357852 1688047.5654296875
185562829.4849316478 1678399.7197265625
187639014.4351647794 1748011.4775390625
189303063.4870255291 1779211.9365234375
191184658.4627192914 1798033.4951171875
182861847.5922193825 1541359.1440429688
186710809.1257613003 1722740.0996093750
183319988.2672087550 1569064.1909179688
186593126.5265737474 1717484.4755859375
177567855.7214853466 929341.4350585938
179165454.2108212709 1211583.5280761719
179155454.5293278694 1211303.0627441406
190303238.1026269495 1790230.3095703125
177516811.3165356219 914328.9453125000
183919322.5418034792 1600932.4267578125
181926836.8375577927 1446582.5219726562
181873866.6562949419 1443640.9965820312
181822535.7918744087 1441735.5903320312
179783211.5366955996 1277098.0009765625
177468413.3880034983 900205.2563476562
179723810.1182164550 1274423.7583007812
178249145.8090906739 1080050.1748046875
177451413.0551452339 894234.6176757812
187390705.9326912463 1742488.3408203125
193632147.1928328276 1806655.9951171875
181788879.0699660182 1440828.0434570312
189528138.7761140168 1782428.4990234375
194063689.1388142407 1806800.8232421875
184929373.3697183728 1651790.7207031250
192794813.6817429364 1804439.2177734375
190941454.3623280227 1796794.3427734375
178188952.7326574624 1068118.7622070312
179747380.7980833054 1275298.7333984375
183602093.5434097648 1584444.8710937500
188655062.5500206053 1772198.9833984375
181059734.1316148341 1398411.6054687500
181112394.7887661457 1401769.9296875000
187596229.8410278857 1747505.9169921875
180948229.8870373964 1389197.0854492188
188692618.5697356761 1772455.5185546875
179683148.0985623002 1270564.5539550781
184886771.6622975469 1650047.7822265625
185713152.3320107758 1684840.5478515625
185774996.8729285896 1687457.7802734375
185343739.9807971716 1668693.7548828125
179208861.6591606140 1220885.2795410156
183349280.9610250592 1570201.9399414062
183416679.9311442971 1574539.6528320312
193937880.1868658662 1806754.8681640625
183626601.7705188394 1585581.8593750000
187483508.6533402503 1743499.6708984375
188252309.9168448150 1761880.6201171875
185453162.0233315527 1674693.8291015625
188519337.7403393090 1768871.0341796875
181132874.5754296482 1406645.2626953125
185614997.2073318660 1681875.4492187500
185277754.0467654169 1665605.2880859375
193763499.5356874764 1806715.8095703125
188369511.9731294215 1763705.6474609375
187551731.7673306763 1744950.8349609375
179247591.3013060689 1224760.6374511719
177821209.0796789825 985105.2526855469
189615717.5832561851 1784138.2001953125
177762983.6777764857 975828.8193359375
178175104.5723021030 1063140.0668945312
181621716.3087171912 1440242.5385742188
179204528.3737993836 1218547.7705078125
178210895.2483585179 1070907.0874023438
181693385.6785751581 1440714.1010742188
179179963.9617168903 1215559.5612792969
193531758.5780899823 1806242.7255859375
179576822.8600651026 1258262.0046386719
181576263.2949475646 1438855.3969726562
184643133.0812083483 1636947.9013671875
179032527.2384939194 1198407.3166503906
181229243.0277738869 1414387.3369140625
179227242.6857131720 1222455.0690917969
179091830.7368605137 1203284.3737792969
193752907.5660471320 1806694.4443359375
181074672.4429251254 1399714.7075195312
181182176.2931041121 1410450.7314453125
178989921.8728044629 1191754.3647460938
177706748.4584300220 962778.2841796875
178874516.2953655720 1159495.5520019531
184494623.1463732719 1630404.4277343750
179021257.5000134706 1196033.6584472656
181586965.6192910671 1439939.0693359375
193549045.8320135474 1806415.6689453125
183677978.9730547667 1589021.9262695312
178731548.9260084033 1152885.8415527344
189333441.2371287048 1779582.5791015625
193014040.4102890491 1805212.8212890625
192740681.3691859245 1803516.8583984375
178855851.4237637520 1159104.9538574219
177753282.1273233294 968552.0253906250
184435623.4284230173 1626006.9814453125
187262755.6004882753 1739484.0341796875
178909292.2031057477 1179382.3771972656
178946922.4526894093 1180526.3586425781
177733958.8089217544 963928.2578125000
187438487.6091126502 1743424.3554687500
181332577.3936012387 1423483.6748046875
187552648.0138545334 1746676.8349609375
182411894.2150714397 1502618.4018554688
190482631.1387234926 1793460.5966796875
193085374.1902376413 1805522.0986328125
183401476.0543371439 1572344.9477539062
183448538.9895773828 1576995.7553710938
188087257.5521791875 1757928.0400390625
185135108.4763792753 1658478.0683593750
177543430.7423044443 918150.2739257812
178903989.5991255045 1173888.1687011719
181121800.0317481756 1403834.1611328125
187745559.8477230966 1750772.6767578125
193087704.8807916641 1805558.0615234375
187934767.2811767161 1755835.1767578125
187735714.6386764944 1750595.4248046875
189456703.9407988787 1782019.9736328125
187794785.7649676204 1751227.5107421875
182483790.5508677959 1509610.6933593750
182574154.8398848474 1515712.8349609375
177654729.6692775488 950111.8417968750
181014650.9712910354 1392320.4086914062
187644714.3272646964 1749079.0751953125
182709154.1024097204 1527080.0214843750
192705598.2378510237 1803478.6767578125
192934450.7787963152 1804684.0732421875
177547291.4955252111 919650.3457031250
189917567.2771348953 1786020.1123046875
187514140.6413733959 1744546.1074218750
183853829.5503087938 1597141.3974609375
186401400.8705946803 1706313.2480468750
192002548.0418421626 1801240.0947265625
177618223.6700452566 937596.8247070312
184526390.8364027143 1632158.8115234375
184486922.3088690341 1629622.9707031250
180773621.9043479264 1367807.7626953125
189882567.1963599026 1785752.5126953125
178134416.5649915636 1050664.8911132812
178156926.3444471061 1055554.1579589844
189929328.8330860436 1787181.9169921875
180827445.8000837564 1372630.5976562500
180754583.4737845659 1366666.2314453125
184440586.9530788362 1627389.8662109375
180693242.9994252026 1356033.4565429688
191884674.1875896454 1800913.7392578125
190205353.8829322159 1789288.3544921875
192533796.4381989539 1802522.1884765625
180749130.7636545002 1363691.5249023438
178791107.3714338541 1153737.2658691406
180700006.3079482913 1356361.4140625000
183970012.4477584660 1601157.0029296875
192365980.7769490182 1802103.6259765625
183978796.1922241449 1603063.5380859375
184200848.7255750299 1614649.9560546875
178117655.7455512583 1034438.6545410156
190128463.3666539788 1789020.6767578125
184001023.8588356078 1604657.5439453125
178107690.9775505364 1021660.7946777344
178682614.9509242177 1131216.7929687500
178698000.3774602115 1131299.2700195312
178093508.7307150066 1020257.7219238281
178078489.8269693553 1020163.1147460938
