190994258.1635478735 1789825.7001953125
192496157.6225236952 1794282.7900390625
186784506.0740134120 1690816.7128906250
186839337.6235616207 1702883.1435546875
178475115.8336853683 988993.3518066406
178447211.4704936147 982730.0512695312
178520695.7692581713 998093.5495605469
179920382.3442004621 1224025.8540039062
180831116.1905798018 1338585.7329101562
180808929.6139958501 1335614.3969726562
183201321.9360497594 1520069.9697265625
183379868.1547411978 1535447.6875000000
186856888.1287543476 1704081.6240234375
186972229.1538063586 1708869.6455078125
187089917.1438669860 1712269.8300781250
186930669.2884447575 1705497.6230468750
186902090.0813049078 1705368.0478515625
188733197.3026836514 1757571.0986328125
188692006.3083336353 1755736.6923828125
188528417.0393850207 1754505.2392578125
189712695.9690809846 1773866.9677734375
192147420.4988844991 1793137.9736328125
178566533.1854364872 1010167.7546386719
178708499.2522093952 1013319.4392089844
178502028.2972800136 997601.3103027344
178553336.6009187102 998762.8991699219
178594336.3379493058 1011035.2570800781
183845063.6281372607 1563453.8818359375
185588549.6132088900 1638878.4160156250
178422061.6297928691 982110.5495605469
180725326.6196130216 1322521.7895507812
181019812.0416046977 1353919.8090820312
180857429.7023769617 1339546.5737304688
183371816.5994264483 1535265.4160156250
183340582.8848984241 1530552.5146484375
183675214.2124136686 1553524.5917968750
183696584.7243163884 1555434.2060546875
185734260.7192526460 1654975.0341796875
186010145.5555759370 1664061.5488281250
186023692.9777013361 1666728.9521484375
186837447.6047878563 1699478.2792968750
186959498.1611270607 1708039.8613281250
187384386.8625814021 1717767.5449218750
187418169.3074381948 1721354.8417968750
187173558.6500046551 1712425.9804687500
187710900.8852270544 1730844.9785156250
190194811.3239107728 1780139.4560546875
190979846.1855134368 1788161.6279296875
194539178.4878257513 1797562.9716796875
195717887.0062026680 1798904.0166015625
178410444.4335453510 973326.0749511719
178394587.6254948378 960914.7023925781
178395051.9124209881 971464.9626464844
183342911.3372178972 1532320.9472656250
179942564.5198176801 1226352.5600585938
180045825.9192795455 1233164.8828125000
181177306.8029557765 1363212.4218750000
181037117.3148092330 1357353.3110351562
183368178.9218825102 1533810.1523437500
183232451.2317737937 1522763.3496093750
183267448.8546972275 1529837.6142578125
183477551.1289935410 1540169.2685546875
183783905.5159921348 1557049.5576171875
186144882.0226788223 1670167.9248046875
187893828.5903266966 1737998.8164062500
190021804.8063279390 1777782.8759765625
180815930.5617520213 1338193.2993164062
180905602.2800737023 1347103.9262695312
181094679.4693962038 1358461.0351562500
180883568.7169979513 1341405.0458984375
183418406.8128980100 1536033.6660156250
189008990.9435752332 1760132.4912109375
190827123.1947277784 1787849.9443359375
190980349.5525166094 1788284.7724609375
183813733.3971447051 1558899.6718750000
189753438.1864067316 1775023.5146484375
183492228.4810756147 1541795.4492187500
183624046.2280119061 1551157.1386718750
183530909.4259115458 1544336.7148437500
183421949.9124218225 1537266.8320312500
189838058.3957142830 1777578.6689453125
190263033.5952168107 1780163.0029296875
190818508.8575827479 1785950.0439453125
190400431.3564184904 1781789.5927734375
195609091.1557635963 1798707.1142578125
191581542.6458677649 1789865.7607421875
192386542.1091215014 1793510.5224609375
178768017.1087143123 1028427.1721191406
178771667.8632338643 1029532.0759277344
179699837.0553327203 1191032.7236328125
180722719.0152798295 1319679.3652343750
180766493.0136258602 1327561.1772460938
191982494.2507656813 1793008.1650390625
195289087.6160010993 1798444.8974609375
178694563.6610090733 1013141.6535644531
178731722.2328373194 1014377.7087402344
178774490.3884582520 1032503.8015136719
180522889.2561266720 1300491.2910156250
180691757.4502012134 1315857.4877929688
183129720.6479245424 1514155.5615234375
186158483.1177176833 1671069.4599609375
188390125.4694470763 1751475.2871093750
188920463.6510106325 1759290.9453125000
195398500.4175912440 1798652.3427734375
195393118.6664902270 1798606.3740234375
191925281.2907763124 1792332.3544921875
191772619.4113351703 1791350.3076171875
191888661.8693206310 1792309.7216796875
191585109.6504272819 1790632.4736328125
195011941.8933277726 1797981.7353515625
178936647.6214178801 1051786.7451171875
184084046.8562799692 1572936.6093750000
195264841.1314392686 1798393.7685546875
184185560.7928846180 1578182.7607421875
184123571.0133932531 1573347.2509765625
178825354.9225781262 1040253.0156250000
183928609.9745750129 1566195.4707031250
188263932.2427707911 1746892.1337890625
195075529.1544692516 1798247.7314453125
190654901.2120507956 1785637.2060546875
178804650.5368570685 1033543.2595214844
178982237.9759401679 1053859.4289550781
183173198.8596833944 1517981.7187500000
183044455.1501908004 1507137.5278320312
183089740.3905062675 1511418.3388671875
185912163.4506689906 1662515.2187500000
187529906.5097754300 1723295.4365234375
190533133.3311390877 1784322.0556640625
178841557.3799911141 1040730.9489746094
178907383.0072583556 1051613.1086425781
178808751.0499275327 1037151.1657714844
179827396.7896898091 1213802.4858398438
179684669.2334542572 1188940.5590820312
183245108.2792083919 1523245.8769531250
185802927.7264049053 1656621.5800781250
186264728.2186655104 1673545.7519531250
188612450.2885941863 1755675.2656250000
179750660.8556410670 1199639.2680664062
180649761.0389184356 1312353.5004882812
180590865.2146984935 1306480.9677734375
194382614.3565954864 1797090.0908203125
194464384.8495355248 1797484.6552734375
194192620.1504242718 1796459.5419921875
179709208.0305370092 1193594.5415039062
179760921.5320300460 1205885.8520507812
179730760.8695351183 1197346.9594726562
180078030.3159245253 1238012.3393554688
180090948.8905324638 1239187.8715820312
185665550.6854155064 1648066.7353515625
179856899.1859538853 1216978.9340820312
179807644.1361142099 1209055.3320312500
188300976.9335095882 1748120.0898437500
179770731.0288636684 1206476.2836914062
180206616.7298961282 1245178.8442382812
180090043.7742128074 1238571.5429687500
180589917.2100911736 1306007.4042968750
188076517.1498077512 1741532.5019531250
188380981.3074235916 1750874.8632812500
190038054.9111295938 1778864.0615234375
190524460.7393503785 1784256.1865234375
190504615.2940959334 1784074.0849609375
194273247.2914465964 1797033.0458984375
180113605.3753011823 1241177.0292968750
180163727.3046603203 1243163.2924804688
179966420.4231292307 1230977.6997070312
179893794.1060112715 1220743.2451171875
184022606.8666129708 1568856.9521484375
184419869.0418602526 1588831.7368164062
193718087.6081048250 1795519.9443359375
184276825.5496854186 1580765.4438476562
190284995.1946658492 1781548.3564453125
193433159.5124891400 1795216.9873046875
180409715.0745244920 1277444.3920898438
182154936.2727802098 1418681.7041015625
182137322.6886150837 1416384.6562500000
187254624.3715539873 1715303.6201171875
193389122.8051941395 1794838.3564453125
187230356.6658978462 1714070.1464843750
180385215.2292119265 1274390.4326171875
182034839.9682028592 1414704.2539062500
181891802.5860860050 1406505.2792968750
188958571.6761490107 1759984.4736328125
190171574.9399197996 1779598.1279296875
190126051.9055040181 1779514.7080078125
180301750.3003107905 1263861.9648437500
181801267.1299020052 1399364.5278320312
181968916.3309741616 1411230.7993164062
181890580.9382094145 1403076.7690429688
184749773.5494185686 1604977.8369140625
188099759.3403793573 1743897.6191406250
188155199.5663002729 1744809.2724609375
188319891.5254918933 1748964.4648437500
179090273.3448476195 1068136.7016601562
180385455.4750658274 1277092.3940429688
188168870.9165087342 1745301.2773437500
189635027.4381450713 1770414.1093750000
179176193.1454560161 1076433.5410156250
186129349.9816847444 1667547.3105468750
179023926.8489190340 1062095.6904296875
185850457.9072572291 1658885.1074218750
189374518.9328732193 1763657.0380859375
189685145.0855563581 1771812.9335937500
185125400.2488543391 1620383.8906250000
184776324.5983751118 1607264.2656250000
184822591.2163438797 1610142.4980468750
184950097.9217025042 1613905.4287109375
180443616.9093204737 1283029.9741210938
181718872.3314873576 1391919.3339843750
185678750.2596419454 1650009.3994140625
189530693.2215364873 1767067.7236328125
189426205.6028103530 1766585.7529296875
185297444.8916526735 1621772.5585937500
189640475.4684926569 1771415.6054687500
185274177.5738492906 1621481.5146484375
185836403.5043038428 1657813.5429687500
189126824.7974930108 1761618.6591796875
186807975.5437161922 1695683.0322265625
179087266.1934680045 1066053.8867187500
180238951.9932949543 1253642.4907226562
180338308.3519925773 1264205.8959960938
180291695.0937262177 1257438.4746093750
184676648.5514194667 1599272.0913085938
187278219.4434472919 1715990.9658203125
184542680.7232932150 1590578.4506835938
184558086.9916077554 1592080.7866210938
184636093.2395835519 1596815.6206054688
180215697.1092076898 1247581.5141601562
180429712.3537305295 1278060.0903320312
184544021.8714700639 1592055.7407226562
179237559.4978840351 1081688.8134765625
187429028.5832371116 1721373.9248046875
187523308.8540337086 1722188.0810546875
187628572.4282867312 1726072.1855468750
187390724.8081687093 1719865.3701171875
179209928.9211090803 1078534.4638671875
181792087.5630213320 1396570.5668945312
189414071.4423656762 1763764.0146484375
180364903.4210839570 1270536.0581054688
189259916.8130649626 1762950.7597656250
186509611.0135184228 1678159.4609375000
187798747.7994233668 1732526.2617187500
188002655.4951895475 1739128.7978515625
179374912.7629766166 1096721.3608398438
179274509.1032250524 1084972.5327148438
179427303.6223945618 1110143.9404296875
187646049.4908551574 1726382.7568359375
187571554.9256925285 1723683.1757812500
186478593.3047970831 1674371.9160156250
186779413.0927540660 1690380.8671875000
181769724.3989451528 1395989.0849609375
186696261.3135879934 1683436.4902343750
186656857.4165242612 1683226.2167968750
186587269.7781097591 1679377.9990234375
179516284.1291474998 1112052.1074218750
181684782.0990262628 1390171.1513671875
185311306.6035023630 1623068.8671875000
179384650.9548577666 1103135.4731445312
179449738.8545942903 1111574.0776367188
179326578.2348404825 1094946.8969726562
179301237.3536829948 1086763.3862304688
179321570.9365634322 1089352.2944335938
181506882.4114854634 1370095.3828125000
181545552.1824461818 1376669.9370117188
182950758.5821388364 1475775.1269531250
182984584.1910405755 1482540.4956054688
181638757.3708806038 1383883.7919921875
181477653.7243256569 1364855.2158203125
182998074.1569424570 1483571.6630859375
179568149.7140254974 1126852.3408203125
179654375.9116278291 1141504.4018554688
179580712.6592197418 1128267.2495117188
179603105.2689819038 1131521.0131835938
179594483.2455141544 1129598.4155273438
179670056.9140101075 1144745.6093750000
185563961.6253085136 1628057.7695312500
181499105.1492029727 1367144.1396484375
181587289.1567161679 1379358.2763671875
185538123.4125194252 1626756.6357421875
181441860.8376336098 1363824.6972656250
181557273.1811109483 1378746.2089843750
185564916.8362895548 1629308.1064453125
182225698.3706517518 1422374.7543945312
182288510.2910665870 1431182.0649414062
182395012.3125496507 1438873.1870117188
182883659.8886087537 1473738.1108398438
182974960.7339574397 1481045.2348632812
182296674.1203491390 1433313.2407226562
182739695.7016476095 1457692.8784179688
182638279.8724335134 1453663.2294921875
182685741.0343307257 1453959.7841796875
182741210.2916098833 1458912.8515625000
182673505.3322465420 1453892.5195312500
182694707.7808730304 1456804.5039062500
182590139.3163466156 1451678.4121093750
182758947.8937965930 1460131.1206054688
182191389.6127711535 1420943.7709960938
