191585155.1809095442 1799743.4091796875
192794813.6817429364 1804439.2177734375
177395497.9856562316 853251.5205078125
179850902.0970463157 1285121.0322265625
182684197.3399133980 1520685.7695312500
183294744.4557559490 1564230.8510742188
185038072.9839773774 1653818.5361328125
190941454.3623280227 1796794.3427734375
181544718.6992409527 1438778.9262695312
184319386.1759750247 1617885.9003906250
177923077.3438277841 996704.4521484375
178188952.7326574624 1068118.7622070312
179928862.1795148253 1294039.8051757812
179747380.7980833054 1275298.7333984375
183602093.5434097648 1584444.8710937500
190386291.6006969213 1791230.3056640625
191578177.7720954120 1799458.3388671875
184366855.5825540423 1621977.9492187500
185574024.0158513486 1678554.3076171875
188839368.4003013670 1774006.4404296875
188831984.1892842352 1773843.1962890625
177696743.3266335130 955657.5156250000
179796737.8989299536 1282842.1503906250
183145476.2902765572 1555954.0297851562
187041214.1347222030 1729599.2070312500
188655062.5500206053 1772198.9833984375
177384597.2681676149 853109.5607910156
181059734.1316148341 1398411.6054687500
183102625.8575851321 1553501.1264648438
181112394.7887661457 1401769.9296875000
184357336.0073482394 1618467.2070312500
184269137.8284259737 1617469.7939453125
184222961.9438036978 1615482.9238281250
185532604.4872151613 1676634.2294921875
177357804.3249992430 848252.8041992188
183016244.8196389973 1547845.2802734375
187596229.8410278857 1747505.9169921875
177975148.2733932137 998138.1337890625
180948229.8870373964 1389197.0854492188
188692618.5697356761 1772455.5185546875
177866337.6743847728 993545.0825195312
179743249.1598030925 1272346.4543457031
179683148.0985623002 1270564.5539550781
182878930.1092867255 1535418.4057617188
183198881.4436027408 1562143.9096679688
185325504.6564418077 1667348.8544921875
182780903.9546222985 1532006.6611328125
184769225.9201218188 1642271.9521484375
184886771.6622975469 1650047.7822265625
184953446.6449055076 1651255.6904296875
185955417.1028516889 1688962.4609375000
178273754.1840412617 1080835.7407226562
185508639.9041432440 1675165.8339843750
185713152.3320107758 1684840.5478515625
185774996.8729285896 1687457.7802734375
191670382.2530144751 1800451.4267578125
182874737.4279164672 1533060.3994140625
185343739.9807971716 1668693.7548828125
177422860.7789857388 870671.2409667969
177404351.3884491920 858385.4621582031
179208861.6591606140 1220885.2795410156
183349280.9610250592 1570201.9399414062
183416679.9311442971 1574539.6528320312
188437996.5922121108 1764477.9023437500
193937880.1868658662 1806754.8681640625
178517898.5075865984 1110502.3823242188
183626601.7705188394 1585581.8593750000
183791966.7984574735 1590347.7900390625
183732407.8038979173 1589025.2451171875
190303315.4210923016 1789906.5400390625
182812478.9729101956 1532745.3603515625
183790444.8666473031 1590171.5429687500
184859787.5161766410 1645268.1376953125
185985802.2716934681 1691147.7460937500
187483508.6533402503 1743499.6708984375
178429000.1528099775 1105948.2163085938
184911769.5838284194 1650277.5458984375
186822519.6737263501 1726733.1601562500
188252309.9168448150 1761880.6201171875
197115356.3965337276 1807350.9248046875
185894328.2556803823 1687953.3066406250
185453162.0233315527 1674693.8291015625
188519337.7403393090 1768871.0341796875
179368391.1961610317 1233815.5661621094
181132874.5754296482 1406645.2626953125
177500738.6635336280 906500.2709960938
185614997.2073318660 1681875.4492187500
193742342.4765299261 1806527.6572265625
177489828.1321322918 895886.6069335938
181797375.5685494542 1440723.5629882812
184812949.3381014764 1644965.6767578125
177842586.1406985223 988236.9770507812
177504382.6967996657 908815.9643554688
185277754.0467654169 1665605.2880859375
193763499.5356874764 1806715.8095703125
188369511.9731294215 1763705.6474609375
177853145.9733020067 992204.2519531250
192112244.4807951450 1801347.9775390625
177880274.3589787781 995396.4770507812
187551731.7673306763 1744950.8349609375
179247591.3013060689 1224760.6374511719
177821209.0796789825 985105.2526855469
186602377.4377362430 1714939.6357421875
178429287.1125534177 1106169.0488281250
178476976.9999602735 1108702.8569335938
182881009.3080481887 1537803.7617187500
177373265.3469280005 848710.1340332031
189615717.5832561851 1784138.2001953125
179439634.3479613066 1243378.8522949219
182756578.8321715295 1528799.8984375000
177762983.6777764857 975828.8193359375
178408715.8497280180 1102519.3901367188
178175104.5723021030 1063140.0668945312
181621716.3087171912 1440242.5385742188
179204528.3737993836 1218547.7705078125
187400519.8711583912 1742471.5458984375
192960974.4106237888 1805005.8564453125
178210895.2483585179 1070907.0874023438
181693385.6785751581 1440714.1010742188
178412810.5088916719 1103285.9316406250
179179963.9617168903 1215559.5612792969
179593800.9411281347 1261294.3518066406
186693558.2930746675 1721159.4345703125
190430437.0856742561 1791961.1982421875
193531758.5780899823 1806242.7255859375
177354112.5114777684 822708.1828613281
179634128.6614894867 1262734.5495605469
179576822.8600651026 1258262.0046386719
186872349.9705204368 1727372.8222656250
186654172.9672137201 1718861.9218750000
191239457.6677372754 1797984.7080078125
190584362.4856392443 1794466.6435546875
179382793.8005364537 1237575.8015136719
181576263.2949475646 1438855.3969726562
177633948.4876184762 944544.1843261719
179051591.8092177510 1200528.0236816406
184643133.0812083483 1636947.9013671875
179032527.2384939194 1198407.3166503906
181289506.2661595941 1417896.8134765625
179420275.2959788442 1242881.3200683594
179294921.1427614689 1226234.7126464844
178321304.4153884053 1091201.5371093750
181229243.0277738869 1414387.3369140625
179227242.6857131720 1222455.0690917969
191025777.2719336450 1797110.0888671875
177557373.1323625445 925228.9648437500
179129246.4689887166 1207127.8830566406
178228551.4120617807 1075859.5795898438
179091830.7368605137 1203284.3737792969
193752907.5660471320 1806694.4443359375
181074672.4429251254 1399714.7075195312
181182176.2931041121 1410450.7314453125
190442610.6946996748 1793248.8271484375
190602536.5463227332 1794642.2294921875
178989921.8728044629 1191754.3647460938
177697400.1187518835 957958.9255371094
177706748.4584300220 962778.2841796875
178983121.0597822070 1186725.0251464844
181412671.1669361591 1428312.7900390625
178874516.2953655720 1159495.5520019531
184494623.1463732719 1630404.4277343750
191507266.2100018561 1799438.1806640625
179021257.5000134706 1196033.6584472656
181586965.6192910671 1439939.0693359375
189289595.2390195727 1778841.4892578125
193549045.8320135474 1806415.6689453125
177534525.1654385030 912724.4843750000
183677978.9730547667 1589021.9262695312
186870712.2841855884 1727325.7265625000
178731548.9260084033 1152885.8415527344
189044241.0919024050 1774927.2470703125
189333441.2371287048 1779582.5791015625
193014040.4102890491 1805212.8212890625
192740681.3691859245 1803516.8583984375
178855851.4237637520 1159104.9538574219
180356452.3422069550 1318452.9697265625
177753282.1273233294 968552.0253906250
181465148.7110035419 1430464.7729492188
184435623.4284230173 1626006.9814453125
187057323.5879935622 1733534.8251953125
180365306.9351642728 1321844.6806640625
187262755.6004882753 1739484.0341796875
189321415.4566013813 1779153.1064453125
178909292.2031057477 1179382.3771972656
178946922.4526894093 1180526.3586425781
177733958.8089217544 963928.2578125000
187438487.6091126502 1743424.3554687500
178362696.2876927853 1096255.5444335938
185109887.8936613202 1657179.6240234375
181332577.3936012387 1423483.6748046875
183339885.2513179183 1569278.2231445312
187552648.0138545334 1746676.8349609375
191476200.8356314003 1798800.2080078125
180037553.4374123216 1302271.5756835938
182411894.2150714397 1502618.4018554688
190482631.1387234926 1793460.5966796875
177523722.6031977832 912499.4638671875
193085374.1902376413 1805522.0986328125
183401476.0543371439 1572344.9477539062
189236240.9009185433 1778364.6572265625
183448538.9895773828 1576995.7553710938
188087257.5521791875 1757928.0400390625
185135108.4763792753 1658478.0683593750
177543430.7423044443 918150.2739257812
178903989.5991255045 1173888.1687011719
181121800.0317481756 1403834.1611328125
187745559.8477230966 1750772.6767578125
180110111.3003846407 1305250.9716796875
188336309.6412950456 1763464.5205078125
189188368.0765650272 1776514.5341796875
193087704.8807916641 1805558.0615234375
180049279.7073519230 1302853.7351074219
185565514.8340329230 1677084.6601562500
187934767.2811767161 1755835.1767578125
187735714.6386764944 1750595.4248046875
189456703.9407988787 1782019.9736328125
179988783.2204419971 1295193.9846191406
187794785.7649676204 1751227.5107421875
182483790.5508677959 1509610.6933593750
182574154.8398848474 1515712.8349609375
177654729.6692775488 950111.8417968750
196526429.3238888383 1806797.3408203125
178237360.3805485368 1076437.9213867188
181014650.9712910354 1392320.4086914062
177611389.1171240509 934570.2993164062
196515785.3010367155 1806779.6337890625
180923196.8394114971 1382148.9760742188
186540721.2258505821 1709746.7988281250
187644714.3272646964 1749079.0751953125
182709154.1024097204 1527080.0214843750
192705598.2378510237 1803478.6767578125
192934450.7787963152 1804684.0732421875
177547291.4955252111 919650.3457031250
189163476.7678777277 1776367.3271484375
177411161.4445144534 858452.6638183594
189917567.2771348953 1786020.1123046875
183933022.0492209196 1599977.1474609375
177582382.6946693659 928836.6518554688
187514140.6413733959 1744546.1074218750
191070437.5045601130 1797317.9716796875
182642334.8037113249 1520609.5664062500
183853829.5503087938 1597141.3974609375
183950811.2228046060 1600643.1240234375
186401400.8705946803 1706313.2480468750
192002548.0418421626 1801240.0947265625
184408691.9070255458 1625350.5205078125
177458082.1039748490 871532.8413085938
177618223.6700452566 937596.8247070312
184526390.8364027143 1632158.8115234375
184486922.3088690341 1629622.9707031250
177468742.9806597531 878830.5205078125
180773621.9043479264 1367807.7626953125
186169712.0715424716 1697882.9658203125
189882567.1963599026 1785752.5126953125
178134416.5649915636 1050664.8911132812
192264806.9439157546 1801805.0263671875
178156926.3444471061 1055554.1579589844
185852375.7886680663 1687888.4589843750
189929328.8330860436 1787181.9169921875
180827445.8000837564 1372630.5976562500
180754583.4737845659 1366666.2314453125
184440586.9530788362 1627389.8662109375
180693242.9994252026 1356033.4565429688
177486548.2254708111 878995.8388671875
191884674.1875896454 1800913.7392578125
190205353.8829322159 1789288.3544921875
185571627.9555962980 1677900.6230468750
192533796.4381989539 1802522.1884765625
186526428.4453037977 1708817.0058593750
186543887.0369709432 1710642.2011718750
180749130.7636545002 1363691.5249023438
191047437.5760947466 1797171.5576171875
178791107.3714338541 1153737.2658691406
182983110.0434792042 1544324.5576171875
180700006.3079482913 1356361.4140625000
183970012.4477584660 1601157.0029296875
192365980.7769490182 1802103.6259765625
183978796.1922241449 1603063.5380859375
184200848.7255750299 1614649.9560546875
190374434.9852286577 1791130.4404296875
192289550.6289697587 1801829.1064453125
178117655.7455512583 1034438.6545410156
177981095.9686037004 1003559.5834960938
190128463.3666539788 1789020.6767578125
184001023.8588356078 1604657.5439453125
192228592.0202870667 1801478.7216796875
178107690.9775505364 1021660.7946777344
178075262.0799257159 1017057.7590332031
178013350.3139855862 1007723.0549316406
178056760.6535740197 1015290.8859863281
178006699.2963663638 1006317.1789550781
186263129.9337840378 1698190.3798828125
178682614.9509242177 1131216.7929687500
178698000.3774602115 1131299.2700195312
178093508.7307150066 1020257.7219238281
178659391.1784245074 1123560.7460937500
178621204.7556064427 1118666.3017578125
178561798.3123839200 1110704.8955078125
178642766.6132671237 1119239.7136230469
178078489.8269693553 1020163.1147460938
