44185014.8426931277 80335.5861511230
41184963.6898331940 39157.0922453701
44650472.0167532638 84433.1617126465
44557751.7759779468 83533.3417663574
44077732.8137192354 79919.7400512695
41346800.5647083372 39383.9511091411
41349964.8416941836 42707.1579191983
47663234.7472977564 88680.9050292969
47509796.6222941503 88266.4958496094
47960079.7913579047 91464.2514648438
40701613.9465147704 22690.1865459317
41091742.2298267335 35035.5050642192
41152064.3411688432 38696.3222761750
43517029.8238163218 71563.0084145698
40647772.7613007724 22341.7632366056
41407783.2810743898 42825.9958361983
43648921.2050993070 72961.3759632111
43580301.9171017259 72267.8303089142
41277819.6496576667 39294.3590063453
41399130.8227414712 42707.8817732036
41402191.9968813434 42711.8470434546
44004387.5426180214 76918.6629791260
41131514.3189234361 38689.0794623196
41095685.1057012901 35531.4095019698
41120760.1042755544 38585.5707380474
43520402.3515901491 72117.3939316273
40553035.1251461506 18176.9063904816
41035162.5341293737 34611.4533671737
43751315.6527217701 73847.9244861603
40951292.4180134460 30913.1940290630
40646520.9225203767 22222.0156379277
41044422.1024879739 35034.7812102139
41018239.7005959153 34581.3737658858
40672401.0577626824 22590.4913040632
40952291.7708034813 34463.2597028911
40711785.0631458908 26306.1661907071
40909078.8664667904 30912.4701750576
43489103.0776894689 71537.0288718492
43862744.1178415790 75748.8543872833
41635690.3324288353 46722.4653635621
41539170.6547287926 42922.3489894867
43791901.3739630878 75741.3250389099
40827858.3236598223 30340.9486677349
41524984.6393846944 42896.7832498550
40742453.2023236305 26336.7083702087
41613066.6176602766 46349.1817331910
40879075.6607685238 30457.3709354401
43879682.0744299963 76239.3935718536
40785555.3571555987 26703.3608208001
43775766.3653748482 75685.3183460236
40817816.9959322661 27104.1714493269
41592599.2540602461 42954.8369455934
41846270.0070339292 46878.1473433971
40579813.5695030466 18214.3584578568
40854284.3218993470 30428.4772258634
40609487.4024626911 22221.7072127396
43474846.4870774299 68511.1136283875
40661945.5081349835 22580.9850779250
43232313.9291306064 64232.4679784793
43377152.9717446342 67690.3078861237
43265056.7328877151 67331.1124486942
40582496.6803709418 18219.4522014493
42819102.8278101161 59827.7250030041
40606332.8090356365 22183.8551555509
43057229.2072680220 63834.6527678967
42882124.8839155883 59978.8820440322
43032506.8589825332 63415.0910297558
42459467.2946114689 55819.5392705947
40601395.5974020585 18458.6740427688
40544211.3215328604 18099.3961775834
42564484.3381765261 55853.2625371963
42784101.4803691506 59399.3106312305
42955505.6003216729 62046.6825530529
42840185.9384654686 59846.3049855006
42780233.6865762696 59338.8505485803
42896760.0800371170 60355.5645404980
42625833.2292031124 59274.0590459853
42448621.7338992506 55035.9566662312
42188824.3595442548 51043.8125870377
42319964.7284040004 55026.8684758693
42031128.3678820729 50471.5672257096
41986542.9094477296 47069.4572162628
