44597831.5885496661 85345.1984863281
40770951.9520702064 26703.3608208001
44870860.2833349928 88404.7249755859
41521375.6372385696 46791.2516927719
44355359.7980644852 84241.7957458496
44298093.1865934283 82631.9378356934
40965000.6237032115 34566.1821216121
44459938.0231061578 84433.1617126465
44201271.8931295648 80628.1940307617
44553969.9407480806 84496.6977539062
44777897.6155585498 86770.4509277344
41513973.3708380163 46522.6349668503
40771484.9005429670 26973.9574504727
41223270.1143148392 42260.5620021224
40882045.6194794253 30937.1865459317
44214539.1308747754 81769.7072448730
41458301.8823322356 46470.4015954072
44798678.1632489935 88046.7634277344
41544036.1786495373 47172.4661567211
44581694.6117933840 85194.0728759766
41503465.0711648986 46492.2165091569
41335377.0936699510 43164.7247600555
40978490.4478233531 34579.6819705963
41413089.5455287397 43616.2328570420
40685558.7513275221 22692.5644756192
41000306.2798380405 34947.9828911126
40845804.2672189623 30835.1133743757
41231804.5267471150 42348.0905602509
41271237.0293616802 42412.3107013702
41034152.2295628190 38225.7795250947
44056008.0851196200 79594.3102722168
44071534.7863744795 79919.7400512695
40891179.0457218364 31378.0479205186
41114868.9241541848 38927.8440864086
41217378.1814637333 39685.4070788026
44352674.7893739790 83533.3417663574
40728963.3782034889 26321.5600512996
41064565.0004878044 38247.5944388444
40926054.5938225687 34488.5800181031
40894298.6628080606 34103.4684899384
44779171.5427251011 87488.0664825439
40692258.9582510814 26306.1661907071
44761092.6872103736 86211.7539825439
40937294.5630864650 34550.7882610196
40779736.0184919164 30428.4772258634
41335229.8970534280 42817.8770160675
43719654.0888990089 75621.9971141815
44125799.8154142499 80209.4111022949
43951215.6635758430 79290.0365028381
43862817.3316720501 75841.1266517639
44185014.8426931277 80335.5861511230
41184963.6898331940 39157.0922453701
47663234.7472977564 88680.9050292969
47960079.7913579047 91464.2514648438
43517029.8238163218 71563.0084145698
40647772.7613007724 22341.7632366056
43648921.2050993070 72961.3759632111
43580301.9171017259 72267.8303089142
43520402.3515901491 72117.3939316273
40553035.1251461506 18176.9063904816
40646520.9225203767 22222.0156379277
40672401.0577626824 22590.4913040632
43489103.0776894689 71537.0288718492
43862744.1178415790 75748.8543872833
43791901.3739630878 75741.3250389099
40742453.2023236305 26336.7083702087
43879682.0744299963 76239.3935718536
43775766.3653748482 75685.3183460236
40579813.5695030466 18214.3584578568
40609487.4024626911 22221.7072127396
43474846.4870774299 68511.1136283875
40661945.5081349835 22580.9850779250
43232313.9291306064 64232.4679784793
43377152.9717446342 67690.3078861237
43265056.7328877151 67331.1124486942
40582496.6803709418 18219.4522014493
42819102.8278101161 59827.7250030041
40606332.8090356365 22183.8551555509
43057229.2072680220 63834.6527678967
42882124.8839155883 59978.8820440322
43032506.8589825332 63415.0910297558
42459467.2946114689 55819.5392705947
40601395.5974020585 18458.6740427688
40544211.3215328604 18099.3961775834
42564484.3381765261 55853.2625371963
42784101.4803691506 59399.3106312305
42955505.6003216729 62046.6825530529
42840185.9384654686 59846.3049855006
42780233.6865762696 59338.8505485803
42896760.0800371170 60355.5645404980
42625833.2292031124 59274.0590459853
42448621.7338992506 55035.9566662312
42188824.3595442548 51043.8125870377
42319964.7284040004 55026.8684758693
42031128.3678820729 50471.5672257096
