50904997.0309097990 58203.1617792635
52792084.1297636405 80792.0387153625
52526462.5932900682 79706.6148014069
52666891.0018005744 79807.3898734255
50588949.6952926293 41091.1266175387
52685600.2650314197 79838.3318900270
52438128.9705239385 78028.6586722536
52929853.7445711419 81241.8461875124
53526788.2369185090 81483.7919273376
54039821.6838834435 81504.0290012360
52489558.0958726108 79444.4319876833
50968664.7299353406 58834.7969469619
51009027.9201235175 60557.4877765775
50775916.4243016094 53587.1668123244
52253014.4605988860 75812.9137305422
51002651.3673233837 60431.9310851693
50582482.1473360658 38884.5835985569
50713908.2002040595 53005.3449029922
50787250.0268884003 55193.1265024184
50675946.9058016986 50990.5853020637
50779587.6501001120 53652.7587815612
52201693.9310353026 75585.1911811037
50591944.0934268534 41106.3420586525
50707633.8862945065 52769.8217751412
50711318.2876750454 52971.5325669139
50726450.6557054222 53235.6421318948
52461415.2216387317 78126.4707984133
50720582.4854941815 53152.9758870630
52373662.5997270271 77605.9969367189
52302721.2229920849 77478.0378150148
50776315.0567497388 53596.0237869812
50640546.2347018272 47121.9197662175
50708865.4403361231 52959.0891476660
52386439.7752456293 77999.5297203064
50623707.5468888208 46788.3229221492
50590593.9028304666 41099.5419442831
50676485.5681578964 50991.5838638484
50912023.1764562801 58339.7136815190
68985351.1669918448 98022.1527099609
52257256.8325769529 76001.0049170656
50608558.9916569069 44915.2967588543
50693633.8133837879 51239.3790797084
69963707.7878146470 98138.5568847656
68324446.7962450534 97165.4875488281
69965879.0633103400 98848.3039550781
50597180.1844539344 42931.5535120396
50674640.3973372951 50938.5152135938
50785390.2940253317 55006.5408009528
51043155.6781077459 60733.2141314447
52487791.1441323981 78539.0869025392
50575061.8223294020 35276.1451365973
50574147.0884918347 35129.7673649937
51068130.6230819449 60826.7366469651
52221276.9753641859 75808.5827368898
50607858.3258189261 44671.1606201297
51121318.0984096378 62386.3493769765
50706186.8325824812 51364.1487772465
50728670.8419571817 53397.0262814700
50746349.1179811284 53521.5305730044
51029870.2718052268 60680.5520077646
52345439.4321858287 77491.9836306572
50572988.5330690071 35088.1935315281
52369949.3018446788 77516.8582877321
50685707.3366144076 51227.3115097224
52445895.2538566068 78046.2071933746
50597078.7414935976 42881.2973625390
51073469.7733031437 60986.8556597829
50683862.1657938063 51174.2428594679
52111906.9547770023 74971.2138088597
50685679.2128812745 51224.8952084570
51124660.7948509082 62429.0300253183
50630500.2655392066 46879.5194352656
50999688.0900936499 60364.6277554631
51022433.6206782758 60637.6520065218
51053007.3944638520 60782.0977895260
52299106.9933994934 77004.3076960249
50597001.4803161994 41310.5905030607
52470420.5324042141 78136.8344221115
51051090.8178946227 60746.3095013797
50670813.0502721295 50709.2575652092
50672215.0413365588 50931.7150992244
50574407.3238196969 35134.4533483386
50581230.9579567164 38880.5995642869
52466329.4456726238 78130.4897193909
52129129.7145495936 75040.3741633100
50645050.1514710188 48958.4420181452
69583019.2596924901 98137.7071533203
50682158.8745452240 51123.9280370218
52268942.6912864149 76516.5943872929
52284156.1342865974 76709.8292414350
50575533.7473874837 35289.3238094747
52695005.0979950428 80155.1156730652
52479491.5738371536 78379.7552460833
52857245.5269599631 81030.2039133711
50647289.2744909674 49094.0266500562
50749138.0277401134 53522.5829445808
50684401.6096388325 51179.4765299484
50672676.7012035996 50932.0419595330
52712320.0130713582 80598.3339182539
50641455.5483955368 48898.5732535212
50654691.5028859228 49386.1321796626
50797520.4894206151 55255.5352842747
50642930.1053124815 48947.6036335616
51147495.2370438352 62534.6351092234
50635269.4516660124 46978.6357657551
51182539.6065442711 62552.5190034285
50639679.7212843001 47077.2778401226
50719894.9053636268 53021.4979295223
52166527.5213445723 75138.8542200727
50650795.1045422852 49100.0683984905
50631990.1546249315 46935.8973189979
50650904.1595330015 49135.1278898208
51134839.7807959020 62476.7179076299
50652746.6534950435 49156.4462822229
50695964.2110510021 51363.9647539943
51036895.5734192207 60693.3934299573
50574673.4127138481 35202.2205221057
50609348.2149046436 44923.8263881383
50646701.0293648839 48990.7177350014
52160626.9682201967 75075.6339594526
50599749.2674693465 43070.7439055382
50618133.2408713177 45299.3391477764
50580259.6197351143 38865.2698206333
51046270.9549734592 60739.7288009748
50599838.7135679871 43126.9426187961
50892014.1439068690 55844.8785576734
50576173.5897464827 36856.1324335723
50842613.7928412631 55557.1052400979
50575460.4547775313 35276.2227774436
50598398.2130643651 42946.8832556931
50642945.4374812618 48954.9511372535
50835508.9191021472 55506.3157938346
50615449.0486755520 45154.2384597450
50593098.1636465415 41211.7047781376
50845043.2511648834 55712.8408888206
50572914.0134576112 35038.1307273060
50571870.8917325735 34933.3230703920
50619488.1053359061 45344.5323567204
50829624.4734619781 55436.5554574953
50573992.9117684960 35128.4813100696
50990586.4314099476 59674.9034004896
50612227.1145215705 45111.0510297357
50979938.2198190689 59380.4981490746
50834048.2203719094 55483.2382780823
50843772.6304386705 55575.5531105908
51241231.9405218363 63509.8670289456
50611255.7762999684 45103.8857512414
50579936.8818866760 37124.6611795365
50592477.4534527510 41140.0565284193
51083530.5573048890 61418.0475777015
50873914.4499227181 55838.2696903571
50602193.3480036035 43319.8316336661
50580075.0231757164 37317.2984898924
50585944.2144235373 39277.0698293089
50587062.1217487007 40898.4116663365
50579806.4168573916 37115.7270228057
50900792.4314507768 57442.7111576423
50578700.1161498874 37104.4464161932
50578225.4770876244 37066.5427760570
50584277.0113824755 39084.3548781066
50576413.9101578295 37051.2130324035
50823268.6360465884 55377.8778519544
52101096.6569573954 71793.4632815123
50584972.5363646597 39187.4194483189
50582730.8016058281 39066.4000985799
50586935.5404965356 39279.7439848632
52056785.7370725200 69725.2332162857
51949688.1996966526 67673.9498894066
52019536.4037028402 67694.1613085121
51780279.8436731771 64219.4860132486
51943885.4224554300 66531.6295521259
51673934.6444378421 63608.2215069830
51737949.6350655332 64036.4442172647
51828552.9111947566 65825.6942093372
51818760.4869889095 65746.9858296663
51793917.9450589493 65640.8856845498
51690898.4348938391 63681.1143451333
67500316.9335631430 89337.9114379883
68138999.5701622963 89584.4369506836
66069418.5775923803 87193.6667938232
67212138.6765882969 89009.3389282227
66839787.8563750684 88802.0364990234
66204141.6995467916 88003.3262329102
65452654.1475595459 87037.3263549805
64964117.3305434585 81580.1618347168
65341863.3106033579 82243.6573791504
