50757922.2683664188 53567.7860001624
50785903.7533186749 55073.7480568676
50706689.7581333369 52785.8368707937
51005257.9613574594 60453.4061373025
50705283.6970219985 51490.8552633375
50760828.7482485548 53767.2274169028
50574948.1354722381 36846.0864217668
50931759.2458692417 58603.8300538510
50684571.1328303441 51353.7562388419
50640326.0810335055 48716.1059953659
52510276.0215231925 79680.1465530396
52436768.4418550655 79161.6367453737
50582545.8257271722 38884.8354858398
50782268.9862224758 54813.0792724430
50596611.6806019023 42881.2973625390
50653236.0215424150 49187.9094350836
52339585.3369806409 77503.7394828005
50651327.4119126052 49136.6512416974
52586136.6315381899 79942.1048545046
50607265.5584080443 43325.8412490576
50634477.2721089870 47075.6640108912
50703790.9115172327 51411.2236053287
50678346.0764991716 51037.8396191746
50707760.1294206828 53015.6650726139
52357249.2375667840 77514.7256812258
50584108.0505147800 39138.8532556919
50784941.8739729971 54999.0311077386
51028650.6398487315 60649.5862738937
50644591.4778497145 48963.2940296531
52689106.3755585179 81000.6271781130
52501433.0696630329 79572.3911093874
52693481.9199494421 81241.8461875124
52933029.2136150226 81504.0290012360
50989407.7146124095 59828.8469116390
52651536.0922567621 80360.3912448883
50614622.5317690820 45151.2702139704
51118082.6551676467 62472.2281133980
50719715.2192729786 53194.8167935400
52380705.6259928718 78087.8207205934
50724624.9394495189 53388.7035329370
52460807.2273984402 79200.1297454042
52475801.9938341975 79444.4319876833
52841179.4602500722 81456.2961157961
50669769.9285470918 50752.6950250906
51067643.3603277877 60884.1551636606
52607049.0357924029 79996.5765341921
50651960.7117672041 49153.8665646017
50574300.6723532602 35238.3006465311
52745556.1868299469 81422.7212027712
50707315.9918892160 52959.0891476660
50999056.7642479017 60178.0131677985
50633036.3980482891 46953.3573976571
51125100.6298323423 62496.3333550245
52585819.0697119758 79916.2181433840
52500734.4075078815 79543.3231830597
50714928.9804483056 53193.4959456441
50904997.0309097990 58203.1617792635
52526462.5932900682 79706.6148014069
50588949.6952926293 41091.1266175387
50968664.7299353406 58834.7969469619
51009027.9201235175 60557.4877765775
52253014.4605988860 75812.9137305422
51002651.3673233837 60431.9310851693
50582482.1473360658 38884.5835985569
50787250.0268884003 55193.1265024184
50675946.9058016986 50990.5853020637
52201693.9310353026 75585.1911811037
50591944.0934268534 41106.3420586525
52373662.5997270271 77605.9969367189
52302721.2229920849 77478.0378150148
50623707.5468888208 46788.3229221492
50590593.9028304666 41099.5419442831
50676485.5681578964 50991.5838638484
50912023.1764562801 58339.7136815190
68985351.1669918448 98022.1527099609
52257256.8325769529 76001.0049170656
50608558.9916569069 44915.2967588543
69963707.7878146470 98138.5568847656
68324446.7962450534 97165.4875488281
69965879.0633103400 98848.3039550781
50597180.1844539344 42931.5535120396
50674640.3973372951 50938.5152135938
50785390.2940253317 55006.5408009528
51043155.6781077459 60733.2141314447
50574147.0884918347 35129.7673649937
52221276.9753641859 75808.5827368898
50607858.3258189261 44671.1606201297
50728670.8419571817 53397.0262814700
50746349.1179811284 53521.5305730044
51029870.2718052268 60680.5520077646
50572988.5330690071 35088.1935315281
52369949.3018446788 77516.8582877321
51073469.7733031437 60986.8556597829
50683862.1657938063 51174.2428594679
52111906.9547770023 74971.2138088597
50630500.2655392066 46879.5194352656
50999688.0900936499 60364.6277554631
51022433.6206782758 60637.6520065218
51053007.3944638520 60782.0977895260
52299106.9933994934 77004.3076960249
51051090.8178946227 60746.3095013797
50672215.0413365588 50931.7150992244
50581230.9579567164 38880.5995642869
52129129.7145495936 75040.3741633100
69583019.2596924901 98137.7071533203
50682158.8745452240 51123.9280370218
52268942.6912864149 76516.5943872929
52284156.1342865974 76709.8292414350
50647289.2744909674 49094.0266500562
50749138.0277401134 53522.5829445808
50684401.6096388325 51179.4765299484
50672676.7012035996 50932.0419595330
50641455.5483955368 48898.5732535212
50654691.5028859228 49386.1321796626
50797520.4894206151 55255.5352842747
50642930.1053124815 48947.6036335616
51147495.2370438352 62534.6351092234
51182539.6065442711 62552.5190034285
50639679.7212843001 47077.2778401226
52166527.5213445723 75138.8542200727
50650795.1045422852 49100.0683984905
50631990.1546249315 46935.8973189979
50650904.1595330015 49135.1278898208
50652746.6534950435 49156.4462822229
50695964.2110510021 51363.9647539943
51036895.5734192207 60693.3934299573
50609348.2149046436 44923.8263881383
50646701.0293648839 48990.7177350014
52160626.9682201967 75075.6339594526
50599749.2674693465 43070.7439055382
50618133.2408713177 45299.3391477764
50580259.6197351143 38865.2698206333
51046270.9549734592 60739.7288009748
50599838.7135679871 43126.9426187961
50892014.1439068690 55844.8785576734
50576173.5897464827 36856.1324335723
50842613.7928412631 55557.1052400979
50598398.2130643651 42946.8832556931
50642945.4374812618 48954.9511372535
50835508.9191021472 55506.3157938346
50615449.0486755520 45154.2384597450
50593098.1636465415 41211.7047781376
50845043.2511648834 55712.8408888206
50572914.0134576112 35038.1307273060
50571870.8917325735 34933.3230703920
50619488.1053359061 45344.5323567204
50829624.4734619781 55436.5554574953
50573992.9117684960 35128.4813100696
50612227.1145215705 45111.0510297357
50979938.2198190689 59380.4981490746
50834048.2203719094 55483.2382780823
50843772.6304386705 55575.5531105908
51241231.9405218363 63509.8670289456
50611255.7762999684 45103.8857512414
50579936.8818866760 37124.6611795365
50592477.4534527510 41140.0565284193
51083530.5573048890 61418.0475777015
50873914.4499227181 55838.2696903571
50602193.3480036035 43319.8316336661
50580075.0231757164 37317.2984898924
50585944.2144235373 39277.0698293089
50587062.1217487007 40898.4116663365
50579806.4168573916 37115.7270228057
50900792.4314507768 57442.7111576423
50578700.1161498874 37104.4464161932
50578225.4770876244 37066.5427760570
50576413.9101578295 37051.2130324035
50823268.6360465884 55377.8778519544
52101096.6569573954 71793.4632815123
50584972.5363646597 39187.4194483189
50582730.8016058281 39066.4000985799
50586935.5404965356 39279.7439848632
52056785.7370725200 69725.2332162857
51949688.1996966526 67673.9498894066
52019536.4037028402 67694.1613085121
51780279.8436731771 64219.4860132486
51943885.4224554300 66531.6295521259
51673934.6444378421 63608.2215069830
51737949.6350655332 64036.4442172647
51828552.9111947566 65825.6942093372
51818760.4869889095 65746.9858296663
51793917.9450589493 65640.8856845498
51690898.4348938391 63681.1143451333
67500316.9335631430 89337.9114379883
68138999.5701622963 89584.4369506836
66069418.5775923803 87193.6667938232
67212138.6765882969 89009.3389282227
66839787.8563750684 88802.0364990234
66204141.6995467916 88003.3262329102
65452654.1475595459 87037.3263549805
64964117.3305434585 81580.1618347168
65341863.3106033579 82243.6573791504
