57276599.5438387543 97468.2840576172
51321652.9957003817 66756.8875621408
52717904.0531112403 85133.0798950195
55262672.0094042644 96090.0804443359
55192363.9700795189 96062.9799804688
51204108.4527495652 64812.5745391697
51233131.1084234491 64883.9981335420
51155445.2884755954 64723.7500523347
51463914.2776538953 68936.6290883422
52320394.0464402512 81777.2607650757
54665625.7208204269 94999.8086242676
52745224.9020530283 85867.3583984375
55768941.5024703369 96639.5711669922
54949485.1282827109 96002.1048583984
52458835.8206911683 82458.7423629761
54931978.3044457510 95964.2825927734
52832356.4022692516 86591.5327758789
52285714.5603722110 80492.6029205322
54749297.4575660005 95488.3357543945
51609514.3860028908 70599.9485881925
52808656.0538116693 86341.4565124512
54489896.8096820489 94378.7522583008
54613614.3496761322 94789.9564208984
51299985.5027283505 66547.4420695901
50873858.7193191350 57782.5938881785
53111861.8295855597 88601.6610717773
54623889.2848063111 94886.7633666992
51320718.1914706901 66580.3261008859
52575362.1042269394 84245.6764297485
52852984.4666619673 86867.2738342285
55674432.8417743742 96620.6600341797
51611662.0897789821 70609.3671126962
53707928.1426793486 91646.4371337891
54940967.9496014416 95983.1937255859
52518694.4888986498 83868.0937576294
53003359.4089322835 87380.7468872070
54727024.0268987715 95294.6169433594
54505653.5952856466 94443.1157531738
51395279.5679532215 68395.6701283455
51478745.7551623955 69162.0503781438
52548646.9650555775 84003.7873535156
52920995.8827414140 87236.9875793457
53351848.7192724720 89824.1082763672
54602724.1562660038 94683.4523925781
56424138.6076634154 97156.2208251953
50997253.4541136548 60730.3332338464
55159097.1278661564 96028.0972900391
51060019.6707344726 62817.8427293748
57364465.9178476185 97763.5697021484
50651175.5461833328 39594.3087949171
51416608.1156429648 68725.9229179025
52358486.1726031378 82221.3490447998
54671093.5740162283 95183.2753295898
51324404.4738999903 66900.2326713204
53402622.7226240113 90206.1025390625
52211882.2030141652 80340.4115447998
53236612.8194689229 88931.3138580322
53316158.5534907654 89446.7111511230
54926759.8796857148 95945.3714599609
57365783.8790895864 97820.7873535156
51448310.1961565837 68811.9529128671
52637249.2117486447 84382.6158447266
53316584.0990810320 89675.0686950684
52708708.9789835438 85124.1932601929
53320060.6888394207 89804.8211669922
54129791.4915295541 93034.7279052734
59642346.8556128368 98848.3039550781
53179188.0738373473 88906.7214965820
54517823.2956695408 94607.6713256836
57553633.2712736279 97885.0484619141
54908609.9206378534 95901.7701416016
53476268.9741209894 90273.1837768555
54024907.3210003823 92697.3776855469
50702835.8233599439 51083.2575635700
54544400.9947871268 94664.5412597656
51296810.2456825003 66365.5695472360
54046501.6379705071 92946.1784667969
54637707.3868886903 94919.8610839844
52489599.6876478791 82687.6005706787
55563748.7479829341 96501.1392822266
50793308.1767317504 55734.7296009213
50689424.3662085161 49404.2486291914
54645674.5106202736 94971.8934326172
57380624.9903094843 97837.9709472656
52329921.6755067408 81902.9284210205
50695476.8736121878 49594.9643742219
50809170.3548004553 55902.9838578254
51080410.0893323347 62977.0561235398
51400858.1526012197 68569.6877494454
56393817.2161244154 96986.8081054688
55225548.2240940779 96064.0573730469
51561503.0379825756 70385.2127712369
53531275.6550343186 90629.5789794922
56021145.5615870580 96759.2735595703
53680026.7070689872 91469.1455688477
55253441.5508195758 96068.9267578125
56505540.7552014217 97242.5307617188
54285101.8016250432 93645.8924560547
53240051.5804775059 88965.3115234375
54830596.0086486265 95607.2380371094
51274532.8746810332 66333.2303109765
55491751.0817762017 96292.6540527344
51478688.0700701624 68991.5165382028
55581805.1750168651 96519.4002685547
54033935.7703384086 92844.5465698242
54822914.0113138705 95590.0223388672
50656377.6165210977 39614.1237393445
53088613.5531119555 88412.9929199219
53243270.6114021614 89379.3391113281
50644954.0787293836 37516.5930724270
58553366.3684341088 98359.0098876953
54144361.4123469666 93196.2423706055
54903644.2560436875 95799.9680175781
54038875.8562241942 92896.5789184570
52503417.1703554168 83170.8677215576
50657578.7319805920 39643.6884366679
51121515.3094295487 63039.0169972181
53037878.9623114467 87704.2581329346
52408207.6045691073 82409.8881988525
53021038.9879313037 87685.5874938965
57302829.0569630861 97731.8248291016
51574990.9697377905 70403.9600740839
50645997.2004544213 39340.3559407806
50794031.0751270205 55809.0411678702
51390052.4611917138 68354.9519324899
51127865.3310105652 63290.8092246652
53580843.4378529713 90831.3819885254
50974607.5294549167 60641.6000650376
52704575.3776947111 85087.3378295898
54193564.7473709658 93475.3887939453
53919535.2851970121 92233.1137084961
53017336.5371674001 87620.7753295898
51106559.0616916865 63038.5222538114
51050322.8485632539 62674.7419107407
51529048.4585652649 70340.6155184666
51516382.6006380245 69835.6530166268
50730527.8770519644 53268.1901764511
55428610.1338616610 96128.0263671875
55909646.0748932958 96662.9431152344
51438392.6794271097 68727.0939413477
50649262.9166513830 39415.3755962467
51525768.6791701093 70182.1067100167
58368959.6295995489 98273.2059326172
50674861.7696430683 47535.6611116642
50870783.0919001624 57754.7314710021
56665977.1941099837 97320.1156005859
50727192.5925743878 51896.3672626256
54415948.4061230868 94131.1582641602
53039692.3161992133 88079.5977783203
50789985.8319791332 55696.6484867483
58708724.9533014819 98375.8238525391
52375200.7563366890 82316.5457153320
53025023.2877583057 87695.9087982178
53672400.9253226742 91419.5460205078
57266727.4283849001 97447.3424072266
54430337.5126686543 94334.4692382812
54261416.6367438510 93591.4207763672
50682074.0244329795 49348.6658588736
55621004.4852576628 96554.6546630859
50766758.3709954545 53843.0581624745
55652844.4264226407 96556.4521484375
50710159.0845735446 51381.8077045768
50753422.6126282737 53818.4794080495
54181526.8454418331 93286.7206420898
53064790.0764021203 88195.6297607422
57287395.1064814776 97534.5997314453
50713093.2511366680 51608.5907724290
52391197.5705237240 82371.6698303223
57293229.8903488517 97589.9669189453
50732436.3598317206 53325.0023849397
53539418.1174464151 90653.1936645508
52460001.3527346775 82613.5131683350
56345877.3506476954 96869.5277099609
52207036.8043488786 80148.8573532104
50714803.7400864363 51711.7954211235
52340560.4509659335 82097.0443878174
52720691.6361339241 85441.9416873455
56480538.7340140939 97174.7324218750
55529090.7222860381 96372.8382568359
55259310.7854063064 96081.2730712891
51035910.2068827450 62211.7913337797
51388560.9460334927 68108.1749807000
50751890.0987776965 53791.5418584584
52177356.5569640175 79698.8662009239
55299675.7506041378 96110.3930664062
54310862.1933406517 93747.5243530273
52051927.0980938673 77972.3817765713
52722805.5153791979 85521.8362674713
52801597.3902097046 85932.0972595215
52990281.6962309778 87294.9824829102
50736430.9106695801 53549.4838702916
50736574.0337913856 53550.3366752057
52200812.4480641037 80006.5233682394
52517088.6253985167 83304.4716098309
53661436.1975935996 91372.3386230469
54878101.7769340798 95677.6350097656
51379701.4638111964 68092.3739451021
50792513.2413761020 55733.0919735432
51266696.9277515933 66294.9597452730
55558255.7834659144 96482.4504394531
52329284.7966419682 81837.8602130413
50819879.0735956207 56027.4868560433
55928393.1661199629 96674.6660156250
59312733.5615275949 98388.6788330078
50725881.7327687144 51716.3726110607
50886702.0224756747 58012.5868577659
52544813.2533835992 83900.1699283123
52184416.3119266182 79712.8627231121
53387975.1609412581 89911.4128417969
52055329.3572736233 78117.4378726482
52377670.9074049816 82335.7502593994
50745575.7295051739 53790.5856400281
51155006.2901110947 64244.9331794828
52185450.7447109148 79994.3445498943
56955633.2830824479 97393.4569091797
50662857.8052221239 42001.9460451369
58423963.2948140725 98327.2650146484
50744184.4640783593 53745.9641354084
52232220.0951318517 80405.9754333496
52607510.6314768642 84316.6311645508
50768881.2502038479 54122.1638471931
51043229.7316668332 62447.5189796537
58598877.9075243250 98374.3425292969
54315133.7261367589 93839.6112670898
51023395.4376047403 61637.6513911933
51146201.0998661369 63908.5828067511
51039685.9811112881 62304.0691594332
52092973.6535360292 78323.7602498271
50814553.9212841690 55996.0959218144
57628968.8023832589 97899.3847656250
51024979.2164980993 61886.8611852378
53642102.2749964446 91088.5430297852
51028722.2445645183 62111.1686069220
53512524.9200612903 90470.3771057129
50932431.3771806657 58314.5527548194
54279244.9916992113 93645.5863037109
58402992.2228945568 98310.0814208984
50884044.3982885331 57971.2060658932
54376923.5947352499 93997.5882568359
52026248.8047877401 77040.3281247616
52085083.7136031240 78148.0502511263
50953779.0103091076 60081.8003043532
51922624.3963898793 75845.3479195833
52049425.4851715416 77881.4679909945
50973664.0168721005 60553.7919701934
50957522.0383755267 60306.1077260375
50823787.8225678429 56352.2933264077
50942817.4326833412 58401.6847493649
52667026.0254152939 84451.8376922607
53501605.8972370028 90341.0000000000
52086940.7248774469 78202.4778786898
50810329.5147424191 55945.6339680851
50950744.9563097358 60000.7706450308
51955066.6383916587 75899.4361268282
53970092.8255132809 92343.0399169922
51963670.2770542577 76149.2453652620
51954371.5933716223 75895.7705651522
51016707.7901999578 60795.8999948502
53925347.6302083209 92281.7803344727
54457899.9896325096 94369.7236328125
50964704.3124792799 60434.8265950680
52019869.6359027997 76241.9899902344
54247742.3692224249 93529.9755859375
53820220.2516880780 91787.9190673828
54139051.3361074328 93048.2164306641
53599031.4964014441 90961.1344604492
53973972.3897255883 92542.6716308594
52140829.6745593622 78624.7386134565
52133408.6276623830 78601.4837112427
52692211.8085191697 84753.2208709717
54009426.1607652977 92662.3828735352
52161377.1615955159 78660.6581843793
55984185.3717716783 96688.4683837891
58510611.3474200070 98343.3043212891
52681611.3273069263 84656.3849639893
53970323.5255818889 92513.5435791016
52258308.5298609808 80422.1528132856
58391922.9686207846 98292.0780029297
53617715.7900868729 91008.3418579102
53838139.0440847874 91880.3597412109
52702343.2126429603 84780.4933929443
53978172.3817625269 92565.5759277344
50918934.3181854188 58128.4051025510
51723757.6868972853 71026.4573373795
51731308.2867451832 71208.6034889221
51730178.8193831518 71169.6419113874
51902400.3958694041 73458.6603097916
51914909.4769329280 73851.6956549287
51779678.8481404036 71677.4229722023
51806284.5738565475 71854.9871142507
51844999.2032596022 72446.4802436829
51805994.5206581056 71829.1747630239
51759518.9315488636 71233.9381659627
51813496.8286464512 72138.2783396840
51776846.4296468943 71617.5287879109
51771964.4579687417 71403.3063662648
51771722.0803932399 71293.0257767439
59544084.3225599006 98412.5959472656
