51141774.1378826052 62466.9038341045
53363639.8739344031 89592.9922180176
54566484.4064926282 94506.4913330078
50787184.0138512030 53547.7049421668
50827866.7294724807 54171.7348870486
52140829.6745593622 78624.7386134565
52838517.2056631371 86249.2518920898
54560501.1666984782 94382.1866760254
54979334.8470140100 95678.3027343750
53549994.4238703251 90440.2689208984
50682964.8868300021 38114.9105313942
52133408.6276623830 78601.4837112427
52251822.2438605055 80262.9394191206
53395630.6169343367 89911.4128417969
54560220.6425125375 94289.1026000977
52034493.5766232833 76059.1169312894
52339005.9509937093 80649.6158323288
53818248.4811989963 91468.8482971191
51073675.1348369941 60692.1628224850
55234688.3141126484 95987.5031738281
55006541.0876679122 95922.2646484375
55335578.7991743013 96030.5157470703
55692028.5456765145 96340.9965820312
50681191.0001432374 37969.7660664693
53141302.8456452265 88317.3096160889
54358856.3675404638 93731.9600524902
54702744.6723080277 94936.0416259766
55263829.0883011445 95999.8494873047
51002967.6996916011 60469.9953970909
50983044.0033361167 60434.8265950680
50804094.4272742271 54017.4310595840
52316136.8500380591 80485.1978877485
53016607.5075160116 87193.4410552979
53329765.6551668048 89359.2682952881
53701370.0091283694 91211.1983642578
54824909.7035321593 95466.1539916992
50788502.0510616153 53923.5603856295
52219953.6767879426 78687.9588740766
52692211.8085191697 84753.2208709717
52475265.6344927996 82156.3467524946
54009426.1607652977 92662.3828735352
52062494.5761933848 77663.5583985746
54302804.6756499782 93470.8135375977
51984052.4611520767 75957.3924541473
53897507.9735484421 92010.4550781250
54110575.2858595476 92898.9710693359
52057427.6186106130 76165.9995403290
57603642.4389410987 97758.0847167969
52343486.1855117232 80690.2707942426
53207568.3577404544 88547.1841125488
54370628.3420948759 93758.8132324219
52161377.1615955159 78660.6581843793
55984185.3717716783 96688.4683837891
50846372.6904409677 56135.6480250517
52057930.2196862176 76292.2913306653
52249920.7485238239 80256.9856414795
53821425.5975168124 91599.2509155273
55229247.9063949883 95925.8477783203
58510611.3474200070 98343.3043212891
52681611.3273069263 84656.3849639893
53970323.5255818889 92513.5435791016
54637928.9271959662 94886.5868530273
51976355.8541540802 75935.0821326673
52100676.4550211504 78026.4852698743
52446564.1512354240 81962.2307856977
52296076.6801365539 80477.8383601606
51163797.0971254185 62576.0557980537
52258308.5298609808 80422.1528132856
53586164.3222386762 90672.5501098633
53801486.2050165832 91336.5627441406
58391922.9686207846 98292.0780029297
59667058.3822500855 98848.3039550781
53101772.6840631515 88113.9986419678
53617715.7900868729 91008.3418579102
53498785.9271021113 89992.6912231445
57380333.9723619744 97532.2764892578
51263472.3409081623 63932.9179372191
52224391.8905926496 79677.2366946638
52865976.9645427838 86444.2447357178
54232250.2556503415 93357.3926391602
51180676.3104856536 62657.1055152416
52242595.2916507646 79989.6556437910
52676556.8616034165 84361.9640350342
58425869.6265601888 98327.2650146484
50838778.0241357237 55910.8788064718
53838139.0440847874 91880.3597412109
54789763.7631415427 95300.0653686523
56784427.4189213291 97223.9683837891
52932437.0443992168 86734.3591766357
52826654.6742860302 85646.7416687012
53018809.1401085332 87432.6016693115
50763645.9499607757 49575.9321081503
52869716.2447785214 86487.4148101807
52790214.0855403990 84943.7153472900
53238815.1204168648 88618.2466888428
53576954.2704209611 90614.2937927246
57423201.9551994503 97586.5463867188
51045258.4924892113 60472.9361398220
52420746.5409132540 81746.0983699262
54168150.8414144889 93183.2092285156
51139678.1583854184 62420.7836813927
54770831.2950333804 95101.9315185547
50743148.9452335313 45801.9765158533
50867037.9959788844 56328.8966388106
53925698.0625301749 92089.3581542969
56919783.5792538300 97246.9320068359
52702343.2126429603 84780.4933929443
50970038.0362187997 59623.2981157303
53499974.6578061506 90027.0021667480
52519057.9884953499 82470.2545166016
54090691.7611437142 92849.3715209961
53606751.0623577982 90961.1344604492
55740051.5074295402 96560.3811035156
55384851.1450137943 96093.0281982422
53448013.3548103273 89991.8153991699
56967174.4862326682 97315.0947265625
52631722.3370143622 83745.9353370667
52734140.1983175501 84888.7590789795
53184232.2509947047 88447.7430267334
54132577.4728675336 92946.1784667969
50728628.9150212705 41842.7909780666
52996169.9918008298 86984.4536437988
55290853.0894481465 96017.4425048828
50735311.1798458919 41880.4375056401
56779198.2252461091 97155.8212890625
50830489.2839012593 55769.9066841006
52792481.8383839354 85118.5607910156
53644005.3616207466 91088.5430297852
54059709.2949515432 92665.0382080078
50763267.6997138932 49355.7482509851
53978172.3817625269 92565.5759277344
52584586.4338197038 82767.7139434814
54406102.5012495592 93944.7235717773
50966333.9172381833 58364.5715551376
50955648.9442129731 58351.8934466839
54778195.5871784389 95173.3477172852
51209181.0392451808 62766.3412101269
52587796.2526104152 82862.9340515137
52791545.3861199766 84974.7721557617
53036944.9525288343 87475.0269622803
54935300.0060834289 95604.2947998047
50719876.1469977945 40434.5049118176
50942998.0819335058 58187.0957937241
50918934.3181854188 58128.4051025510
53688864.6251692772 91162.8423156738
55367374.5291103795 96054.4532470703
51230029.1553340033 63922.2594535351
52903794.0907268748 86621.4344177246
54354588.3492007628 93631.8797607422
56754045.4997641891 97055.2755126953
55739733.4275702089 96533.8370361328
53095377.9249551594 87739.3705444336
54759656.8561183438 94970.0367431641
57621545.2868760452 97885.0484619141
50703370.1955103725 40227.7499196306
51266189.9968029782 63978.4756951332
50768865.3162848502 49725.8524179471
51099471.2103309408 62124.8452537060
52414679.1151188165 81093.0646324158
52379861.7308588997 81004.9510498047
54813170.5061326623 95301.3348388672
50896363.0510128215 57874.0924737453
52892185.8850533143 86558.2141571045
53827144.9702315331 91649.5187377930
53807337.2072978392 91392.1825103760
54470211.7103729546 94055.0130004883
54893931.9672523439 95532.0458984375
56628042.1205997542 96916.6052246094
52417228.7645433396 81465.5114822388
54527610.0051315874 94279.7839355469
51063841.2632571459 60613.8714978695
51203561.1840064079 62761.3246026486
52925710.0220650434 86622.9530181885
52652213.1623716801 84079.3817138672
51117339.7199237645 62340.8513351241
54498114.9774475917 94155.5984497070
51270680.5442316905 64446.4821167747
50981392.9230525941 60058.7975232601
57164866.5673296452 97354.8468017578
51114826.9906264469 62320.7871859828
54267003.8486284837 93428.9763183594
51063622.1514394730 60523.3433526317
51095179.7125468329 61836.7826780239
52622798.7208437100 83199.7054214478
52827349.3008451015 85843.2600343227
50896293.9660272971 57802.7436704636
51080441.2150302306 61608.6019424462
53073435.6750546545 87616.4567718506
55702836.2255789489 96439.0177001953
55688937.4354987517 96147.5919189453
58769478.2167456895 98374.3425292969
53077659.6348788217 87716.8040924072
51088397.7385498658 61819.2100881496
53969500.7979826331 92146.2274169922
54715939.3018329144 94952.7825927734
53265862.1715364158 88902.1709899902
57449544.5827629119 97721.5435791016
56755793.9514254704 97106.1336669922
50701310.7853932157 38351.6248606816
53274722.5216769576 88944.8031311035
50699521.7647307068 38324.2737614885
50975662.3056088835 59788.9492494026
54067515.0677664727 92680.3506774902
50916194.8880277053 57975.5851785103
50977728.1410980746 59797.2320987144
52550877.8148614243 82553.3909206390
58994431.0493605360 98375.8238525391
51723757.6868972853 71026.4573373795
55934800.5326213911 96561.9710693359
51731308.2867451832 71208.6034889221
51730178.8193831518 71169.6419113874
51902400.3958694041 73458.6603097916
52824906.2441282794 85451.4588928223
53532671.8416937888 90163.2746887207
51589753.2828819975 68782.3329943419
54450072.9654466063 93992.4670410156
53730483.8419032097 91259.6492614746
53816369.0957389101 91406.3606262207
51512577.8891781494 67363.9790238142
51933536.2330595404 74045.8116217256
51914909.4769329280 73851.6956549287
51929979.4193918705 73881.5062108040
51723253.9141640291 69879.0774964094
51967368.1269471049 74260.4899485707
51779678.8481404036 71677.4229722023
51806284.5738565475 71854.9871142507
51844999.2032596022 72446.4802436829
51805994.5206581056 71829.1747630239
51648701.5340795144 69728.6656999588
51610298.6590308100 69270.7219895124
51759518.9315488636 71233.9381659627
51813496.8286464512 72138.2783396840
51776846.4296468943 71617.5287879109
51771964.4579687417 71403.3063662648
51771722.0803932399 71293.0257767439
51621185.1283786893 69275.9075776935
51401691.9211815521 64943.8735359907
51494418.3989372104 65854.1408190951
51540659.7263269424 67424.4066694975
51496365.6564373970 67241.8030546904
59544084.3225599006 98412.5959472656
51435203.5978620350 65144.3432835042
51460582.3293855190 65597.0003304183
51440481.4195102155 65181.5268321931
51450676.9527974874 65184.3415256739
51428158.2383729666 65103.9364571273
51444818.0317752510 65182.6843197048
