50645889.2719041556 49118.7828266588
50672157.2993726209 50970.1330966232
50633500.3259060234 48747.5498147276
50702203.9815204144 51660.1595174312
51223609.7193426639 63765.8696846217
51168906.5866553932 63744.5365923583
50674879.5535923392 51103.8866025261
51150489.0110292360 63720.7145736963
50632564.4247160479 47023.1708031921
51040302.6437625289 62069.9440283477
50605337.7727497816 45091.9378252504
51300183.9493427277 63896.6023050249
51013756.9021808952 61795.9661844908
51031814.6048192829 61954.3521207273
50596783.3181293458 43058.7959795473
51070771.7455588877 62166.5584612787
52619718.3483024910 81154.0719356537
50752091.5444044843 55005.4439818650
52454840.8373671249 79399.0140476227
50955441.4693703502 59680.8792246520
50586459.6467599720 40880.4568868098
50997421.3207855225 61488.9621599852
51003770.2466680929 61668.0070627867
50612430.8896461949 45280.9646282136
50612908.5217212662 45321.6535107819
50626319.9330728203 47005.2382378844
50684422.4698877782 51195.4371597110
50579372.1411032975 37239.9316509156
50616854.6543937474 46632.4777696845
50987001.4805756807 61139.8083453178
50582006.4804445133 39104.2445886461
68342348.0451054573 98137.7071533203
50583713.5099760666 39136.6704043774
52495465.0240405202 79798.8893756866
50595087.8203794807 42863.3425830123
50774305.9342171922 55433.5482811234
67543635.2806984186 98055.7872314453
50584969.7576742545 40830.2007373092
50975680.7646500170 59717.2349155187
52599662.5268391669 80769.9720497131
50619245.4259487018 46789.0762572167
50990357.9752712399 61196.2284915685
50583502.6380165666 39136.6566946683
52525329.0247068256 79801.1067657471
50579307.6452067122 37133.2677716590
50763486.5473142713 55376.2398292660
50628894.5341499522 47012.4429276614
51104692.4618385732 63166.9305051803
52402619.1805196106 78796.0951108932
68558466.8596279174 98579.9749755859
50623469.8324904516 46917.0020972667
52546690.6030095443 80158.7958478928
50596137.3790641204 42991.2684230623
50616959.2199566439 46769.5105920103
52721490.8042291999 81384.3163204193
52374523.9259444401 77816.5797634125
51123094.4806598723 63185.7157418579
52422515.2635916322 79159.0387380123
50749065.2217768952 54778.7056095302
52438511.8527600691 79359.5334434509
52449428.6656311452 79361.4745149612
50679838.3237152770 51180.7770314477
50764116.1489876360 55386.6455819160
50779226.9395559132 55436.3735785275
50616190.7981947511 45463.1708371816
50724334.5665010959 53321.4130934775
50608913.9708834067 45219.8429293958
50914902.5797552094 59145.8803928136
50749203.3630659357 54825.7445425889
50579770.7735514268 38861.2734879432
50672960.8591439277 50985.3236349127
52333390.7444286123 77622.4637966156
51137661.0761954784 63465.4212626158
50601640.1936415657 43134.1550526523
50754618.6947699860 55116.1172688715
50828579.2756912038 57271.4240488796
50725063.2396363243 53404.4832951664
50779370.3164649829 55629.3346559554
52365346.3715303764 77718.0074062347
50626288.0711161122 46934.5450675182
52432628.5336974487 79356.6577358246
69026384.6818447858 98848.3039550781
50641543.4464168325 48899.4002439468
50603285.2216416746 44908.4323547063
50986393.8040573522 61133.0082309484
52432165.9819141999 79222.5147757530
50949522.2111848295 59495.9551615268
50762329.1535235196 55162.3108543656
50927074.6211243197 59200.3450898170
50578432.1982755736 37121.7059742599
50719944.0276151001 53270.9583836943
50604096.8707167879 44916.0500939218
52469648.1389209628 79621.8690681458
50947325.6303993836 59493.2255821466
52316139.3283268660 77590.4955482483
50607874.2048369050 45132.4578838316
50900600.9742720798 59025.7136657028
50754427.4245466813 55008.9052660256
50873209.6710972637 57523.2343741148
50855651.9533422664 57290.9897140861
52264862.2783084810 77504.0735664368
50940698.9653201699 59324.1315597892
52379312.0155499056 77959.8151648045
50870474.6087099761 57511.5299088806
50601810.6647247300 44896.4844287154
50889743.9100625291 57638.3177811652
50577935.1333420947 37051.3095914065
50678010.0089775622 51116.7451507389
50742087.7404700369 53444.1913873642
50624914.4424461573 46920.5340308039
50711146.8737719655 53072.6109165489
50581620.4762312919 38920.3724436192
50750194.6891389266 55005.1808810025
50706689.7581333369 52785.8368707937
50574948.1354722381 36846.0864217668
50684571.1328303441 51353.7562388419
50653236.0215424150 49187.9094350836
50651327.4119126052 49136.6512416974
50707760.1294206828 53015.6650726139
50584108.0505147800 39138.8532556919
50644591.4778497145 48963.2940296531
52693481.9199494421 81241.8461875124
52933029.2136150226 81504.0290012360
50719715.2192729786 53194.8167935400
52380705.6259928718 78087.8207205934
50724624.9394495189 53388.7035329370
52841179.4602500722 81456.2961157961
50669769.9285470918 50752.6950250906
50651960.7117672041 49153.8665646017
50574300.6723532602 35238.3006465311
52745556.1868299469 81422.7212027712
50707315.9918892160 52959.0891476660
50714928.9804483056 53193.4959456441
50588949.6952926293 41091.1266175387
52253014.4605988860 75812.9137305422
52201693.9310353026 75585.1911811037
50591944.0934268534 41106.3420586525
50590593.9028304666 41099.5419442831
52257256.8325769529 76001.0049170656
50574147.0884918347 35129.7673649937
52221276.9753641859 75808.5827368898
50746349.1179811284 53521.5305730044
50572988.5330690071 35088.1935315281
52111906.9547770023 74971.2138088597
50581230.9579567164 38880.5995642869
52129129.7145495936 75040.3741633100
50641455.5483955368 48898.5732535212
50654691.5028859228 49386.1321796626
50642930.1053124815 48947.6036335616
52166527.5213445723 75138.8542200727
50650904.1595330015 49135.1278898208
50652746.6534950435 49156.4462822229
50695964.2110510021 51363.9647539943
52160626.9682201967 75075.6339594526
50599749.2674693465 43070.7439055382
50580259.6197351143 38865.2698206333
50599838.7135679871 43126.9426187961
50576173.5897464827 36856.1324335723
50642945.4374812618 48954.9511372535
50593098.1636465415 41211.7047781376
50572914.0134576112 35038.1307273060
50571870.8917325735 34933.3230703920
50573992.9117684960 35128.4813100696
50592477.4534527510 41140.0565284193
50587062.1217487007 40898.4116663365
50578225.4770876244 37066.5427760570
50576413.9101578295 37051.2130324035
52101096.6569573954 71793.4632815123
52056785.7370725200 69725.2332162857
51949688.1996966526 67673.9498894066
52019536.4037028402 67694.1613085121
51780279.8436731771 64219.4860132486
51943885.4224554300 66531.6295521259
51737949.6350655332 64036.4442172647
51828552.9111947566 65825.6942093372
51818760.4869889095 65746.9858296663
51793917.9450589493 65640.8856845498
67500316.9335631430 89337.9114379883
66069418.5775923803 87193.6667938232
67212138.6765882969 89009.3389282227
66839787.8563750684 88802.0364990234
66204141.6995467916 88003.3262329102
65452654.1475595459 87037.3263549805
64964117.3305434585 81580.1618347168
65341863.3106033579 82243.6573791504
