189859555.8988809586 11.7934395101
191308215.8937464058 12.7103075575
196124004.7226448655 14.3061860064
196106104.6660205424 14.2912204700
195625012.6059635580 14.1963986546
195904264.9033207595 14.2782290258
197038908.5699773729 14.4632467037
196715529.7746771872 14.4295290305
201475933.7820089757 15.1856705341
201552417.3213333189 15.1972741149
204907117.1514230371 15.5167303681
185629709.7781429291 7.8275915300
205407388.5313819647 15.5593118966
185593602.2573077381 7.7607262743
186546439.1735324860 9.4294320449
186591008.0550505519 9.5364362010
186849340.5641227067 9.8778708857
186947464.3308209181 9.9268469114
187023109.5996280611 10.0401227784
196379050.2009443939 14.3544971653
196767063.1847921312 14.4493915612
196719880.1835659444 14.4344556184
201665464.5966640413 15.2474706545
205195400.1683334112 15.5371219739
185633787.7492521107 7.8325081173
185779709.9876447320 8.0057849407
187156480.0141841471 10.1251642931
187083127.0126765668 10.0695049108
190114774.3530750275 12.0407501502
190606589.5786650777 12.3184169920
190906770.9338326752 12.4829721069
197208781.2745566070 14.5051070979
201477409.7963691652 15.1951521114
201826045.1382235587 15.2689572498
186992160.3402615786 9.9442421731
192765964.8965528011 13.1786384668
195437507.4623012543 14.1165628728
195753072.6408645213 14.2434754005
202040409.8646033704 15.2831731513
206052226.2978427410 15.5939596146
207116717.9635656178 15.6089379936
196823126.1485269964 14.4537735941
197236485.5645531118 14.5260352098
197093261.2203115523 14.5036801891
196644501.2363089025 14.4087023955
196730604.1435458362 14.4484261206
186918781.5166141987 9.9238909349
187099824.5951094031 10.0886339636
187894201.0834096372 10.3361227588
189986291.0327138901 11.9284121215
195320028.9768974483 14.0641292246
196239719.8273491561 14.3505735347
201959963.2186022103 15.2775340080
186568207.7862493396 9.5285487875
189931933.2891039550 11.8743969722
191263569.7684318721 12.6691951239
202520024.4576706588 15.3232917190
186625593.3662552536 9.5480086442
190595113.9280810654 12.3130987438
191054824.6053823829 12.5840462480
192236108.9994316101 13.0691349563
192393036.3967860937 13.0796653098
195817519.5815705955 14.2519437425
201973313.9899254143 15.2779100910
202203413.8438427150 15.2863129675
201315854.7862836421 15.1337480256
204815138.7597745061 15.4962639213
185647927.2698234618 7.8373523961
189965042.3561373353 11.9240581177
191021126.7176345587 12.5808917349
190538034.2002347410 12.3075102622
201597705.6656467021 15.2021274194
185710344.3320725858 8.0008423723
190658320.0606122613 12.4008000668
192049956.8900169730 13.0031164345
196154727.4716147780 14.3215223420
201627030.2996427715 15.2298656777
201450215.8385973275 15.1795767000
202246074.2966711223 15.2922129035
185677767.0946966708 7.9034001865
185606307.2793426514 7.8239423596
186830763.9676833451 9.8150962482
186969115.2927502692 9.9291616113
186885993.0808762908 9.9186811562
187725475.1724585891 10.3269968837
187506885.8289475441 10.3148826446
187487238.9921289682 10.2823276026
190798106.8959902823 12.4561766730
191845302.7561816275 12.8913905226
202179082.1896999776 15.2857558057
202347474.2030656636 15.3120794296
201987133.6966064274 15.2797366530
186710898.5225022435 9.7089531004
190046829.3147897124 12.0367118016
192467730.1073829830 13.1381059271
195797248.3005780280 14.2450885508
201435945.3470319211 15.1789940447
187414474.2664992809 10.2608991687
187398597.8304836750 10.2574644855
187372600.1709854305 10.1790042407
187238645.0998059213 10.1648533989
205731702.0058891773 15.5695928335
196526596.0299691260 14.3680663329
185570580.2304789126 6.0183630940
185579659.5045024455 6.1082475989
186648299.1160649657 9.5484559240
191944474.0057350397 12.9467360575
195230485.3538828194 13.9823146619
196513924.5699035823 14.3586182218
201395564.5202510059 15.1786766080
201363691.3219726384 15.1711561801
185783774.5107952058 8.1202729813
186763108.3546419442 9.7105510818
186980350.4650745094 9.9343235344
186689353.6500042081 9.7066015258
186766250.1634624600 9.7877467064
192231779.7599511445 13.0068320574
192028756.6729343534 12.9970412683
195504214.1977016032 14.1257606649
196097170.5746641457 14.2809171785
195428311.6534353793 14.0672311205
201609548.9595730603 15.2137554139
201752150.3495678604 15.2491974086
185682297.3890624046 7.9433729687
191496957.5783715844 12.7503646217
192014857.6022756100 12.9573692676
195580307.2816470563 14.1662116398
201837525.2239294350 15.2760695294
190219290.4487608969 12.1381168159
201790175.8213062882 15.2538959980
185568935.3995214999 5.9486185917
191911719.2263912857 12.9410791822
191772185.1499197185 12.8895833914
191860578.4668264389 12.9079647653
192136625.0824411213 13.0038553576
187008747.2315309346 9.9704569229
191743241.4620103538 12.8828786068
195166053.2829412520 13.9701605945
185528639.6793721318 5.9377760771
186829247.1103525758 9.7995103386
190832069.5343664289 12.4759455132
202747625.2518997490 15.3261313140
186661686.9414171278 9.6275151562
190199511.9014612138 12.0811197700
190241997.3078252077 12.1452641355
185940350.0250032246 8.3223261817
185828806.6404802203 8.1343520407
185833314.7516369820 8.1487376665
190387297.2485749125 12.1735722369
185901844.4214984477 8.1586617482
186799172.7411816716 9.7989567857
190886053.8543014228 12.4767847516
190908925.6238248944 12.4998784604
206725512.2432384789 15.6002136022
206793487.1671546996 15.6044321433
185917097.6519051194 8.1909754652
188461522.8745754361 10.8480327884
190613479.1334837675 12.3423095715
186297506.8716372848 8.8346641610
190322106.7980402410 12.1642378115
186138644.9852620661 8.6633948067
191086643.1225112975 12.5917790173
191685557.6767022908 12.8311533579
200807990.8644534349 15.0158021525
190441292.7233737707 12.2636669081
200455812.9599336684 14.9905085610
186063492.5255647302 8.4917864182
188085558.1794425547 10.6099969586
191449965.7629136145 12.7231713427
191263543.0510950089 12.6177379681
191561675.8561528325 12.7514133645
191616471.0661216974 12.7800707413
200897805.6530636251 15.0489120707
190335390.2977924943 12.1678272711
190743981.2353955805 12.4042121623
201210982.1614900529 15.0924496353
186013374.5356633365 8.3260692142
188330832.0232945085 10.7905542407
190633957.1651434004 12.3533875245
191390154.6567194462 12.7218701659
200900505.4130101502 15.0740347654
200798136.1621239483 15.0123315305
191139372.1493979096 12.6143510557
188053793.9913864434 10.6048880880
188504039.9579187930 10.8968041529
190809153.3124251962 12.4660838859
188590056.7690933049 10.9021223360
188278754.8628724515 10.7816053470
191017128.8648640513 12.5242844613
190891635.2303176820 12.4791460684
190440235.6187950969 12.1887166476
186082868.7909545600 8.4926013949
186030314.3955285847 8.3293635061
186519244.5316797495 9.2332737608
188191945.7662768960 10.6976324904
190463500.7004348636 12.2776017057
190502263.9400200546 12.2828681749
186059265.2642600536 8.4080743217
186057657.2883144617 8.3379030213
190447636.5055371225 12.2671027871
205987846.6604899168 15.5780766308
188474261.7924259007 10.8800243749
186282630.0657995045 8.8003316113
188649932.1376264095 10.9517426472
186462219.8511804342 9.0395942723
188663090.2696547508 10.9769139353
188257402.8922019601 10.6991403009
188264808.7998857498 10.7417444796
186386374.8845835328 8.9711110505
186503908.1869797409 9.2013592246
188465443.0745337009 10.8544522873
186137462.6534837782 8.5089509013
200769209.9495499432 15.0022408590
186131269.7654738426 8.4962593663
186476920.0500565469 9.1227764498
186344150.1961251497 8.9597887379
188450717.2777962387 10.8411574070
188424293.6426671147 10.8171078715
186334331.3937790096 8.8510296029
189859246.1407824457 11.7494612305
200869099.6581952870 15.0346793281
186286389.1396214962 8.8016431361
186235231.3798528016 8.7881803495
187997648.1798367500 10.4325872230
187886994.2864888310 10.3339757075
188150158.1950083673 10.6129540228
187906177.6943688691 10.4027750967
188006808.1660369039 10.5046514072
200415129.6517263353 14.9654446747
187999668.7780578136 10.4493860648
189826481.9584922493 11.6901229238
195142759.1576213241 13.5469028736
201245554.0437643230 15.1040490717
201253046.2067382038 15.1147633865
204679341.2891650200 15.4401883483
204777717.8063217998 15.4431000352
203438987.0811167359 15.3414818197
204550961.2207567692 15.4166650623
204458774.8134422898 15.3967050388
204138006.7895717621 15.3919854537
203857094.9080236852 15.3639546931
204217191.1349612474 15.3950449005
203678162.9135687351 15.3575703576
199736402.7321747243 14.7388512691
199628385.6531499922 14.7140119965
203384598.1493438780 15.3357054368
200354681.3591948450 14.8695565695
200098564.6845724285 14.8301935839
203453541.7196272612 15.3455808535
203386065.6317478120 15.3398486748
200015385.3265282512 14.7945189746
195148239.2314864397 13.6252830079
199889027.0009993017 14.7425249920
199956641.7258624136 14.7573989993
200275179.2414767444 14.8463034080
200303252.8877088130 14.8466813015
195033973.2298648059 13.5068883816
194928766.2943650186 13.4420771075
189814586.7652167678 11.3232461676
189755004.8034055233 11.2814479396
194869658.0271612406 13.4180106618
195107964.7644255459 13.5113080577
194942113.9835704267 13.4459477239
195001386.9487688839 13.4971036743
199571232.1639319658 14.6274527610
199510677.4284278154 14.5889345208
199233922.6490872502 14.5453083017
199474022.0079789758 14.5521089174
199474781.6390553713 14.5691657521
199528896.9905089140 14.5921431003
199219129.4748558402 14.5403216952
189674813.3705943525 11.0883394816
189741576.9218542278 11.1084812289
189699558.0609411299 11.0972723137
