187115446.6112011969 10.4990133728
191853217.0342868865 13.2085290106
184673776.7813476324 5.7204282883
185677429.6996110678 8.5300173662
191938705.6915331781 13.2294472595
207759110.5555511117 15.7067819312
210230109.6883191764 15.7882368118
185691281.3814880550 8.5933231390
187613460.8983674347 10.9637889502
199920783.4996110499 15.2856033593
207931991.5856663585 15.7237372622
185298841.5173860490 7.7263513918
188600240.4144369662 11.7318183629
201516101.0401835740 15.4203902930
210565661.9659799039 15.7972933576
184663763.0639075637 5.6687278184
185436415.7406080663 8.0116675631
191427457.8220488429 13.0749773923
197236262.3343507946 14.7884354303
199826928.5359831154 15.2785750702
208326035.9829911590 15.7646951154
210600192.8396470845 15.8266975805
185824232.0358037353 8.6923154452
185811515.4687622488 8.6115983481
188682320.9941900074 11.7625224403
195777141.0217228234 14.4241671376
187714522.9773102701 10.9750066517
208258611.8665426373 15.7624965981
211054116.0381688774 15.8306172863
185888909.5713557303 8.7915187859
187120654.6122283638 10.4991260767
187713918.3798799515 10.9694299340
199765425.7637434900 15.2588196024
207815182.5839377642 15.7165150717
184641108.7745895386 5.5594036235
185720326.6541025341 8.6053789887
186964858.5396545529 10.3615725988
187120936.2378379107 10.6512589511
191471584.6736377180 13.1230268692
191791259.1240000129 13.1644435627
201590643.0535801649 15.4256519973
186888176.8722706139 10.2978762635
187614261.8747971356 10.9674862338
196141880.5317489207 14.5361198280
187363371.1490276158 10.8173441101
192049315.6709602773 13.2379662642
188397607.6158928871 11.5976554916
202689946.9711309969 15.4869093224
185232340.5749893486 7.5885333329
185518368.8373212218 8.2504230098
186983492.5447502732 10.4644458290
195537338.2446282804 14.3099279283
201598612.6434735358 15.4257124290
202212812.3732931912 15.4755751863
184629757.2758224308 5.5559699522
185454855.0300505459 8.1160453312
187715830.1104979217 11.0256935790
191802995.6215150952 13.2075619513
200128617.1841677129 15.3027195111
200914076.4197436869 15.3860837966
201256687.9922631681 15.4201820493
190645043.8401830196 12.7860164376
191245206.5956312716 13.0450837900
184714399.1542077363 5.7207673224
185652978.2288674116 8.5037970420
187379972.6534799635 10.8484921775
184575231.3082334697 5.1085445020
186030688.3792580962 8.8676944271
191386656.9689100087 13.0674886808
187269093.7628214359 10.7458251811
197195633.8822270334 14.7760505425
199348888.9256392419 15.1819085069
200245963.9952800572 15.3082884252
202207784.0183457434 15.4729009122
202133850.7242529690 15.4525693431
208357339.9188947678 15.7671824768
184618306.6135831475 5.5491589340
185717655.7644194067 8.6030003827
187201726.6305968761 10.6855044657
191561065.4596292973 13.1443735214
184590214.0800125003 5.3843615638
185264297.6849161685 7.7097436354
184584210.3067883551 5.2130869700
189276959.0654381216 12.1427349983
185580331.7375536263 8.3497652352
188366885.3043087125 11.5651456330
191919347.1105015874 13.2144350857
196988400.9150492251 14.7329884581
184601932.8901710808 5.3846953584
187418860.5671872497 10.8599314358
196282483.8803236187 14.6005351860
199578476.2842124403 15.2193494588
185438749.8592553437 8.1082280987
185613321.8808984160 8.4313919943
188554853.8949147165 11.6803647538
196266677.4130338728 14.5989690814
196684507.8449206650 14.6879871376
187192829.6920347512 10.6666837161
200573802.8915517628 15.3275012299
188436164.9937058389 11.6125573924
201708501.5897428095 15.4452706203
201655317.9694094658 15.4357180670
214865574.1520072520 15.8336622417
188476550.7286120355 11.6692778308
188713086.1826644242 11.8326467088
191150592.0757525861 12.9935311573
191112531.5959055722 12.9714771523
191750624.0490882695 13.1590610363
198939723.8201298416 15.0885859495
199021672.5044833720 15.1202297034
208571645.1401513219 15.7715901136
184746671.7835978568 5.7279659771
199393235.3036440909 15.1862893887
208247293.0885140896 15.7389477864
184794012.8393852711 5.8860442106
187348960.6041952074 10.8133682381
191508803.0804219246 13.1279687390
187464314.7694071233 10.9036826460
191354975.0411727428 13.0577592793
191052606.0213846564 12.9560958901
199433385.8809287846 15.1972342767
190969418.7102914155 12.9316017937
188866172.6688587666 11.9205091063
191027373.3047715425 12.9558597970
195552555.2849895656 14.3470306732
195878904.8650018275 14.4326055879
187229355.3970925212 10.7406722229
187282752.6421737671 10.7684444050
185467158.9124307334 8.1245776051
199231649.7563763559 15.1681709560
185407915.6145687401 7.9580073868
185643568.2088642120 8.4437607543
187008897.6661569774 10.4706417420
190909073.4657491744 12.8949032272
195925350.7139056027 14.4966172203
199390573.7922539711 15.1836575624
208893275.1816732287 15.7815064713
185332216.1167645454 7.8419064471
199186587.7336540520 15.1336186863
197145754.2874793112 14.7698478745
187307382.4570748508 10.7708530571
208957111.2607434392 15.7820385695
196080953.6903605759 14.5178447161
185487880.3300326169 8.1265950269
188357922.6759535372 11.5177256564
196795355.4179538488 14.7013152279
199638786.0920858681 15.2269867957
199685081.5689521730 15.2464025840
196552097.2619929612 14.6606472135
208865977.7207962871 15.7804922387
199671194.4957572520 15.2439210862
196464403.4509763420 14.6378884576
190877670.0787252784 12.8766918029
195677417.1960356534 14.3709106287
189072997.3576283753 12.0411587542
190753911.7045411766 12.8453921484
196149014.3923110068 14.5517631863
185426420.8285608590 7.9747788850
200369459.2613705695 15.3222639114
197429405.3978614509 14.7969755623
188852724.0346090198 11.9119111410
185556979.5661142468 8.2532862350
186933593.3662793636 10.3337445780
189149097.6240024269 12.0827184728
197556826.9126760662 14.8178970348
188776778.2122642994 11.8403662244
188595965.7731935084 11.7208061313
189019606.3863799572 12.0198692194
185358061.5221622586 7.9366197103
186836612.8025600910 10.0700655313
200647523.6137602627 15.3462856710
185278729.7062223554 7.7195865348
187063638.4123260677 10.4967322899
190743077.2122954130 12.8213014579
197486062.6951655447 14.8159990702
192845444.3249738514 13.4595292707
200652269.3790904284 15.3514664397
185308406.8011621535 7.7815005688
185303930.1426271796 7.7733992889
185504925.1902572215 8.1811749236
193580780.2519530356 13.6671675941
192952232.4561576545 13.5413047475
197021681.0069961846 14.7439564327
193337086.7851375937 13.6492728953
200820624.2342779338 15.3652223498
186866409.3321165740 10.0731325631
186980476.0491955578 10.3979927783
190574501.8298181891 12.7392320651
210372951.7176811099 15.7901774794
190516941.6177552640 12.7258624410
190382349.5597379804 12.6630131876
188934830.2774661779 11.9378123170
190500446.8787914515 12.7009335985
210130754.0363327861 15.7874838933
210057947.6026338637 15.7844709158
184932813.2084995210 6.3930805244
185389243.5089588761 7.9448048538
193447054.3213265538 13.6628146025
186770709.2975386381 10.0692709377
190202702.8991440237 12.5619797558
190420993.5449414253 12.6745731016
190164038.9689669013 12.5415273834
197102444.0964449942 14.7506292919
189747486.9801321328 12.3408245299
189662575.1441623569 12.2697022123
186875584.8096657693 10.2350050665
189864951.2569631040 12.3743265341
189841603.9533939064 12.3717625732
189795596.3131254315 12.3569171656
189669922.2819195390 12.3023088578
189631503.1911846399 12.2596569102
189382830.6159428358 12.1683785411
189349132.7281950116 12.1622747708
185113218.0336841345 6.9889869795
193136162.4582507014 13.5908101972
193049844.0368675292 13.5754834789
193284272.8294212222 13.6223470674
192638473.0596344471 13.4373319111
184924500.0118671358 6.3852559756
192844149.1993010938 13.4595122392
193046075.4328996837 13.5507642677
184774404.5003877282 5.7825887133
192777508.2343862951 13.4575350771
192967692.7010056376 13.5504559132
192163038.0579765439 13.2590176253
207192431.6132228374 15.6757341921
192460395.8873100281 13.3280868925
185120268.9719090462 7.0119433671
184835910.7328183353 6.0495067419
185112328.8157786429 6.8535307335
207730729.7187525034 15.6920227483
207027785.9967029095 15.6659860536
185187472.3614566624 7.1851139631
206787952.5563595295 15.6600295529
192129014.9464398921 13.2522608538
192201839.9243458807 13.2655398037
198093703.8231246471 14.8438933510
185187661.6781696975 7.1990350845
184873557.6132874787 6.2217865592
207587506.9574785531 15.6910536066
206738562.6333808303 15.6362230778
207270638.3847903609 15.6855582967
184782257.0707123578 5.7829225079
185149901.5390534699 7.1784806623
184816960.0036054254 5.9545308964
187981710.9288596809 11.1044848462
187888332.9778779447 11.0533338351
184829618.0837264061 6.0077823372
185202524.4830933809 7.3411766622
184884166.3766329587 6.2625342060
205797261.7240415215 15.5830640867
184945156.2389264107 6.4035875816
207166132.5042033195 15.6725288555
186675423.7556652427 9.7707856803
186743685.8858519495 9.8726707402
207402133.1473862529 15.6894518808
184869297.1820412278 6.2135402810
186632794.3084879816 9.7418308385
206774067.7225226164 15.6398175508
186668037.5267842114 9.7610324242
185111583.1704297662 6.7368886920
185064076.4996834993 6.6564653914
185005918.5713104606 6.4472796281
185013137.3850952983 6.4939446634
186640803.0240699947 9.7581780635
185049244.7543612421 6.6559090691
185011872.7137538195 6.4913011114
188324534.2471449375 11.3030117649
186747482.3915241063 9.9247102442
205824516.8235961199 15.5928191543
188342012.5948471725 11.3059369583
188279537.1816285253 11.2775927444
188252951.1794672012 11.2697745894
188086211.9368203282 11.1614719738
205039147.7257680297 15.5553868487
204739411.5468164682 15.5266862437
204917044.0123566985 15.5474398732
205233566.1592551470 15.5707057714
198847176.1627695560 14.9283954380
198726750.1069545746 14.9086904147
195470437.7818970680 14.1478322367
195263978.2987489104 14.0882179780
198899238.5028318763 14.9478992578
195393743.9841340780 14.0994688791
206429220.1811170578 15.6206952780
206278090.7818878293 15.5957003981
198620433.2189420462 14.8497946659
206613166.7497345209 15.6277478412
195165490.5174059272 14.0636161865
186469409.7801240981 9.3569403991
186579253.3446841538 9.5285790385
186508996.4291589260 9.3575197232
195453421.0285029113 14.1276757526
206105264.6617056727 15.5939989910
206052226.2978427410 15.5939596146
186568207.7862493396 9.5285487875
186625593.3662552536 9.5480086442
186462219.8511804342 9.0395942723
186386374.8845835328 8.9711110505
186344150.1961251497 8.9597887379
