186395256.8632239103 8.6677009429
186439212.7525074482 8.6715280506
186765430.8450250030 9.0536000592
187994584.1114208698 10.1580529177
187596694.2464226782 9.9865527806
187768051.3222395182 10.0093201007
189933895.6634440720 11.5842697906
189878753.3977153301 11.4974146948
190910178.5096696317 12.2079153013
190920332.1347614825 12.2082569880
190715775.3323967457 12.1194628527
190830328.0140943825 12.1443791719
190824832.6353259087 12.1348693979
195887163.6919274330 13.9811564735
195974040.6341759562 13.9846388048
195414177.9004161954 13.8041341564
196374075.7540602088 14.0440141332
200892345.0239661038 14.9845331367
201261165.4347207248 15.0541575234
191230943.7005839646 12.3282275660
200778770.8001506031 14.9327285197
200888789.2736473382 14.9376033992
200944789.8223019540 15.0462189335
186055598.4829569757 7.4567294921
186557266.6759667099 8.8219880181
187453668.9276665151 9.8051467818
187527087.6323382854 9.8757419752
190311329.0302760005 11.8124202664
189977382.8206083179 11.6842618888
191791935.0646477640 12.4744613668
190927824.0760387480 12.2293997606
191189320.1465371847 12.3026608565
191275437.1278499365 12.3384388289
195848519.7067239881 13.9709725500
201584350.4132311046 15.1377855465
201288389.7321274281 15.0665387735
202007954.0938874781 15.2052874863
201394960.1777525842 15.1345228776
201394514.7098344862 15.0907286294
205783838.0197013021 15.4787571058
205290235.9803357720 15.4449256212
189891226.2079448998 11.5757132766
186653017.4545719028 9.0401372727
187476151.0288265049 9.8101440493
187482506.2520461380 9.8739557994
189968628.6417956352 11.6826165567
190000918.0128211975 11.7386897008
191526729.0272094607 12.4229917241
195642686.6459800303 13.8834093994
196306172.2564640939 14.0362027761
195677495.2140437663 13.8903050728
201701783.6246202886 15.1442131586
201823959.5176726878 15.1826059297
186442563.7090748847 8.7407052015
186618405.1622655392 8.9738036757
186449772.3002627492 8.8021952873
186770039.0723064840 9.1224526602
186243098.1603093743 8.0382671319
186170318.2847285271 7.8777118011
186584345.3720592558 8.9594649484
187873346.1325378716 10.0455641878
188070759.2212049961 10.1608065922
196140064.1259584129 14.0002944159
196229605.1834360957 14.0336109924
201703866.9915620387 15.1629555374
202259796.8952442706 15.2226248905
202522195.0762884915 15.2658131942
205318492.6077537537 15.4732646048
204550961.2207567692 15.4166650623
195697346.8213408887 13.9089693182
186008233.0123475194 7.3165966109
186071524.3102676868 7.6950503551
186131071.7435616553 7.8744131141
187347964.4681783020 9.7538921584
187747285.2057928145 10.0008678749
191425858.3158695102 12.3841682835
191128413.4408411682 12.2913108630
191147887.3843106329 12.3002036178
195190698.7953661382 13.7170710674
195594746.0829072297 13.8469177680
195703659.7459457815 13.9141867465
201394881.3242947757 15.0996858822
201835754.8389979303 15.1991969347
202268681.1490411460 15.2505174577
204963412.1661471128 15.4364975318
189968008.3145577013 11.6653132741
190319481.9738981724 11.8143148405
186000885.3486344814 7.3158642794
187130470.6617530286 9.5090912153
190095702.1277031898 11.7561142650
190336202.0014399886 11.8314231059
190472498.2506044805 11.9483255960
195488233.1238099039 13.8383191516
187715014.3878779709 9.9951566068
196526037.5786898434 14.0622887737
186237674.4930512905 7.9015070406
186300650.8955785036 8.0443998240
201713205.9730084836 15.1695586070
204458774.8134422898 15.3967050388
204138006.7895717621 15.3919854537
186118402.5544189513 7.7182782523
187338271.0693535209 9.7465405167
195783875.8240034282 13.9286558646
203035892.8870309591 15.2797339233
204927521.8903523684 15.4201412797
187883026.8343904316 10.0468764071
186120692.2023675740 7.8666587435
187257462.0817326903 9.6020034816
187967326.5646365285 10.0717210665
187510547.8318935931 9.8753762699
187332206.6664057076 9.7027974183
190525857.4483825564 11.9526071402
195783154.3654085696 13.9168366485
201830850.0600953996 15.1967556775
201351954.6212507188 15.0734637529
203857094.9080236852 15.3639546931
187453056.5004101992 9.7699653701
187279477.9387947619 9.6965860949
186227234.2398441732 7.8793153889
187156267.4105935991 9.5823920213
187029433.9865494370 9.4215624637
186913219.5700325668 9.2528347440
190360642.5873270035 11.8846816831
190710146.1179402471 12.0695510425
204217191.1349612474 15.3950449005
186026901.2739597857 7.3229023391
187049488.1826035380 9.4483550213
187117110.7328970134 9.4889508739
186937637.9470139146 9.3259631621
187012213.9962252378 9.4194043094
190579361.3944180608 12.0112285234
201637320.9496820271 15.1393992826
186014974.6421965361 7.3179185598
186897078.7173336148 9.1903348076
186992554.6920693815 9.3519804227
190372339.3812615871 11.8932310638
190320212.9970723689 11.8198801586
203678162.9135687351 15.3575703576
185986113.6427699029 7.1384494807
185997502.8481415510 7.3094942356
186875255.4713590443 9.1893399425
199736402.7321747243 14.7388512691
199628385.6531499922 14.7140119965
202989781.7373124361 15.2704222612
186839269.2704758048 9.1888844595
186900938.1136575043 9.2024189197
190282418.6315722167 11.8091056006
203384598.1493438780 15.3357054368
200354681.3591948450 14.8695565695
200098564.6845724285 14.8301935839
200699128.9935754836 14.8814770328
202993648.7236960828 15.2759093270
203453541.7196272612 15.3455808535
203386065.6317478120 15.3398486748
203269955.6179090440 15.3121042177
203114435.0973428190 15.2991186455
186319237.5595663488 8.0514656785
190158572.8217391372 11.7632658655
190180300.4858599603 11.7688221605
186239567.3399563730 8.0267939768
186370359.2089605629 8.2107749789
186357164.2755031884 8.2014831084
186265776.0175551772 8.0391665905
186325072.1199850738 8.1769070282
190154796.4206206501 11.7616795832
200015385.3265282512 14.7945189746
200539811.6694889367 14.8807052122
195148239.2314864397 13.6252830079
199889027.0009993017 14.7425249920
199956641.7258624136 14.7573989993
195357725.7901629806 13.7415610974
200275179.2414767444 14.8463034080
200303252.8877088130 14.8466813015
195283624.6018048525 13.7381638549
190235175.0341608524 11.7714748676
189868254.0079125464 11.3349450213
189871370.1637704670 11.4353709222
200732867.9577770829 14.8972637765
195033973.2298648059 13.5068883816
189855150.5776372850 11.3291442257
194928766.2943650186 13.4420771075
189814586.7652167678 11.3232461676
189755004.8034055233 11.2814479396
194869658.0271612406 13.4180106618
195107964.7644255459 13.5113080577
197694808.0386238396 14.1920649534
194942113.9835704267 13.4459477239
195001386.9487688839 13.4971036743
198517682.8601835370 14.3733016370
199571232.1639319658 14.6274527610
197920111.4009420574 14.2240915229
197553177.5894882381 14.1600215197
198285790.4541043639 14.3104177691
199510677.4284278154 14.5889345208
199233922.6490872502 14.5453083017
199006928.3757138848 14.4543569042
199172047.5309121609 14.5150703556
199165126.3853710890 14.4809558313
199474022.0079789758 14.5521089174
199474781.6390553713 14.5691657521
199528896.9905089140 14.5921431003
198678553.7560796142 14.4288123041
198927582.1182065606 14.4466623257
198981689.2577134967 14.4538656013
189645445.0729857683 10.9481246524
199219129.4748558402 14.5403216952
198933741.5781886876 14.4509044537
197315192.0830925405 14.1058244197
189674813.3705943525 11.0883394816
189741576.9218542278 11.1084812289
189699558.0609411299 11.0972723137
189413589.2932388186 10.6136035755
189511595.5978337228 10.7891797069
189419350.1569715738 10.7876978348
189525988.5402614176 10.9409772697
189326425.5655612946 10.4883966213
189382815.1281540394 10.5350390017
189186868.5980374813 10.3808117803
189046282.4497376680 10.2500463376
198824857.7307767570 14.4310311258
198390466.8590272367 14.3120453564
198227226.0655682385 14.2903778654
198435313.6669068038 14.3618040740
197898557.4792842269 14.2122145438
197972775.5383079946 14.2591406846
197483631.5672415793 14.1576973287
197537770.9615906775 14.1590926129
197297527.2193693221 14.0813713845
197345471.0366370976 14.1087785851
194683239.8208613396 12.6942944066
194717887.4526490569 12.7678711621
194779582.3535607457 12.7737924602
194816548.0169555843 12.8144130256
194857379.8855685592 12.8642346483
194624232.8232259750 12.6575724483
194864535.5796119571 12.8672770034
194458032.1619214118 12.5140663592
194558566.4151375592 12.5604558216
194592735.4283470511 12.6342258640
194569884.7469768226 12.6320289450
