191112852.1903076172 12.9982084532
185410365.4883472919 7.9874927161
186618927.7722182572 9.9742306088
187073967.7938357592 10.5861501753
190669142.5891050994 12.8543793394
191063582.0814604163 12.9665091340
199313034.7396672070 15.2163094357
200043543.4680462182 15.2948273495
202295199.1904721558 15.4947130978
187097129.6285959482 10.6328133795
187183474.1541599333 10.6928671686
190349891.1385590136 12.6694328426
210573597.2208983004 15.8650904298
210971613.9632740021 15.8674131408
186999362.1709472239 10.4778475597
196382331.6868502498 14.6408363031
200054498.4214048684 15.3138326108
185864840.6383782327 8.7818415422
187059808.9289819896 10.5480667468
187377885.0111525655 10.8156207202
190921006.5918793082 12.9418713043
210370117.8078730106 15.8585663438
186500164.3551767170 9.8605644032
188990522.2831752598 11.9492506898
190330919.0217247605 12.6607315032
190867879.5056621134 12.9224173356
184554359.5477151573 5.5679508599
190800968.2249257267 12.8826795434
188789920.0779291093 11.8768436309
185492915.2806420922 8.2299759616
189289515.5774566531 12.1305355934
190417436.7104848325 12.6957647367
191606346.9381833076 13.1507257493
195768322.6201272607 14.4531124984
196705674.7897509634 14.6889756238
184560254.6667109430 5.5700232219
187033230.8928304613 10.4983695476
192537662.8775009811 13.4318126329
201150102.0706850588 15.4307356700
202226492.4980019629 15.4932010844
202215374.0032445490 15.4851110205
184641295.3355848491 5.9035927875
196046436.6727504134 14.5432360964
196090236.6966888905 14.5790970065
196355455.3005009294 14.6353878528
188454151.6312739253 11.6131566035
192490363.1320405304 13.3959271470
210302941.3312924206 15.8459379151
187015685.9931342304 10.4799895912
184621596.0316960216 5.7935470832
191929508.5123291016 13.2837240259
201195009.1273404658 15.4356989339
184657842.9151909351 5.9188257513
189465331.2713049352 12.2263744880
195866231.6734104753 14.4969915412
201210499.2216310203 15.4368301854
210099924.6758219898 15.8380628675
209801067.2895863354 15.8098392934
200816097.8695413172 15.3867998347
188454719.5380334854 11.6243781604
192745693.1544566751 13.4910472344
209762525.5360248983 15.7978641912
199870736.9118550718 15.2892147675
190187711.8075542450 12.5721907368
201641674.6372057498 15.4494519755
196947925.6491814852 14.7140403083
199104535.2152519524 15.1372599704
210017792.7865738869 15.8329160586
185944430.2125977576 8.8660484010
196563212.3222351372 14.6712193573
199063077.5174542367 15.1276251599
199767422.5602051914 15.2708126679
185785831.8302943707 8.7118445267
186708894.6131663024 10.1903183935
198955879.6104336679 15.1127670179
200295148.5189969838 15.3274992704
184581259.2291059792 5.7395592484
185843614.3460332453 8.7659684726
188386285.7749337256 11.6029234221
190273898.7316516340 12.6350111081
192720040.9424985349 13.4830514773
188687793.8999924660 11.8031104047
200364751.7824197710 15.3315456286
192505198.1029955745 13.4010028390
199894963.1791824996 15.2909332663
210012509.6410866380 15.8110392317
210159384.2196322680 15.8386298344
186555898.5001182556 9.9320849105
186663574.4178006053 10.1036932989
185525325.4858988822 8.2790258480
185413840.8860763311 8.0910679532
192177518.9994173944 13.3127857615
185962575.4476265907 9.0208891678
192581908.1373019814 13.4518517168
185782627.4560901225 8.7000397802
188498905.8621263504 11.6934899183
190463023.4474534988 12.7479149042
199384687.5562774837 15.2184472978
195945510.2732725739 14.5149749899
186061181.5464785099 9.0324290206
189577223.3962853551 12.2487082990
189630513.4894459844 12.2769968246
199490633.4616072476 15.2357082963
199599823.9493717253 15.2405570298
184548279.3341011107 5.5018240706
192237936.0895543694 13.3835521360
208060102.7966032028 15.7333094478
184795545.9035026133 6.1058685338
186815054.8092027605 10.2752610836
190636125.1991357803 12.7876880797
196537092.4054675698 14.6598697361
186132752.2040238380 9.2076319369
186861743.2441391647 10.2903133015
184538461.2938890457 5.3984148335
186007341.7866355777 9.0312647954
184764631.5727963448 6.0167574897
186804255.1769023836 10.2750689778
201682849.1820241809 15.4610778540
191878555.2218447626 13.2318980305
201130683.2624231279 15.4231084064
184723282.6963378191 6.0166492359
185959192.9471336603 9.0191135336
186820268.6122232676 10.2836669431
201452947.9241208136 15.4483055249
185945020.0308273435 8.8795025744
201426336.3793515265 15.4462212250
187651199.3587476015 11.0201005659
192082607.3117435575 13.3006567883
189143286.2325548530 12.0874159670
186900379.9501796067 10.3378923005
186935269.0092857778 10.3995419667
186909995.9756991565 10.3530084716
188940131.4856672883 11.9445268725
201448313.6693852246 15.4463234171
187017479.1018973291 10.4882712393
188646760.3316710889 11.7627780073
184627465.9689591527 5.8450408475
199450580.0205558836 15.2195597216
186781454.9081011713 10.2666810108
189364387.6631972194 12.2018186736
184607664.6315132082 5.7601530473
188583930.1908688843 11.7241288309
189050743.5669649243 12.0328533909
184576058.3755805194 5.6734324591
191871215.4565112293 13.2297366866
195659730.5436272621 14.3994202238
185751906.6318561137 8.6057491959
195920267.6181153357 14.4992980417
196220516.4937306643 14.5989690814
208034922.4874132276 15.7289027423
207676749.1286149025 15.6956749484
185900740.3747725785 8.8384567448
195688051.1361085474 14.4053578703
185791885.9985754192 8.7563529336
185341179.2180861831 7.8813520239
186919162.3293696046 10.3813139894
185677429.6996110678 8.5300173662
185691281.3814880550 8.5933231390
185298841.5173860490 7.7263513918
199826928.5359831154 15.2785750702
208326035.9829911590 15.7646951154
208258611.8665426373 15.7624965981
207815182.5839377642 15.7165150717
185720326.6541025341 8.6053789887
187120936.2378379107 10.6512589511
191471584.6736377180 13.1230268692
186888176.8722706139 10.2978762635
185232340.5749893486 7.5885333329
185518368.8373212218 8.2504230098
186983492.5447502732 10.4644458290
195537338.2446282804 14.3099279283
185454855.0300505459 8.1160453312
187715830.1104979217 11.0256935790
191802995.6215150952 13.2075619513
187379972.6534799635 10.8484921775
191386656.9689100087 13.0674886808
197195633.8822270334 14.7760505425
208357339.9188947678 15.7671824768
185717655.7644194067 8.6030003827
191561065.4596292973 13.1443735214
185264297.6849161685 7.7097436354
185580331.7375536263 8.3497652352
188366885.3043087125 11.5651456330
196988400.9150492251 14.7329884581
187418860.5671872497 10.8599314358
196282483.8803236187 14.6005351860
185438749.8592553437 8.1082280987
185613321.8808984160 8.4313919943
188436164.9937058389 11.6125573924
188476550.7286120355 11.6692778308
188713086.1826644242 11.8326467088
191112531.5959055722 12.9714771523
198939723.8201298416 15.0885859495
199021672.5044833720 15.1202297034
208571645.1401513219 15.7715901136
208247293.0885140896 15.7389477864
187464314.7694071233 10.9036826460
191354975.0411727428 13.0577592793
191052606.0213846564 12.9560958901
188866172.6688587666 11.9205091063
191027373.3047715425 12.9558597970
195552555.2849895656 14.3470306732
187229355.3970925212 10.7406722229
187282752.6421737671 10.7684444050
199231649.7563763559 15.1681709560
185643568.2088642120 8.4437607543
208893275.1816732287 15.7815064713
185332216.1167645454 7.8419064471
197145754.2874793112 14.7698478745
187307382.4570748508 10.7708530571
208957111.2607434392 15.7820385695
185487880.3300326169 8.1265950269
188357922.6759535372 11.5177256564
208865977.7207962871 15.7804922387
189072997.3576283753 12.0411587542
197429405.3978614509 14.7969755623
188852724.0346090198 11.9119111410
197556826.9126760662 14.8178970348
188776778.2122642994 11.8403662244
185358061.5221622586 7.9366197103
200647523.6137602627 15.3462856710
185278729.7062223554 7.7195865348
197486062.6951655447 14.8159990702
200652269.3790904284 15.3514664397
185308406.8011621535 7.7815005688
185303930.1426271796 7.7733992889
197021681.0069961846 14.7439564327
193337086.7851375937 13.6492728953
188934830.2774661779 11.9378123170
185389243.5089588761 7.9448048538
193447054.3213265538 13.6628146025
190164038.9689669013 12.5415273834
197102444.0964449942 14.7506292919
189747486.9801321328 12.3408245299
189864951.2569631040 12.3743265341
189841603.9533939064 12.3717625732
189795596.3131254315 12.3569171656
189669922.2819195390 12.3023088578
189349132.7281950116 12.1622747708
185113218.0336841345 6.9889869795
193136162.4582507014 13.5908101972
193049844.0368675292 13.5754834789
193284272.8294212222 13.6223470674
184924500.0118671358 6.3852559756
193046075.4328996837 13.5507642677
192967692.7010056376 13.5504559132
207192431.6132228374 15.6757341921
185120268.9719090462 7.0119433671
185112328.8157786429 6.8535307335
207027785.9967029095 15.6659860536
185187472.3614566624 7.1851139631
206787952.5563595295 15.6600295529
198093703.8231246471 14.8438933510
185187661.6781696975 7.1990350845
184873557.6132874787 6.2217865592
207587506.9574785531 15.6910536066
206738562.6333808303 15.6362230778
207270638.3847903609 15.6855582967
185149901.5390534699 7.1784806623
187981710.9288596809 11.1044848462
187888332.9778779447 11.0533338351
185202524.4830933809 7.3411766622
184884166.3766329587 6.2625342060
205797261.7240415215 15.5830640867
184945156.2389264107 6.4035875816
207166132.5042033195 15.6725288555
207402133.1473862529 15.6894518808
184869297.1820412278 6.2135402810
206774067.7225226164 15.6398175508
185111583.1704297662 6.7368886920
185064076.4996834993 6.6564653914
185005918.5713104606 6.4472796281
185013137.3850952983 6.4939446634
185049244.7543612421 6.6559090691
185011872.7137538195 6.4913011114
188324534.2471449375 11.3030117649
205824516.8235961199 15.5928191543
188342012.5948471725 11.3059369583
188279537.1816285253 11.2775927444
188252951.1794672012 11.2697745894
188086211.9368203282 11.1614719738
205039147.7257680297 15.5553868487
204739411.5468164682 15.5266862437
204917044.0123566985 15.5474398732
205233566.1592551470 15.5707057714
198847176.1627695560 14.9283954380
198726750.1069545746 14.9086904147
195470437.7818970680 14.1478322367
195263978.2987489104 14.0882179780
198899238.5028318763 14.9478992578
195393743.9841340780 14.0994688791
206429220.1811170578 15.6206952780
206278090.7818878293 15.5957003981
198620433.2189420462 14.8497946659
206613166.7497345209 15.6277478412
195165490.5174059272 14.0636161865
186469409.7801240981 9.3569403991
195453421.0285029113 14.1276757526
206105264.6617056727 15.5939989910
206052226.2978427410 15.5939596146
