211232364.7195739150 15.8042134717
185972219.8988927901 8.6820114926
187230953.5990867019 10.5944442637
190618745.5811533332 12.7439441217
200354869.7502123415 15.3095201701
185358061.5221622586 7.9366197103
186836612.8025600910 10.0700655313
187269840.8636238575 10.6109935967
190492740.7286252379 12.6852759499
200426970.6687518358 15.3151425198
200647523.6137602627 15.3462856710
201337931.4527546465 15.4060530066
187193258.7014755309 10.5352860549
188614386.1101288795 11.7085696904
191131617.4210333824 12.8648544324
190288416.8162545562 12.5936196634
190671841.5058940053 12.7608213997
191254322.8710145652 12.9090061508
191289858.0644178987 12.9273968687
190821467.7606642544 12.8475159476
196713498.1864849329 14.6628373638
187144050.3670886159 10.5012512700
191391506.1297460496 12.9524648091
191216200.5386967361 12.8907546992
191292296.8139044046 12.9424225729
185278729.7062223554 7.7195865348
187063638.4123260677 10.4967322899
190743077.2122954130 12.8213014579
196100557.6229165792 14.4696299709
185630827.0750654042 8.3593120669
199507461.4822201431 15.1911798641
185626619.0465088487 8.3535967780
201259067.6673321426 15.3916582018
208875084.5164018273 15.7792934403
186902416.7674385011 10.2892055439
190926038.3202551901 12.8528853472
192866893.2363813818 13.4876066598
197213167.7184834480 14.7527741836
197241875.7045495212 14.7835858138
188794195.2048998773 11.8315170052
197486062.6951655447 14.8159990702
199373770.4766570032 15.1621719152
185643789.2926275730 8.3598583661
185580154.0317806304 8.2318744330
190424216.4989516437 12.6751170237
199203182.6275493205 15.0685160868
185965872.6626024246 8.5900334601
187146175.9381066263 10.5057418410
192845444.3249738514 13.4595292707
188519751.4179564118 11.6305635896
188743542.1019244194 11.8175398780
200652269.3790904284 15.3514664397
208418977.0585964322 15.7551298067
185308406.8011621535 7.7815005688
185584603.7741098106 8.2881695565
185690046.3645300865 8.3732377957
197227629.0449338257 14.7565157013
200990251.2930835783 15.3732139170
185303930.1426271796 7.7733992889
185817063.3176719546 8.5362255075
187197593.4428601861 10.5523066111
196956450.1709810793 14.7361393059
199421110.8186520040 15.1637682657
208910348.8065021038 15.7802520767
185504925.1902572215 8.1811749236
193580780.2519530356 13.6671675941
184692036.6074298322 5.2239174835
185356113.4411644936 7.8278026358
185665977.2839132249 8.3693178028
186999189.6242733598 10.4264812453
192952232.4561576545 13.5413047475
185715319.0531224012 8.4143388846
185961707.2605488598 8.5823554282
190816787.3019981384 12.8214864064
184700836.0200875103 5.4135884893
185721198.7647756338 8.5193154927
185595640.4531256557 8.3477071043
185457947.4937905967 8.1002116617
186939277.8160837889 10.3262354813
189288465.0879387558 12.1319150381
196433351.4526934922 14.5953093111
196469079.2962125242 14.6044730134
199340280.4146030247 15.1597704007
197021681.0069961846 14.7439564327
193337086.7851375937 13.6492728953
208387714.9226227701 15.7355544269
208867432.0929546952 15.7737096697
187168067.1226589084 10.5205745508
196774887.2840579152 14.6788174175
200820624.2342779338 15.3652223498
210884036.9279770553 15.7952900454
185504754.7116909027 8.1164132423
186866409.3321165740 10.0731325631
188736510.8689099550 11.7862039971
196302857.8091168106 14.5444971657
187152285.9386822283 10.5062953939
186980476.0491955578 10.3979927783
190060015.1539478600 12.3995958114
199285922.1593476236 15.1485269247
185451091.1235880256 7.9652029638
184694223.4601483047 5.3879448730
201218912.3047149479 15.3763954565
208656787.9970388412 15.7561391592
188650022.4203352630 11.7187719283
184920428.9315721691 6.3851486695
190574501.8298181891 12.7392320651
210372951.7176811099 15.7901774794
188717094.6758916378 11.7490367692
189098375.6338572800 12.0333818886
190075363.7804121375 12.4928622396
190516941.6177552640 12.7258624410
186900302.2641088665 10.2398471765
199518076.8090088069 15.2051531672
200150658.2832855880 15.2968506068
190382349.5597379804 12.6630131876
188878999.0382760167 11.8680008806
188863406.2393243909 11.8606878853
184693599.2129491568 5.3874972238
188934830.2774661779 11.9378123170
190500446.8787914515 12.7009335985
210130754.0363327861 15.7874838933
210057947.6026338637 15.7844709158
184766558.5802080035 5.5755687985
184932813.2084995210 6.3930805244
185389243.5089588761 7.9448048538
193447054.3213265538 13.6628146025
184676735.2643567324 5.1266385186
189093491.5542297661 12.0312820403
186770709.2975386381 10.0692709377
184678808.3465484679 5.1930691544
190202702.8991440237 12.5619797558
190420993.5449414253 12.6745731016
190164038.9689669013 12.5415273834
197102444.0964449942 14.7506292919
196271235.5709491074 14.5410442874
184740643.7426552176 5.5681285394
189747486.9801321328 12.3408245299
185424130.1675235629 7.9491695828
189662575.1441623569 12.2697022123
199737985.9563558996 15.2466241717
185342036.7219419181 7.7866065019
200506426.3986108005 15.3206543252
186875584.8096657693 10.2350050665
196881603.5375556052 14.6947408477
196504829.3395489752 14.6299208626
195550532.0715591609 14.2371542545
195951444.4418603480 14.2777111221
189050755.0032154918 11.9701492377
189864951.2569631040 12.3743265341
189841603.9533939064 12.3717625732
189795596.3131254315 12.3569171656
189669922.2819195390 12.3023088578
189631503.1911846399 12.2596569102
184727689.4884428382 5.5272082511
196033179.3498783410 14.4368046995
189382830.6159428358 12.1683785411
189446692.2105985880 12.1812366055
199337875.7000470459 15.1596721131
189349132.7281950116 12.1622747708
192018465.9123904407 13.2032724324
199464241.8472482860 15.1843133643
188991232.5122404695 11.9492351105
185113218.0336841345 6.9889869795
193136162.4582507014 13.5908101972
193049844.0368675292 13.5754834789
185354382.6806913912 7.7890276460
192066275.1396713555 13.2326560582
199143157.7782278955 14.9772226973
200399940.8030762374 15.3131936416
193284272.8294212222 13.6223470674
192638473.0596344471 13.4373319111
200491441.6145025790 15.3177752346
184815644.4271337688 5.8194431435
184924500.0118671358 6.3852559756
192844149.1993010938 13.4595122392
193046075.4328996837 13.5507642677
184774404.5003877282 5.7825887133
192777508.2343862951 13.4575350771
192967692.7010056376 13.5504559132
192163038.0579765439 13.2590176253
200034789.3695726395 15.2640690356
207192431.6132228374 15.6757341921
199236312.2242107689 15.0705863843
199969868.8203164041 15.2620378882
185247356.5069586933 7.4245650280
199204194.2915582955 15.0686126901
199969903.2199511826 15.2629498541
208081942.5881256163 15.7142093331
208322993.9057451785 15.7219785750
192460395.8873100281 13.3280868925
185120268.9719090462 7.0119433671
207811152.6152575314 15.7060777992
184835910.7328183353 6.0495067419
191944919.3815923631 13.1649387072
185112328.8157786429 6.8535307335
207969691.6834712923 15.7107002288
207730729.7187525034 15.6920227483
207986181.0458272994 15.7132414430
185278427.0963459313 7.5127850506
188682576.4529961050 11.7252709941
207027785.9967029095 15.6659860536
184802245.9130384624 5.7908530764
185187472.3614566624 7.1851139631
206787952.5563595295 15.6600295529
192129014.9464398921 13.2522608538
192201839.9243458807 13.2655398037
198093703.8231246471 14.8438933510
185187661.6781696975 7.1990350845
184873557.6132874787 6.2217865592
207587506.9574785531 15.6910536066
206738562.6333808303 15.6362230778
207270638.3847903609 15.6855582967
184769238.8250858486 5.6297947518
184782257.0707123578 5.7829225079
185149901.5390534699 7.1784806623
184816960.0036054254 5.9545308964
187981710.9288596809 11.1044848462
187888332.9778779447 11.0533338351
184829618.0837264061 6.0077823372
185202524.4830933809 7.3411766622
191573014.7620745897 12.9554452211
184884166.3766329587 6.2625342060
187682366.0611369610 10.9289090042
205797261.7240415215 15.5830640867
185254260.4955731034 7.4606072712
184945156.2389264107 6.4035875816
207166132.5042033195 15.6725288555
186675423.7556652427 9.7707856803
186743685.8858519495 9.8726707402
207402133.1473862529 15.6894518808
184869297.1820412278 6.2135402810
187618452.3037413061 10.8206063886
187587941.4227725267 10.8130390021
191594525.1686283052 12.9671360759
187395046.1149678528 10.6980674188
187481976.3639866412 10.7434415682
186632794.3084879816 9.7418308385
206774067.7225226164 15.6398175508
188504624.4445226192 11.3881351397
186668037.5267842114 9.7610324242
185111583.1704297662 6.7368886920
188421962.9311784208 11.3401676521
185064076.4996834993 6.6564653914
185005918.5713104606 6.4472796281
185013137.3850952983 6.4939446634
186640803.0240699947 9.7581780635
204611042.0258641839 15.4185507251
185049244.7543612421 6.6559090691
185011872.7137538195 6.4913011114
187677710.1686058342 10.8662519162
188324534.2471449375 11.3030117649
186747482.3915241063 9.9247102442
199190410.0759031773 14.9929375835
205824516.8235961199 15.5928191543
204632468.6735336185 15.4608315332
185239439.4666711390 7.3805233194
188342012.5948471725 11.3059369583
188279537.1816285253 11.2775927444
188252951.1794672012 11.2697745894
188086211.9368203282 11.1614719738
199014034.4445990920 14.9682856640
204624720.3125705719 15.4494701927
187812884.6019801497 10.9355456396
205039147.7257680297 15.5553868487
204739411.5468164682 15.5266862437
204917044.0123566985 15.5474398732
205233566.1592551470 15.5707057714
198847176.1627695560 14.9283954380
198726750.1069545746 14.9086904147
195470437.7818970680 14.1478322367
195776725.9075478315 14.2544809874
187676207.4143381417 10.8547688762
195263978.2987489104 14.0882179780
195703427.7052324712 14.2439602694
198899238.5028318763 14.9478992578
195393743.9841340780 14.0994688791
195544309.9114775658 14.1730854992
204623344.7530998290 15.4477824196
206429220.1811170578 15.6206952780
206278090.7818878293 15.5957003981
198620433.2189420462 14.8497946659
206613166.7497345209 15.6277478412
195165490.5174059272 14.0636161865
186469409.7801240981 9.3569403991
186579253.3446841538 9.5285790385
186508996.4291589260 9.3575197232
195453421.0285029113 14.1276757526
206105264.6617056727 15.5939989910
206052226.2978427410 15.5939596146
186568207.7862493396 9.5285487875
186625593.3662552536 9.5480086442
186297506.8716372848 8.8346641610
186282630.0657995045 8.8003316113
186462219.8511804342 9.0395942723
186386374.8845835328 8.9711110505
186344150.1961251497 8.9597887379
186334331.3937790096 8.8510296029
186286389.1396214962 8.8016431361
186235231.3798528016 8.7881803495
204550961.2207567692 15.4166650623
