184958217.5709367394 6.2539563162
185005827.3390413225 6.3222336881
185005918.5713104606 6.4472796281
184959828.4748001695 6.2649033230
184996287.4866680801 6.2869852215
192410211.4898456335 13.1907673503
191886536.8565613627 13.0490048529
184971837.3310808241 6.2787210508
185213309.9784697890 7.2558180353
185308264.9517145455 7.4352667644
186810046.6760622263 9.9344627991
188587996.0242866278 11.3914244146
191631311.0471049845 12.9358373322
192483957.5266323984 13.2225062820
192307727.6851319373 13.1581398818
192050522.1351593435 13.1500919732
197353052.4204985201 14.6690359266
199949079.2558825910 15.1573564112
199906365.8182567656 15.1274441183
185013137.3850952983 6.4939446634
185212858.7301519513 7.1600183437
185482592.3421295583 7.8571330912
186738810.9531646073 9.7617225324
186640803.0240699947 9.7581780635
187929149.2021547556 11.0406976421
188656116.6322449446 11.4122101761
195939916.4551675916 14.2813982344
196600149.7044464052 14.4746801874
199287683.9225540161 15.0264126323
204642065.3361563087 15.4739669254
204611042.0258641839 15.4185507251
207039101.5355653167 15.6414936110
207506664.0720260739 15.6859652102
185049244.7543612421 6.6559090691
199722806.4506661594 15.0869617183
185011872.7137538195 6.4913011114
187677710.1686058342 10.8662519162
191406443.7578155100 12.9015301403
199758096.5760091841 15.0981425326
199987684.9258762896 15.1659620181
207236917.6853551269 15.6755420491
207501116.2850134969 15.6837837622
191374666.8097487092 12.9010150412
192403305.1489126384 13.1850072195
191919644.4736547768 13.0872427198
197543744.1266881526 14.7031466655
201553440.2668680847 15.2923643664
185267759.3488276601 7.4269231995
185266814.5378782749 7.3982071440
188574453.4823321402 11.3752697755
198906807.4398621917 14.9652531613
200671659.5733929574 15.2076333314
185366000.1690657139 7.6855498417
187414443.3765265942 10.5947215469
187607414.1793845892 10.7924779222
188058448.0398244262 11.0985052295
188324534.2471449375 11.3030117649
197197861.7268953621 14.6199496306
201135476.0727966726 15.2740191966
200849167.3697642982 15.2491676584
185324507.5223356783 7.5684812142
186916115.2535268962 10.0962103814
198787158.6322190762 14.9221930681
186747482.3915241063 9.9247102442
185314132.9882976413 7.4710300862
187985055.5805497468 11.0578471780
188525046.8368062973 11.3326238428
191471250.7089746296 12.9035443880
191976779.9179520905 13.0899432573
199190410.0759031773 14.9929375835
205824516.8235961199 15.5928191543
204632468.6735336185 15.4608315332
187261505.9417885244 10.4903941364
188426959.4590633810 11.3083469352
185239439.4666711390 7.3805233194
185302669.8470947742 7.4343062872
185434954.6848447621 7.7698628646
188487371.0009487569 11.3324127902
185347782.1712518334 7.6033306839
188342012.5948471725 11.3059369583
185324774.4998010993 7.5982544762
188279537.1816285253 11.2775927444
188252951.1794672012 11.2697745894
195816782.6476791501 14.2579382729
197221302.3698201478 14.6292853944
196838684.0326023996 14.5490406744
187240983.9750174582 10.4176868559
190931696.8023116887 12.6183023606
191245647.5266197920 12.8189340152
191783370.8207736015 13.0057728536
197102866.5221434534 14.6127546562
186827685.1827340424 9.9397154035
191263337.9370419681 12.8425025057
200726560.5415838659 15.2268514112
188086211.9368203282 11.1614719738
190927062.5833685696 12.6177831062
191019660.3764208555 12.7377059974
191897275.7146676183 13.0586526628
196763953.2937275469 14.5195951056
199014034.4445990920 14.9682856640
199396680.3601146340 15.0453091599
185759539.0448808670 8.0925095501
187721594.5347115695 10.8790837837
191303882.2157305777 12.8749404021
196810263.9215383828 14.5438030681
185139691.6822511852 6.7483842377
190975368.3933877647 12.6274640675
191122033.8027910888 12.7862144171
191287284.3837006092 12.8640073335
206917235.8106622696 15.6309577227
191692931.0020757020 12.9949898497
185308054.7745723128 7.4346315751
185560841.9961010814 7.9257476558
191650759.3270927370 12.9936649968
187233165.8455562890 10.4174660766
191536070.1771700978 12.9350991754
204624720.3125705719 15.4494701927
187857147.8303010464 10.9394389509
195993647.9266903996 14.3098248082
197055941.0228542984 14.6047878966
207085689.2168051600 15.6549192071
207114460.1369396448 15.6572672799
187812884.6019801497 10.9355456396
187010775.6756010950 10.1473809317
187304007.4005819857 10.5804538564
187728606.2678781152 10.9150499566
191285719.6369055510 12.8463910047
197141165.9744681418 14.6136000223
205039147.7257680297 15.5553868487
196905744.1559232175 14.5494150116
204739411.5468164682 15.5266862437
185175257.4929136932 6.8709987012
188012471.0369062126 11.0619126699
196920856.0141767561 14.5731185640
196999580.4208024442 14.6034729548
204917044.0123566985 15.5474398732
185592065.3057105839 7.9401447198
205233566.1592551470 15.5707057714
206988660.6986708939 15.6394253299
187180453.4709891081 10.4102442049
187876354.6249762475 11.0053999179
198847176.1627695560 14.9283954380
200710317.8871534169 15.2175041661
200279528.8447633088 15.1927215084
185124982.0734312534 6.6993903128
185207631.8261425197 6.8801679403
185126246.7447727323 6.7020338648
188030632.2879631221 11.0636725386
196515509.8375621438 14.4248879630
187428320.8476220667 10.6313172099
187493025.3425591290 10.7434415682
187301858.7040247917 10.5524725938
200845648.5420198739 15.2370465770
204807724.7901720405 15.5326197743
187444117.8106506169 10.6470174567
185654786.8156319857 7.9949335381
199289640.8467714190 15.0322505571
187868458.4791117311 10.9750835339
190694547.7861821651 12.4437978819
196370259.1065125465 14.4121474015
200702959.3037775755 15.2080955952
198726750.1069545746 14.9086904147
185680612.6919198930 8.0855406632
186870653.9873290062 10.0312060326
200222260.6390315890 15.1798437387
195470437.7818970680 14.1478322367
200564976.3314257860 15.2065009996
200748658.6649663448 15.2331167459
200457335.5089861155 15.2014085129
190762614.8742067814 12.5195241379
200190858.8481429219 15.1743883342
185707851.9104916155 8.0908485337
185550082.4669483006 7.9139485210
199336503.8897858262 15.0442360006
199807732.6679689288 15.1123656854
187230527.4101763070 10.4116796067
195776725.9075478315 14.2544809874
196152628.6068914533 14.3344511358
200740541.6950365901 15.2308465540
187676207.4143381417 10.8547688762
199849907.7851500511 15.1269823834
187168933.3873229027 10.3876395379
195263978.2987489104 14.0882179780
195703427.7052324712 14.2439602694
198899238.5028318763 14.9478992578
199572306.6474246085 15.0544148274
206774690.7324478030 15.6304022968
187110651.7814776599 10.2915658155
187044360.6144898236 10.1837606001
187436985.8881696165 10.6365156933
195393743.9841340780 14.0994688791
199322150.6307141185 15.0347620733
199610111.6658101082 15.0777216740
198073549.6100074947 14.7559684012
198163416.3892863393 14.7631476201
186952131.9755178094 10.1202964556
187246625.6928227842 10.4533558511
190813615.8265773058 12.5290074120
197990191.4257206917 14.7222144125
187004079.4384542704 10.1282347428
190936753.5313514471 12.6194728384
196128702.6340954304 14.3325964628
192935340.8648346364 13.2402935722
187649055.3200135529 10.7979989587
195597573.5786830187 14.2131801317
195544309.9114775658 14.1730854992
198401472.4344875813 14.8059918383
202348668.3405020535 15.3183599412
204623344.7530998290 15.4477824196
206429220.1811170578 15.6206952780
196113269.9679190516 14.3245162579
196278986.8677622676 14.3565129765
206278090.7818878293 15.5957003981
190888936.5800822675 12.5499067069
198620433.2189420462 14.8497946659
198511770.7824040651 14.8097914426
193018683.7717874944 13.3027339244
198544974.5607890487 14.8241352836
202178377.1213735044 15.3108272105
198044530.5030922890 14.7445746089
198253422.1823369265 14.8042188013
206613166.7497345209 15.6277478412
195165490.5174059272 14.0636161865
185802188.7337632477 8.1940316651
192686704.3502608836 13.2245880007
206964518.8620739877 15.6313839555
185674702.3683014810 7.9988029716
197985257.3820607662 14.7105158070
192761067.4543071389 13.2392394459
187168646.1742091179 10.3493716955
202125297.5357422531 15.2991873249
186469409.7801240981 9.3569403991
186634673.6200196147 9.6055953888
187095001.1956617832 10.2714255765
193006840.9001978934 13.2459948324
186579253.3446841538 9.5285790385
195559418.5927232802 14.1919704477
186508996.4291589260 9.3575197232
195453421.0285029113 14.1276757526
206105264.6617056727 15.5939989910
189859555.8988809586 11.7934395101
206052226.2978427410 15.5939596146
189986291.0327138901 11.9284121215
196239719.8273491561 14.3505735347
186568207.7862493396 9.5285487875
189931933.2891039550 11.8743969722
202520024.4576706588 15.3232917190
186625593.3662552536 9.5480086442
189965042.3561373353 11.9240581177
202347474.2030656636 15.3120794296
185783774.5107952058 8.1202729813
202747625.2518997490 15.3261313140
190199511.9014612138 12.0811197700
190241997.3078252077 12.1452641355
190387297.2485749125 12.1735722369
190613479.1334837675 12.3423095715
186297506.8716372848 8.8346641610
190322106.7980402410 12.1642378115
186138644.9852620661 8.6633948067
190441292.7233737707 12.2636669081
186063492.5255647302 8.4917864182
190335390.2977924943 12.1678272711
186013374.5356633365 8.3260692142
190633957.1651434004 12.3533875245
190440235.6187950969 12.1887166476
186082868.7909545600 8.4926013949
186030314.3955285847 8.3293635061
190463500.7004348636 12.2776017057
190502263.9400200546 12.2828681749
186059265.2642600536 8.4080743217
186057657.2883144617 8.3379030213
190447636.5055371225 12.2671027871
186282630.0657995045 8.8003316113
186462219.8511804342 9.0395942723
186386374.8845835328 8.9711110505
186137462.6534837782 8.5089509013
186131269.7654738426 8.4962593663
186344150.1961251497 8.9597887379
186334331.3937790096 8.8510296029
189859246.1407824457 11.7494612305
186286389.1396214962 8.8016431361
186235231.3798528016 8.7881803495
189826481.9584922493 11.6901229238
195142759.1576213241 13.5469028736
203438987.0811167359 15.3414818197
204550961.2207567692 15.4166650623
204138006.7895717621 15.3919854537
203857094.9080236852 15.3639546931
204217191.1349612474 15.3950449005
203678162.9135687351 15.3575703576
203384598.1493438780 15.3357054368
203453541.7196272612 15.3455808535
203386065.6317478120 15.3398486748
195148239.2314864397 13.6252830079
195033973.2298648059 13.5068883816
194928766.2943650186 13.4420771075
194869658.0271612406 13.4180106618
195107964.7644255459 13.5113080577
194942113.9835704267 13.4459477239
195001386.9487688839 13.4971036743
