184407683.0530124307 5.2848563292
185672793.4706863165 8.5516103657
186867133.4136912823 10.3770251589
195713659.6702150106 14.4819181983
209753573.0485303700 15.8388113081
185607838.2649928331 8.4709001364
187575865.2623126507 10.9315260585
187234014.3983199894 10.7565419590
187396863.4296573102 10.8842393618
190853390.9831206203 12.9249153500
195713599.3151386380 14.4744623248
195501569.0192234516 14.4403558844
201893738.0020841658 15.5378864557
184381627.5243805349 5.2021557670
187321040.0881895125 10.8598323187
200989141.6441938579 15.4050604952
201979249.4353974164 15.5403443798
210288650.5596542358 15.8594436720
195722932.9960128367 14.5326949377
196750708.4463520050 14.7495312337
202010562.6650136411 15.5419473648
191219099.5906561613 13.0127884107
201558462.5423263013 15.5081855953
201873389.3213581741 15.5209419057
184480453.7737169862 5.5598688209
187425524.6434078515 10.9032074345
188625896.3746328056 11.7438466575
185401869.5898579359 8.0226640001
190725576.5171953142 12.8589179297
196708392.5043735504 14.7289901404
190870590.8123134077 12.9395015081
191535787.0643627644 13.1556569624
196741978.4859968424 14.7429596661
190795791.6497945487 12.9174828529
191335587.4554595947 13.0765134098
190476743.6646079421 12.7559784784
191608507.5481702387 13.1733946034
191486813.9375602305 13.1452166594
184376023.6291250885 5.1099342670
190663129.4636502564 12.8543793394
190260683.7958445549 12.6638128387
210569759.7298547626 15.8681776524
188930766.4039717317 11.9688901570
187058248.0128297806 10.6511572545
188710460.8871070743 11.8565003414
188510438.0966077149 11.6934899183
199666098.5955784917 15.2578708157
201436930.8733017743 15.4866725281
184476753.8477345705 5.5510752639
190276439.2448302507 12.6764462574
190189977.5724604130 12.6454574039
186972712.0116447210 10.5337941955
197369896.3206447363 14.8180775344
185551858.3521388471 8.3591431568
185506361.1432600319 8.2992917480
190119201.4655222893 12.6001147644
197152480.9441338778 14.8062011106
197302307.7253944278 14.8094881056
184561755.1889385581 5.6544845010
186781766.1439527869 10.2876037008
190347674.9512316585 12.7369263156
185455666.7864297330 8.1369435435
186501508.4274934828 9.9171495529
185432413.7029411495 8.1261102524
185416599.4284228384 8.1233471738
199122549.4468640983 15.1879824847
186800717.5802447200 10.3231690296
187011044.7238748074 10.5620406719
191737236.0337603688 13.1852903876
196783223.0873699784 14.7709962381
196613416.1510245800 14.7190505816
184456979.0545347631 5.4075851973
185382104.1603406966 7.9551538758
201125689.1635846794 15.4384909645
186876973.0816870034 10.4512815208
188873987.5481842160 11.9471300699
202609414.6726879179 15.5611142367
186904190.1418741047 10.4595631689
188329023.3843070865 11.4368089525
202358324.6817647517 15.5579013228
202724409.5315625966 15.5636260211
186640052.6790180802 10.1113951530
186607428.8721838892 10.0436714784
195257319.0270388424 14.3428045829
195939252.2475921512 14.5825060001
202081973.5191172063 15.5496029556
202213659.9459648430 15.5516681150
186569904.3579719961 10.0290405106
199058094.6373043954 15.1854464561
201180319.4880249202 15.4399445876
187281950.9108587205 10.7864513132
191859489.8791215122 13.2645384494
201627344.4169233143 15.5102465898
187133446.5605744123 10.7141977060
189450726.4407108724 12.2714316851
191741521.5045422316 13.2302920967
210491390.4710124731 15.8665903360
209961538.7678221464 15.8501170799
184468202.7624157369 5.4389572062
184922747.1180831790 6.4072380405
190612771.9790942669 12.8086551509
184755371.4477659762 6.2531235923
184735926.3197675049 6.2349608349
186627213.2254165709 10.0978640335
201360154.8627000153 15.4744468555
189174699.8980841935 12.1337802194
190585151.0634911358 12.7915300860
184420002.8821029961 5.3794668755
196914202.0337793231 14.7881482681
201722195.0521474183 15.5136064887
189446526.8124486506 12.2607110775
209562713.1433764994 15.8231656998
184764991.9903769195 6.3633080182
186549768.5744697154 9.9641331601
187112189.0637021065 10.6871727241
196264056.7011138797 14.6577784512
184534148.4621539414 5.5755186314
184701185.7834857106 6.1441510835
198473851.9640699327 15.0563273979
184492586.4752466381 5.5672369833
187020930.3428526223 10.6225508807
189206721.2510991693 12.1460967472
184510440.9245248139 5.5705506571
186978206.8443937898 10.5419810439
184446467.9140985906 5.3956285949
185752470.0637504160 8.6154697181
201209060.5133321583 15.4559648037
195565677.3367626667 14.4410610502
186924208.0292901695 10.4781638770
196052854.3370607495 14.5962921022
184752529.4657990038 6.2524507635
196320582.1315165162 14.6825231407
184599892.3887736201 5.9175890537
186920689.1810222268 10.4695659117
210411893.4157407284 15.8611077666
184643039.2597121894 5.9795514591
184663082.9863934815 6.0932182748
184638559.5795109272 5.9711357049
184650249.2716397941 6.0811814092
184598222.7769208848 5.9171478701
195934385.4829843044 14.5642865589
186478799.8336052001 9.8558305445
210098648.4061549604 15.8554620445
189066734.4405514300 12.0565801471
185473425.5753388405 8.1375015539
196123069.2643062472 14.6267382111
195606291.6788138747 14.4523966592
191009979.4436843395 12.9670055904
195862852.1069123745 14.5623740070
189050578.0363255143 12.0408925167
199667098.0892360508 15.2638733611
190786143.4765262008 12.8881512324
209487302.7878648043 15.7898065373
190760035.6741626263 12.8767805381
199377289.6998402774 15.2296821699
185480308.7720548213 8.1858352502
195839798.0769067407 14.5517834388
199081715.3813799322 15.1864603013
186664083.1467860341 10.1125218985
195328044.9901183844 14.3732461566
186772270.2037094533 10.2755096104
188996839.4159133434 12.0271131730
195301361.1260727644 14.3573023370
195640625.3950347900 14.4691804284
195826366.4215862751 14.5478375889
198960513.9401226342 15.1747866943
198800413.1182301342 15.1318154261
198954612.0564081371 15.1737584919
198901843.9360717833 15.1528634876
209516284.7235574722 15.7915596068
184576429.4040989876 5.7455394817
198989876.3465084136 15.1751694456
198511854.4299814999 15.0600243509
200724727.5459593236 15.3565034643
191112852.1903076172 12.9982084532
200054498.4214048684 15.3138326108
190921006.5918793082 12.9418713043
185492915.2806420922 8.2299759616
192490363.1320405304 13.3959271470
191929508.5123291016 13.2837240259
200816097.8695413172 15.3867998347
192745693.1544566751 13.4910472344
199870736.9118550718 15.2892147675
199767422.5602051914 15.2708126679
186708894.6131663024 10.1903183935
200295148.5189969838 15.3274992704
188386285.7749337256 11.6029234221
192720040.9424985349 13.4830514773
188687793.8999924660 11.8031104047
200364751.7824197710 15.3315456286
192505198.1029955745 13.4010028390
199894963.1791824996 15.2909332663
192177518.9994173944 13.3127857615
185962575.4476265907 9.0208891678
192581908.1373019814 13.4518517168
185782627.4560901225 8.7000397802
186061181.5464785099 9.0324290206
189630513.4894459844 12.2769968246
199490633.4616072476 15.2357082963
199599823.9493717253 15.2405570298
192237936.0895543694 13.3835521360
208060102.7966032028 15.7333094478
186132752.2040238380 9.2076319369
186007341.7866355777 9.0312647954
185959192.9471336603 9.0191135336
185945020.0308273435 8.8795025744
187651199.3587476015 11.0201005659
192082607.3117435575 13.3006567883
189143286.2325548530 12.0874159670
188646760.3316710889 11.7627780073
189364387.6631972194 12.2018186736
188583930.1908688843 11.7241288309
184576058.3755805194 5.6734324591
185751906.6318561137 8.6057491959
208034922.4874132276 15.7289027423
207676749.1286149025 15.6956749484
185900740.3747725785 8.8384567448
185791885.9985754192 8.7563529336
185341179.2180861831 7.8813520239
185691281.3814880550 8.5933231390
185298841.5173860490 7.7263513918
199826928.5359831154 15.2785750702
208326035.9829911590 15.7646951154
208258611.8665426373 15.7624965981
207815182.5839377642 15.7165150717
185720326.6541025341 8.6053789887
191471584.6736377180 13.1230268692
185232340.5749893486 7.5885333329
187715830.1104979217 11.0256935790
208357339.9188947678 15.7671824768
185717655.7644194067 8.6030003827
185264297.6849161685 7.7097436354
188366885.3043087125 11.5651456330
188436164.9937058389 11.6125573924
188476550.7286120355 11.6692778308
208571645.1401513219 15.7715901136
208247293.0885140896 15.7389477864
187464314.7694071233 10.9036826460
208893275.1816732287 15.7815064713
185332216.1167645454 7.8419064471
208957111.2607434392 15.7820385695
188357922.6759535372 11.5177256564
208865977.7207962871 15.7804922387
185358061.5221622586 7.9366197103
200647523.6137602627 15.3462856710
185278729.7062223554 7.7195865348
200652269.3790904284 15.3514664397
185308406.8011621535 7.7815005688
185303930.1426271796 7.7733992889
193337086.7851375937 13.6492728953
193447054.3213265538 13.6628146025
189747486.9801321328 12.3408245299
189864951.2569631040 12.3743265341
189841603.9533939064 12.3717625732
189795596.3131254315 12.3569171656
189669922.2819195390 12.3023088578
185113218.0336841345 6.9889869795
193136162.4582507014 13.5908101972
193049844.0368675292 13.5754834789
193284272.8294212222 13.6223470674
193046075.4328996837 13.5507642677
192967692.7010056376 13.5504559132
207192431.6132228374 15.6757341921
185120268.9719090462 7.0119433671
185112328.8157786429 6.8535307335
207027785.9967029095 15.6659860536
185187472.3614566624 7.1851139631
206787952.5563595295 15.6600295529
198093703.8231246471 14.8438933510
185187661.6781696975 7.1990350845
207587506.9574785531 15.6910536066
206738562.6333808303 15.6362230778
207270638.3847903609 15.6855582967
185149901.5390534699 7.1784806623
187981710.9288596809 11.1044848462
187888332.9778779447 11.0533338351
185202524.4830933809 7.3411766622
205797261.7240415215 15.5830640867
207166132.5042033195 15.6725288555
207402133.1473862529 15.6894518808
206774067.7225226164 15.6398175508
185111583.1704297662 6.7368886920
185064076.4996834993 6.6564653914
185005918.5713104606 6.4472796281
185013137.3850952983 6.4939446634
185049244.7543612421 6.6559090691
185011872.7137538195 6.4913011114
188324534.2471449375 11.3030117649
205824516.8235961199 15.5928191543
188279537.1816285253 11.2775927444
188252951.1794672012 11.2697745894
188086211.9368203282 11.1614719738
205233566.1592551470 15.5707057714
206429220.1811170578 15.6206952780
206278090.7818878293 15.5957003981
206613166.7497345209 15.6277478412
186469409.7801240981 9.3569403991
206105264.6617056727 15.5939989910
206052226.2978427410 15.5939596146
