47713869.6228972301 19629.5557556152
40670055.9688278809 4887.3602999598
40849686.2497557998 6708.8955406100
40908853.1386801153 6736.0731018782
40802363.7824490815 5943.7807793617
40763869.2797914818 5888.9090755954
40841449.0138180554 6706.9264619201
40757581.1758577153 5830.7723226547
47746456.0733834207 19742.4689636230
47574367.8044508100 19597.5715637207
47481163.6636027247 18932.1261901855
47783868.5864948779 19809.7069396973
47486743.0110130608 19437.2629699707
47827241.3982952237 20224.5665893555
47522735.2072715610 19564.1333465576
40925557.2254708484 6795.3997653872
40877966.7021319643 6732.0227479935
40696465.1549294218 5079.1717676474
40748357.0665111169 5796.9659751803
47505679.3578975797 19529.4798278809
40553435.4308794588 3291.0880629523
40605327.3424611613 3983.2204479128
40677457.7214153558 4976.9795101658
40604779.8878980502 3975.4307345301
40646571.2848672047 4191.1515283487
40561700.3491569236 3357.5225083334
40598218.0374708325 3402.9095597169
40606332.8090356439 4085.8472442627
40661945.5081349909 4885.0364097506
40544211.3215328678 3259.5748880855
40601395.5974020660 3973.1068443209
40561134.1550663263 3291.4825125537
40552869.2367888615 3269.6884916774
40654681.7455600947 4203.8084287546
40609487.4024626911 4171.5044535152
40552321.7822257578 3261.8987782947
40625114.3129377291 4177.3558058096
40583340.4100750536 3358.3904390438
41336947.4493543506 6826.5960097313
41365782.6916161031 7557.7732242197
41315822.5594796836 6819.2466794252
41732257.0939359888 7646.6461037211
41792323.7474313602 7647.1639590859
42088230.8179495037 8289.2129851580
42298979.3022326976 9327.2800924778
42117529.0373210609 8330.1804515943
42210310.8646253496 9189.6291057691
42142713.7276575640 8778.9644634351
42674769.5100928321 9355.7119216621
42639868.5644215271 9351.9709776789
42907625.3538023904 9850.6657638252
43462583.3455218673 10174.2744844854
43460793.4124527127 9922.3805918097
43567185.5629211888 10696.1629009247
43887573.0278186128 11343.6742253304
43923966.6697866544 11487.7595458031
44153614.3716158494 11499.9931731224
44171055.7346303388 11638.3753892779
43815373.2138522044 10707.9171602130
44516497.6770699620 12909.9871106148
44441932.2678317353 12465.2434048653
44957792.3123964518 13645.6836361885
44542431.6260668561 12954.2653012276
44403530.1831640676 12152.9804120064
44678956.6404596865 13018.3511371613
44723046.7928204015 13057.2901782990
45211723.0127011165 13814.2934074402
45486997.0048338249 14225.3627624512
45354776.5724539086 14032.6467971802
45642285.6372864172 14320.7762145996
47344412.7311972082 15701.2397384644
46929253.8999858201 15013.3237075806
47318573.9393736571 15055.5003204346
