40604779.8878980502 3975.4307345301
40646571.2848672047 4191.1515283487
40678868.3416684493 4916.9440342188
40561700.3491569236 3357.5225083334
40598218.0374708325 3402.9095597169
40684407.9771069065 4976.9795101658
40606332.8090356439 4085.8472442627
40897696.6575397700 5883.4701999575
40778705.1415839642 5796.9659751803
48967137.4582393616 20087.6453247070
49280622.6030416563 20224.5665893555
40661945.5081349909 4885.0364097506
40544211.3215328678 3259.5748880855
40733689.5484003946 4995.4828437716
40601395.5974020660 3973.1068443209
48844678.8548540622 19741.3818359375
40561134.1550663263 3291.4825125537
40841458.4428411350 5820.0931825638
40552869.2367888615 3269.6884916774
40654681.7455600947 4203.8084287546
40609487.4024626911 4171.5044535152
40715788.4353369176 4979.3034003749
40552321.7822257578 3261.8987782947
40778332.1474119425 5783.9218079895
40625114.3129377291 4177.3558058096
40583340.4100750536 3358.3904390438
40761633.0152894557 5086.9719892344
41016184.2710522935 6071.1811448410
41336947.4493543506 6826.5960097313
41365782.6916161031 7557.7732242197
41315822.5594796836 6819.2466794252
41258900.1568019241 6123.5235071182
41732257.0939359888 7646.6461037211
41792323.7474313602 7647.1639590859
42088230.8179495037 8289.2129851580
42298979.3022326976 9327.2800924778
42117529.0373210609 8330.1804515943
42210310.8646253496 9189.6291057691
42142713.7276575640 8778.9644634351
42674769.5100928321 9355.7119216621
42639868.5644215271 9351.9709776789
42907625.3538023904 9850.6657638252
43462583.3455218673 10174.2744844854
43460793.4124527127 9922.3805918097
43567185.5629211888 10696.1629009247
43887573.0278186128 11343.6742253304
43923966.6697866544 11487.7595458031
44153614.3716158494 11499.9931731224
44171055.7346303388 11638.3753892779
43815373.2138522044 10707.9171602130
44516497.6770699620 12909.9871106148
44441932.2678317353 12465.2434048653
44957792.3123964518 13645.6836361885
44542431.6260668561 12954.2653012276
44403530.1831640676 12152.9804120064
44678956.6404596865 13018.3511371613
44723046.7928204015 13057.2901782990
45211723.0127011165 13814.2934074402
45486997.0048338249 14225.3627624512
45354776.5724539086 14032.6467971802
45642285.6372864172 14320.7762145996
47344412.7311972082 15701.2397384644
46929253.8999858201 15013.3237075806
47318573.9393736571 15055.5003204346
48155452.6794109493 16043.7099533081
48399360.2538255602 17041.6114120483
48656862.0103024244 17051.1910324097
