40558812.1131315827 1628.2044386864
40667356.5366008729 2029.8388184309
40614949.9791190177 1997.1934136748
40651417.3050860986 2000.0157270133
40565925.2548888549 1631.7664226890
40638088.7400501445 1998.1926779151
40583644.4680872187 1639.5809370279
40668501.5109751299 2325.2159793380
40555815.9383868501 1626.3865302205
40544211.3215328604 1625.7404107451
48595155.8588217497 7649.5703010559
48688789.6854788139 7950.6540222168
49086877.7970487773 8124.5130920410
48602493.5085016713 7723.3360061646
48982555.4395929575 8077.4699707031
49166429.6245905533 8211.2083435059
40611625.1733231395 1990.7355986834
48817130.2284940630 8054.0368499756
49082318.1976008937 8090.1761016846
40549503.6858203635 1625.7485190630
40606332.8090356365 1990.7274903655
40591266.0896122903 1955.0935959220
40860302.0604832321 2334.5098699927
41130893.5422308892 2689.7677934173
40870133.3605703339 2685.0701551735
41133590.3216796890 2711.2080218606
41198333.8884518817 2719.9115188532
41241667.5140798837 3066.2082663886
41291131.9868199453 3069.4067588830
41284023.6498197690 3066.3382189125
41192805.2788553461 2715.4912378573
41340685.9376390129 3086.9442407870
41203745.6137705445 2757.5602576844
41356922.5215667710 3129.0358099528
41451061.9580982327 3503.6873053769
41397359.1779328138 3456.5018653091
41570234.6382526904 3776.9342688735
41762905.4423142746 3830.8575896438
42179091.0991188884 4193.0981732607
42122231.5245310590 3959.5458911657
41982476.4323815703 3903.3041503131
42150367.1524990574 3970.8289450201
42375875.8614322916 4312.5580012309
43267195.8628815040 4453.2671872079
43481693.4528917298 4772.1406604292
43291513.9171867147 4731.3362729980
43236518.8707528040 4428.2711883709
43555292.7564870641 4777.7243607955
43085700.2638734952 4403.5952674391
43616972.1268804446 5104.1774504185
43428211.4287799522 4768.6329261959
44120039.2860962003 5368.7073125839
44633900.8336739987 5444.3796780109
44531120.9176967293 5416.3500530720
44741672.5326939970 5459.4831631184
44921974.3507463709 5481.8102302551
45826467.3071192801 5482.6646986008
46008109.1785926372 5530.4104714394
46114802.0593036562 5622.7656769753
46196535.9358088225 5998.3020896912
46810075.3785267770 6150.6253929138
