175543989.3342694044 344891.2946777344
152206902.9539515078 92807.7119429335
152893908.3648218811 112400.7213782812
152917496.9662829936 112940.6660162354
157244952.3325509429 177095.7512026429
156446636.8866662681 168794.2541500926
157308162.2861577272 177579.9707799554
160915304.2617748380 219416.3268456459
161880807.7331432700 230369.6872361451
167361957.7024354637 283711.9664753079
166651907.5955749154 276112.6447731173
167273969.4767962098 281333.9336808240
173736436.2787384689 332787.0401611328
174940259.7456496954 341724.8171386719
175267771.0151880383 343632.9875488281
175311752.7105967402 344773.7497558594
174910460.7066170573 341709.3182373047
175572443.8949111104 345221.3693847656
154387394.5014444590 133552.2211920167
154017406.1406745613 129495.1741720582
154376058.0956673622 130398.7038305397
152440532.1118972898 97524.0595886912
153913626.2673096955 129429.9101568604
152259939.4054996669 92832.8313050158
152323957.9670450389 96930.0093622413
153657194.6160164177 125307.5991217042
158286268.8648126423 190693.6392083168
167517228.3103929758 284695.9269435733
174671041.1114018559 339678.7130737305
175259473.5756722689 343606.4221191406
174993793.8690887094 343003.2490234375
175223695.4981698394 343495.3178710938
174950462.4439607859 342043.0946044922
161912477.8193958998 230792.3351145983
161789756.9079735875 230112.8596547246
161632265.0862609148 227211.7785017602
161706079.0077090859 229947.6924886107
151976554.7612813711 74479.0454019196
161309919.2684232593 226653.7974461913
160923785.4123131037 222531.6255517006
167473266.9605979025 284593.9031632459
152132370.1881910563 89142.3260806091
152195538.0673935115 92807.6983270850
153146810.0911767185 117062.9770513917
160677575.2841105461 218698.1467800736
166975535.0204447210 280333.4168983614
167963436.9579321742 288583.8623917615
167654614.0790150166 285112.8838944250
173157628.1879562736 329218.7580566406
175619046.0855305791 345274.0888671875
153142673.4059763849 117062.3489005709
159277664.5523352027 203129.6457023601
166738871.7453464866 276748.0983729959
167148420.7295837104 280590.4574845349
167644198.3095860779 284731.9197953260
167866732.5309243202 286852.6765897330
173421511.5849795043 331084.7350463867
175731650.9197079539 345961.0395507812
167930494.2803395092 288302.3323777234
161390633.7628549337 226805.5556740761
161109300.5409975648 223591.3383703828
161428322.0522629023 226812.6244180799
167922480.8390397131 287404.0125447428
173565623.3518249393 331473.5629882812
175167326.7448642850 343464.8481445312
153737835.7297117114 125307.8599039758
152658214.3449746072 105001.5545755066
152097408.4311914444 88649.9027354475
160272034.2093890309 214541.1170922518
160875908.0314242244 219266.6076695961
173340261.2002133727 329781.0626220703
173033817.9691022933 328158.0668945312
153652216.7715579569 123463.4803608204
174809781.6996648908 340859.2222900391
166889578.6606778204 279611.0468872190
167336336.9644182622 282143.7674842989
152093009.6871146858 87790.3263590224
158336200.8291603327 191137.2746545076
158471373.8695896566 193912.0331603289
159082916.4945422113 202012.5433877110
166902201.0749846995 279726.2586952364
153752872.3633939326 125713.3584100152
167816826.9917185009 285258.4689481314
161523596.8872180581 226908.0501977205
174813837.2363902926 341223.3874511719
161080614.6539467871 222853.9950924516
161012351.1952347159 222700.5088982582
152056093.6932686567 84545.3342764266
153394937.6320469379 121185.2880865479
160969426.6089517474 222683.3837795854
160792378.6169016361 218948.6443386674
152989458.4726633132 113737.0923499609
157149755.9525234103 177050.6710253358
158050889.9482449591 189217.4825401008
160620468.9171791077 218564.6248011589
160599104.3301692605 218561.0727444291
173580757.2761771381 332638.7702636719
152750378.3196337521 105970.4547965670
159371887.4060633481 203579.4260430336
159200864.6842046976 202754.8253655434
160391595.1307490468 214962.9064236283
151995711.7014787495 74589.5656212308
152554133.2454923987 100527.6083813366
160206783.3059225082 214438.7617092729
167194976.2543759048 281118.1528492626
153392983.3222238421 118202.1340568209
160083629.8514252305 212521.2456995249
174183529.4840089381 336452.0867919922
160026072.1391754746 210855.0283566117
160423199.9784589410 215805.7204858065
166262200.0613474846 273168.5902891159
174172424.4454987943 336066.0816650391
175096184.3695155680 343178.8693847656
174252594.7074203789 336713.6098632812
156626800.6115285456 169884.4476681352
156397745.8639729619 165841.7075869441
159318637.7435704470 203422.1359120011
166361717.7617398500 273984.3940535784
166267731.6895636320 273273.5762568712
166238121.0516352654 273168.0245489478
173820377.4508400857 334409.2709960938
152051588.8015804887 84544.2645919081
153167140.4437451363 117174.0332066305
160543023.4637251496 216818.7541103959
157166406.3168105185 177057.9993378371
159894359.2721672058 210350.0745497346
174311368.0955754817 337473.7025146484
156804840.9106718600 172928.3599901795
159591057.5591579378 206896.4384670854
156628643.9397566915 170435.8772020936
152728333.9907405376 105483.2247149622
152603618.7623691261 101004.6490780935
166049501.1583507955 270214.6410018206
166170474.1291474998 271022.6843389869
152550612.6001377106 100427.0821657833
174437049.2494569719 337816.6163330078
160002695.1916994452 210636.2523263902
166191530.1397720575 271195.3615850806
152785832.6142264903 108817.7268302584
152933052.5890732706 113292.6391045595
159913155.1734607816 210496.6635342240
159812115.5004540086 210316.4506741166
174486472.3914451599 338129.7122802734
152030672.3243800700 81106.9098306168
152058102.5173198879 84901.3308954556
153043498.7003494203 114203.9206580663
158041604.6628431380 188802.8992367387
159700769.7290689945 208510.7999631763
152852015.9218461812 109875.6063468600
174663394.3965288699 339509.1166992188
174305563.6858582199 337059.0469665527
152903272.1270480156 112940.0378654147
153205982.2802630663 117792.3618485624
153894005.4533531368 125949.8281338830
153511358.1991820037 122301.7677406347
159763189.1664990187 208764.2981438637
153291764.2095808387 117911.4252720749
153118503.3016604483 114538.6300379927
159584778.9150361717 206752.3266241550
159064926.6830903292 201920.7871575356
165753535.5147844851 266919.6236765981
159516200.8381325006 206745.3970208168
159576647.1690047085 206750.6455004811
159692602.0693705082 207064.6124693155
159125682.3270034492 202623.0859856606
166037472.1161108315 269985.5556625724
174638039.6787826717 339365.4223632812
153875327.8349500000 125850.1228717225
158149074.3572367728 189790.1085122228
159423531.8678143024 206043.0981926918
165732758.2043865323 266668.2039093971
165856913.4791832566 268241.4855617881
165475783.3964330852 264719.4287990928
166100178.2670783997 270426.2234768271
153458837.8956381679 121827.5177711523
153374084.2980823815 118198.1211368734
153184553.3794665933 117253.0453614289
156391679.2438828349 161988.5961657166
156724249.7550335824 171128.1348280609
156905295.4475383162 174121.3871720433
156582665.5708914995 169863.9284716249
152965428.9589092731 113670.0508134062
165595529.1996248960 265885.3528560996
174734390.6037760675 340674.3239746094
152723800.9526922703 105444.6230504210
152815500.8143718839 109547.7397782499
165838430.8204589784 267883.9148970842
174309817.2246797383 337059.6157531738
165558336.9808092117 265884.6360744834
152773272.4461423159 108505.6460467037
158527193.8120031953 194299.5693965554
165224843.8300456107 262796.5669124722
165457055.6504159868 264527.4145541191
159022494.6512906253 200037.1343623996
158374329.1342440248 191616.4227443337
158717583.3070156872 197883.3027492166
152669250.1320223212 105121.3419314083
152593522.6347032785 100999.0308962520
158150928.8862670660 190560.3702540994
175271405.0109854043 344094.3361816406
159637977.5274566412 207055.8272164464
165124127.1667487323 261522.9569757581
166155292.7467247248 270480.6540955901
174125114.8154897988 334952.4946289062
152615101.3367450535 104549.3932009395
165657783.1819323599 266337.6812738776
157936823.1483145058 186780.9730373025
158841475.5999856591 198094.5815449357
152019412.2803236246 77948.9171243180
158787145.4650982618 198074.7007747293
159029561.0255260766 200376.8766933084
165164951.8381856978 262187.2844904065
157114768.0453071892 176252.8959398866
156854205.3418015540 173188.4644213319
157075762.3919691145 174252.9493670464
158528085.6700548232 194463.2905421853
164914214.7488663793 258573.6705682874
158855751.5394575894 198137.7826228738
158439890.2757523954 193860.0631404817
158713325.6899851859 195338.6910548806
165019955.1236076355 260272.6320245862
164730836.0760939419 257683.2977045178
158867120.4545856118 198303.2483218610
165008427.3785918951 259413.8120341301
164629530.2015883923 254825.3120017052
164451179.2237242162 253949.9114890099
164630518.1757005155 254896.1097311974
164694493.8708675802 257369.9236960411
158062347.1398634613 189638.6806789041
164416586.2081597447 253202.9074761868
164290555.9861251116 253144.8129758835
157845602.5886566341 186574.2491603494
158692249.7759131789 194558.7667995095
158483548.5603856146 194156.7768703103
164144025.1528401077 249821.6908674836
158128400.7256594300 189784.6277309060
158531309.9706134498 194535.1174125671
164668718.1080891192 255456.0111227632
158420376.4995174110 193778.1168327332
164675363.9715007246 255578.6778059602
163881539.7315150201 249003.8568885326
163755017.5954649150 248269.7679230273
163805068.1886065602 248291.1593700945
163971267.9996700585 249618.5570687950
164195967.4518626928 252018.8418281078
163558576.1897389889 245439.6740256846
157927049.2828586400 186591.3742790222
163402665.0762848556 244258.2206265032
164150884.3694322705 251291.0115461946
164132765.6265050173 249748.0952468514
157533269.6930251122 181526.4169425964
157502501.4357394278 180881.8839726448
157813917.2628321946 185533.4947624207
164038263.5834259987 249702.9311276972
157419084.4875772893 178680.6821708679
163311140.1497333646 244168.8483349383
157756031.0961879194 182952.9191703796
163951046.1292200685 249497.5097118914
163807822.2778296769 248900.0012922883
163825430.5357064605 248925.5609814227
157763631.5909051299 183090.7793052793
157553873.7677822411 181821.2419399023
163573568.9432819486 245925.7559601367
163434055.2022703588 245375.1986767352
157697378.6498228610 182700.1651149392
157639874.8303196728 182583.7276725769
157582693.8139122128 182482.1985764503
162810083.4750680923 238127.0173183097
162792157.7472539842 238096.2934174253
162856076.8244863749 238280.1337428703
162971593.9574315548 238347.0555712283
162686352.7394303381 237771.4366298332
163114934.5104688108 241321.4093565657
163126968.9134880900 241466.5126150227
162525399.1900807917 235574.9740538313
162628777.1792312860 237199.0983214094
162594598.2941617966 236090.4156784839
162238479.6071078479 233076.7872862532
162231721.2157603204 231034.2670225813
162301470.9383131862 233089.1671156287
162444083.2108089626 234341.3906798078
162512971.8064484596 234364.3046886041
155826595.0052853525 144121.0304861875
155829421.3410010040 145178.9100027891
156216755.3299020529 149839.4460623475
156383734.6470581293 152900.4013052793
156323635.7836652398 152149.1505578371
156184925.5618713796 148779.5984946104
156016651.2742032707 148243.3415213438
156071217.2253796160 148527.0847823672
156335471.1902217567 152519.3260514351
156055437.8821649849 148395.2551356169
156230677.6289757192 150293.9911089750
155733346.1710520685 136275.2472855063
155778768.3226744533 139825.6095901938
155656065.4018705785 135743.7770097466
155506926.9628068507 135700.1738056155
