172556006.9436121881 342541.0273437500
172551878.7001669109 342156.9378662109
151656354.4914273918 79839.6901771799
160718674.0642473698 222815.5487439930
168221886.3822557628 303169.8746500015
170299125.7147359252 324213.2084350586
172758844.3160911202 344100.2351074219
172482865.2620802224 341468.0135803223
173020650.1243024170 345961.0395507812
172929301.1236331463 344839.9052734375
153341815.3004928827 125163.9461255111
153425834.3134449720 127121.0221224334
167636308.1691668928 295985.4522562027
151672412.1435916126 79988.6676821336
152657639.4859931469 113885.0587369092
167651916.7857275903 296359.2575235367
167519681.4099328220 292032.5412759781
155060017.7344789803 150747.6009846199
170923913.9779291749 329870.7421875000
172610720.9838748276 342896.6080322266
154924460.8269905746 150291.9738494176
151821960.3693866134 88575.1846712008
170252121.5551880002 322525.0804138184
170630978.7248059213 327013.0345458984
170553522.8760887980 326450.7299804688
151863129.7874583304 92336.7694659736
167692820.5575045645 297129.0910959244
167616892.3207907379 295812.6747760773
151805726.5657838881 88280.8041782882
167906199.6819405258 299909.6198282242
157620681.4112889171 186141.4654667526
153402836.3805635273 125178.9754593857
171111420.5997759700 331431.7485351562
170823440.1271251440 328730.6284179688
152733061.7885648906 114759.7424679883
152478075.0784359574 109269.1215115674
168730079.1767255068 307878.9567565918
151984332.8683350384 96414.0382192619
151841627.0791131258 91896.7979679611
169484024.8224950433 312988.9847106934
172054316.9860694110 338542.8460845947
151753702.4694895446 87774.4869328048
171040853.3725107908 330423.5168457031
153062855.9715683460 121182.4023587573
153025340.5253722966 118906.1737866439
171271351.9730977416 332150.6406250000
171442977.6661516726 332712.9451904297
152865446.6770683825 117700.3199045826
168342545.7960253060 303226.8230438232
153038165.5084557235 121152.8404960521
154071649.8242704272 137740.6480730213
168528818.3273229003 305547.3683776855
160261528.5145370960 218692.3164304197
168453492.5763031244 305060.0872650146
154354642.2942724526 140473.6312574018
151922077.2312504351 92400.1477373149
172961535.2626850307 345273.2800292969
158093684.3166678548 193070.0975640118
151948772.2100350559 92953.9607029464
152813400.7970191836 117304.3541623242
169050326.4964774251 310590.3724060059
151840508.4780926704 88575.9014528170
153110828.1805789769 122227.2400750555
154276375.5356493294 139839.6684599668
170425835.5183108449 324622.8566894531
171927875.3847460449 336823.1822204590
151778917.1498188972 87801.2769229896
158489765.7103007436 197903.8190996945
157810248.8705437481 189817.3130604625
160653368.4057928026 221811.1569662392
170757680.3283390999 328042.8688964844
151698753.0136410296 80076.1343802456
158057486.8332771957 193069.7005268931
154489856.5266068876 142904.0999785215
171783356.9779091775 335861.3188171387
172332186.5045529306 339810.3721923828
169197037.5593610704 311825.0882263184
170424297.3302132785 324544.0271606445
172082769.1614851058 338925.7503356934
154195559.6071757674 138781.7889433652
155254899.1964645982 154718.5112340599
157350575.6487039924 183750.7790890783
168170772.5633864403 301232.1363983154
154926979.4438016415 150450.8885188568
168370420.0572972596 304296.5679168701
158160802.5299345255 194343.9480854869
158254200.1609090865 194458.0630190372
158095041.9275085330 193641.6492573619
152651291.4320922196 113562.2903138269
157756106.0958686173 189147.6749747396
152894581.8214547336 118007.3697720654
154915556.6644867361 149954.8827867527
171958031.7152189910 337560.0087890625
151602139.6965054572 73269.6933371052
152825108.4293828011 117331.7062600143
172234806.1364156902 339476.5958251953
153798155.9190103710 131600.3269361127
152320505.5826148391 104972.4161363877
152669537.7014853954 114240.6394253857
152842243.3494914472 117339.3492418565
170814059.7436333001 328143.5628051758
171904358.2742179334 336576.4034423828
171633349.5524891913 335032.4193229675
158255886.2245506048 194703.8204520345
159606905.4261536598 210562.7748654783
172107744.3621113598 339121.0151367188
158379622.5392900109 196478.9390926361
158418207.1765705347 197203.6622914374
158041813.4203818440 192941.4924491048
157729664.1569534838 188819.1814139485
168051940.8389978111 300427.4945068359
154908109.5054459274 149897.0322590340
171705428.5932989419 335570.6528320312
157435466.2364483774 184257.2799823284
159545879.1322016418 210447.6943601072
160208676.3177676201 217990.0176022947
157671880.9099086523 187810.0878681988
155241162.7192106545 154139.8080568332
168905826.4218610227 309345.4371166229
157691037.8501060009 188264.3578021526
154054960.2760296166 135723.0198033322
168936267.7525879443 309574.2584838867
158015782.9480889142 191995.0041222721
172840013.3441422880 344229.7387695312
169157397.1511376798 311735.5156860352
168998374.1502935588 309664.1115722656
153653118.1804829836 130379.9502943624
155153633.1091749370 153447.3945637215
156901362.3189063072 176583.1019040197
156926191.9232966304 177199.6639767736
159559759.2779223025 210447.8494876772
152850855.1144129634 117439.5123677738
152963483.9325476289 118363.2702050395
169499327.9636407197 315297.8617630005
152397610.1340857744 106087.0089195855
156945915.4834659100 177213.4617367834
154911309.8801849782 149925.4631605167
157223738.0868831575 181354.4764705896
151583839.5244749486 73139.3488730434
152169649.8571408093 100947.5661831982
157473521.7844122648 184828.8303962499
169229924.2757888138 312774.8799438477
151632857.4728507400 76349.4617301300
169592931.6417343318 316194.8921508789
156902158.6348796487 176875.8808346838
169898993.6423311532 319052.5997924805
152820739.5051617324 117305.0709439404
152593461.5299210548 113182.7599087842
159587298.1738721430 210522.0398953855
161101831.2455504537 226364.0025686445
161102898.3114602566 226922.8375725746
169898614.6600061953 318834.4120788574
157152937.3436952531 180998.1918698400
159675327.9096525311 211712.2977536619
156848801.5371740162 176347.6909237951
155205471.3482538462 154020.5367663354
161029783.5641593039 226221.0028036684
161127765.9148666561 226923.1573170722
160322608.1571181715 218810.7322524488
160563151.4151864648 221046.9733803570
153582984.1323426366 129855.2631925214
169731036.6557221711 316572.7932891846
152451958.2918307185 109060.4488736279
152370118.3529905677 105077.0724595804
157110065.1916773617 180426.2431393713
169739864.7941977084 316768.0580902100
160624760.5075987577 221275.5723561347
159301101.6754938960 207080.5814427435
151715215.6057080925 80471.7591494378
152242020.3855533302 101737.5163785107
159687127.4721819162 211838.5108326972
160388829.4871718585 219380.8340748847
152301789.1958337724 104938.1378384717
152297800.7966103852 102404.3096069116
160441376.3717577457 219546.9359182538
169697389.8755294979 316418.9976043701
154727114.8041905165 146473.8891637474
170166049.3565990031 320537.6988525391
170176481.0858159363 320757.0895996094
153606855.8235180676 130261.5050953496
159984664.2503668666 215265.1759928763
170235513.9674904048 320915.2009124756
152076433.1160986722 96711.5272584129
153901196.0941904783 134467.9127820600
154619110.2776389718 145774.7212238777
157508894.5416537523 185250.8530026525
157590836.7912163734 185721.9228692800
170053570.8386766016 320188.0702972412
152222553.5056558847 100948.2829648145
153220156.3385592699 122687.6354068387
153576262.2547169328 129837.9989331830
159614260.1596294343 210606.2400288898
154976548.5452890396 150596.2001989037
160493423.2453541458 219790.8163437545
153661446.5580579340 130555.0047610868
154725842.4569047093 146402.7888002414
160154658.7579434812 216561.4385387301
152236665.1649540365 100950.5307100900
153667788.1622141302 130895.8784497846
159969466.4700097740 215258.5230397284
157260585.0083255768 181558.0596507341
152240318.2092939913 101518.1256314404
157456350.1445882916 184622.4911692888
152369367.0407520235 105069.8388887532
170134298.1944350898 320342.4340515137
154143024.1826540530 138179.4316707123
152155203.5954575837 97395.8145962842
154358615.2801710665 141652.4101887215
154663961.0972280800 145802.4353437442
154374971.4356687665 141680.1243085880
153740926.2008641958 130992.4910892118
154144553.3980824351 138303.3461604584
152296176.4558297694 101851.4199763425
153405351.7230642736 126240.7319783438
159168750.4373279512 204781.8631495535
159271499.4772144854 206513.1639308035
159473469.3545263410 207777.7673243582
153416118.1282788515 126302.3436282743
155817105.6841879487 157317.3901241887
156064530.6705054343 164970.5773497820
156642285.7045592964 171366.6530944109
156642663.4990705550 172417.4243346453
156430165.8990432024 169235.1295368075
159024903.6752363741 202929.4305781424
158892180.0583197474 200212.2477419376
158962778.8366687000 202613.1730708182
156492278.7859367728 170502.5611983538
158843355.5488413274 199118.4043276310
157060198.5219771862 178259.2000304461
163907578.0718681812 254090.3669938766
158706278.0889807343 198791.4796602726
158964821.4661464393 202756.8594362736
163880388.4763614535 253440.2292985641
163708608.2844151855 251210.7518496513
156809113.3913126588 174157.0122700930
163978621.5630875230 254778.7019461244
156178444.7762172520 165895.1963530779
156559370.6915351152 170586.0036780238
164026057.4185699224 254935.2099836194
156436158.5253292620 170014.5779601336
158846369.9629907608 199266.0361025333
163540572.4716486931 250656.3923580968
163520123.5671442151 249606.3051670045
164172923.0311009884 255081.4356323145
164358052.3873887062 255086.9680831544
163278758.7623747587 247132.4736837596
161943728.9265780449 233154.2630245686
163284288.6967840195 247134.2642799281
161532053.3582622409 229630.0381448269
163464979.2387821674 248684.3231252879
161598287.1548852921 230019.3230102062
156005336.5208968818 161550.5651427507
163376488.5189642310 247843.6846975535
155988889.2342139184 161401.6835590601
163010217.2049424052 243975.6485414356
162678467.6351862550 239942.1155862659
155834102.7802009583 160213.4577513933
162900609.7080283761 243333.4598629796
162836063.3487960696 242799.8232278675
161753596.2562745214 230781.6767055094
162425389.7258598804 238580.7610944957
155943020.5103339553 160939.5315657854
155872887.7526300848 160804.1119534373
162279890.4064555168 235021.7514944077
162629009.4879350066 239519.5346807116
162482277.1340333819 238597.8451055163
162293224.4198908806 235807.7861809731
162104288.2732957006 234864.8174886107
162218137.1347289085 234898.4195165038
161687572.8228572607 230268.5056676269
161724871.0700039268 230776.1084813476
166885385.5236353576 277726.9724667668
166868154.3971671760 276755.8901489377
166884355.2402329743 277053.1584900022
167256813.4247120321 282787.2769425428
167361957.7024354637 283711.9664753079
166975535.0204447210 280333.4168983614
166738871.7453464866 276748.0983729959
166889578.6606778204 279611.0468872190
166902201.0749846995 279726.2586952364
166361717.7617398500 273984.3940535784
166267731.6895636320 273273.5762568712
166238121.0516352654 273168.0245489478
166191530.1397720575 271195.3615850806
165856913.4791832566 268241.4855617881
166100178.2670783997 270426.2234768271
165838430.8204589784 267883.9148970842
165558336.9808092117 265884.6360744834
165224843.8300456107 262796.5669124722
165457055.6504159868 264527.4145541191
165124127.1667487323 261522.9569757581
166155292.7467247248 270480.6540955901
165657783.1819323599 266337.6812738776
165164951.8381856978 262187.2844904065
165019955.1236076355 260272.6320245862
164730836.0760939419 257683.2977045178
165008427.3785918951 259413.8120341301
164694493.8708675802 257369.9236960411
164668718.1080891192 255456.0111227632
164675363.9715007246 255578.6778059602
