156430165.8990432024 169235.1295368075
159277801.5334887505 206095.7869265079
159366688.1647414267 206879.0313307643
159630090.0876997113 208204.9782051742
159339183.6004458964 206513.1639308035
161039358.3001413941 223248.6457055211
171445358.1045366228 327813.4676513672
171420231.2303283513 323707.3609924316
171546669.4442981780 328375.7722167969
152823898.8145054579 113138.8352793325
157391137.2987465560 181812.0650714040
160951038.2341378927 223120.4623641968
171720244.5623390675 329936.0001220703
152346436.5456092060 100782.3786730338
159024903.6752363741 202929.4305781424
159706864.1629652977 210635.4749659598
163824207.9754982591 252565.6472031795
171684391.5610124171 328573.7862548828
152931355.0175730288 117261.1463144887
163804692.5320534706 252137.3406007015
171803365.5113335550 331233.4798583984
172033845.2270567715 331701.7385406494
172305549.3608098030 335223.3347320557
152024337.6467405856 92978.8578294404
158695299.4323104918 198634.5484011173
172159563.4233935177 333395.2487182617
173011489.3330024779 339810.3721923828
172391532.9056312740 335322.4872436523
152424849.9253198504 100978.0006397534
152843307.2168002427 113232.8629282583
172724461.6116220653 336263.3074951172
172659709.2563301027 335685.0868530273
172569555.8218875229 335476.3547973633
172706572.9981855452 336157.5771484375
172648114.5466484725 335651.2607421875
156984975.9183076620 177575.0720019341
159213143.7944597304 203968.5522364676
172813118.9799349010 339121.0151367188
160968523.8341751099 223120.8441962600
173169929.8705615699 341475.0075683594
173349960.5351864398 342760.4180908203
173231967.4369930327 342541.0273437500
151733123.4697354436 73367.2456046399
153014203.3981155455 118053.7145627160
160565905.0082711875 219057.6061894298
159928799.6459336281 212423.0100936890
160464927.5650222003 218998.1513290405
173744529.7602650821 345961.0395507812
173520231.3307622075 344033.8010253906
173005731.9388326406 339505.7560424805
173356411.2014430761 343036.3590087891
151888842.4998842478 88649.5104590543
152967206.2272877693 117632.8628948182
159464870.5920722783 206895.3971046805
163187815.2337572575 246110.2075288021
173632335.6139575839 345221.3693847656
151972126.0378202796 92372.8303544559
152636339.7239491940 105051.2757423092
152458066.6697616577 104650.2098345328
152913211.4809626937 114161.6150644887
158892180.0583197474 200212.2477419376
158674788.5587576628 198111.7278254032
163788582.8671620488 251512.1175400936
152026790.8651645482 93500.3597123660
152960338.0728194118 117282.4959086049
152238561.8454597890 100527.8987993766
153316854.5936698020 122628.5278049577
158962778.8366687000 202613.1730708182
153686755.1879360378 129479.6368516553
159631759.3392753601 209947.1385665834
159319254.0681976080 206181.4441584647
160573721.8889088631 219891.0001427531
151926643.8631801307 92235.7563188113
156359198.6785659194 169092.8883849382
159550072.2821103930 207975.7813624442
160552355.3569147289 219043.6437606812
156922723.7026034296 175643.2269133925
159388306.0512936115 206879.1704714298
152377422.0019548535 100928.9647071529
157205163.4710724056 178401.4411823153
156492278.7859367728 170502.5611983538
158843355.5488413274 199118.4043276310
152195391.0583280027 97108.6780352164
157060198.5219771862 178259.2000304461
160434281.4947463870 217941.8612266183
163907578.0718681812 254090.3669938766
156934452.9582571089 175899.2169982195
160460929.9741322100 218331.1142947078
151967694.3856401145 92341.5184026994
152866400.6485487521 113841.1341074575
160427511.8472663164 216716.6339359879
158706278.0889807343 198791.4796602726
159466112.4250167906 207381.9189540446
157159108.2429567873 178291.5421862006
152793760.2062676549 109575.4994580764
158964821.4661464393 202756.8594362736
152275403.6842656732 100663.0464646388
153190257.6278121173 121777.9590793718
152925685.8703205585 116707.8837995995
160023561.0898133516 212887.6723204553
152375922.9472255111 100923.1477600187
153700639.5704958439 129480.0211483706
157174677.8836017847 178373.8820647597
159868437.6591864824 212203.9390911162
152089165.9265424609 96405.5877642203
163880388.4763614535 253440.2292985641
160144583.4229039848 214935.6148987710
160099526.7297070324 214677.7686218917
153060126.2474444211 118635.8787754644
163708608.2844151855 251210.7518496513
152990841.3243505657 117963.4451426137
156769275.4170725048 173882.4091216326
156343506.9519842267 166459.7445250750
156809113.3913126588 174157.0122700930
152627497.1361143887 104739.3145119869
151866764.9090241790 88219.2073675431
152521942.1026672423 104739.1753713214
153891650.6880909503 131769.3529069573
160235411.9127601087 215665.2484575808
159929403.3131298125 212725.6071831584
160112853.6915714443 214862.7887004912
160289078.2355597913 215752.1346394718
159761314.6215260625 211501.6402629912
151897926.6766743064 88782.4155145176
153708067.0271190703 129628.0794199575
163978621.5630875230 254778.7019461244
159732456.0074814856 210792.4118315279
171321930.3833705485 320602.4523620605
151766113.1161649823 80442.6523044314
154030580.9103144109 133666.9990673363
151758811.8425667882 79969.4296002723
153206913.3562486470 121940.6990803350
153592787.1338138580 127686.4027737081
156690890.9890062809 173339.1139098406
153425005.3034527898 125505.7683848012
151818190.9381375909 80700.3205574788
153172199.5766443610 121383.4573496450
156178444.7762172520 165895.1963530779
153350438.7157452703 122948.5148264617
156637045.3526074588 170591.9753447771
151851238.5195653737 85367.7879992612
154078820.1242443323 135228.4062713981
153867223.8198864758 131552.0554334223
159577279.5743753612 208143.3768278658
156856527.5063606501 174279.1301471591
156161452.8954163194 165362.5285521746
156559370.6915351152 170586.0036780238
154063436.6094107926 134833.7844255120
164026057.4185699224 254935.2099836194
156436158.5253292620 170014.5779601336
154398355.3405202031 135374.3499062359
151749672.4068456292 76787.1174293961
156726520.2183389068 173357.4405719638
153964591.6221037805 131808.7138088644
170847281.4762704074 317248.5665435791
154118777.8309763372 135267.0381213427
159121568.8574550152 203441.7368231416
170440302.0218705237 313490.9335155487
170953117.7065362632 317335.2892894745
170330043.7086680830 312940.0880260468
154169076.9427152276 135301.6813267171
171333656.5731011331 321067.1945476532
170325388.4659741223 309723.0328807831
154079609.3340485096 135228.7260158956
153784737.4430873394 131106.4149807394
170721716.3027515113 316555.3650341034
171010116.8847977519 317356.4412822723
153863922.5485049486 131207.6129741967
170717719.7138828337 316459.8887767792
153187021.6082603633 121384.9934257139
171318078.1163486540 320113.6904907227
158846369.9629907608 199266.0361025333
163951746.4717747569 254391.4736429774
151763358.0192702115 79997.2302864827
151823157.9536900222 84119.5413216390
151884258.0303533673 88620.2732753195
171119959.2683492005 319418.5522766113
153745425.0430674255 129786.8860250581
171082712.7249666154 319026.2288513184
163540572.4716486931 250656.3923580968
163520123.5671442151 249606.3051670045
153283483.1251711547 122442.8729423154
164172923.0311009884 255081.4356323145
164358052.3873887062 255086.9680831544
156666530.6528990269 172261.9072905779
163278758.7623747587 247132.4736837596
152694711.8491018116 105526.2329642916
158258074.0303649902 191842.0397243202
161943728.9265780449 233154.2630245686
163284288.6967840195 247134.2642799281
156084449.3805781603 161803.9107390642
158238856.3435710073 191204.4838500619
158147922.4710092247 191140.1379333138
161532053.3582622409 229630.0381448269
167956992.7301450968 289278.5881302869
163464979.2387821674 248684.3231252879
161598287.1548852921 230019.3230102062
158275033.0836499631 192190.4944453239
161282305.9423466325 226659.3656703532
156005336.5208968818 161550.5651427507
163224127.5841668844 246921.9951223582
163376488.5189642310 247843.6846975535
155988889.2342139184 161401.6835590601
162521326.8324504495 239249.4609231800
167760665.4602891803 286298.0070755994
163010217.2049424052 243975.6485414356
161256834.9208428264 226040.0353162587
158512158.1442694068 195519.5442376137
158452455.2353855371 194540.6156416535
158582990.9967593551 195957.3639326692
158494825.9494207501 195255.0651045442
162678467.6351862550 239942.1155862659
155834102.7802009583 160213.4577513933
162900609.7080283761 243333.4598629796
162836063.3487960696 242799.8232278675
161753596.2562745214 230781.6767055094
162425389.7258598804 238580.7610944957
155943020.5103339553 160939.5315657854
152742799.9586308599 109141.5099723483
155872887.7526300848 160804.1119534373
162279890.4064555168 235021.7514944077
162629009.4879350066 239519.5346807116
158410330.1289532781 194175.0784755349
158115553.0205089152 190560.3702540994
169418026.7892057896 299776.9948883057
168665963.5743743479 293849.4407949448
168917778.3802630603 294349.3815603256
169315366.7326945066 297598.2243490219
168940678.1238527596 297269.4530019760
168133117.5089016259 289506.7362529477
168656003.5924203098 293798.3842387553
168338025.7905170321 290022.6472789487
168209492.4656701088 289888.7365641948
162482277.1340333819 238597.8451055163
168420509.0553104579 292953.1680827495
168392487.1484109461 290211.1712810239
167886400.3542797565 288583.8623917615
162293224.4198908806 235807.7861809731
162104288.2732957006 234864.8174886107
167047565.2501263916 280890.4570572888
167590198.7228641212 285747.0991679868
167820639.6159515977 286363.7267314633
167908641.5214168429 288811.5306865415
161375315.6887469888 227225.7461766601
162218137.1347289085 234898.4195165038
161687572.8228572607 230268.5056676269
161724871.0700039268 230776.1084813476
167425296.9294769764 284737.0007279431
166984149.6732979417 280427.4163918495
166885385.5236353576 277726.9724667668
160916964.7476474643 222531.8061555326
166868154.3971671760 276755.8901489377
166884355.2402329743 277053.1584900022
167256813.4247120321 282787.2769425428
167361957.7024354637 283711.9664753079
166975535.0204447210 280333.4168983614
166738871.7453464866 276748.0983729959
161109300.5409975648 223591.3383703828
166889578.6606778204 279611.0468872190
166902201.0749846995 279726.2586952364
158050889.9482449591 189217.4825401008
166262200.0613474846 273168.5902891159
166361717.7617398500 273984.3940535784
166267731.6895636320 273273.5762568712
166238121.0516352654 273168.0245489478
166191530.1397720575 271195.3615850806
158041604.6628431380 188802.8992367387
165856913.4791832566 268241.4855617881
165475783.3964330852 264719.4287990928
166100178.2670783997 270426.2234768271
165595529.1996248960 265885.3528560996
165838430.8204589784 267883.9148970842
165558336.9808092117 265884.6360744834
165224843.8300456107 262796.5669124722
165457055.6504159868 264527.4145541191
152669250.1320223212 105121.3419314083
165124127.1667487323 261522.9569757581
166155292.7467247248 270480.6540955901
165657783.1819323599 266337.6812738776
165164951.8381856978 262187.2844904065
165019955.1236076355 260272.6320245862
164730836.0760939419 257683.2977045178
165008427.3785918951 259413.8120341301
164694493.8708675802 257369.9236960411
158062347.1398634613 189638.6806789041
164668718.1080891192 255456.0111227632
164675363.9715007246 255578.6778059602
157813917.2628321946 185533.4947624207
157756031.0961879194 182952.9191703796
157763631.5909051299 183090.7793052793
157553873.7677822411 181821.2419399023
157697378.6498228610 182700.1651149392
157639874.8303196728 182583.7276725769
157582693.8139122128 182482.1985764503
155826595.0052853525 144121.0304861875
155829421.3410010040 145178.9100027891
155733346.1710520685 136275.2472855063
155778768.3226744533 139825.6095901938
155656065.4018705785 135743.7770097466
155506926.9628068507 135700.1738056155
