153305238.8927803338 125163.9461255111
158329142.3027323186 194706.3089961112
158809905.9615102112 202526.1583456695
158977949.2927159965 203598.9531759918
159370283.6850516796 207350.7682089508
169142555.2061980665 312865.1750488281
169056222.0419453084 312416.1138458252
159122707.1189345419 205726.6439413726
151777236.4417933226 87906.2263126876
152162354.6062437594 100565.9111171234
152694900.9679648280 114677.4511028416
157456788.1248670220 184790.3548150212
158837935.0015658140 203228.4571737945
158731497.1248358786 201087.1741236746
151976225.2670482993 96414.0382192619
170003800.9996406734 320980.5345764160
169815341.4818848670 319584.2609558105
170098714.8608580530 323083.1026916504
169887002.8591011465 320784.2247619629
159599021.9597847164 211522.8381360471
154260531.2906992733 139566.7629640736
169765966.2590144575 317831.5311889648
172961849.1127910316 345961.0395507812
172453690.7079491913 341971.1846771240
160236741.2308739126 218709.5806897581
169398988.1276008189 316285.1872558594
172828165.0282637775 345221.3693847656
154311637.7030799091 139926.9410417713
158765632.1344079375 202130.1385055482
160161296.1092013419 218201.9778760374
158781685.2139830887 202246.5261744559
159545513.5187232494 209942.1380437315
159553030.4770461619 210464.9586194456
172709185.5089402497 344203.5351562500
169338361.3390982747 313762.8013153076
169285157.6945131719 313427.4796142578
151918324.9046573043 92599.0967960861
158763763.8493805528 201397.2839869559
153966312.3480823636 135461.7161882557
154115329.7325987518 138662.3376482166
169547506.5824402869 317683.2612915039
159822980.8612465560 214587.2696546018
154889988.1566705108 149897.0322590340
158605511.0450715721 199418.1195679605
158446564.5657014847 198696.1638697684
160644096.4831313491 222814.6274655759
169795807.1468754113 319534.2536010742
169824992.9726150334 320227.8729858398
172229189.9348714650 339996.4156494141
154356403.2880895734 141862.9591081776
155199375.4126065373 154019.3432941902
152853105.0066743195 118033.6124454029
160293294.1798743010 219394.0922459662
168002143.5495770276 300584.1007852554
168103053.9492784441 302113.0548257828
172011201.1009097397 338925.7503356934
158518473.2165185809 199011.6797412783
170225457.9000729620 324204.2369689941
158433952.9335368574 198302.3069950938
160748378.8065710366 223224.6097344458
160420679.7017471492 220381.0278562009
152899089.0662601292 118721.9210553654
159919187.2753902376 214768.1488583982
170800865.8011799455 328367.3170166016
160207300.5773111880 218692.3164304197
172072296.5365712941 339121.0151367188
152855266.5213981569 118147.7273789532
167588487.6791670620 295323.9976968765
160651142.5446577370 222915.6326101720
170065091.9817067981 322069.1249809265
172461625.5761711895 342541.0273437500
171248770.4082779288 331562.0986328125
170173981.7613723278 323366.6047172546
152826289.4476425946 118019.6222272404
152370990.8437764943 105974.4764383323
158185313.8555662930 194665.9267460704
172554506.4520379007 342896.6080322266
152479067.0432721972 109788.9903750904
152653814.7874251902 114306.5503708888
152871734.9303850830 118428.8614060450
167592916.6215883791 296308.1883096695
167473695.0364234149 291330.6702737808
151625523.1591002941 76608.6124889925
151824356.4269217253 88645.2113317456
167534270.7254796326 295320.8004007339
160540960.2478763759 221055.5088132322
171866129.9053777158 337146.7159118652
170728401.5785250664 328142.0864257812
151595226.4818499386 73306.3881644253
152315585.2122538388 105404.6337717064
153068009.9429948330 121436.8840509970
157038960.0910800695 179634.8377614170
172255962.9641065896 340566.7281188965
152809252.4656053483 117553.8731164690
167369379.3740086257 291043.2155437469
153313946.1524925232 125654.6588332821
157393769.0387495756 184257.4160790592
171850016.5402661264 336772.1380462646
151693558.4961095452 80471.4100594744
158253393.5060962737 194705.0130044818
171926058.5258975923 337697.5614013672
151714537.2970139384 84210.3589174822
152423749.3439675868 109394.4886453636
152601313.8849841356 113911.3014102466
153016876.3406848013 121070.2390795834
167523340.4401004612 294862.9451303482
172258212.6472980082 340761.9929199219
159572723.8504395783 211106.4740089476
152132232.9595071375 97730.2295241840
171022396.1037035882 330255.7165527344
151656354.4914273918 79839.6901771799
168221886.3822557628 303169.8746500015
170299125.7147359252 324213.2084350586
153425834.3134449720 127121.0221224334
151672412.1435916126 79988.6676821336
167651916.7857275903 296359.2575235367
167519681.4099328220 292032.5412759781
170923913.9779291749 329870.7421875000
154924460.8269905746 150291.9738494176
151821960.3693866134 88575.1846712008
170630978.7248059213 327013.0345458984
170553522.8760887980 326450.7299804688
151863129.7874583304 92336.7694659736
167692820.5575045645 297129.0910959244
151805726.5657838881 88280.8041782882
167906199.6819405258 299909.6198282242
171111420.5997759700 331431.7485351562
170823440.1271251440 328730.6284179688
168730079.1767255068 307878.9567565918
151841627.0791131258 91896.7979679611
151753702.4694895446 87774.4869328048
171040853.3725107908 330423.5168457031
153062855.9715683460 121182.4023587573
171271351.9730977416 332150.6406250000
171442977.6661516726 332712.9451904297
153038165.5084557235 121152.8404960521
154071649.8242704272 137740.6480730213
168528818.3273229003 305547.3683776855
168453492.5763031244 305060.0872650146
154354642.2942724526 140473.6312574018
158093684.3166678548 193070.0975640118
151948772.2100350559 92953.9607029464
169050326.4964774251 310590.3724060059
153110828.1805789769 122227.2400750555
154276375.5356493294 139839.6684599668
157810248.8705437481 189817.3130604625
158057486.8332771957 193069.7005268931
154489856.5266068876 142904.0999785215
171783356.9779091775 335861.3188171387
154195559.6071757674 138781.7889433652
155254899.1964645982 154718.5112340599
157350575.6487039924 183750.7790890783
154926979.4438016415 150450.8885188568
168370420.0572972596 304296.5679168701
158160802.5299345255 194343.9480854869
158095041.9275085330 193641.6492573619
157756106.0958686173 189147.6749747396
154915556.6644867361 149954.8827867527
153798155.9190103710 131600.3269361127
171633349.5524891913 335032.4193229675
158379622.5392900109 196478.9390926361
158041813.4203818440 192941.4924491048
157729664.1569534838 188819.1814139485
171705428.5932989419 335570.6528320312
159545879.1322016418 210447.6943601072
157671880.9099086523 187810.0878681988
155241162.7192106545 154139.8080568332
168905826.4218610227 309345.4371166229
157691037.8501060009 188264.3578021526
154054960.2760296166 135723.0198033322
168936267.7525879443 309574.2584838867
158015782.9480889142 191995.0041222721
168998374.1502935588 309664.1115722656
153653118.1804829836 130379.9502943624
155153633.1091749370 153447.3945637215
156901362.3189063072 176583.1019040197
156926191.9232966304 177199.6639767736
152397610.1340857744 106087.0089195855
156945915.4834659100 177213.4617367834
154911309.8801849782 149925.4631605167
157223738.0868831575 181354.4764705896
151583839.5244749486 73139.3488730434
152169649.8571408093 100947.5661831982
157473521.7844122648 184828.8303962499
156902158.6348796487 176875.8808346838
152593461.5299210548 113182.7599087842
161101831.2455504537 226364.0025686445
161102898.3114602566 226922.8375725746
157152937.3436952531 180998.1918698400
159675327.9096525311 211712.2977536619
156848801.5371740162 176347.6909237951
161029783.5641593039 226221.0028036684
161127765.9148666561 226923.1573170722
153582984.1323426366 129855.2631925214
157110065.1916773617 180426.2431393713
159301101.6754938960 207080.5814427435
152242020.3855533302 101737.5163785107
159687127.4721819162 211838.5108326972
152301789.1958337724 104938.1378384717
152297800.7966103852 102404.3096069116
154727114.8041905165 146473.8891637474
153606855.8235180676 130261.5050953496
153901196.0941904783 134467.9127820600
154619110.2776389718 145774.7212238777
157508894.5416537523 185250.8530026525
157590836.7912163734 185721.9228692800
152222553.5056558847 100948.2829648145
153220156.3385592699 122687.6354068387
153576262.2547169328 129837.9989331830
154976548.5452890396 150596.2001989037
153661446.5580579340 130555.0047610868
154725842.4569047093 146402.7888002414
160154658.7579434812 216561.4385387301
152236665.1649540365 100950.5307100900
153667788.1622141302 130895.8784497846
159969466.4700097740 215258.5230397284
157260585.0083255768 181558.0596507341
152240318.2092939913 101518.1256314404
157456350.1445882916 184622.4911692888
154663961.0972280800 145802.4353437442
153740926.2008641958 130992.4910892118
152296176.4558297694 101851.4199763425
153405351.7230642736 126240.7319783438
159271499.4772144854 206513.1639308035
159473469.3545263410 207777.7673243582
153416118.1282788515 126302.3436282743
155817105.6841879487 157317.3901241887
156064530.6705054343 164970.5773497820
156642285.7045592964 171366.6530944109
156642663.4990705550 172417.4243346453
156430165.8990432024 169235.1295368075
156492278.7859367728 170502.5611983538
163907578.0718681812 254090.3669938766
163880388.4763614535 253440.2292985641
163708608.2844151855 251210.7518496513
156809113.3913126588 174157.0122700930
163978621.5630875230 254778.7019461244
156178444.7762172520 165895.1963530779
156559370.6915351152 170586.0036780238
164026057.4185699224 254935.2099836194
156436158.5253292620 170014.5779601336
163540572.4716486931 250656.3923580968
163520123.5671442151 249606.3051670045
164172923.0311009884 255081.4356323145
164358052.3873887062 255086.9680831544
163278758.7623747587 247132.4736837596
161943728.9265780449 233154.2630245686
163284288.6967840195 247134.2642799281
161532053.3582622409 229630.0381448269
163464979.2387821674 248684.3231252879
161598287.1548852921 230019.3230102062
156005336.5208968818 161550.5651427507
163376488.5189642310 247843.6846975535
155988889.2342139184 161401.6835590601
163010217.2049424052 243975.6485414356
162678467.6351862550 239942.1155862659
155834102.7802009583 160213.4577513933
162900609.7080283761 243333.4598629796
162836063.3487960696 242799.8232278675
161753596.2562745214 230781.6767055094
162425389.7258598804 238580.7610944957
155943020.5103339553 160939.5315657854
155872887.7526300848 160804.1119534373
162279890.4064555168 235021.7514944077
162629009.4879350066 239519.5346807116
162482277.1340333819 238597.8451055163
162293224.4198908806 235807.7861809731
162104288.2732957006 234864.8174886107
162218137.1347289085 234898.4195165038
161687572.8228572607 230268.5056676269
161724871.0700039268 230776.1084813476
166885385.5236353576 277726.9724667668
166868154.3971671760 276755.8901489377
166884355.2402329743 277053.1584900022
167256813.4247120321 282787.2769425428
167361957.7024354637 283711.9664753079
166975535.0204447210 280333.4168983614
166738871.7453464866 276748.0983729959
166889578.6606778204 279611.0468872190
166902201.0749846995 279726.2586952364
166361717.7617398500 273984.3940535784
166267731.6895636320 273273.5762568712
166238121.0516352654 273168.0245489478
166191530.1397720575 271195.3615850806
165856913.4791832566 268241.4855617881
166100178.2670783997 270426.2234768271
165838430.8204589784 267883.9148970842
165558336.9808092117 265884.6360744834
165224843.8300456107 262796.5669124722
165457055.6504159868 264527.4145541191
165124127.1667487323 261522.9569757581
166155292.7467247248 270480.6540955901
165657783.1819323599 266337.6812738776
165164951.8381856978 262187.2844904065
165019955.1236076355 260272.6320245862
164730836.0760939419 257683.2977045178
165008427.3785918951 259413.8120341301
164694493.8708675802 257369.9236960411
164668718.1080891192 255456.0111227632
164675363.9715007246 255578.6778059602
