194297397.9911645353 267.5092713833
178725098.2094114423 96.5422998182
178578607.3465057015 92.6624788463
179357261.8347984552 108.6413954802
181092131.2329851389 149.1188181023
189783410.2779933214 258.8539878130
190039761.4259572923 259.5117305517
190062312.2310298681 259.5892248154
177360062.2432321608 39.4477038984
178197025.4697321057 79.7406158259
180136705.2154359221 129.2069168292
180739322.3818662167 143.2988538389
189255225.9444992244 255.6092809439
189607785.3785998225 258.5523127317
190121230.5101770759 259.8983403444
179465288.8583750427 108.8777198336
190068812.3031926751 259.5904358625
177882305.3429343700 64.5579235939
190070345.6495933831 259.6388636827
177435814.8636142612 40.3512373451
188098831.8111790717 244.1913968176
190138839.1275893152 259.9088340998
177377829.9676916003 40.0843291643
179269438.8829275668 108.6339002897
185109834.7644770443 209.3401011575
189836446.3493218124 259.3554714918
191408645.0956431329 263.0195243359
189732481.9396649599 258.6480094194
189789821.3633561134 259.0951815844
191215177.3257230520 262.5580267906
177336972.3542798758 33.9036631558
189486109.8337749541 257.7597101927
189564117.0080668628 257.8260580301
191893897.3629689515 263.7478117943
177397129.8965526521 40.0947053038
179171655.8152168095 108.5599654466
181271484.6151986420 152.1932290805
185176587.6768159568 209.9301151506
184942530.1756798327 207.2135434905
189104435.2327417433 254.3901523352
178946668.2839272618 102.0826686174
179163382.4584045112 106.5117599274
181133732.4969410002 149.2527478318
178311668.6492109895 82.8347971389
180821568.3743023574 143.8725536446
181195234.0781660378 149.3973424002
189343568.2821817398 256.6942042112
189567800.6100553572 257.9927366972
191657223.8189093173 263.5528147221
177339238.6478249133 37.0176014506
180844235.3888722956 145.5513126458
178721655.6542177796 96.3518712074
179212341.3445261717 108.5599851235
179016527.8330201507 105.4828615934
180972232.5111691654 147.3786430060
183550998.0874616504 188.5201919679
180920882.1635665298 146.2785225491
188199243.5475986898 244.8954858407
178976001.0748406947 103.1696579680
177872023.8041496873 64.3644153510
178947537.8966165483 102.7512181468
181007961.6136842072 148.5816128830
191494008.3704270124 263.0955860615
181018678.6709080935 148.7244896353
184795642.2889085114 205.4394052419
183573026.1661200523 189.0497413914
179009064.1016921997 104.4549384862
184639479.3976611793 203.0898636075
191577410.4248743057 263.2274053097
191935892.1062286198 263.8819646835
188304810.0109480619 245.5013973340
188362531.6932709813 247.1995377168
183333961.6835060120 185.4899257425
185091450.8759888709 209.1734096566
191294712.9894669354 262.9888894558
178851274.0014998317 99.8369115740
178921485.7346982062 101.7066222360
190342663.3632541597 260.3623778820
180146339.7202641070 131.9379239235
180191130.2945033908 132.1578508629
188214145.7814327776 245.0936317667
178280451.0682633817 81.5668572289
184984664.3523720801 207.7191403680
178798501.7039722502 99.3286735638
178784420.6118777096 99.3286538869
188324776.3945877850 246.2353310212
178678538.9826295674 95.7394897510
178595302.3346981108 93.4654485752
180916741.6835477054 146.0476594548
191425735.2597747147 263.0381467342
194145212.7660900950 267.1701133251
191277274.6633401513 262.8367891312
177912319.7811342180 64.6389575075
189018261.1894999743 253.1363254786
188276401.0716313124 245.3736093268
188438028.1473627985 247.9423548803
188755061.0169888139 250.8078399822
180280612.1476737559 132.6008004317
185063161.9483121932 208.7214278200
188823541.6937958598 251.2121835351
180276289.7781599164 132.5294397991
189182395.7580503523 254.5268263817
177334300.3060613871 28.9386168359
177729551.1912989914 61.2434953093
177842925.9952790141 64.3612987176
177895724.6182248890 64.5890046102
188485250.3960034549 248.1200615987
193772825.3420065641 266.6964724064
189204672.9921105802 255.0515762568
177600381.0585043430 52.6810563280
180203120.6183066964 132.5195981277
188545946.4547040462 248.6580080912
193126881.1967410445 265.9467051029
177812708.8622401357 64.0806649633
178760586.9516865015 96.8694324915
188591319.5359114110 249.1008161232
191759842.8828654289 263.5532395840
193840098.2508248687 266.9645154476
177742963.3042134047 61.2841948644
191059448.3943700790 262.0774657726
178132091.3468069434 76.6807812258
188943816.1866916120 252.7475243807
185144298.4221342504 209.6534015330
188795620.9017935097 250.8810337931
178580622.1574541926 92.7020563445
191093779.6531269550 262.5070354939
193441380.2334007919 266.5526518822
192851741.9803472757 265.0325433016
180044346.8333719969 126.6692003230
183438800.3255199194 186.9412287795
178496241.1385642290 89.9291556150
190461801.4134159088 260.5757453442
178540598.1592556238 90.5910236386
180138224.9410332143 131.7638472686
189055554.2280423939 253.8130303621
183538045.0310146809 188.1968357376
193669733.2014296055 266.6598887444
178087711.1690196097 73.7869440272
193037045.7587948442 265.6767115593
182892593.8525492549 178.2765858624
178482943.3586016595 89.6252980501
178364462.9296181202 84.2741530210
183334086.4043403268 185.9513458017
188874399.6862304807 251.6631984711
190574234.3814289868 261.0983953476
177752533.1164265871 61.5214112835
178420159.5093193650 87.3512568742
178550635.3296417892 90.7259400476
187918153.2622142136 241.6519799232
184924062.9349904060 207.0316392536
192971545.4917968810 265.2449738979
193210851.1339545846 266.0010817051
180514018.4776999652 138.2380194630
178436366.2229387760 87.6234683996
185000474.6224679649 207.9983528050
190502351.0052570999 260.8099870682
190889410.8999610245 261.9781363010
177713177.6324796081 58.8556121425
180327726.3682004213 135.0525351228
183280198.2014461756 184.4865336422
178374493.5235904753 85.6770943218
177436262.3071825504 43.2554263868
177711650.8045639992 58.4574556207
177781524.9733597040 61.5292365004
187885887.9463191032 241.1733926386
177336055.4077703357 31.3192506780
188013923.7946819067 242.3700478375
183458030.9855838418 187.0388815162
192945929.1506598294 265.0700793266
180410026.3105010688 137.2337081568
188037896.1048258543 242.7093258202
177653678.8470333219 55.3827405511
188155466.1092261970 244.2921003401
177444249.8960394859 43.4921708428
187992084.0425962806 241.7104329169
184841953.6322509348 206.5762976798
177497994.5061422288 46.3117618929
177679863.2610445917 58.4443074302
193137985.7631255686 265.9799106121
190835706.0927329957 261.6126844883
190753877.8804838955 261.4095871449
178339159.0095214546 83.2251672180
194091064.4293107986 267.1454262733
190438850.0040199757 260.4642512798
177711746.0169198513 58.5257344715
190637357.7667590380 261.3164918423
193557558.1469011903 266.5822079182
177616661.6400681734 55.3672035770
177552555.5933861434 51.9759540766
177466248.2017693818 45.8973659537
177505250.3200778663 48.9092032760
180549421.7415902317 139.7063416081
178289131.1202201843 81.7183679425
178265384.0409019589 80.0154635116
178271280.2334620953 80.1522000525
178111653.1663868725 74.1119350597
178322829.7164263725 82.8349889323
193547184.1119599342 266.5696494579
193910081.4248215556 267.1367068291
194178069.8381429315 267.1973249912
190877284.1130777299 261.8956019878
178219370.7301676273 79.7578850790
177536759.3388433456 49.0584224784
193822407.3924147189 266.9547724724
178085681.0049603581 73.6297509656
180513492.1280151308 138.1979715909
193289395.8648558259 266.0788321495
178176124.1174652576 77.0538439278
183159208.1648796797 182.9025343660
180468610.6633557379 137.6482086735
178050336.3170359731 71.0069911882
178066248.0552532077 71.1261015340
180641832.6259025335 140.8881842613
180475822.9933539033 137.9565739892
180785196.9564562440 143.7113957963
180508376.3711347282 138.1528495959
177544448.5543891490 49.0858074820
177547401.7414788902 49.3829442651
180546852.5367281437 138.4574715339
178008812.3625243604 70.5265735194
178006477.0251345336 67.8601209008
180023722.8492046595 124.0170939190
180601938.8423642516 140.5087693773
177999868.8099280894 67.6435681387
180008972.1246673763 123.7076145058
183171879.8659562171 182.9998866323
177963220.8485129178 67.4494696661
184602235.8924999535 202.5644090753
184565584.2468754947 201.3019106971
192265016.3032033741 264.0691909790
181651784.2674871385 157.0872203138
192148904.4931935370 263.9273211956
181588700.0981535614 156.8128706243
182984163.1518794596 179.6326255504
192531259.2167570889 264.3145024776
182987189.9069946110 180.1821200181
179993487.0295895040 123.6977365028
184538939.5984321535 201.0457897770
179938350.6961843073 123.1643816533
179734531.5913951695 117.6612076770
179818604.5978630483 120.6206326496
183530049.4123663604 187.9232944570
184406615.4039419591 200.2493503975
184586304.7190813720 202.4196861542
183287356.1568239629 184.7192689110
192198882.3695784509 263.9334666729
181478381.5576707423 154.3773177972
181404970.5333178341 153.2559987475
181622104.0760627091 156.8777777463
181433265.4724479616 153.8006969800
192618231.0895857811 264.4499711990
179789143.5372059941 118.1204646451
183323822.6029389203 185.2786439586
184224016.1374264061 196.3020710024
179953893.6389524937 123.1733527107
179874407.9850420952 121.1975684983
184252051.1461476982 197.2976918206
184358892.9661744535 199.2551851908
184509813.6749204695 201.0447908627
179964192.6666842401 123.2435821218
182312030.3494480550 168.2350580050
184229998.9050678909 197.1616231056
184384531.4425484836 199.2626982370
182366046.1206282973 168.6391958548
182537409.0509399176 171.1130394293
184252980.5690410435 197.3462578097
182502013.5508520603 171.0046107387
192697507.8900366426 264.5396764278
184143727.6716999114 196.2940302605
184127331.9899728596 194.4540286422
183977064.4103798568 192.4525034585
184019521.9602881372 193.9457709551
183871216.2052524388 191.2154880174
183954808.4593324959 192.1577134671
183776692.7326520383 190.7422813715
182443770.7101895213 170.6410269095
182977032.7624001801 179.4089302793
182635561.3474348485 173.3103759205
182861457.9655204117 177.3861671473
182816714.9349526465 175.8378209844
182790815.6382198632 175.6322180405
182742458.7253307998 175.0990445986
182835176.0280883014 177.1184646860
182562917.3284988105 171.8113431697
182245126.8018639386 164.8788328782
182247908.8885246515 165.0222827431
182170608.4836019576 163.4783751007
182184653.4059033096 163.7835270364
182135994.4956070185 163.3147300717
182049969.5534097552 162.7621118511
181961235.0976234376 160.3661461230
187860320.1567400694 216.0218115752
187671122.4873056412 211.7930820421
187508148.3677010834 210.4854589547
187687254.2309553921 213.1987235690
187703320.0132241249 213.2985848105
187571127.8158059418 210.6218893076
187776293.0846122503 213.3230511998
187358120.9558511376 210.2267493303
187546623.0165185630 210.4976211493
