189286194.7816195786 253.9722691178
191089993.4587968290 262.1784117222
193669733.2014296055 266.6598887444
193439753.1889009476 266.0895473957
178087711.1690196097 73.7869440272
178730040.4202685058 92.7847102228
180192035.1429439485 131.3024200635
180254847.8286909759 134.1566043036
181077784.4328202605 148.2872792995
180937540.4851989150 145.7643569109
182972275.8787442744 178.6859297458
183591063.2129081488 189.0284496550
193037045.7587948442 265.6767115593
178634070.7122566104 92.6117051163
178626368.8904764056 90.8346808225
182892593.8525492549 178.2765858624
178635550.8236156702 92.7024019033
178482943.3586016595 89.6252980501
188994038.0095438957 251.7412248254
178364462.9296181202 84.2741530210
181207482.2672879696 148.8217916438
181079140.6919572949 148.4989770713
183334086.4043403268 185.9513458017
183144348.4449054003 182.8742419485
188874399.6862304807 251.6631984711
190574234.3814289868 261.0983953476
177752533.1164265871 61.5214112835
180590658.0550273359 140.3108120101
189348502.3449814320 255.4137378931
189076168.4475032389 253.8130303621
189042953.0073400140 252.7293199599
178420159.5093193650 87.3512568742
179281189.6346644461 94.3375562451
189040180.9679467082 252.5876135528
189504702.9737945497 256.2445977926
191416736.3798159957 262.8818221092
179136283.5365748703 94.0399865851
178741842.3211361468 93.8258719294
178550635.3296417892 90.7259400476
178625765.1240811050 90.7443884412
184857547.7504667938 206.6034146937
188405727.5415165722 246.2073511183
187918153.2622142136 241.6519799232
184924062.9349904060 207.0316392536
192971545.4917968810 265.2449738979
192891562.9946627915 264.6082155704
193210851.1339545846 266.0010817051
180514018.4776999652 138.2380194630
191555110.2230859995 262.8879675865
178436366.2229387760 87.6234683996
185000474.6224679649 207.9983528050
189074776.2997413278 253.1330274940
188756674.4122331142 249.6348995119
190502351.0052570999 260.8099870682
190889410.8999610245 261.9781363010
177713177.6324796081 58.8556121425
180327726.3682004213 135.0525351228
183224691.8049039841 183.5592616800
185155300.7779306471 209.3268937090
190476365.6579977572 260.4831168652
192936593.6626508534 264.8424375057
183280198.2014461756 184.4865336422
178374493.5235904753 85.6770943218
185282555.0322556198 209.7222348804
194351676.2582034469 267.5092713833
177436262.3071825504 43.2554263868
177711650.8045639992 58.4574556207
177781524.9733597040 61.5292365004
184614259.7687641084 203.5201726815
185095260.6172184050 208.8803495559
187885887.9463191032 241.1733926386
190338126.8808043599 259.9726272821
177336055.4077703357 31.3192506780
177408458.3687157929 40.0947053038
189070739.7575342953 253.0014404655
185158503.4599502385 209.6534015330
184738416.2651776373 204.5290375742
188013923.7946819067 242.3700478375
189763496.2672842145 257.5372279882
191132192.7368791401 262.3907821178
183458030.9855838418 187.0388815162
192945929.1506598294 265.0700793266
180729478.6731301844 142.3876780548
189780735.2167032957 257.6720863581
181015350.7038431764 148.1741964737
180885965.2417179346 145.3163112710
189894124.4464574456 258.3689519167
190028525.0578427911 259.0689414740
181126712.6307557523 148.6250725274
180832400.8635616601 145.2101754463
180410026.3105010688 137.2337081568
189647226.6532215476 256.7831174135
188575117.9730848074 247.1102405787
191099021.7935586870 262.2201776505
177375306.0329471827 37.4728049068
184682149.9743804038 203.9796114954
184796958.7851287425 205.0010719866
188037896.1048258543 242.7093258202
177653678.8470333219 55.3827405511
189819443.1562268138 257.8324400187
188155466.1092261970 244.2921003401
177444249.8960394859 43.4921708428
187992084.0425962806 241.7104329169
177348974.5832132101 34.3963545312
177732188.4194656312 58.8891895882
189489158.1650560200 256.1772803068
189410347.7868076861 255.8810876608
184841953.6322509348 206.5762976798
191223064.3831578791 262.4487705231
177497994.5061422288 46.3117618929
177679863.2610445917 58.4443074302
180708491.2708022594 141.7833831931
180982439.4159033000 146.4656958380
185065840.5903283656 208.4579087886
193137985.7631255686 265.9799106121
180224554.1358833909 132.1085523000
190835706.0927329957 261.6126844883
190753877.8804838955 261.4095871449
190348896.2065847814 260.3623778820
178339159.0095214546 83.2251672180
177359784.3848025501 36.8263032136
177486457.5994346738 46.2274656808
194091064.4293107986 267.1454262733
190438850.0040199757 260.4642512798
177711746.0169198513 58.5257344715
190637357.7667590380 261.3164918423
193466852.2356992364 266.5526518822
191237817.5983368754 262.4595272541
193557558.1469011903 266.5822079182
189795215.7069359124 257.8191860914
177616661.6400681734 55.3672035770
177552555.5933861434 51.9759540766
180299455.5338217020 134.3416047977
177466248.2017693818 45.8973659537
177505250.3200778663 48.9092032760
180549421.7415902317 139.7063416081
178289131.1202201843 81.7183679425
178265384.0409019589 80.0154635116
178271280.2334620953 80.1522000525
188636379.4460746944 248.2937155366
178111653.1663868725 74.1119350597
178322829.7164263725 82.8349889323
191194119.3159050345 262.4245011806
193547184.1119599342 266.5696494579
193910081.4248215556 267.1367068291
188154291.9630666375 243.6359939277
191380288.2090151906 262.8054332733
188377174.5620086491 245.3739271164
194178069.8381429315 267.1973249912
188510709.0910516083 246.8307690024
190212420.6994277835 259.6788690090
190877284.1130777299 261.8956019878
188298451.4706483781 244.5862282515
178219370.7301676273 79.7578850790
183555246.9365887642 188.3324328981
177536759.3388433456 49.0584224784
193822407.3924147189 266.9547724724
178085681.0049603581 73.6297509656
180513492.1280151308 138.1979715909
190197895.9878309667 259.1086223125
178136222.0830554962 76.6807812258
193289395.8648558259 266.0788321495
178176124.1174652576 77.0538439278
188347587.3037119508 245.1541453600
188432753.1681269407 246.5014790297
188449088.4910129011 246.5215069056
183159208.1648796797 182.9025343660
183720348.2097150087 189.1174042028
190290209.6506014168 259.8824762106
180468610.6633557379 137.6482086735
184676083.6425514817 203.7969948041
178050336.3170359731 71.0069911882
184801658.7135535181 205.3272197919
178066248.0552532077 71.1261015340
180641832.6259025335 140.8881842613
191873516.1945564747 263.3811161518
180475822.9933539033 137.9565739892
180785196.9564562440 143.7113957963
180508376.3711347282 138.1528495959
177544448.5543891490 49.0858074820
177547401.7414788902 49.3829442651
180546852.5367281437 138.4574715339
185138073.3916930854 209.0664409789
183099441.0327588916 181.5574306253
178008812.3625243604 70.5265735194
177958351.7833393514 65.0365061806
178006477.0251345336 67.8601209008
180023722.8492046595 124.0170939190
180601938.8423642516 140.5087693773
177999868.8099280894 67.6435681387
180008972.1246673763 123.7076145058
177407241.1264220774 40.0825871243
183171879.8659562171 182.9998866323
177963220.8485129178 67.4494696661
191740911.3292316794 263.0513808727
177937918.6733852625 64.5738649891
177847848.8334618211 61.9517829908
184602235.8924999535 202.5644090753
177400832.4890038073 40.0734497678
177874143.9495692551 64.0807162286
177907121.2266447842 64.5516655377
184565584.2468754947 201.3019106971
188701001.3990638852 248.4367576838
177892807.6694170535 64.1677510743
192265016.3032033741 264.0691909790
181651784.2674871385 157.0872203138
192148904.4931935370 263.9273211956
181588700.0981535614 156.8128706243
182984163.1518794596 179.6326255504
192531259.2167570889 264.3145024776
182987189.9069946110 180.1821200181
191859498.8765835166 263.2434995174
179993487.0295895040 123.6977365028
184538939.5984321535 201.0457897770
179938350.6961843073 123.1643816533
179734531.5913951695 117.6612076770
179818604.5978630483 120.6206326496
183530049.4123663604 187.9232944570
184406615.4039419591 200.2493503975
184586304.7190813720 202.4196861542
183287356.1568239629 184.7192689110
192198882.3695784509 263.9334666729
181572674.6590119302 155.7227494826
181478381.5576707423 154.3773177972
192018177.7355031073 263.4332270622
191658467.6006890833 263.0236353874
181404970.5333178341 153.2559987475
181379525.3809849918 151.4102661440
181622104.0760627091 156.8777777463
181433265.4724479616 153.8006969800
192618231.0895857811 264.4499711990
180056934.2182610333 124.5358095210
179789143.5372059941 118.1204646451
180172416.3367233276 128.6514119586
183323822.6029389203 185.2786439586
181255096.5483393967 150.5298565083
183251362.9943303764 183.9615056582
184224016.1374264061 196.3020710024
181388197.4407940209 151.6701850935
180101370.4298213422 126.0631075425
179953893.6389524937 123.1733527107
192029021.0812737048 263.5295722485
179874407.9850420952 121.1975684983
184252051.1461476982 197.2976918206
184358892.9661744535 199.2551851908
184509813.6749204695 201.0447908627
179964192.6666842401 123.2435821218
182312030.3494480550 168.2350580050
184229998.9050678909 197.1616231056
184384531.4425484836 199.2626982370
182366046.1206282973 168.6391958548
183315281.1607403457 185.1165570088
182537409.0509399176 171.1130394293
184252980.5690410435 197.3462578097
182502013.5508520603 171.0046107387
192697507.8900366426 264.5396764278
184143727.6716999114 196.2940302605
184127331.9899728596 194.4540286422
183977064.4103798568 192.4525034585
184019521.9602881372 193.9457709551
183871216.2052524388 191.2154880174
181334027.8643735349 151.1905406902
183954808.4593324959 192.1577134671
192090413.9975124300 263.5462853909
183776692.7326520383 190.7422813715
182443770.7101895213 170.6410269095
182977032.7624001801 179.4089302793
182635561.3474348485 173.3103759205
182861457.9655204117 177.3861671473
182816714.9349526465 175.8378209844
182790815.6382198632 175.6322180405
182742458.7253307998 175.0990445986
182835176.0280883014 177.1184646860
182562917.3284988105 171.8113431697
182245126.8018639386 164.8788328782
182247908.8885246515 165.0222827431
182170608.4836019576 163.4783751007
182184653.4059033096 163.7835270364
182135994.4956070185 163.3147300717
182049969.5534097552 162.7621118511
181961235.0976234376 160.3661461230
179688497.6944251955 104.7741970458
179509801.8472299278 98.0662349311
179450469.2434384525 96.1371145051
179451071.9786252081 96.2186302281
179420011.5132410526 95.9626797587
179610396.9113413990 99.5141697453
179552794.8021781445 99.5008104872
179624414.4404361248 99.9117748569
179616765.0688087344 99.6111933864
179645997.5924108922 102.8767452721
187860320.1567400694 216.0218115752
187671122.4873056412 211.7930820421
187508148.3677010834 210.4854589547
187687254.2309553921 213.1987235690
187703320.0132241249 213.2985848105
187571127.8158059418 210.6218893076
187776293.0846122503 213.3230511998
187358120.9558511376 210.2267493303
187546623.0165185630 210.4976211493
