189377499.5674469471 253.7702068686
188733214.7908273339 245.9463626593
190035721.2489850223 257.6513804197
192152148.5304533541 263.9273211956
180802091.1741933823 140.3065433824
180565980.6039639413 137.5646160127
177614504.3766144514 49.4417561805
178063769.3082217276 64.2415272436
177923136.8444548249 61.1996183059
178428197.1326134503 77.2299360451
180771904.7616597116 139.5940909152
180514792.2199790478 137.2287574293
183046315.8351645768 180.4472894002
182984163.1518794596 179.6326255504
184490731.2130072415 200.5304443823
185071122.1078708172 206.9485638314
185455360.1776407063 209.1272294390
189301711.0504155457 251.9076336026
192531259.2167570889 264.3145024776
178155845.4236027300 64.2993454115
180490173.5372606218 135.0053280336
184737701.9843865633 203.7754672236
188771568.7059375644 247.5352208316
178012891.2643394172 64.2413354502
190705271.4317646921 259.8228735924
177505693.1070917249 43.1287675251
177549248.7422842681 46.0156476223
177886620.3944761753 61.1644233904
181194153.8305957019 148.0168500596
184620743.0027265847 203.0459562527
184935818.6832835674 205.9973703610
184962971.0383528173 206.5387632045
188858800.2253153324 249.0051935315
190325338.2563991845 258.7599235773
190410853.1445351839 259.6331591606
194594245.1738680601 267.0966255665
182987189.9069946110 180.1821200181
188792983.7939350009 248.1955638379
190337081.5288327336 258.8544625044
190203769.1687060297 258.6721535921
189931469.9170539975 257.3910266161
194029694.8709068596 266.0614416599
194317642.3474968970 266.9645154476
178655519.0140177011 83.8399139707
183116814.4856159985 180.7485561300
188806051.5263372958 248.3614529669
177821711.3753792346 58.0946978771
194122052.8462854922 266.5994400978
190326618.4611486495 258.8437057734
191327743.2786318958 262.3398137093
181835312.8068740070 157.9166592489
179777924.2947858274 117.9551320087
181231812.0854069293 149.7471962541
181308864.3129563630 150.9982623890
185190284.5816064179 209.0659445871
188911461.2440154850 249.7187654376
190002723.1447369754 257.4740539789
191859498.8765835166 263.2434995174
177493558.0525941551 43.0380958219
177691624.6091881990 52.4141544995
177788997.6981642246 55.6517538297
179993487.0295895040 123.6977365028
184669073.1107988656 203.0504092815
189192148.7127919197 251.6667285562
189020276.2469008565 251.0743837953
194848416.2498912215 267.5092713833
178428479.4663293660 80.4142434018
183348307.6101332307 185.7635867320
188883148.8792229295 249.0651136637
190340959.6100375354 258.8575946093
177658923.6009255350 49.7490284283
184712834.4542270005 203.4284596430
183176747.0042470992 182.9749671746
177608954.8594701886 49.3370506463
183144908.6613015831 182.7097977925
184938262.6426628232 206.3828338557
177885286.6750145853 58.6892737893
178510442.8325639665 81.6785392631
179731139.8173843324 115.2890343677
184538939.5984321535 201.0457897770
190082269.5303700566 258.2905372381
184858894.4590140879 205.5156996935
189157392.3995044529 251.6339598298
179938350.6961843073 123.1643816533
179734531.5913951695 117.6612076770
179794569.8676853478 118.3180813778
179818604.5978630483 120.6206326496
184709137.8603153527 203.3698570711
184865888.1067511737 205.9893371257
177563291.7065629065 46.4179962597
177810517.6518322527 56.0538816992
183530049.4123663604 187.9232944570
178430193.2638182342 80.6867156443
181669768.0961438715 156.9597002216
183476377.7158089578 186.8026172086
189366008.6766613126 252.9406537414
177551723.0306928158 46.2599467931
178532504.5635502934 83.0241400813
184406615.4039419591 200.2493503975
184586304.7190813720 202.4196861542
189788000.8518839180 256.0336531401
189900633.0526612997 257.2611352205
183495986.3121574223 187.0233207870
183287356.1568239629 184.7192689110
177656640.5484901369 49.7208086032
183577727.4642084539 188.1038371696
177680055.0480493009 49.8593615625
177571245.6383578181 46.5311101322
189789994.5194306076 256.6908885241
192449848.9748663008 263.9852128029
192198882.3695784509 263.9334666729
181572674.6590119302 155.7227494826
189702585.9181009531 255.6570979357
191580748.5223452747 262.7327928543
194034430.1370909512 266.4111528397
180310943.3018393517 131.6768628260
181478381.5576707423 154.3773177972
177758894.6251217127 53.0020701026
180675692.9707132280 138.7034365404
189318044.3650542200 252.2854150534
189480905.6826679409 254.3708173633
180195795.3845578432 128.9032169703
184603857.3775234520 202.9202665078
177842187.7138730586 58.6740673819
178552285.7419350147 83.6582722166
191899378.9206345081 263.3117051125
178538492.4573883414 83.2368461337
181188872.0569448769 147.8687415176
181235742.6330066025 149.7685223275
191570830.2897300720 262.5444123745
194020583.3873714507 265.9970459938
192018177.7355031073 263.4332270622
180334418.6784089804 132.0904193421
191658467.6006890833 263.0236353874
181404970.5333178341 153.2559987475
184834776.7560074031 205.1734812326
185185617.7573833764 207.9071711091
185171337.1409996450 207.5445400457
181379525.3809849918 151.4102661440
184765680.9727040231 204.3986028450
177812715.4350692332 56.0680869314
191000047.5412389040 260.8347852230
181622104.0760627091 156.8777777463
178703300.9171313643 84.6814432556
181433265.4724479616 153.8006969800
192618231.0895857811 264.4499711990
177760263.3470413685 55.5734640303
180056934.2182610333 124.5358095210
181151100.2784735858 147.6749833279
189660058.5168094635 255.2656651735
191087097.3741933703 261.1347692013
180390560.8805479705 133.7137766952
181226700.2881135046 148.0607981288
180425528.3180787861 134.4963882466
177725833.0941488147 52.4963601771
180278095.3268584907 131.3675969323
178582609.8393503129 83.8305189291
178429848.5253388286 80.4743949618
179789143.5372059941 118.1204646451
180172416.3367233276 128.6514119586
184735945.1172131002 203.5074541519
194092454.3432713747 266.4711494446
178217619.0414755344 71.7483665305
193553031.2155330777 265.5952091217
191128745.9369478524 261.3808088303
178280528.4081988633 74.2494422730
183323822.6029389203 185.2786439586
181255096.5483393967 150.5298565083
183251362.9943303764 183.9615056582
194528709.8462316692 267.0033345222
177730926.8368051946 52.7408412191
178352352.4204756021 75.3787408785
184224016.1374264061 196.3020710024
193792501.9868237972 265.9049029350
181388197.4407940209 151.6701850935
180101370.4298213422 126.0631075425
178210302.7814412117 71.4553563306
178286239.2775508165 74.8002537803
178330096.8191286027 75.3327630273
178309929.2572974861 75.0792738943
179953893.6389524937 123.1733527107
192029021.0812737048 263.5295722485
179874407.9850420952 121.1975684983
192001274.2301224470 263.3610746861
183421167.7642319500 186.0438289709
184252051.1461476982 197.2976918206
191158375.6319853663 261.7342958450
184358892.9661744535 199.2551851908
184509813.6749204695 201.0447908627
188630252.7892673910 244.9936916158
179964192.6666842401 123.2435821218
180357655.8665121496 132.1949244480
194516591.4999378920 266.9653384686
182312030.3494480550 168.2350580050
194685694.9864485264 267.1713042259
190793227.2539645433 259.8592987061
178330404.6797439158 75.3368523269
184229998.9050678909 197.1616231056
184384531.4425484836 199.2626982370
182366046.1206282973 168.6391958548
183315281.1607403457 185.1165570088
193025857.6704519987 264.6435284615
190815172.6912345588 259.9330167770
191018237.7860206664 261.0851712227
193324920.8574618399 265.0815999508
182537409.0509399176 171.1130394293
184252980.5690410435 197.3462578097
193106047.0915570855 265.0623264313
188523736.0173947513 242.7369630039
193001982.7486617565 264.5481746197
182502013.5508520603 171.0046107387
191442111.7238295674 262.4581356049
192697507.8900366426 264.5396764278
184143727.6716999114 196.2940302605
184127331.9899728596 194.4540286422
183132514.6829266846 181.2344269549
183607313.3653671443 188.4938037945
183671552.7155229151 188.5147733630
183977064.4103798568 192.4525034585
183702915.7907023132 188.6878102430
184019521.9602881372 193.9457709551
183871216.2052524388 191.2154880174
181334027.8643735349 151.1905406902
183954808.4593324959 192.1577134671
192090413.9975124300 263.5462853909
183776692.7326520383 190.7422813715
183671928.6452770829 188.6480734953
178918940.8909719586 90.0964025395
178986531.5829101801 93.0106327763
179185874.3455038667 93.2699674473
178820508.1938408613 89.0629191535
178810535.9418288767 87.1137047314
181110093.5593778789 146.1041427152
190824742.0563517809 260.4194746017
178796486.5159620047 86.7413734958
182443770.7101895213 170.6410269095
190697190.7563351393 259.8094550371
178886239.1704715192 89.6934650956
182977032.7624001801 179.4089302793
182635561.3474348485 173.3103759205
182861457.9655204117 177.3861671473
178907876.9704340398 89.8755435349
182816714.9349526465 175.8378209844
182790815.6382198632 175.6322180405
178868124.8766693175 89.6934481797
190851084.7401335239 260.5389661789
178745283.2273585498 86.5860868768
182742458.7253307998 175.0990445986
182835176.0280883014 177.1184646860
188364310.6383486986 239.4608425871
190997040.5278502703 260.6927990913
178694424.4633464813 83.8612421379
182562917.3284988105 171.8113431697
182245126.8018639386 164.8788328782
190902521.0349439979 260.6456718445
191100286.6442122459 261.3129796982
182247908.8885246515 165.0222827431
181144785.4872924984 146.1098654817
182170608.4836019576 163.4783751007
182184653.4059033096 163.7835270364
182135994.4956070185 163.3147300717
188378901.4738138616 239.8477997109
188281517.7456491590 238.5595550910
188460158.5988122821 241.4625262544
188310598.6642811894 239.2889501005
181842210.5966710448 159.0114701756
182049969.5534097552 162.7621118511
181859419.8879505992 159.5751261481
181961235.0976234376 160.3661461230
181896967.5925235152 159.6980042811
188188232.4927257299 236.7520094849
181092503.1050511599 144.8121967230
181009584.2206732333 142.6950993215
180918498.5168601573 140.4482187486
179688497.6944251955 104.7741970458
179509801.8472299278 98.0662349311
179450469.2434384525 96.1371145051
179451071.9786252081 96.2186302281
179420011.5132410526 95.9626797587
179610396.9113413990 99.5141697453
179552794.8021781445 99.5008104872
179624414.4404361248 99.9117748569
179616765.0688087344 99.6111933864
179645997.5924108922 102.8767452721
187207112.5277160406 209.1968320622
187076903.9871513546 209.1335587134
188094969.5039729178 219.3963556145
188014661.6624663472 217.5649123793
188049874.2644638419 218.8952749376
187860320.1567400694 216.0218115752
187671122.4873056412 211.7930820421
187508148.3677010834 210.4854589547
187687254.2309553921 213.1987235690
187703320.0132241249 213.2985848105
187571127.8158059418 210.6218893076
187776293.0846122503 213.3230511998
187358120.9558511376 210.2267493303
187546623.0165185630 210.4976211493
