183471403.5660936236 186.1112721427
183214228.0136888027 183.5592616800
184982866.1450285017 206.7759753856
189250194.9851006567 252.1264686882
193892562.8628202677 266.6075906754
194557114.5304220617 267.5092713833
177493685.9202917814 45.9916947647
178287967.5255871713 79.7578850790
189418492.3601492345 254.3067343533
190385571.0926599503 259.7124111652
193354473.8240440488 265.7072483301
178160127.9298661351 76.6807812258
178189483.0467397273 76.6890090604
178239464.6539116800 77.0262760170
178346004.8357189894 79.8518976953
178529679.7423540652 82.5050822146
178465635.2691769898 82.0204677155
180468610.6633557379 137.6482086735
185012040.5714044869 207.0663510914
184676083.6425514817 203.7969948041
191161446.8318005204 261.8919365406
180350252.1056849062 134.6671980755
178050336.3170359731 71.0069911882
190385087.1116384268 259.5982551575
180428200.3840701282 137.2337081568
184801658.7135535181 205.3272197919
190387291.6613104939 259.7326395512
193824759.8422093391 266.5029580593
194246838.7826057374 267.1221537590
177509067.6000818312 46.0047921553
178280221.6692963541 79.4279783614
180877751.1254798174 144.5285362532
190858098.8920179605 261.1338500977
194163140.4733615518 267.0669918060
178361149.8055467010 80.2923974233
180658289.3098859787 141.0051032565
184989794.2816574872 206.9166090878
193896145.0205959678 266.9349987507
177533003.5286639333 47.7753836229
177727926.0982238054 58.2794599117
178066248.0552532077 71.1261015340
180622250.4787212610 140.5522393931
180641832.6259025335 140.8881842613
183255877.8625908494 184.1262767915
183631833.3535853624 188.8403450265
184952783.3653215468 206.5231998139
191873516.1945564747 263.3811161518
193943339.6366419196 267.0498702526
180475822.9933539033 137.9565739892
190907234.5256378949 261.5352737904
190785351.1629300714 260.9975299835
193096615.3810595274 265.5761649609
191318746.0104862452 261.9716269970
180342136.5527288914 132.5126948170
183012234.6619381905 180.4821578268
190939704.2467177212 261.6754343510
193558504.0034003854 265.9133017063
180253575.6158301830 131.9354068450
193575204.7592327595 265.9923119545
185047699.3965994418 207.8462168368
193694577.0886250734 266.4983000755
177371517.2748872936 36.8263032136
180785196.9564562440 143.7113957963
185105222.7450857460 208.7399331548
190310193.0583292544 259.4712865353
177521857.4951002896 46.4992232629
180579528.3976489007 139.7373126745
190394904.7355756462 260.3116014004
190583650.5975322127 260.5149183273
180508376.3711347282 138.1528495959
180574359.2467858791 138.5277684740
190844507.9969703853 261.0752005577
190632606.6559343338 260.9821052551
177544448.5543891490 49.0858074820
177547401.7414788902 49.3829442651
190024912.5636793673 258.1234230995
190091835.5361490548 258.4021625519
178253784.7572390139 77.0266601391
189907052.1147188544 257.4931088686
190329561.8314510584 259.5091454983
180546852.5367281437 138.4574715339
190546838.7451629043 260.4501533508
185138073.3916930854 209.0664409789
184824139.8147937953 205.9893371257
184877910.6826162040 206.1047896568
178115976.1659286320 73.8602094139
180351637.0975865424 135.0125106982
180565111.4728435278 138.4873143844
180709046.6329385042 141.5227837555
190130795.7947248220 258.9399063587
183099441.0327588916 181.5574306253
178008812.3625243604 70.5265735194
188457862.6119091213 245.8679115176
177958351.7833393514 65.0365061806
178006477.0251345336 67.8601209008
177380157.3969018459 36.9969993922
177462987.8626326323 43.4144797718
180023722.8492046595 124.0170939190
180601938.8423642516 140.5087693773
177999868.8099280894 67.6435681387
180008972.1246673763 123.7076145058
188630838.0469637513 247.2829023600
177407241.1264220774 40.0825871243
183171879.8659562171 182.9998866323
184596645.0042799413 202.4647449242
181033798.3532302082 145.5397304347
177963220.8485129178 67.4494696661
180973303.4632914960 145.4578310463
188447022.6752061546 244.5683608875
191740911.3292316794 263.0513808727
193593660.9527996182 266.0377929211
177440477.3133052588 43.1505536210
180964867.9543868601 144.6554007084
189290283.6858795285 253.2786701918
181107361.3040897548 145.7885983829
188685016.7598322928 247.7694498301
177937918.6733852625 64.5738649891
177847848.8334618211 61.9517829908
184602235.8924999535 202.5644090753
180731817.6831099391 142.3807271931
178461486.7950651348 81.1949733314
189350107.5100052059 254.0417194664
178630520.5669993460 83.7661089171
177750360.3228009641 58.3636581107
189080844.5913386941 251.2013607025
189837388.2300809026 257.0037249327
177400832.4890038073 40.0734497678
188814188.5570327938 249.0295060277
177874143.9495692551 64.0807162286
188386946.8109081984 244.5584372357
177907121.2266447842 64.5516655377
189693632.8203396201 256.6221085787
191534729.9871646166 262.6764421463
184565584.2468754947 201.3019106971
188701001.3990638852 248.4367576838
177892807.6694170535 64.1677510743
188677695.6827158630 247.5141638517
188474623.8070204258 245.9180266261
189644710.7646325529 256.0208290815
192265016.3032033741 264.0691909790
177812443.0109040737 61.2713810276
177797542.7212276459 61.0036123754
177779705.1862947047 60.9622487915
177703553.1384580731 57.8851449383
189566517.3440038264 255.4207271338
181651784.2674871385 157.0872203138
183517207.7794281840 187.6431572331
188768035.1848748326 248.8557719588
183634110.8101196885 188.9509854432
188552359.1333440244 246.5147051811
189769180.4119222760 256.6908885241
189179142.2573540211 251.8549560905
185213191.2062269151 209.3431545965
177659857.9127851427 54.8909998597
183378108.6118208468 185.7869016457
192148904.4931935370 263.9273211956
191571665.6621440947 262.7453725338
177653811.2250835001 52.3611535657
177636531.0037665963 49.6879760848
177637984.4025250673 49.7644673813
178455614.6456516385 80.8976868929
178450285.9899652302 80.7934890459
178421970.6154868305 80.6867156443
181588700.0981535614 156.8128706243
190078362.8979289830 258.2905372381
182984163.1518794596 179.6326255504
192531259.2167570889 264.3145024776
182987189.9069946110 180.1821200181
191327743.2786318958 262.3398137093
188911461.2440154850 249.7187654376
191859498.8765835166 263.2434995174
179993487.0295895040 123.6977365028
184669073.1107988656 203.0504092815
189020276.2469008565 251.0743837953
183348307.6101332307 185.7635867320
183144908.6613015831 182.7097977925
184938262.6426628232 206.3828338557
184538939.5984321535 201.0457897770
189157392.3995044529 251.6339598298
179938350.6961843073 123.1643816533
179734531.5913951695 117.6612076770
179818604.5978630483 120.6206326496
183530049.4123663604 187.9232944570
183476377.7158089578 186.8026172086
184406615.4039419591 200.2493503975
184586304.7190813720 202.4196861542
189900633.0526612997 257.2611352205
183495986.3121574223 187.0233207870
183287356.1568239629 184.7192689110
192198882.3695784509 263.9334666729
181572674.6590119302 155.7227494826
181478381.5576707423 154.3773177972
189480905.6826679409 254.3708173633
180195795.3845578432 128.9032169703
181188872.0569448769 147.8687415176
181235742.6330066025 149.7685223275
192018177.7355031073 263.4332270622
180334418.6784089804 132.0904193421
191658467.6006890833 263.0236353874
181404970.5333178341 153.2559987475
181379525.3809849918 151.4102661440
184765680.9727040231 204.3986028450
181622104.0760627091 156.8777777463
181433265.4724479616 153.8006969800
192618231.0895857811 264.4499711990
180056934.2182610333 124.5358095210
181151100.2784735858 147.6749833279
181226700.2881135046 148.0607981288
179789143.5372059941 118.1204646451
180172416.3367233276 128.6514119586
183323822.6029389203 185.2786439586
181255096.5483393967 150.5298565083
183251362.9943303764 183.9615056582
184224016.1374264061 196.3020710024
181388197.4407940209 151.6701850935
180101370.4298213422 126.0631075425
179953893.6389524937 123.1733527107
192029021.0812737048 263.5295722485
179874407.9850420952 121.1975684983
184252051.1461476982 197.2976918206
191158375.6319853663 261.7342958450
184358892.9661744535 199.2551851908
184509813.6749204695 201.0447908627
179964192.6666842401 123.2435821218
182312030.3494480550 168.2350580050
184229998.9050678909 197.1616231056
184384531.4425484836 199.2626982370
182366046.1206282973 168.6391958548
183315281.1607403457 185.1165570088
193025857.6704519987 264.6435284615
182537409.0509399176 171.1130394293
184252980.5690410435 197.3462578097
193001982.7486617565 264.5481746197
182502013.5508520603 171.0046107387
191442111.7238295674 262.4581356049
192697507.8900366426 264.5396764278
184143727.6716999114 196.2940302605
184127331.9899728596 194.4540286422
183977064.4103798568 192.4525034585
184019521.9602881372 193.9457709551
183871216.2052524388 191.2154880174
181334027.8643735349 151.1905406902
183954808.4593324959 192.1577134671
192090413.9975124300 263.5462853909
183776692.7326520383 190.7422813715
178918940.8909719586 90.0964025395
178986531.5829101801 93.0106327763
179185874.3455038667 93.2699674473
178820508.1938408613 89.0629191535
178810535.9418288767 87.1137047314
181110093.5593778789 146.1041427152
178796486.5159620047 86.7413734958
182443770.7101895213 170.6410269095
178886239.1704715192 89.6934650956
182977032.7624001801 179.4089302793
182635561.3474348485 173.3103759205
182861457.9655204117 177.3861671473
178907876.9704340398 89.8755435349
182816714.9349526465 175.8378209844
182790815.6382198632 175.6322180405
178868124.8766693175 89.6934481797
178745283.2273585498 86.5860868768
182742458.7253307998 175.0990445986
182835176.0280883014 177.1184646860
188364310.6383486986 239.4608425871
182562917.3284988105 171.8113431697
182245126.8018639386 164.8788328782
182247908.8885246515 165.0222827431
181144785.4872924984 146.1098654817
182170608.4836019576 163.4783751007
182184653.4059033096 163.7835270364
182135994.4956070185 163.3147300717
188378901.4738138616 239.8477997109
188281517.7456491590 238.5595550910
188310598.6642811894 239.2889501005
182049969.5534097552 162.7621118511
181961235.0976234376 160.3661461230
188188232.4927257299 236.7520094849
179688497.6944251955 104.7741970458
179509801.8472299278 98.0662349311
179450469.2434384525 96.1371145051
179451071.9786252081 96.2186302281
179420011.5132410526 95.9626797587
179610396.9113413990 99.5141697453
179552794.8021781445 99.5008104872
179624414.4404361248 99.9117748569
179616765.0688087344 99.6111933864
179645997.5924108922 102.8767452721
188094969.5039729178 219.3963556145
188014661.6624663472 217.5649123793
188049874.2644638419 218.8952749376
187860320.1567400694 216.0218115752
187671122.4873056412 211.7930820421
187508148.3677010834 210.4854589547
187687254.2309553921 213.1987235690
187703320.0132241249 213.2985848105
187571127.8158059418 210.6218893076
187776293.0846122503 213.3230511998
187358120.9558511376 210.2267493303
187546623.0165185630 210.4976211493
