191445900.2912119329 260.5319645405
194078758.5613074601 264.6175558567
194205036.5273784995 264.6222138405
189115978.6656835377 244.1877420396
189289051.2852437198 245.7654135674
178893765.2193675339 77.7944201340
180571743.2214356065 129.9069709970
180580379.2508324385 131.4384515719
183421251.5211382806 177.7277663822
191396112.0976600945 260.0788519382
199600248.3875490725 265.4733843803
178554917.5524127781 55.9458706235
179051018.7737369835 82.4822386302
180436465.4468529820 127.9727996442
180710214.0640583038 133.1379497664
183949034.9393586814 183.7297006022
189217572.6684349775 244.7105653882
190212688.7098566890 255.2438079119
190669788.6350999773 258.2227030993
191358433.7857470810 259.9841623306
191668791.8355592787 261.1935379505
191601972.2005538642 260.5554678440
193231717.2020699978 263.3926236629
193531442.7656800151 263.5212912560
179014791.8969801366 80.6069614871
180449663.7716570199 128.2981292460
180351319.0528185070 125.9122041626
183881068.8816738725 182.2560693025
183767858.2130997479 181.4953707910
191107124.4894789755 259.8919899464
192006719.5839744806 261.6037783623
193686224.2305742204 263.8539059162
199577919.5381667912 265.4500246048
180706383.1104753017 131.4586820440
180893605.1104944348 134.0216530865
180480519.3920199871 129.9056908176
180352386.2252993882 127.3610299689
178890899.0247668326 77.6960755095
180254283.0402780175 124.5254182530
183945750.2660272419 183.2712887320
184290972.9180192053 183.8692566972
189414904.7836698592 247.7966048419
189946952.6492413282 252.3684160709
190519105.9774503410 257.4399958849
199380085.3898857534 265.4345760345
179102926.7087028325 83.6584697832
183351654.9099003375 176.5804078242
183737859.8190025687 180.9358762782
183533763.1022620797 178.8149734114
190943886.7132790387 259.3128798008
191630651.7018272579 260.5614941120
191652532.6434716880 261.1171150208
193867689.0715801120 264.3478913307
179054322.5163299739 82.9869420696
180204819.0345781147 122.4563003724
183643087.6996395290 180.7910169158
183636102.1484858096 180.4205515813
183780071.0347921848 181.8660156167
189310529.7867341340 246.8549756706
183538937.6858851612 179.3662943056
178782416.9976578355 70.1645387030
179039481.8713184893 80.7711262420
183551689.5371618569 179.6935581377
183391572.7030345798 177.3169596102
190352932.6971484721 257.1061695814
193825795.1303966343 264.0105683804
194517380.9971601665 264.7053425312
199698797.7026812732 265.8472218513
178955285.1054090261 80.5601861275
178881385.0067528486 77.6456599779
179993802.9834236205 116.7333548547
183320807.7952878475 176.4723226687
190411002.7334530652 257.2581557035
190277244.1281729043 256.1041926146
190525707.6781044304 257.5242236853
191958121.0632635057 261.3342254162
191894093.4699544609 261.3081958294
183318559.0243037939 175.6495027449
183410165.9991461039 177.6010527517
183203372.4753527045 174.4299035798
183117462.3206290305 171.5942918639
183020456.4608049095 170.6005023488
178936508.2040134966 78.0550321362
178953882.0443991423 78.5242904596
183078250.0114922225 170.9338184365
190051998.0603169799 254.4425827265
190050759.7660096884 254.3203834295
178686501.3999614120 67.1266401135
178832171.3757572174 75.4471866063
190090507.6885016561 255.0438622236
178657973.5595969558 61.6076964916
178600852.2173317373 58.5452565928
178573744.3486556709 58.5147167896
180039078.8547723591 117.5071918489
180307290.9927853942 124.5289760923
189580763.5393163562 249.7118556201
189381819.8155200183 247.7278926075
190218080.4158380330 255.8696115017
180154648.1489342451 121.6034694953
190691660.3871565163 258.3292633295
178620228.8829876781 58.8780793158
180138575.8519083560 121.4488640549
180130993.2231530845 119.9856262656
189460747.0133658946 248.9632200897
190537608.8670398295 258.0194433928
190725128.0435184538 258.5964621305
192722134.5419278741 262.6800229549
178627549.5719883144 61.6048906046
178658812.8838427663 61.6174026049
178794877.2499746978 72.9669147901
178768765.5956756175 70.1238371319
182869983.1745926738 167.7122547396
189649283.8923639357 250.2189533412
192941093.2099051476 262.8559684753
178734290.5973235965 69.8399047278
180009497.5723015368 116.9765226961
182981608.2792747915 169.8620866307
183175417.8862121999 172.3287337423
182814405.1748421788 166.5719209240
182946447.0027040541 169.2573903837
189350466.8621858656 247.0441010296
190132217.0804957449 255.2264517546
191775202.9883622527 261.2156927586
193144875.4183861017 263.3250539303
192988287.8259511590 263.2131307125
192680117.1015813351 262.6492054462
178623743.7194221318 61.5918206428
180023808.6213496923 117.4644891171
189492751.9349226058 249.5207748115
192215881.7445989847 262.0208008289
192443752.0644702613 262.2568550110
199219038.3108176589 265.3345365524
180098040.2518748641 119.7186167338
180187646.5681094229 121.8976041945
180241195.8439346850 122.5544724318
192534727.0501307249 262.3985962868
192333488.9428452849 262.0926308632
180045808.4130147696 119.3222134830
180068790.3528888226 119.4547724318
179980065.5120648742 113.8318460940
189978009.9546934068 252.3939286172
189985545.7349281311 252.4265504777
192333794.2833562493 262.1005754471
192027956.4723556638 261.7701916695
179964025.0886742771 112.1892210005
179982428.3876128197 116.5451107083
178731416.4426833689 67.6341344934
179868303.0798458755 110.5267458764
194745150.7059669197 264.7201640606
179890785.3725270927 110.7441752728
179688497.6944251955 104.7741970458
189776975.0122508705 251.8124056756
189758286.2847780883 251.1952258050
189592213.5195228755 249.7590155900
190458527.0931716263 257.4320513010
191477397.2242316902 260.5400962830
179411609.5769199729 93.2406049654
179781740.6568505168 108.2184653171
179822710.7111180425 109.5310436972
189809869.8922534883 252.2576323450
190043650.6381135881 253.4718228579
190645964.6319098771 258.1639982462
190811653.0235203803 258.6594179869
179165252.8080222011 85.3531903010
179243512.0284080803 87.9163303898
179270226.7568972707 88.4433915600
179261209.5639520288 88.2460309981
179454204.1773570776 97.2960262416
179732656.4996580184 105.0130075701
179853878.9788128734 110.0645875820
179217164.1377961934 85.6989313766
182184432.5174497068 154.4607873037
182302960.6181841195 156.8093756791
182798428.1265975535 164.5860093707
182758196.4031681120 164.5632519635
190376888.6669631898 257.1417025328
179766650.3773472309 108.0953363218
179191871.4365652502 85.3662877068
179962316.7715891898 110.7489573625
179742108.1023495197 107.6656935104
182064006.9081609845 152.7490626452
182727012.3508109450 163.9644277777
179509801.8472299278 98.0662349311
179450469.2434384525 96.1371145051
179451071.9786252081 96.2186302281
179323926.2639874518 90.4768957183
179330179.3284268379 90.8582251450
179420011.5132410526 95.9626797587
179345640.3503555954 93.1426948592
182351836.3095322251 157.5870098470
182400769.0223380029 158.0180350608
189985691.2557084262 252.4990596771
179314680.0475291014 90.1657904144
179610396.9113413990 99.5141697453
179552794.8021781445 99.5008104872
179624414.4404361248 99.9117748569
179616765.0688087344 99.6111933864
182580900.4711045623 161.2876224411
182490825.7642709613 160.3248251146
182675853.7667529881 162.8532585991
182663766.4616708457 162.5163927400
179645997.5924108922 102.8767452721
182537802.9247140586 160.4810265145
182434230.5013794601 159.3324982589
182455963.7726609707 159.8484655088
182077155.0547669530 153.5771038113
182302180.9817021489 156.2858988742
182243945.0097070336 156.2806962402
182213051.9997429550 154.7192255895
182115520.3407049477 153.7077219887
182031772.7354454100 150.8608816026
182061667.3995855451 151.2331132208
182131523.5053999722 153.9226442448
181942639.8947910964 150.8310501012
184583254.3820473254 184.0640374230
184480386.8349774480 183.8859810123
181853493.6192179620 146.8302582839
198841301.2630313635 265.1043188572
181872594.0452560782 148.0140355566
181835828.1941981912 146.3973622063
182036077.1898689568 151.0911394099
181813038.2097736895 145.8556530190
181827757.6920215786 146.0389825741
181914689.2267176807 148.9413075188
181940861.7378013432 148.9973331813
181637027.9751599729 140.2783461633
181771622.1773718894 143.9493024825
199319409.9399188459 265.3596458435
181616418.2166806757 137.6741171513
181697289.5103805065 143.1364875315
181790720.7420490980 144.2363783015
186779656.1703097224 206.7977798660
186517342.5320549905 203.3690519645
198966640.2663526535 265.1544768810
186680995.2474402189 206.2696565776
186830068.3637563586 207.9725393071
186849047.8771208227 208.3248182251
186409964.4801952541 203.2274282356
186893573.0649023652 208.5633950615
186558765.3697304428 205.4915595814
199065302.6399617493 265.1808660030
186229260.2082563043 200.1363696805
198972813.1366146505 265.1552007198
186376035.9659502804 202.6172011760
186541407.6009818316 204.2118396326
187207112.5277160406 209.1968320622
186774849.0389251113 206.6828951403
187076903.9871513546 209.1335587134
187016892.8526124358 208.7117097457
186752838.0163755715 206.6085686763
186819657.4585237801 207.2602742254
186839790.5638181269 208.2986514508
186629385.5226627290 206.0586169525
186179013.7663750648 199.1423330805
186300162.2112772763 201.0539023629
186234376.9336584806 200.4447534657
198623503.0291948020 264.7952356339
186311600.7315809429 202.1907948009
186534093.5676232874 203.6153953797
187007891.5557171106 208.6674974500
198929038.3133320510 265.1214418411
189050140.7232041359 229.0664354642
188870658.0305297971 227.1080648829
188804013.2884095013 226.5233314713
189057085.9239740074 229.1891306122
188973131.4804642498 228.2306135227
188732219.5992269814 225.8519977336
188569774.6495725214 223.7909435187
188568509.9318870902 223.3507858817
188589600.8527186513 224.0321532642
188404515.1670578420 221.7780115460
188643173.3482137322 224.0657946025
188498608.6928259432 222.2455498134
188549436.3631052673 222.9162138295
188657812.0620682836 224.6515187179
188268814.2659131885 221.4433520739
188008238.3717922568 216.5455657546
187960746.7163922191 216.4468574231
188490985.8397207558 222.0181097989
188032708.9483854175 218.7777324324
188235494.5650458932 219.4105754648
188380797.0327340364 221.6762565528
188094969.5039729178 219.3963556145
188014661.6624663472 217.5649123793
188049874.2644638419 218.8952749376
187807005.4353958666 213.5634581153
187860320.1567400694 216.0218115752
187671122.4873056412 211.7930820421
187508148.3677010834 210.4854589547
187687254.2309553921 213.1987235690
187703320.0132241249 213.2985848105
187571127.8158059418 210.6218893076
187776293.0846122503 213.3230511998
187358120.9558511376 210.2267493303
187546623.0165185630 210.4976211493
186161731.2886952460 185.9336247931
186122020.7135823071 185.8647153268
186074066.7529389262 184.1426986750
