153501947.0269291997 230432.8791477515
174238733.5099397898 631550.1284179688
177740436.5543602109 663944.1601562500
162455203.5581350327 440243.1609098911
174698853.5539776385 636921.9152832031
176751883.9969393909 658979.9272460938
151712544.7521661818 141823.0764618814
154127873.5805647075 251078.8419392109
162298705.0871533155 437067.5930495262
175770505.7670561671 648961.4421386719
177573654.4201895297 663054.5957031250
163077952.8611183763 449351.0671706200
163891633.4426566362 464305.3762475252
174444770.8855237961 633222.1779785156
177147534.0817202032 660221.6123046875
153201281.2317589819 222675.3283665015
163804686.1043852568 464088.4052698612
169564165.8563486636 556918.3699903488
174146629.6734501719 626822.2858886719
174047160.3443757892 625804.7117919922
151564145.4596374035 132420.9013988376
155525882.9518647492 288811.4899243116
158951399.5698437393 368639.1477104127
163123464.5855453610 450485.2253407836
163503189.1804430485 458800.5024378300
168820382.5989390016 545867.4706668854
174224683.6301560402 631540.7302246094
151702981.1993066072 141757.3291523457
162787212.8813990355 445844.1203551292
163787805.0424571633 463070.8925280571
152017892.5478391647 172662.9068979137
152120133.1640093029 173314.4797604196
155703073.2395566702 291437.4782055616
162579867.2779369056 441565.7472271919
172513254.5489621460 604218.1708984375
174368221.2468841374 632662.6887207031
159004152.7998666465 369839.8233390749
162219920.7541227341 433754.8432936668
155752089.7973211110 292458.8333782554
163205322.1351634860 453165.6936354637
175434002.1826473773 646477.1411132812
151986911.5635164380 164717.4573441558
154884386.4764137268 273030.5135819912
163292422.6064249277 456330.8544886112
174162786.6954399645 629807.7828979492
154407419.0948699713 259150.7711384296
172037547.4502227008 597539.6999511719
151591669.7901877165 133545.3809300661
174534774.7910274267 633748.2170410156
177169827.1219570339 661320.9956054688
153608872.7764630616 235525.4374077155
155605918.2815761864 290961.0319164991
176242926.9016695619 655418.7573242188
163147502.5291669965 452451.7414870262
172561868.6947290599 604771.4799804688
174174304.9914512038 629964.7791748047
177569225.7762182951 662911.3178710938
163246832.4524400830 455277.2944070101
163711706.1393597722 462077.4902133942
154668296.1229149699 266908.3219196796
162483660.7658474445 440395.3981642723
151563081.1556913555 125964.5258265734
161574537.0955513716 424552.7550292015
162797523.8870378733 447764.3806471825
154340069.3893344402 257512.7475848198
155597372.3302859962 289509.3608959913
162763660.4637304544 443810.6445944309
158917462.7285601199 367503.7558341920
162366397.4303423762 440006.8298659325
174474054.2963822186 633225.7158203125
151678019.5627748370 141316.8991747797
176037532.5512745976 653831.5117187500
159139775.4913916886 373399.9739376009
175026318.6063542366 639973.6972656250
151791715.1183793843 149989.3268277645
151722756.5557253957 148105.6638866961
173358072.6087959111 616268.4287109375
177549588.0683255792 662437.3168945312
174158081.3674753606 629645.5665283203
175873171.0315353572 651402.8249511719
159203210.2556019723 374527.7890900075
172171308.2721126080 599958.9443359375
172849439.3458395600 607979.2626342773
151562232.2654714286 119203.1636387911
177054355.6611106992 660199.7700195312
152630894.8882314563 194655.0184368007
153569147.3405473232 231486.6248950958
154295936.5116108358 252511.0167438984
154099595.5823046565 250710.6958210468
155815463.1766965389 296951.2846226022
172592602.7150924802 606114.9140625000
154620466.4458547235 266346.9906208515
161601992.1493503451 424578.1684050560
176575561.0289329588 657929.5942382812
161880733.9106439352 430252.4748854637
174795887.7785294950 637592.6867675781
174812382.1725473702 638482.2512207031
155741057.3303026557 292211.3422192335
154174903.3102883697 251257.1106159687
159043473.8804660738 370518.7241358384
168772865.5294092596 545636.4646406174
175139953.2462635934 643353.4333496094
161976404.5329163074 432581.0421090126
151635710.0840702653 140306.1701012850
151690467.0113810301 141443.9212480783
153297996.9287035167 224767.0285472870
161507255.2485393882 423165.6955885887
152214111.7745991051 181136.7210735194
159904002.9097107947 388006.3407560289
161507736.5457499623 423415.0708639622
161633968.0518913269 425724.1254616976
164432886.7436025143 475502.9216098785
163597134.8168823123 460945.7066440582
176093356.2204018235 654333.2290039062
168834294.8424723744 546149.8253879547
175838334.8465847075 650801.5273437500
175984002.8816559613 652224.7861328125
154353310.4979167283 257519.0483162403
154645584.0323583484 266379.6601427197
155881052.6632589102 296955.5104192197
155168230.4663845897 276429.2610040307
152762115.8203755319 195400.8497152831
153283253.7966620624 223156.5645799472
160860028.8704051971 409073.0445685387
162433113.3668710589 440024.0679812431
175070211.8790209293 641218.4055328369
152332187.6076141298 186897.4676555507
173469279.0582398176 617739.3226318359
175312762.3322111964 644483.2221679688
155034841.4549988508 275837.1295588017
175590584.2086275518 648725.2202148438
154890781.6884340346 273230.6781520844
159706653.9107643664 385362.9518018663
159676590.0437527001 384372.5938468874
177371609.8563737571 662357.4736328125
173262712.4841374457 615253.4693565369
159859261.0302213728 387535.2433057725
169575317.2661753893 558355.4579563141
151612176.3117136955 133686.3704668283
162016645.4864940643 433058.2021448612
151634074.3806811869 134696.2011961937
164374364.5496942997 474464.0040073395
173818762.4558499753 622982.9799804688
159742009.0558960736 386033.7232862413
159965669.9253166020 391786.4429679811
171909764.0453440547 595929.0048217773
161804243.7537192702 427782.3533034325
174109140.3975095153 626682.7172851562
172904679.9723349214 611060.8516845703
159978121.2091848552 391921.6942983568
153811009.5946065485 239150.4007615878
152375756.1381234825 187616.9383596592
170140495.8626865149 565987.2637224197
169967861.7629259825 562066.7747697830
170064147.6319492459 564418.0502214432
170299429.7722293735 569219.0289683342
159347907.1647253931 378276.1725049913
169662115.1320454478 561158.6097917557
176292277.4737772942 655631.4570312500
176482713.1998080015 657040.0297851562
155387736.1736977398 283234.0413275063
169849688.3770970106 561544.6787614822
173200329.1652761102 613139.3168945312
173055282.0139164925 612860.7969970703
155188650.5893622637 280695.1087103188
161535448.6918854117 424491.7283034325
170073865.7643300295 564885.9706735611
176727483.2938947082 658090.3627929688
159952302.9360815585 391761.2844282091
151623160.5982702971 133809.2752465606
176734887.4104466140 658125.5581054688
151951699.9420619607 164703.8951457851
172678272.5753126740 607120.8640136719
169879953.5068919659 561999.1630144119
160941161.4291664958 409906.7096962929
155016252.0539373755 273983.3481647968
152296901.4212134778 184358.5350383632
154773602.3088525534 269325.7242634296
154444681.8752993941 259179.2193287015
164199928.6557450294 469914.5136508942
152190128.4611684978 180257.9266218245
161695876.8385692239 426141.5185866356
154092122.1639951169 250055.1181175543
159932073.2340210974 388530.3546338975
154202166.4348453283 251751.4299710526
153180230.3648012280 218668.5514317751
162145027.6564475894 433317.8422510624
172561708.3492853343 604742.3337521553
154007682.8094193637 245525.2748870684
152000256.5095014274 171382.3660930507
152248532.0038270056 181826.9236026313
153196710.0823782980 219114.7335015535
164635078.3196164668 476758.2213328779
153693002.6078626215 237106.9893295600
164034518.1331062615 468764.3395076692
164129193.4773922265 469748.6693416536
152438129.5367135704 188867.6186384909
153888053.8875086010 243884.8637542559
161629807.4244372249 425361.6780893803
159074666.1394700110 370907.1900220811
157399741.1694058776 328981.3040856123
157457611.1890330613 334309.5070695877
173011678.4954740405 611603.0864257812
161109752.1724045873 415469.1715331078
152505149.7577170432 191735.7840453498
157450549.0859282613 333713.3706560135
153948249.1737445593 244199.7333658768
159626735.6649986207 384225.1702428758
157500981.5600448847 335100.7129907608
153856275.1954234540 242158.4839927985
153820874.9068562984 241940.5492698981
153469050.8489999771 229504.7993981838
159808230.6075070798 387502.0578657091
153638369.6974573135 235593.8988893032
168888109.3822008371 547974.4203748181
159266949.5293876827 376280.3992126882
157294199.6470754445 328192.3674211502
151950605.0671366751 164049.7765088193
160778473.3767730594 408978.9117511511
161362136.9816735983 419958.0062260628
161155539.2367218733 416795.2042479515
163477925.3905540407 457537.1654354036
159596654.3260385096 384036.9190870225
174028545.5237129331 624932.2923583984
153175169.8424626589 214850.9059884846
161090756.5031141937 415290.5661626756
156552468.5264175832 311149.0474302769
152985488.5788273513 206876.2281930745
151932907.8753653765 163717.6876720302
151913241.1656388640 163093.3705486171
153104570.5782674253 213897.4562814534
156655667.2553804517 312760.0386960506
173643436.7647894025 620674.6105957031
173505095.7110489905 618426.5314941406
173240039.6384981573 614031.8701171875
160705358.7532444894 407403.6104207933
151905427.0219280124 157950.9568525758
160092535.7785928547 393822.2937055528
151866618.1489656866 156717.1399442069
168556931.3572416902 540402.4117387533
156666614.2117411494 312936.8772094250
159691005.2503386438 384918.6036420763
156585436.0705352724 312215.4400389194
157033142.2185440361 320800.0979979038
160884540.1386338770 409612.8565404415
160063790.6098987460 393231.4176469408
156268329.7209046483 303195.4842588902
168967478.2504802942 548277.6750444174
156393517.5309063494 305095.5354979038
151845726.1523344219 155805.8166076057
156573462.7364832163 311343.3430235386
156460153.5730853975 305581.2481749058
156541141.4933428168 310953.0350401402
168700858.0630549788 545634.0977739096
163718720.5237861574 462133.6929569244
169070930.2140117884 549856.2753251791
160433867.5762085617 400114.9716230333
162668105.5758139789 442493.6559406221
168489198.1134638786 540189.7882690430
168838773.9695647955 546832.5287475586
160565209.6311633289 402104.7798288763
162700510.5357945859 443610.0890762508
160489044.5968894064 400451.9658564031
158344860.7066284716 347785.5082337260
158348071.1589544117 348523.0979987979
152948166.7179224491 195776.3231546320
168226198.9100593030 534410.7202774957
158067345.9496379793 341220.8710787501
168210946.4412445724 533742.7216511965
158118440.5819710493 341599.4012996163
168209021.8503585160 532548.8312703371
158095793.8805252016 341493.9002235141
158158823.2080729008 341899.5632503629
167991273.6908256710 529542.7683180571
168125320.0998900235 532291.1249715090
152820670.2006877959 195713.2038938440
152976835.4794395864 200742.7048691455
167729885.7522417903 523528.1580525637
167861886.8752025962 526792.2732869387
167367813.3621079922 516900.4635025933
167203556.7006394267 514160.4011704400
167332558.2800250649 515678.7717759088
167341138.7196973860 516128.6454636529
167742795.9973521233 523635.4601456597
167097780.0147777200 511419.5452134088
166968558.8260433078 508346.6062485650
166973482.6865522861 509127.9618088678
165477012.1434310973 482106.9064068794
166580505.5911054015 501263.1713361219
166300344.3827379644 496942.7483994439
166389110.7484287620 498674.7461110353
165589766.4841262996 484910.4178795815
166477851.7315201759 500642.4857041314
166533135.7325766981 500930.5334287882
165751619.0439594090 485467.9881445169
166074842.4373402894 493172.9826475382
166017462.6861790121 489238.4720884562
165897212.2339028418 487964.9956518412
165840248.6935285032 487911.6892514229
165708676.5432744920 484963.9064106941
