177317342.6489524245 660750.9062500000
154918935.3250237703 273069.5729523897
155537496.3852683902 288795.4860998094
155518796.1327509284 283558.8916693032
155303884.7436584830 282088.3812233508
170027235.4096641839 562588.4521255493
154692972.8092223108 266131.6798769236
155833767.1295118630 296210.2102728188
162074381.2064852715 432485.6101286411
161830344.8757762909 428119.0127372742
170126993.8781162500 565940.3375749588
170140495.8626865149 565987.2637224197
176257666.0506991446 653761.3198242188
176040265.6559564173 652258.3020019531
177475637.2136955857 662357.4736328125
177925754.9670980871 663944.1601562500
154533422.9671820700 259564.8190662265
155872680.9913648069 296210.7295215428
169967861.7629259825 562066.7747697830
173941588.0340632796 621684.7519531250
154939620.1940609813 273321.5471336246
161900564.9952177405 430923.2463698387
170064147.6319492459 564418.0502214432
174022137.0505247116 622982.9799804688
170299429.7722293735 569219.0289683342
152365345.9507601857 186897.4676555507
154642336.4825294614 265537.0753173828
159347907.1647253931 378276.1725049913
161070550.6005469561 410776.7513670921
169662115.1320454478 561158.6097917557
172591132.6592451930 605297.1165161133
174308863.7584686875 629134.0345458984
176292277.4737772942 655631.4570312500
176482713.1998080015 657040.0297851562
155816063.5945358872 290995.1387396157
155387736.1736977398 283234.0413275063
155707879.1408479214 289597.8797064126
155603570.7048933506 289293.1888439902
169849688.3770970106 561544.6787614822
176007995.9459441602 651176.9699707031
151566325.0330179036 125927.3880130053
152108691.6889144182 172643.5909301750
153366302.6204046309 227534.6063279940
154633845.9541106820 265466.6386278272
151712159.5062609315 141443.9212480783
161033922.6648822427 410292.9124999046
156116512.4527007341 296955.5104192197
156060815.0846799910 296413.3188882470
154673107.4143126905 266013.2109332681
160023923.0902153552 391811.7079835832
173200329.1652761102 613139.3168945312
173055282.0139164925 612860.7969970703
176142853.1775397956 653049.0722656250
155188650.5893622637 280695.1087103188
161267983.6322117448 417154.4641507864
161535448.6918854117 424491.7283034325
164339556.9881640673 471242.1900424957
160847144.6871553659 409037.6534667015
170073865.7643300295 564885.9706735611
176727483.2938947082 658090.3627929688
177682724.9088703394 662883.5024414062
159775306.1589357555 386025.6963859499
169505624.9786548615 555397.8632097244
173442421.5570143461 616661.9720764160
159952302.9360815585 391761.2844282091
169823785.6393132806 561371.4039258957
172897400.1465879381 608244.8964843750
175781533.5136188269 647107.0523681641
151623160.5982702971 133809.2752465606
176734887.4104466140 658125.5581054688
176932294.9968078732 658626.7163085938
177432633.1514915824 661390.2202148438
175559302.9858979583 645290.6413574219
155058846.0901220441 274441.8593206704
170243004.5361263752 567643.8456735611
151951699.9420619607 164703.8951457851
154926406.0789061487 273083.1164295077
159207173.6001619995 372257.7196241319
172678272.5753126740 607120.8640136719
169879953.5068919659 561999.1630144119
175552021.7091705501 645270.5122070312
161431669.0880677700 421261.6563963890
160941161.4291664958 409906.7096962929
173427743.9371626675 616551.4619140625
175840910.7855149209 648596.0383300781
175704711.4548459053 647030.6193847656
176265558.7152166069 654134.6005859375
155242663.5061911345 280783.0123493671
164427926.7037227154 474464.0040073395
155016252.0539373755 273983.3481647968
152296901.4212134778 184358.5350383632
154898250.5368911326 273025.4615681171
154773602.3088525534 269325.7242634296
169632625.7674207091 559127.6955661774
152175139.0586656630 179192.3574694302
175574735.7155561745 645526.8632812500
175611207.5758022368 646004.8823242188
154313596.0069656670 253810.6227009296
152157054.2051751316 173803.4598289840
154444681.8752993941 259179.2193287015
154561918.2484602928 260701.0545856953
154316404.4240937531 257510.3600056171
175535359.0372326672 644220.1791992188
164199928.6557450294 469914.5136508942
152190128.4611684978 180257.9266218245
172919491.4957383871 610429.0405273438
155124607.1865791976 276268.6426078512
159919030.8617165983 387954.9278760850
161695876.8385692239 426141.5185866356
172955418.6396343112 610805.4038085938
175964981.6009961665 650898.6501464844
151796008.9412330687 148988.9315319359
154092122.1639951169 250055.1181175543
161870303.6364774108 428599.3723464012
159932073.2340210974 388530.3546338975
161513631.3556433916 423226.7223143578
162009057.5068294406 432275.0996513367
154202166.4348453283 251751.4299710526
177740917.8228272796 662893.8271484375
152362098.3161723316 185321.7236381881
177399819.3307483494 660913.5424804688
161611184.4209694862 424552.7550292015
177840604.5428048074 663054.5957031250
153180230.3648012280 218668.5514317751
159073125.0586850643 365609.6424980816
161617817.6732012033 424567.3069319725
162145027.6564475894 433317.8422510624
159145300.8630236089 371743.8987012804
161984015.8162378669 432249.2790846825
172647705.9465070963 605941.8409118652
172561708.3492853343 604742.3337521553
154007682.8094193637 245525.2748870684
152000256.5095014274 171382.3660930507
152248532.0038270056 181826.9236026313
152139367.8046147525 173353.9891131036
153196710.0823782980 219114.7335015535
174474713.1181306243 631077.1569824219
164635078.3196164668 476758.2213328779
153693002.6078626215 237106.9893295600
159683062.6118402779 384231.7728849351
164034518.1331062615 468764.3395076692
173269604.7438557446 614572.7429199219
164129193.4773922265 469748.6693416536
172913411.6145781279 609011.1882324219
153363662.6485577822 226774.0238305330
153243109.9366904497 220941.4881975651
175308974.8206579089 641308.1119384766
152438129.5367135704 188867.6186384909
154127592.7981775701 250275.8972139359
153888053.8875086010 243884.8637542559
160016842.5462896526 391794.4698682725
161629807.4244372249 425361.6780893803
159074666.1394700110 370907.1900220811
161325905.7438791990 417998.6598398685
157399741.1694058776 328981.3040856123
159043664.8625750840 365156.2306201681
157457611.1890330613 334309.5070695877
173011678.4954740405 611603.0864257812
161109752.1724045873 415469.1715331078
174587554.0073858798 633022.1517333984
152540344.4159417152 191775.1314545982
152505149.7577170432 191735.7840453498
153813000.7797695398 238404.9818870856
157450549.0859282613 333713.3706560135
163062279.1151746809 448472.8211971223
153948249.1737445593 244199.7333658768
159626735.6649986207 384225.1702428758
174836465.1519581378 636270.6307373047
174579880.6038344800 632757.9632568359
159246234.9911847413 372515.4259229600
157500981.5600448847 335100.7129907608
174534409.4708226919 632500.2569580078
174499661.8081354797 631840.2388916016
151777583.8507262468 142545.0578211248
163396450.8077879846 456230.3719783723
153856275.1954234540 242158.4839927985
153820874.9068562984 241940.5492698981
153469050.8489999771 229504.7993981838
163549973.4013089240 458547.5869441926
159808230.6075070798 387502.0578657091
163343492.3420266807 455364.7958064973
175134976.9268192053 639108.3455810547
153638369.6974573135 235593.8988893032
152708956.1904363334 194859.3908270411
168888109.3822008371 547974.4203748181
157234012.5079893768 327114.4234313965
159266949.5293876827 376280.3992126882
152387663.2884257138 187079.9225092847
157294199.6470754445 328192.3674211502
173279123.8437098265 614610.8112182617
163563327.0117869079 458557.5598598421
151950605.0671366751 164049.7765088193
160778473.3767730594 408978.9117511511
175166930.5327353776 639803.0524902344
159591362.3990293443 381625.9742628038
161362136.9816735983 419958.0062260628
161155539.2367218733 416795.2042479515
153309917.2427336872 221655.0070627034
163477925.3905540407 457537.1654354036
163510769.6121802628 457887.1798397005
159596654.3260385096 384036.9190870225
175438300.1072301269 641501.0731201172
174028545.5237129331 624932.2923583984
151751123.2672763467 141609.9388869405
153175169.8424626589 214850.9059884846
161090756.5031141937 415290.5661626756
156552468.5264175832 311149.0474302769
174181434.8636245131 627474.2747802734
152985488.5788273513 206876.2281930745
173297992.6308274865 615178.0524902344
151932907.8753653765 163717.6876720302
151913241.1656388640 163093.3705486171
153104570.5782674253 213897.4562814534
156655667.2553804517 312760.0386960506
173643436.7647894025 620674.6105957031
173505095.7110489905 618426.5314941406
173240039.6384981573 614031.8701171875
174729278.8191154301 633784.5996093750
160705358.7532444894 407403.6104207933
151905427.0219280124 157950.9568525758
160092535.7785928547 393822.2937055528
151866618.1489656866 156717.1399442069
168556931.3572416902 540402.4117387533
156666614.2117411494 312936.8772094250
159691005.2503386438 384918.6036420763
156585436.0705352724 312215.4400389194
157033142.2185440361 320800.0979979038
160884540.1386338770 409612.8565404415
160063790.6098987460 393231.4176469408
156268329.7209046483 303195.4842588902
168967478.2504802942 548277.6750444174
174151879.2852014303 626303.2495117188
156393517.5309063494 305095.5354979038
151845726.1523344219 155805.8166076057
156573462.7364832163 311343.3430235386
156460153.5730853975 305581.2481749058
156541141.4933428168 310953.0350401402
168700858.0630549788 545634.0977739096
164188744.5995438397 469891.2437381744
163718720.5237861574 462133.6929569244
169070930.2140117884 549856.2753251791
169174699.3950042725 552795.5121415854
163259850.0612185895 454334.1711088121
170234267.9182507396 567014.2839093208
162807304.6531635821 446576.6203275621
160433867.5762085617 400114.9716230333
151651222.6978347600 134148.4205444455
162668105.5758139789 442493.6559406221
168489198.1134638786 540189.7882690430
162448683.7012450993 438147.1330448091
168838773.9695647955 546832.5287475586
162797357.9054069221 445784.7545734346
151758227.8222724497 142090.9990334921
162615323.2476796806 441347.6667129695
160565209.6311633289 402104.7798288763
162787918.4044845998 444809.1073286235
162960404.4434311688 447475.0505087078
162429877.6421059072 438031.1411087215
162700510.5357945859 443610.0890762508
160489044.5968894064 400451.9658564031
158344860.7066284716 347785.5082337260
158348071.1589544117 348523.0979987979
152948166.7179224491 195776.3231546320
168226198.9100593030 534410.7202774957
158067345.9496379793 341220.8710787501
168210946.4412445724 533742.7216511965
158118440.5819710493 341599.4012996163
168209021.8503585160 532548.8312703371
158095793.8805252016 341493.9002235141
158158823.2080729008 341899.5632503629
167991273.6908256710 529542.7683180571
168125320.0998900235 532291.1249715090
152820670.2006877959 195713.2038938440
152976835.4794395864 200742.7048691455
167729885.7522417903 523528.1580525637
167861886.8752025962 526792.2732869387
167367813.3621079922 516900.4635025933
159013892.7132674754 357910.9429739371
167203556.7006394267 514160.4011704400
167332558.2800250649 515678.7717759088
167341138.7196973860 516128.6454636529
167158931.9432599545 512272.1008774713
167742795.9973521233 523635.4601456597
167097780.0147777200 511419.5452134088
166968558.8260433078 508346.6062485650
166973482.6865522861 509127.9618088678
166280018.0647656918 496075.6295029595
165477012.1434310973 482106.9064068794
166580505.5911054015 501263.1713361219
166300344.3827379644 496942.7483994439
166389110.7484287620 498674.7461110353
165589766.4841262996 484910.4178795815
166477851.7315201759 500642.4857041314
166533135.7325766981 500930.5334287882
165751619.0439594090 485467.9881445169
166074842.4373402894 493172.9826475382
166017462.6861790121 489238.4720884562
165897212.2339028418 487964.9956518412
165840248.6935285032 487911.6892514229
165708676.5432744920 484963.9064106941
