155039184.0430679321 257678.4858887030
154304716.7324135005 250843.3202659918
154786415.9881927967 257455.6508323981
152032281.4346675873 165090.1747478358
152706186.6955285072 191735.7840453498
153690839.5674400032 235868.6366419792
153628375.2938654125 234182.9984886481
153856275.1954234540 242158.4839927985
154109598.4270606041 249698.1000511481
161724546.8115271330 424647.6114415526
172931580.8487308621 602923.1898193359
176486677.3105275929 652753.7712402344
178074393.0349196196 662893.8271484375
153902473.7691912949 243050.2271392180
154145862.9666457176 249967.2645816638
154048575.6456594765 244916.3722679450
153820874.9068562984 241940.5492698981
159176566.2383990586 370570.1533628404
159154843.9594188035 364070.0541578233
173066973.1254488230 610522.9804687500
176771165.0291824043 654986.3383789062
178309934.6209512353 663944.1601562500
152215495.3006604314 179878.0798370950
152167895.3069479465 172272.3214473836
161643866.5560856462 424344.8117959499
163472045.7275194228 456178.5625301301
174993047.1779383123 638518.7098388672
176682678.2761981189 654256.3994140625
176986478.3822025359 655114.5234375000
152356501.4007077515 184698.8143952005
153933922.4954343140 243351.4496705532
163703151.0884443820 461991.1185604036
175495542.0391503274 643890.4967041016
152446061.5453406572 188340.8828290608
152429459.8900678158 187594.7650787942
153469050.8489999771 229504.7993981838
157499841.8310326338 334309.5070695877
157723104.2106960118 335047.8802635670
161790665.2788269818 424769.7260068655
163549973.4013089240 458547.5869441926
151795308.1459852159 142328.3890831172
152066299.4350969195 171382.3660930507
153955830.2701997459 243624.1850440502
153727277.9950033724 236551.7854859829
159808230.6075070798 387502.0578657091
163343492.3420266807 455364.7958064973
175134976.9268192053 639108.3455810547
174547450.6554981470 631011.8951568604
176151128.4811393917 649147.4055175781
175870464.7648236752 646811.7513427734
173154306.4141545594 613072.3666076660
174944848.8472415507 636240.6666641235
177752117.2815461159 660741.5986328125
153638369.6974573135 235593.8988893032
153212441.5466803312 214854.2715280354
153263136.7124927640 217595.0993478596
163670033.2501079738 461033.2319637239
175973269.4632049799 647786.9956054688
176217719.6676919758 651589.9074707031
176186159.5474126339 649889.2443847656
161656202.7733519673 424635.7216193080
152226746.8668688536 180068.4894783013
152708956.1904363334 194859.3908270411
168888109.3822008371 547974.4203748181
177999516.3803007305 661405.2275390625
154027507.4710588753 243924.7344825268
175856447.4975463450 646458.3449707031
176607689.3755265474 653881.9255371094
176128759.6738576889 648698.3830566406
175704451.3470142186 645954.1070556641
151987371.0326330066 164597.6719402187
157234012.5079893768 327114.4234313965
159266949.5293876827 376280.3992126882
173271641.4322351515 614123.8006286621
152387663.2884257138 187079.9225092847
152251414.3169689178 181182.3064678721
154318713.7062814236 251009.6298218369
157294199.6470754445 328192.3674211502
160783903.7351474762 409037.6534667015
173279123.8437098265 614610.8112182617
154257639.5945706367 250469.5462594032
157566454.6561629474 334515.0347235203
157689176.7932177484 334517.4478185177
163563327.0117869079 458557.5598598421
151703145.8112131953 134961.5006152596
151950605.0671366751 164049.7765088193
157251627.0725192130 327293.4111412764
160778473.3767730594 408978.9117511511
156863120.9601795673 319492.2764787674
159468440.8196221888 379255.1913038194
157161555.5931915641 326757.4839422703
157130385.5624257028 325966.2780210972
175368996.9326393306 640822.5445556641
175166930.5327353776 639803.0524902344
157017807.7461736798 320594.4911558628
159591362.3990293443 381625.9742628038
161362136.9816735983 419958.0062260628
161155539.2367218733 416795.2042479515
152412133.7841929197 187136.7844696157
153309917.2427336872 221655.0070627034
163477925.3905540407 457537.1654354036
151697567.3270839751 134362.0784986317
173272198.4756848514 614161.2631225586
153214149.9674521685 215503.9524972737
161515403.7082503140 423048.1169439256
163510769.6121802628 457887.1798397005
159596654.3260385096 384036.9190870225
174467529.9600889087 629320.3077392578
151713561.0361211896 141177.0821021199
175438300.1072301269 641501.0731201172
174028545.5237129331 624932.2923583984
174578363.2481804192 631563.9908447266
151751123.2672763467 141609.9388869405
153175169.8424626589 214850.9059884846
156790064.9291319251 315017.9719908237
161090756.5031141937 415290.5661626756
168639865.9846013188 542369.9825395346
168381585.2751829624 538899.1011308432
174616902.8026204705 632642.0733642578
151826427.9892077148 148934.6328833699
156552468.5264175832 311149.0474302769
168256906.5958087444 537887.2747777700
174181434.8636245131 627474.2747802734
152985488.5788273513 206876.2281930745
153223727.3659604788 216158.4489572346
173297992.6308274865 615178.0524902344
174518713.4096654654 629525.3730468750
151712453.5428297520 135520.3383113947
168606349.7006117702 541655.9102739096
151932907.8753653765 163717.6876720302
152445064.8799383342 187792.9007733073
161029284.7348022163 411178.1782918870
174357562.9987559319 627766.1467285156
151913241.1656388640 163093.3705486171
153104570.5782674253 213897.4562814534
168620297.2954749465 541745.4715532064
151643935.9735484719 127701.5156080425
151599691.6437838972 118552.7793549001
156655667.2553804517 312760.0386960506
173643436.7647894025 620674.6105957031
173151703.9393204451 613019.8551177979
173505095.7110489905 618426.5314941406
174432446.0613003373 628890.8317871094
159766173.6383748353 385329.7663618028
173240039.6384981573 614031.8701171875
151633886.6907289326 126454.0522024333
174651201.8284597993 632643.3427734375
173868139.5643813908 621974.5661621094
174729278.8191154301 633784.5996093750
160705358.7532444894 407403.6104207933
174431476.6055481434 628790.0007324219
151905427.0219280124 157950.9568525758
160092535.7785928547 393822.2937055528
151866618.1489656866 156717.1399442069
168556931.3572416902 540402.4117387533
156666614.2117411494 312936.8772094250
159691005.2503386438 384918.6036420763
156585436.0705352724 312215.4400389194
163595558.8932121694 458851.2106014192
177444694.0572077930 658607.3061523438
157033142.2185440361 320800.0979979038
156832349.0302040279 318646.9581053257
160884540.1386338770 409612.8565404415
160063790.6098987460 393231.4176469408
159958708.5381795466 391761.2844282091
164211819.6887002885 469943.3919315338
156268329.7209046483 303195.4842588902
168967478.2504802942 548277.6750444174
177937530.5867021382 661336.4956054688
174151879.2852014303 626303.2495117188
156393517.5309063494 305095.5354979038
151845726.1523344219 155805.8166076057
156573462.7364832163 311343.3430235386
164160112.7377209961 468092.3255271912
168594352.5883428454 540984.2960160971
156460153.5730853975 305581.2481749058
156541141.4933428168 310953.0350401402
164024148.0724740922 463880.7029666901
163950728.6221485436 463738.3526248932
168700858.0630549788 545634.0977739096
164252561.9405425489 470063.6892967224
164094659.4136801064 464793.5180301666
164188744.5995438397 469891.2437381744
164119406.6623136699 467386.2442264557
163718720.5237861574 462133.6929569244
169473735.4517576694 556756.3134111166
169667803.3462835550 558586.0325441360
169152173.8000776172 551592.3065751791
169070930.2140117884 549856.2753251791
169174699.3950042725 552795.5121415854
163259850.0612185895 454334.1711088121
170234267.9182507396 567014.2839093208
162807304.6531635821 446576.6203275621
160433867.5762085617 400114.9716230333
170492593.6287407279 568676.5260362625
170194641.7509516180 565075.7152476311
169735718.9009984136 560582.7658429146
177360536.2992985249 658125.5581054688
151651222.6978347600 134148.4205444455
177513451.9694602191 659175.8911132812
169363097.7795301676 554223.3894609213
169950063.9080482125 562237.6073918343
170254917.6285935044 567382.4300274849
169469905.7427883148 554822.0192608833
162668105.5758139789 442493.6559406221
168489198.1134638786 540189.7882690430
151805573.4832933843 142345.1392368972
162448683.7012450993 438147.1330448091
168838773.9695647955 546832.5287475586
157455054.9789143801 330859.6955711842
177238562.7718745172 657375.9458007812
151810747.0142385662 148322.6398970000
162797357.9054069221 445784.7545734346
151758227.8222724497 142090.9990334921
162615323.2476796806 441347.6667129695
157497191.8650200963 332466.1917870045
162091718.9700804055 430187.2952415645
161998332.0527609885 427761.6554825008
162163429.8641606867 431049.6783096492
162503076.8653036058 439871.9672600925
160565209.6311633289 402104.7798288763
162787918.4044845998 444809.1073286235
154543910.0425377488 252974.4972995950
162960404.4434311688 447475.0505087078
157427169.5571810901 329871.2728616595
162429877.6421059072 438031.1411087215
162700510.5357945859 443610.0890762508
169038746.3782114983 548345.7977505922
160489044.5968894064 400451.9658564031
157489840.2168463469 331477.7690774798
170147046.4640145302 563299.0715999603
158344860.7066284716 347785.5082337260
170498380.0026204288 568889.8685626984
158348071.1589544117 348523.0979987979
162021282.4369784296 429756.1129567772
162073537.5327803791 430164.7535049617
154481147.8324792981 252269.2732304765
152948166.7179224491 195776.3231546320
155410070.8391061425 275146.8897424936
168226198.9100593030 534410.7202774957
164598881.6158588231 470116.1197432876
155645906.5872517526 282644.8004175425
158067345.9496379793 341220.8710787501
168210946.4412445724 533742.7216511965
155848765.2681695819 285575.8487117290
158118440.5819710493 341599.4012996163
168209021.8503585160 532548.8312703371
156051983.5024025738 292781.5626121759
158095793.8805252016 341493.9002235141
158158823.2080729008 341899.5632503629
155592589.6662984192 278613.8783748150
156041473.4922522902 292007.3667781353
155720231.8147105873 284249.8159968853
167991273.6908256710 529542.7683180571
168125320.0998900235 532291.1249715090
152820670.2006877959 195713.2038938440
152976835.4794395864 200742.7048691455
155348363.3810130656 269868.4718356133
167835776.7364516556 525335.4010335207
167747934.7121216953 523909.2865926027
155240282.9858838022 269048.6632418633
155466320.9521168172 276806.2140231133
156140687.6899603009 292803.6915011406
156216637.8184155226 293585.5788478255
167729885.7522417903 523528.1580525637
167861886.8752025962 526792.2732869387
167367813.3621079922 516900.4635025933
159013892.7132674754 357910.9429739371
167203556.7006394267 514160.4011704400
167332558.2800250649 515678.7717759088
167341138.7196973860 516128.6454636529
155399894.7513851225 270374.6959567070
167158931.9432599545 512272.1008774713
167742795.9973521233 523635.4601456597
167097780.0147777200 511419.5452134088
166968558.8260433078 508346.6062485650
164705066.5593827367 470237.2351841927
166973482.6865522861 509127.9618088678
159144309.4456898570 358478.2448433593
166280018.0647656918 496075.6295029595
165046559.0172525346 475675.3883404732
165080517.1954490244 476346.1598248482
165477012.1434310973 482106.9064068794
164962314.0225215852 472865.1383404732
166580505.5911054015 501263.1713361219
166300344.3827379644 496942.7483994439
166389110.7484287620 498674.7461110353
165589766.4841262996 484910.4178795815
166477851.7315201759 500642.4857041314
166533135.7325766981 500930.5334287882
165751619.0439594090 485467.9881445169
166074842.4373402894 493172.9826475382
165133408.1656368673 476431.4593006372
165204608.0967790186 476645.0575863123
166017462.6861790121 489238.4720884562
165897212.2339028418 487964.9956518412
165840248.6935285032 487911.6892514229
165708676.5432744920 484963.9064106941
172883168.1340152919 575761.4448394775
172844235.2435783148 574446.3190460205
