184374034.5466904938 40538.7178243266
185200727.2366910875 58420.1256935550
187986501.1243288219 78938.5387388299
196372658.4538728893 102571.3374710083
196118240.8333513737 101685.0357971191
199535101.5203254819 104458.7326660156
185110639.1096900702 56692.5380768765
187962057.0292169750 78448.3265439232
188351151.9787901640 80347.0159722527
196342447.3337289095 102564.1297683716
198832659.6909996569 104319.6559448242
206792164.9089489579 105884.2404785156
184361175.8868357837 39837.3912657665
191294299.2895333767 91079.3833085820
194888929.0924338102 98761.4082551003
185143080.9691382945 57523.8398890578
199707256.3575988412 104462.1304321289
186454953.6869561076 70903.0016784107
190886557.1912271976 89742.0299321935
186474034.6074455976 71005.5867668723
187038368.2695226669 74653.4600196441
196993990.0634706318 103161.9814453125
196915922.7967911661 103153.4803161621
196721105.0066269040 103077.8848953247
196818419.8138818443 103128.3149871826
197250410.2430194616 103639.5380859375
196533471.5713233352 102809.9899616241
196244239.1736530960 102199.9373855591
196568626.7697112858 102937.9044876099
197066254.7800330818 103562.8643798828
196729732.0959998965 103080.6755447388
185128050.5627948046 57399.1130366408
191262981.9403933585 90673.8990771100
197021066.9196113050 103282.7541580200
196667907.2645227313 103069.9273757935
198175233.8555992544 104078.6011962891
197419642.2011814713 103689.5126342773
195056001.3413224220 99473.2682709694
195017763.7959816754 99261.6352066994
196145429.8100626171 101766.6715354919
198700022.2779755592 104311.2802734375
185260625.2234179974 59219.9931886279
195173480.7288594246 99755.6692261696
198492220.1095672846 104139.0037841797
185148211.8329648972 58311.0426020705
195199490.8808289468 100160.6873536110
197578519.2195214331 103726.5604248047
186795440.9285469055 73399.4355364477
195774061.3636585176 100819.1706495285
195104299.5776967704 99557.2947449684
197681434.1696476042 103732.9688720703
206429900.8904936910 105834.7402954102
187260646.2204223275 75532.3828868846
197322076.8119242489 103667.0323486328
188272743.5236909091 79973.9622613152
188797835.9998501539 81291.1147220989
207205296.1419531703 105941.2738037109
186560131.8241818249 71870.6167744135
188023958.6728801429 79068.2786204701
197282719.7684531808 103646.1716918945
199558224.5725042224 104460.6842651367
195132037.2073864341 99645.3482956886
195298771.3756403923 100292.7102417946
206800492.4234491587 105925.2069702148
195472289.7960275114 100489.7089200020
197436808.5198622048 103704.6104125977
207027045.6077189445 105938.8240356445
184474351.1801605523 46361.7549432272
185146011.7354268432 57703.1337501638
186538498.0142768323 71779.5681209003
198999971.6818889081 104364.5029296875
188557913.2226486504 81201.3156437536
195504188.6251729131 100603.7768540382
206414493.5615359545 105805.6771240234
185113078.7432258129 57165.0891501688
198492305.0188622177 104186.0465698242
206476659.5463446975 105843.7393188477
199193744.8702862859 104452.9946899414
198780399.0556363761 104316.0194702148
188185495.2290059328 79712.9560267960
197750796.2621337175 103786.0302734375
195472883.3158811629 100598.1754746437
184365683.4515824914 39878.1873295752
185246155.4752342999 58986.6245148265
199095332.0775175095 104418.0471801758
184369683.7004311979 40074.3392304348
186701822.8747419417 72757.1690885460
186746225.9214429855 72867.6798089107
206505532.4433000982 105870.9587402344
192979758.9783608317 94975.7558588982
195644373.0818167329 100734.2623467445
184538673.3824042976 47355.4988988394
198625537.0766910613 104306.1334838867
184527985.4988337159 46578.2898648733
187347558.8990621567 75822.7852341980
191141209.2572545707 90418.2271336968
199167882.7726072371 104423.2037353516
192902190.3299828172 94842.1209395230
188676553.2903697491 81290.7304822167
199064637.0479817688 104409.4918212891
187180112.6281565130 75216.5325944404
188166565.5982419848 79528.7186623772
186618890.4371541440 71964.7782804405
186610996.0045818686 71935.8714200889
191432942.7904593349 91190.3681246946
187368124.4887388349 75878.0418112929
188620795.9697855413 81242.5919138024
184631698.9924509227 48151.2589230219
195868306.8635253310 101242.3142418861
197640968.8866069019 103729.7189941406
186606682.0101758242 71929.2246915733
185319723.4755557775 59844.3825392908
206169064.0271987021 105783.5325927734
185219175.1866337359 58511.1743176066
188383512.9477855265 80425.5816861351
187253867.3153500855 75509.7539243698
187088808.2810758948 74888.6947648505
191637189.5676885843 91924.4104879200
195796031.1529732645 101078.6482696533
206233068.8807536066 105798.8448486328
187118012.0790102780 74963.2757457251
195932023.6609383523 101355.0979766846
184473128.5959674716 45556.3769346977
184513883.3823311925 46577.0171172412
186766304.0619778335 73034.8880845120
188391921.7543285787 80533.3197156151
192739146.8686441183 94399.8796999753
195766107.9831037223 100809.7952423096
185406542.0820640922 60124.2662571798
197532972.7524247468 103722.6696777344
188934053.9980023801 81311.5610610860
190808083.7295826674 89493.2940650433
184404411.2784161568 42064.4172439145
188566265.6218879223 81215.8191338738
188320305.7001042664 80332.0545178612
191085527.4530824423 90308.5117780194
185306029.0130661428 59571.8023859792
184565527.8231819868 47533.6472988630
191461295.7612755299 91328.1247213185
205789160.1902871132 105567.0928955078
187797512.6006608009 78094.4643841942
191003457.1910175085 90198.9848666638
184394320.7727473080 41254.9604568051
195979369.6081481576 101391.5618896484
184492894.3971243203 46468.1463178152
205682545.9729717076 105398.3812255859
184615968.3830419183 47750.9741545225
196112889.3012108505 101592.4881286621
198472533.8872161210 104093.5396728516
196235735.6504002810 101776.7899475098
184604808.8407928348 47658.7032836432
192232109.8561880291 93271.9175265133
184370510.0288701653 40385.8624133038
184602343.8181472421 47599.9114028270
206133870.0851946175 105666.5220336914
185233658.9491860867 58931.3831853651
205671199.7385176718 105190.9742736816
187977220.3401894867 78920.6872006615
187996528.5782378614 78992.8243546744
193006892.9772755802 95016.9383700192
205665870.7933265269 105094.6835174561
192749762.2612796426 94505.7470445633
192391224.2708559334 93651.3766634762
206031690.1830249131 105571.1323242188
205636159.8155574501 104983.6155281067
192277617.7125221193 93495.1317122281
192958221.6726978421 94904.6823613942
184428692.2913598716 42189.1745127605
184398189.8462887704 41401.9717997478
192924040.0379729867 94858.9033491910
198127911.8952707350 103880.3581542969
192625333.6225107610 94364.3445775807
193093371.0302904248 95111.0977461636
192928151.7553316355 94861.6682417691
188038715.6282894909 79112.8030453881
205591315.7164470851 104955.5242023468
185634258.7457043529 60866.9327908781
187178703.4385058880 75143.3380051608
187849360.8308617771 78225.4503270348
186070821.9271936715 61167.3834031157
188004401.4887408316 79021.3773175438
190608416.5545326769 88542.4422203712
186039459.5540634990 61011.5508870211
187964289.5236900151 78915.4816342553
184671067.2422943413 48368.5857786814
186127233.4367292821 61280.8652451567
192589725.4173071086 94247.4047949612
192436301.0989117920 93680.8728754818
185454146.3191001415 60404.8475898512
186823357.4817614853 73495.0184783374
186980279.9789011478 74236.3426252658
192558618.0888571739 94230.2523806393
192239281.4927056134 93483.9444353878
187160478.1411205232 75102.3887037541
192111920.1518021524 92997.4089236557
192065941.2085607946 92963.4070551395
191536247.1396336854 91441.1599808037
188084300.0846776366 79189.5014375111
191927032.8450416327 92614.7121048272
192017603.0906104743 92875.3267569840
186931467.8931828439 74139.9642130191
185469794.7263870239 60860.5716751394
185814388.1343575716 60972.5443031273
186640646.4231145978 71976.9314288532
184598052.3049730659 47563.4684679562
185467052.9953772128 60774.1184987378
186595011.1756759286 71891.8942946827
186879349.6211677790 73757.2192365115
191745420.3544889987 92195.6229052842
191991107.2423499525 92723.4364452660
184448293.2260955572 42270.4243339765
184390532.5022660196 40569.1965598034
185344204.2217696309 59912.9402815652
190688092.5623828471 88660.4787670784
186652790.9232373536 72202.8103321006
191838511.3463234603 92295.1166251004
191675565.6592031419 92046.7849884331
184424023.7969245315 42067.4265018867
184396378.3381384909 41277.2449473309
194874808.8948648274 98437.2294971943
185365662.5601550341 60008.8166434121
194679902.8882063627 97988.1575367451
185064486.4170656502 55344.1956143369
194455368.3536369801 97569.1610920429
194566908.0802031755 97596.4978840351
187785745.0369372666 78062.9192636868
187916334.1653733253 78378.4714571888
185099424.7845256627 56250.4161634435
187794552.3480696380 78091.0835591088
194572401.4743303061 97680.7207691669
185067449.2823386192 55355.3999757123
194572796.1262981296 97814.8721897602
184454023.7027133703 43487.4002916383
194377648.1002028883 97350.9739925861
194746107.9693307281 98170.3196346760
187778483.5538768470 77979.8069580699
191232742.5384211540 90508.2714601681
185076417.2480738461 55543.6997727405
194789431.0986892581 98336.1731617451
185102152.2152316868 56261.6205248189
187767081.0004523396 77955.1876850853
187720980.4815039635 77440.3197556267
187743348.1439104080 77554.2114928047
187615786.1684111655 77268.9279709588
187453201.8204929233 75922.0254135857
187519587.9090826809 76603.0378266106
187464823.3657641411 76449.2741318474
187318480.6076430380 75653.6939477528
187285716.6228652894 75543.1935060750
184783292.1236533225 49544.6986537164
189380549.3667274117 83780.4927304983
184810195.2738388479 49660.0111230311
189558923.1807985902 84782.7549062967
190544182.1166779399 88312.9543294124
189373324.7712318897 83244.6189340353
184731435.6621184349 48504.2457416949
184855184.5829077065 50331.3439935145
184861932.0733464360 50477.0772183833
184889493.8450760543 50515.6996136156
190416996.1619531810 87453.0083628185
189524068.2332037389 84353.4758523703
193965178.8497537673 95634.1607540920
189535519.7834085524 84737.2954934835
184769221.8852455020 48780.3745236487
189382572.1197933853 83826.7580975423
190488128.9425447583 87606.8796701916
189491940.1484007537 84310.2375711203
184781299.2363647223 49517.1766961512
193999387.5793376267 95764.6357296780
194128269.4690761268 96157.0523556545
190404687.7153971493 87366.8639173992
190501561.6223776639 88115.3028727062
190482514.7056575418 87586.2231579311
190438552.6290968955 87545.9919124134
194083668.8273418844 95811.9732159451
193991960.9332381785 95762.4801892117
190244395.5293058157 87025.4242757559
194113025.9574623406 95885.3458508328
189750643.2709533572 85363.4366151392
194109850.7377190888 95856.4763439968
189627442.7558159828 84847.5760644674
189891932.6124302149 85699.7426167913
190367332.6489284039 87365.0998884626
190112126.6985289156 86407.1156176329
190042062.1538011134 86393.3235648870
190228912.7097477019 86588.2331823111
190140439.7956688106 86563.6180404425
189764862.8704376817 85457.5395730734
190006254.3635134101 86196.5612319708
189357314.4207260311 82524.4385978952
186439140.5892755389 66160.7936806147
186450073.6474857330 66908.5259346430
186373808.3738795817 65989.0029119913
185007682.2999783456 51341.2573811334
185003638.8550092578 50714.8903023523
185050128.4757565856 52175.9281886292
185042316.6311168075 51486.4742389030
185045682.6302050948 52160.2774652063
189356267.5385347605 81406.8169319928
185060828.3097798526 52186.4757027632
