186184897.1769597232 52639.2316619530
186294592.1880148649 53282.8779759421
186165645.5278008878 52524.5814061179
186471817.8730063736 55063.1394687856
186537459.3480376899 55196.7565918063
187456310.1172247231 67927.0058936442
187410600.8245911896 67260.4750212992
187442485.5372214913 67295.2308725680
187738411.7341015935 69198.5314543808
190060938.2987500131 80657.8888720581
190184303.2767499387 80662.8297511050
190921434.0477665067 84128.6745130504
193359287.8869436979 90148.6478965282
193540286.9719368517 90507.1737155095
193734018.1289597154 91247.4775027409
193207756.8676607013 90143.9579551220
193359594.7522598505 90191.8919667378
193868070.1047989428 91389.0973891392
193622362.7081610858 91142.2043475285
193546565.0339928269 90920.9286289588
194074339.8456680477 91725.9098540545
194996946.1449524760 93221.2048536539
199770986.0760598779 99745.7244644165
199898009.9470324218 100223.5829086304
200461995.8338421285 100695.4035949707
200126661.6791417599 100305.6254501343
199875296.3031548560 100088.2032699585
187385636.5295361578 67229.6603774393
187448116.5518074334 67335.9850420693
187534372.4243916869 68293.6059578026
199701601.8662174046 99485.6158065796
200343247.1215992868 100594.8415832520
200667934.6965277493 100794.9845886230
200300672.6584403515 100473.2131652832
200730783.9331746399 100943.3751525879
187353979.0706672370 67150.1172408427
187489898.2073575854 68063.5754173363
187767914.2062302232 69222.5574621710
190233772.6151136458 80788.7730804393
189844859.3541606367 79125.3024002025
194722133.1272969842 92796.6296430826
200347949.3513146937 100668.1472473145
200636056.2890764475 100760.9804382324
187665107.8924405575 68950.9124382103
187867463.5015023649 69828.7640385816
187827540.0319590271 69436.7464578713
188125514.5092770159 70459.5378170202
190004456.2579067945 80505.9926162669
190255308.0773130655 81368.3371405602
191408488.6396506429 85700.2573193992
193461757.4078381956 90352.2115821019
193972331.6601434052 91469.6643160954
194165939.0945554078 91760.0710506439
194663624.6234442890 92781.0612226725
200564319.3138529062 100753.0248718262
202505329.7655041814 102577.4297790527
203982457.0178849697 103406.1890869141
193937676.6726651192 91409.9214667454
194811453.8279953003 92825.0767961740
194475346.6507429183 91991.2576433420
194975271.9103215933 92845.7201963663
204250985.2943244576 103464.0046997070
204248893.0120514631 103450.3901367188
186304256.2991390228 53418.3323120775
186486295.7652570605 55128.0791223218
186376707.8164179027 54252.0517927503
187620230.3071928024 68669.7566512192
191737305.4232708216 86384.6229131529
192094953.5874542594 86934.8174819946
193621374.1104120612 91046.9207190648
194410308.5636876523 91938.1513277292
194489926.7186152935 92504.5923677683
193997786.7104318142 91702.9433733225
200772253.3606430888 100975.0847167969
201313699.2931188941 101503.3841857910
204201620.1622746885 103429.5172119141
193590086.2092706859 90937.6105127707
194191897.6444823444 91852.0496405736
193970965.9480436146 91430.7621469870
193582636.5249921978 90929.1341333762
186583950.5875051320 56668.9012148139
188061445.7979190350 69927.6345640535
187860307.6504169106 69595.2598531807
191061322.4628490210 84730.6371566737
191353170.8590938747 85536.2210464897
192055290.2052066028 86872.3455932448
193173817.1268514395 89453.6114454642
196946394.4718997180 95428.0699367523
197871207.6873709857 96639.6976680756
200863871.7490454912 101096.9334716797
203167499.0772268772 103017.7612915039
203182582.9446016848 103030.3301391602
203718076.8940120637 103292.6143188477
203628010.0812190473 103242.4624633789
203884384.1980513632 103320.0269775391
186567304.9556353688 55837.1492371653
187110820.3599331677 63808.4703919172
187261062.1751452088 65493.9475298648
187651382.2827108502 68792.6535005535
190996586.4623777270 84262.9372083629
191499283.3047091961 85815.5219102213
203770780.4503632784 103299.2844848633
203867679.5375657976 103319.7121582031
203278254.1788498163 103144.6858520508
203192566.9571652412 103111.7971191406
186565367.1923991442 55393.8947633464
191836077.2770971358 86583.7737772772
191946379.8271017075 86754.4326553345
197428762.5192470849 96184.5791454315
202878816.8294255137 102842.5184936523
186565720.4241791368 55669.9906454181
186383523.5463514030 55016.6158462857
186331976.6606644690 54135.7704807614
191394796.6834430695 85682.4949175799
192106512.6097312570 87212.9863269636
203662257.0339128077 103264.5659179688
188189601.5651828945 70556.6726513470
191623320.6731388867 85929.1697423765
191945166.0111579895 86605.3811629126
193493634.2453507483 90359.9301500693
197060205.0671900809 95699.2856521606
201066631.6564327776 101152.3186645508
202330395.9035159051 102320.7514572144
203159188.7188225687 103017.0022583008
187709813.3863565326 69027.1874796639
190309641.0708387494 81488.1850866387
190893771.2472417057 84072.9409467662
191014632.3928584456 84472.0824109996
191252663.9393999577 85158.7937833751
191365905.5601744056 85619.6190951178
201070869.2783149779 101181.9710693359
202247635.1106494963 102226.0013427734
203087003.7724113762 102985.1011352539
187862198.2380048037 69624.6352160538
187618254.0640621185 68357.8383320160
189970343.5938368440 79937.8130983422
191315985.7826938331 85172.7060911143
190824069.6198158562 83720.6697457517
191082590.6468256116 84787.8260919536
191123598.8479198813 84840.1861040965
192151921.8751061857 87259.4584887335
197678379.5790139735 96453.4886379242
197194624.6448362172 96126.9982357025
186742276.4175700843 56800.3751980031
186841712.4272173047 61287.8992931733
191348426.2117825747 85326.9194547618
192265253.9322412610 87407.3162219832
193029945.8114078641 89267.5742746592
192887770.3739057183 88642.5851709023
197465626.3153684437 96285.5513057709
201310845.5160760880 101441.3717346191
200902768.1456084251 101148.7891845703
202613607.8700114489 102654.3745117188
203069098.4485799968 102971.1104736328
203058089.9497469068 102889.5046386719
186757572.0110394359 60002.1391685272
186781676.3207384348 60496.1635181794
193047079.3252118230 89301.9188295603
192995122.1781695187 89240.5223856345
192950701.3413544595 89226.2878885642
197412083.6490851939 96161.9353847504
197697248.1713831723 96492.0948143005
196860651.1101706624 95378.1294984818
197494313.1817081273 96436.4234371185
196714724.7415682375 95301.9036388397
202359065.3503518403 102396.9615936279
200831237.3467973769 101076.3532104492
202797455.7562024891 102814.6079101562
186506744.2117638290 55143.1982741060
187330066.7008211315 66248.1813264614
191754318.9869417548 86575.2653544256
192450128.1467938423 87518.9174833670
196653191.3176484704 95106.5082111359
197109285.6422399580 96042.2425823212
200805750.1618843675 101068.5728759766
203101640.0561142266 102992.4386596680
187206835.2220735550 65384.9561620479
187228902.2973856330 65413.1586762568
187121768.1627723575 64528.5488927191
188757845.2712685764 73539.2628309623
190833539.0714610517 83736.2292969832
191226477.1216211021 85139.6364118541
191655870.7376012206 86127.9956167052
197182863.7954008877 96086.5071086884
192511326.0847183168 87775.2749033347
192692876.6266286671 88432.0918360129
188706808.9706043005 73014.2427782610
188519013.8202950954 72085.6717485979
191646340.4837063551 85990.5003545592
192208760.7539542019 87352.1106410846
192617015.5070572197 88253.0102930441
192499760.2691700161 87572.6312169209
202071663.4828814864 101714.8379440308
191502166.4839077592 85834.2645573923
191678460.1605613828 86273.2638185332
192545353.7604995370 87920.4907776117
191355850.0344747901 85600.5053136656
191146020.2419333458 84995.0439607585
192155244.8046500683 87352.0670729056
202766531.6580787301 102657.7761840820
188990328.4150318801 73889.3318662986
191031042.8691349030 84707.7348768199
191458695.0590987504 85739.2412478104
191438370.2033622861 85716.1916930983
197069464.4677960277 95808.4644069672
201125981.6812842488 101202.5145874023
188822741.0701363087 73764.4863180712
191121131.7278923988 84825.6900357688
187108888.7960090041 63682.7391220815
189588627.1725236475 77775.8561488697
189946535.1836378872 79682.4241060326
196548859.9161271751 94489.3991336823
197055879.2570141256 95673.7702922821
201224132.6514861584 101243.2328186035
186834674.7042981684 60549.3889877118
190378363.6342451870 81662.3991636345
188558407.1689322889 72649.2283727124
189374509.4472336471 77007.2610260556
196970548.6895492375 95620.0935039520
197074439.8108073771 95847.4878082275
200843079.6169694662 101082.8998413086
201285726.4246121049 101322.7544250488
187037677.7128999531 63639.9789181232
189439137.0700166225 77092.0336429188
190795978.3646589518 83273.2021783078
201803551.2884232104 101613.8680114746
186991978.6465209126 62770.4647151708
186977939.2442398071 62763.6775719404
187017749.6562282145 63488.5991188764
186957784.8130281568 62623.5788509168
190820765.5561382473 83279.5794289792
197707497.7128214240 96536.7151393890
186921490.5922004282 62045.6519424237
188594093.5525394976 72880.9051928118
190614358.6480752230 82589.4145043576
190761019.9158605337 83253.0689309323
190420577.2796647251 81851.4048302853
196714285.5713283122 95165.7884387970
197095736.7954572141 95948.2373332977
196587112.4506755769 94523.0879650116
196600891.7595249712 94607.9018726349
196639328.3761045039 94997.7434558868
196320619.9519970119 94290.1692104340
196371847.9938220680 94478.5500278473
196646483.7400482297 95105.3676090240
196280400.8208136261 94214.8519763947
196660042.9211161435 95163.5052433014
186920014.6065904498 61947.8896743573
196206293.8841387033 93635.5256824493
196077233.4302865565 93626.2483158112
195967532.5010029972 93389.7448291779
195916909.0192228258 93288.3576717377
190687794.5427353084 82762.4956811154
190670221.9310271740 82759.3720086301
190533305.2815954089 81969.0165017331
190393880.0344533920 81775.3275597775
190650931.1034762859 82668.3789818967
189814975.9024432003 78897.1772436211
190553790.1349882483 82397.7212060178
190539593.7840540111 82205.3277848447
188730485.7015168369 73040.2309202924
189353791.1138572991 76225.2892390797
189735885.2354151011 78855.2264360497
189787047.2261283994 78864.9305822039
189889928.6888255179 79634.2858099053
189442347.7263618112 77205.0779139111
189723464.2040891051 78049.0515533993
189619201.3018051088 77967.1527587483
189381502.5049839616 77045.1507312367
189615746.7837677002 77850.7968417713
189539542.1499705911 77362.2433429779
201773226.3226258457 101538.7504577637
188464037.8061745167 71126.7731749564
202128144.1190761626 101768.7435302734
202160673.9409821928 101842.7298583984
189519749.5772370994 77263.0535569899
188518942.4798406661 71861.9467694312
188694709.4589914978 72956.5253267065
188510398.9215427339 71315.6108429469
189305934.6364039183 76071.7577030025
189200411.3610784709 74823.7247826299
189107253.7880494893 74604.3510093950
189257915.5638108552 75523.4956129491
189126391.9093783796 74634.0389207304
189205208.0888811350 74873.8817285299
189230793.4493804872 75435.8249391019
189147408.6272647679 74678.3691800535
199611176.9276872575 97259.0593509674
199397961.3280629814 96926.7693042755
199555079.5756346881 97193.7540364265
199619194.2699235976 97846.7235279083
189099979.4664009213 74052.5573400557
