184560953.4619414508 43939.1132403311
184810195.2738388479 49660.0111230311
186848288.0927010179 72279.6922118998
186923334.7739278078 73049.0235572736
186827917.0655125380 72268.5922998468
187273465.5125573277 74817.1753196212
189558923.1807985902 84782.7549062967
190544182.1166779399 88312.9543294124
191502732.2151562274 90888.1183034107
191289549.8729698360 90454.4472290687
195026265.1033461988 98328.9264477566
195864860.2740645111 98966.1008690670
195460911.2535461187 98907.3340733051
195941995.6451948583 99301.6117886379
195420399.0513110459 98889.9434628487
195282030.6595692337 98859.2671154812
207380863.5889904797 105697.8823852539
191330865.8419472575 90489.2792624645
191245822.2693407536 90303.1593269520
191013126.5075918436 89849.1676530056
184757384.0967522562 48617.0697026437
189447461.4610785246 83882.8440278769
191260747.0207612813 90315.4169205837
191458933.4713136256 90858.1435932331
192320677.3783060014 92711.9868627079
192147007.6955609918 92188.4980936535
197875856.6151205897 102384.0337066650
207137786.9724293649 105585.6241455078
207401769.8770710528 105699.6314697266
191534182.4065046012 90979.1998371296
198287980.5087323487 102957.0443725586
187098839.6268898845 74011.1414374801
197607826.5980879068 101840.8793487549
198198055.1394764483 102908.3427734375
192183715.7592719793 92327.5770814419
191720853.7142579854 91366.7126780041
191931657.7777272463 92125.4758768566
194845697.1531207860 97376.4842633083
197509005.6593360305 101735.5774707794
197771816.9619271755 102129.9188690186
191920308.6973142326 91936.5257986076
186956071.1611533165 73281.3948284070
187414469.5356653333 75753.1618422660
189373324.7712318897 83244.6189340353
191542707.8970044851 91188.9313842468
184731435.6621184349 48504.2457416949
185488160.5515345037 60031.1787894524
191094714.8754131794 90185.1414689235
191444348.7196944654 90757.7846645527
191137675.3859544098 90221.1739391498
191185382.5214152932 90261.3361612968
198189616.6739718020 102768.4852294922
198681076.1609796286 103169.7638549805
184753414.8799515665 48592.7336553407
185410186.1432691216 59256.5742420265
186961290.1146574020 73666.6712051312
187065462.7537005842 73939.0442618820
190651022.9064756334 88507.9004410915
197784751.1492235661 102314.0944061279
198514567.0221012235 103117.8924560547
198461384.3720360100 103087.6408691406
206775144.6705318987 105403.3375854492
184678968.4605422020 47511.3942829536
198741873.3070337176 103194.5799560547
184855184.5829077065 50331.3439935145
186696322.4421376586 72055.1704433839
198696453.0257568955 103178.8584594727
198055921.0671537220 102593.4174118042
199213440.1655412018 103210.9246826172
190939279.1240758002 89336.8709000759
190786712.1487891972 89200.5716447048
191407514.5362082720 90564.2359140702
197893538.7126699090 102430.3972091675
207055615.6094894409 105575.9356689453
197895898.7791271210 102469.1454620361
184516886.3456583619 42267.5667343547
184861932.0733464360 50477.0772183833
189471666.4433818758 83978.5322946310
184889493.8450760543 50515.6996136156
187280445.2484727800 74885.1932811233
198011765.4295920432 102476.4442291260
184702653.8553559184 47724.1592706141
184639485.5221212208 46025.0271295008
187079596.9745047987 74006.5894666183
206752378.3956893981 105403.1649780273
184504027.6858036518 42264.5579462943
184541062.9487697780 43467.1650624272
187547608.9576205313 75810.5636135916
184593868.0993769169 44314.6841834115
187308187.1892821789 74898.1257922145
190416996.1619531810 87453.0083628185
198301849.3923289180 102991.4353637695
186636154.1035788059 71183.8195184151
189524068.2332037389 84353.4758523703
189666783.6523119807 84852.8867846876
198351038.0814209580 103001.1981811523
198483261.7128094733 103112.2910766602
185459156.6953417063 59880.9987672818
194783115.3590523303 97282.6868771389
198445127.0966199636 103034.6998291016
187308662.4354960024 75062.4244727584
189734392.9666649401 84965.9571157694
186692846.9137541354 71614.8162301461
186708733.1197314858 72101.4955154340
185295432.7517724931 57529.6585551751
186688914.6593340337 71475.2500239293
193724130.7688550055 95119.6408394650
193965178.8497537673 95634.1607540920
195000898.9428763688 97574.4226635769
189535519.7834085524 84737.2954934835
189462211.4345041513 83933.8247007132
206741180.3748008013 105326.7936401367
184600591.7830985785 44425.7937448847
190317749.7957471609 87269.8258421905
206408736.3744458854 105274.9017944336
191823973.6680848002 91427.5455132313
184769221.8852455020 48780.3745236487
186863302.1988540590 73006.5054393689
187183027.5553097129 74769.9046363326
189382572.1197933853 83826.7580975423
190488128.9425447583 87606.8796701916
190902822.8685813844 89264.7357025631
195786577.7825795710 98933.4955003262
187033442.8919080496 73919.7145915906
187021321.1214319170 73872.0425471755
186699122.7930925190 72081.0595925729
189491940.1484007537 84310.2375711203
184781299.2363647223 49517.1766961512
193999387.5793376267 95764.6357296780
189806467.8008951843 85539.4216816500
194630588.3418416083 96972.1161320210
194181843.2858189046 96221.8114956692
194264879.2521562278 96305.5371426418
194765634.7468853295 97147.5008877590
186866189.9848727882 73015.9012216012
200951380.3830356002 103366.1951904297
186630172.2385312319 70395.6251663750
187144075.4074972868 74082.5910926739
201707752.1208999157 103869.6063232422
194969212.5125708282 97475.0196435824
190684925.9667630196 88670.5915928371
194620188.9233556390 96957.9593838528
201336854.8276872039 103718.0141601562
187161445.8277168870 74103.5924322027
194392918.0396533310 96341.9831661433
189951887.0438307524 86175.7901519015
207288099.7956208885 105604.7750854492
189895070.3333278000 85731.1505910344
194128269.4690761268 96157.0523556545
190404687.7153971493 87366.8639173992
194490236.2724907696 96867.0158413723
190012046.4113251269 86273.4794374891
190501561.6223776639 88115.3028727062
185468524.6647607684 59974.8405095589
184710115.8649573922 47792.8324311671
190963488.6665888727 89394.8225708492
206370484.6914430857 105199.9269409180
187173260.7139473259 74329.6648783105
184665013.4515337944 46898.1067155299
201290559.4824810624 103711.5703735352
190482514.7056575418 87586.2231579311
197129972.1293953955 100084.2625579834
201567271.5267398357 103832.2487182617
201332290.6679152846 103714.3128051758
185786616.9790427089 60738.8722708977
184536494.6664995253 42589.3048400285
190438552.6290968955 87545.9919124134
206984357.5315861106 105522.5234375000
193677318.5004700124 94892.9458971322
185734233.0015682578 60687.3101332810
197429879.1775220037 100932.4623107910
184578801.2902960777 44276.8720788659
184537565.6599458158 42602.3167848291
184709759.0353838503 47728.9478200373
189938366.7164382637 86139.9115163274
190744312.3992064595 88684.7852421291
184719830.9041437209 47909.3363908228
185362754.4496499002 59022.3094417107
194083668.8273418844 95811.9732159451
185611227.0837153494 60124.4666017544
184683266.2960831821 47699.5824235377
197497416.1205582023 101070.9195556641
201190482.0693435967 103683.9561767578
185664288.5536858439 60138.0902284634
193991960.9332381785 95762.4801892117
190244395.5293058157 87025.4242757559
194113025.9574623406 95885.3458508328
185255702.8555767834 57415.1077713025
189750643.2709533572 85363.4366151392
194109850.7377190888 95856.4763439968
185222482.7258376181 56821.5410647717
197155560.7583135664 100458.4829654694
197335663.2930222750 100753.6878089905
184636636.5814174712 45174.4474297685
201378443.0523418784 103817.1439819336
193574912.4701479375 94852.5802203491
193562410.2191466391 94674.9921790436
193477726.4849189222 94655.1062365845
193369749.3757340014 94370.2684433460
206913175.5295409262 105503.1429443359
184621472.7708052993 45092.5471800488
193292499.0432940125 94178.7385361195
193295517.1954708695 94274.8530380726
193217073.7222869098 94133.3399096802
192783752.1167382300 93120.2904712036
192762952.6099870503 92792.0932380036
193112542.5054439902 93841.1692248657
201273667.1222161353 103704.3497314453
193000535.2543117106 93675.8578540161
185349837.2208948135 58450.0909887803
189627442.7558159828 84847.5760644674
185305884.5269952118 58323.0601946366
185316114.6342769563 58397.7089261840
193151532.4686001539 93901.6638919190
201112733.3862227798 103455.1530761719
201777866.1212126017 103875.1694335938
192803817.4477483630 93267.0969287232
185302187.5317867100 57616.1243533919
189891932.6124302149 85699.7426167913
185270495.8359873891 57485.7793607543
190367332.6489284039 87365.0998884626
190112126.6985289156 86407.1156176329
190042062.1538011134 86393.3235648870
185201594.8233322501 56564.0093638728
185160707.7039883137 55647.0807789748
202124231.7700155377 103903.9059448242
185156362.8425032496 54915.6603548115
185190140.9996309876 55737.7535459583
190228912.7097477019 86588.2331823111
190140439.7956688106 86563.6180404425
206171039.0767242908 105069.6282348633
189855293.2079175413 85661.0699490309
189764862.8704376817 85457.5395730734
185177597.3524813056 55679.9886498039
206750942.2880434096 105357.3406372070
206632593.4373256862 105325.4894409180
206226164.1335964799 105142.6184692383
190006254.3635134101 86196.5612319708
201152733.9317176938 103479.4539794922
185151989.5480608940 54045.5780365102
196733382.1523419917 99414.2783813477
206629523.0994214714 105289.5684204102
196823057.6748106480 99626.3837890625
197066169.0003874600 99839.4515151978
196986183.9136824012 99750.1976928711
206072127.4875319004 104893.9616088867
186605665.3297162652 68592.8943616614
186612614.4888586998 68897.8480016455
189357314.4207260311 82524.4385978952
186601425.4076697528 68575.5728246435
186513685.8823487759 67829.6159894782
201050126.0047755241 103373.5513305664
186549334.0886716843 68422.7383802253
186573552.7842424512 68497.1364654478
186489201.6582180262 67622.3473037657
186439140.5892755389 66160.7936806147
186450073.6474857330 66908.5259346430
186373808.3738795817 65989.0029119913
185007682.2999783456 51341.2573811334
189296616.5752826631 80788.8287756052
185003638.8550092578 50714.8903023523
185050128.4757565856 52175.9281886292
185103920.0909792781 53032.2265649184
185100289.9073396623 52386.8048590540
185042316.6311168075 51486.4742389030
185115520.6668713689 53112.8034404336
185080453.5211167932 52351.9816626429
189233273.4562010169 80210.8111871779
189248846.4672915936 80568.3090660870
185045682.6302050948 52160.2774652063
189356267.5385347605 81406.8169319928
189261991.4917396903 80614.0606464371
185060828.3097798526 52186.4757027632
189302092.0723668039 81032.9474095330
189330962.0023917556 81148.0875462517
189195247.3182487488 80072.1002453417
189125080.0912352800 80011.3053812236
188982227.8650200069 79347.6734506439
188910482.8949471712 79216.0260621856
188606843.7430137694 77633.5024129699
188741323.0004135668 78421.0539342712
188745345.3269984722 78431.0270015697
188802750.9450662434 78529.4333960440
188670199.9663108289 77710.8380952131
188496512.4197275341 76859.0792177345
188594494.9764430225 77617.8424165871
206071404.1268599033 104456.7402343750
205911657.9297493696 104438.0527343750
205851030.1258954406 104323.6711425781
205736398.2460275888 104145.2242126465
205516273.8342969716 103909.0784912109
205498361.0590951145 103904.2354736328
