192722839.4789261222 91159.3203977570
194147420.4102134705 94577.1372089386
194465098.2387870550 95272.1681919098
207684604.5927605927 105261.2586059570
189664652.7251333594 82519.4747301042
185250399.8117078543 54025.4059515640
189518704.8280197680 81646.4822230265
189382503.3287491500 81607.5451646745
200278931.4701851308 102491.6074523926
201377957.4455581903 103503.8590087891
207482834.2876733541 104824.6644897461
187605240.0480585694 73032.4310203231
187338285.2048338652 72037.3604852798
187244411.4183997512 71975.7055656471
190245697.9249095023 84116.7671734206
190105535.0178919435 84103.7412525713
194243534.7428525388 94915.1227436066
207782820.4653781056 105297.9474487305
187094201.1681948006 70934.8240965622
187411277.0064161420 72635.4845678451
187499639.8174330294 72824.9326460006
189608202.9550936520 82421.8344203532
189886126.3355902731 83493.1243795455
194564756.7003482580 95500.9676055908
201812582.2357126176 103682.6511230469
201493121.1541667581 103625.7956542969
207520308.4109078646 105072.4671020508
208083013.9444600344 105396.3268432617
185050128.4757565856 52175.9281886292
186913157.9779180288 70022.8945311325
194117174.5922845602 94387.0424060822
189784109.2472829521 83196.1180182993
187244233.7431173921 71913.5777122619
189824641.2436342835 83332.4172736704
194490564.0025480986 95290.1019668579
194374873.5141460598 95130.6256771088
201568790.1164010763 103631.8308715820
185103920.0909792781 53032.2265649184
187350393.8713724017 72233.6767790260
189600173.1746227145 82189.3822321445
190250501.4738921225 84353.5370015651
190419945.2253262401 84836.4589975998
208036106.9791072607 105331.1397094727
196673383.4756327271 98462.2783432007
185032946.5788466334 51311.8213240026
185100289.9073396623 52386.8048590540
194213342.3661314547 94795.6184349060
201307478.6370498240 103481.6062622070
207577955.3469928503 105121.9423828125
184968309.8690328598 49622.8196112036
185007323.8020008802 50553.7617150962
187114198.5110785663 71244.2990257385
187329454.2888792455 71999.3467050995
194226246.1937713921 94874.6793842316
201411803.4298309684 103579.3685302734
201079180.5785678625 103070.8272094727
187215997.8293372989 71342.7516425418
194530297.8002886474 95301.4472293854
196389454.9742580950 98050.5355682373
184993966.0933107734 50525.5484004809
185255748.5857244432 54124.7632345527
200924091.0239381194 102924.5071716309
208968863.3493779600 105446.0583496094
185227158.0819259882 54024.5273145704
186845749.2976955473 69057.7554184216
190820763.3162734807 85690.0614352673
192620542.6830202937 91050.6563393772
208830563.3474559784 105444.5740356445
196232108.2779562473 97994.6931304932
196418857.4536792040 98163.3432769775
201273376.3326734900 103428.4760131836
207982608.4648839831 105315.5825195312
184972912.9141806364 50424.4686056494
185300933.3242207766 54918.8691042929
194901617.7232000232 95843.6009006500
201154295.2115391493 103234.1990051270
187221073.5452127159 71407.0480791683
187042816.5446632206 70517.8388554211
190480444.5612303019 84998.0815272480
190597364.1207705736 85314.1013904065
190405747.0029126406 84777.2877502888
194233994.7203385234 94876.8007221222
194763963.4378888011 95777.2683582306
194020656.2495934665 94337.1142139435
197014472.6337288320 98674.3479003906
194384266.8803895116 95202.7132587433
195455825.1603859961 96887.6475296021
201383915.0879380703 103536.1930541992
185201457.5903235376 54006.9395388632
196476714.5228587389 98310.9668731689
208314222.1426541209 105422.7872924805
185013648.3708070219 51258.8792468689
185042316.6311168075 51486.4742389030
185010778.5804252625 51255.8122800409
186991731.1067002416 70409.5281857735
196056755.1733721197 97821.1786270142
190346247.2468067408 84761.6478748769
196036056.3891269863 97643.5019683838
195697429.5056647658 97198.3873977661
196224845.8931944668 97905.6197357178
195490031.5806639493 96904.8487167358
196195235.2906166911 97888.4587860107
189772680.1245681345 82994.2029953450
190071893.2395223975 83897.4966890365
195712471.3917176425 97339.4962844849
185115520.6668713689 53112.8034404336
189553951.8632301390 82090.2927469760
196002378.2686045468 97587.0391616821
199821639.6277401149 101887.0947990417
185080453.5211167932 52351.9816626429
195029499.4635026753 96101.0301742554
202279756.3618505001 103806.3340454102
207565138.3624682426 105120.0888671875
185607264.5308467746 55888.5519089164
189233273.4562010169 80210.8111871779
192511175.7070179880 90798.4101686180
192696098.6407541633 91098.0423943698
194705564.9771898389 95553.9761428833
199849674.1586800516 101998.8712005615
189248846.4672915936 80568.3090660870
185045682.6302050948 52160.2774652063
185133111.3697698116 53127.4425372190
187172653.9474492073 71338.7181791457
187074220.3325096369 70929.0269047375
189356267.5385347605 81406.8169319928
194946724.7967621982 95904.7393646240
195066772.5896295309 96225.3743515015
200134367.1330734789 102035.2483825684
192910036.5303933620 91810.8359639347
195290018.5100367963 96449.3888626099
202073435.8483743668 103695.2366333008
195308056.8421495557 96604.6033401489
200592024.7569801807 102667.8951110840
202460097.5001876354 103830.3371582031
185497409.2377690077 55745.7273594213
186846926.9172961712 69318.3613576534
200433388.6641043127 102524.0710144043
200142849.3991145790 102175.7368469238
185344674.7141096592 55017.7268275328
187071725.7837165594 70830.9065134282
202670368.5955170095 103868.8460693359
185398455.6009177268 55695.0866247795
190037290.6381932199 83849.9284941703
200236716.7518978417 102421.2284851074
200078105.4169736207 102011.3073883057
186990756.3075248599 70394.9786894460
189723382.6592794955 82884.6064829379
195651996.5493974388 97082.7149124146
195682297.7059165239 97115.4963684082
195582135.2160147130 97024.2342605591
185282888.7550822794 54783.3076957844
189261991.4917396903 80614.0606464371
194992728.8416813910 96055.1166381836
194956064.3521605432 95975.9199905396
202402003.6349909604 103812.6271362305
199594795.9790824354 101624.5255279541
189498776.3317928910 81625.0238184929
199718989.2303780615 101644.1767807007
202487693.3400013447 103840.5012817383
202180916.3123714924 103797.6013793945
199752077.0019002855 101702.9215087891
185263796.1740776002 54224.5002184666
187147700.4391881824 71270.7958313972
200166281.6564306319 102383.2887268066
185060828.3097798526 52186.4757027632
185158015.1807719767 53147.5135562426
192820317.4987352490 91646.8920812309
192978976.0949127078 91981.4469105899
187053445.7738777399 70778.4591343048
185199830.9599203765 53890.1564639813
189539555.2105263174 82066.1208049282
186951447.4905330241 70283.5004703643
186850750.8179835081 69360.7518309372
186823408.9041189849 68271.2772932009
189548808.8752179742 82071.4773723111
193863856.1190065145 93793.9668178558
202167739.6644280553 103759.6154174805
189302092.0723668039 81032.9474095330
193081722.9236546159 92161.5873484612
193956009.9706809819 93851.3488879204
189330962.0023917556 81148.0875462517
193839941.2188073099 93730.7436423302
197784836.2133628130 99061.4691543579
193808275.5019891858 93630.1220602989
186630400.3208310008 67038.7916203321
193648472.8292554617 93303.4764914513
193766123.0540471077 93594.5479636192
193325767.8831339180 92611.3213796616
193610892.2813539505 93032.0167441368
207452829.1046878994 104819.9199218750
200650760.3121750653 102720.4024658203
186783016.1907128692 67857.0336580957
186700561.3693641722 67687.1855573611
197672499.9216608107 98824.8934936523
197682930.0159455836 98841.5299072266
200907930.7298668623 102734.6801757812
189195247.3182487488 80072.1002453417
193328887.7687742114 92681.9744830132
193732291.5054090023 93313.9181189537
197807963.9138900936 99075.8883438110
188532995.5919468999 77039.8965069901
192833022.4292023778 91731.8131270409
193383034.4923105836 92770.5043234825
189125080.0912352800 80011.3053812236
188883641.9680133462 79173.1887454242
193625520.3513335586 93243.9725012779
189100642.7370801866 79734.1343374874
188720509.4581736326 78388.9236037086
188982227.8650200069 79347.6734506439
192735795.0722955465 91355.4681756198
193499752.9512511492 92985.5880413055
188910482.8949471712 79216.0260621856
193242873.7716084719 92596.1431860924
192568008.7333831191 90850.2805154026
192820795.4326679707 91707.4732720554
192881117.8934882283 91807.4020421207
188809506.9963125587 78545.3222505401
206487684.7965461910 104652.4494628906
193118220.2114257216 92205.3787486255
192815122.7732525468 91639.5247618854
192409843.5840927362 90191.8566996083
192372113.1337814927 90134.4541077316
192484984.8238170743 90657.1325440109
192501244.6810941696 90692.7082300186
206791149.8346718550 104673.4237060547
197456135.1686228514 98795.4013671875
186840758.7792582214 68508.1698969708
188823224.8142203093 78551.5964069616
192455285.3910019994 90455.8559784889
186761337.0155586898 67794.2681708516
188834549.3848331869 78663.7670709442
192211465.1556503177 89657.8540735245
188707472.7914727330 78238.1175533980
192140601.9854826033 89638.0767946243
188802749.8564201593 78451.4188837733
188606843.7430137694 77633.5024129699
188741323.0004135668 78421.0539342712
188745345.3269984722 78431.0270015697
188802750.9450662434 78529.4333960440
188670199.9663108289 77710.8380952131
192281627.5994611382 89765.6887636185
188496512.4197275341 76859.0792177345
188594494.9764430225 77617.8424165871
207014447.0367404222 104685.4310913086
206166195.8921933174 104544.2877807617
192443294.4239888787 90209.5145080090
206071404.1268599033 104456.7402343750
206660442.1693857610 104666.2479858398
206393106.5280272067 104629.0173950195
200868973.4918082356 102731.7784423828
205911657.9297493696 104438.0527343750
206538535.9369503260 104663.6901245117
205851030.1258954406 104323.6711425781
205736398.2460275888 104145.2242126465
191813619.3934521973 87687.1871728078
192135735.1892588139 89232.7866582051
191878130.0500198305 88350.6752404347
206217569.0609104335 104556.8201904297
191914167.0065117478 88574.7036732808
206375395.1979530454 104627.9963378906
188143068.8052233756 74743.7376664258
192130983.0811053813 89212.7655095235
192131953.6251457036 89231.5206059590
188194636.4181402624 74897.2066284991
188298408.1618775427 75655.7258755541
188316868.0089156330 75666.6252901978
188294650.3042952716 75629.9448626465
186329177.7439565063 58551.6773064286
186122262.8164825439 57639.7477409989
188365874.9066430926 75746.9356326337
188370128.9443480372 75778.4594407505
188236737.9405692816 74924.8097342397
186260751.7150498629 58485.7525274605
186170731.8918375373 57710.2845790088
186201335.5113053620 57719.8985767066
186460287.9535794258 59195.0202618130
186120280.4482490718 57586.1416547447
186048166.8218990564 56674.2120893151
186115881.1217712164 56872.3482677341
191718056.7690686285 86604.7155436957
191783503.1637458205 86990.8799983943
188090611.9654293954 73752.7924996046
188078041.3244542480 73507.5031667380
188060585.6856309474 73107.9445790680
186020537.3552429676 55937.9615359791
191568316.4053387046 86582.6141872071
186082011.4450812340 56713.7572848499
191763385.9467314184 86857.2270257780
191727948.0688809156 86845.3280136073
205516273.8342969716 103909.0784912109
205498361.0590951145 103904.2354736328
199513199.3877388239 99616.4711551666
188036397.0366137326 73069.7991485081
199580161.1365945935 99828.9321823120
191464099.2487199306 85855.8911272967
199582399.3449063897 99931.9067153931
199475476.1863079071 99524.5190200806
199267138.8079379201 99115.5797195435
199268502.3584757447 99128.4275207520
199326395.7933927774 99387.6516265869
