206137851.1110562980 105117.5593185425
185618587.5124120116 60824.8786965627
186059254.8337104023 60927.4042336111
186595011.1756759286 71891.8942946827
186879349.6211677790 73757.2192365115
186858622.9117527306 73628.7720717823
196123681.8821722567 100949.5968170166
197724205.0803872347 103459.6021118164
206554329.9378192127 105588.5245361328
191617011.7714449763 91375.3385467827
191745420.3544889987 92195.6229052842
191610641.9826917946 91320.7706451714
197343067.3569019139 102932.9620895386
206554174.2406172156 105575.3508300781
206254480.4237464368 105552.8541259766
206851799.4516017735 105855.4032592773
184415690.9631971717 41538.2305869030
185592328.7244683206 60700.7258581769
191513974.1007013917 91208.2705255970
191991107.2423499525 92723.4364452660
196821262.9174442291 102031.0520496368
206407637.5708411038 105562.5266113281
206212354.6312484145 105143.1031417847
206720035.5606229603 105613.3033447266
185448512.9523834586 60064.2510840249
192568610.0969339013 93566.6352353394
192209405.9969565570 93071.9651820660
195987243.5739061534 100730.5251312256
192457352.0871764719 93289.4959063828
197506706.8001711071 103144.3902587891
184607575.3217206597 47614.0863090510
188115053.9173139930 79079.2717067617
188204269.5897531807 79689.1027032097
192079567.7966880202 92935.4859228432
206228294.6877396703 105299.5159912109
185670148.5388539732 60852.3044471154
184448293.2260955572 42270.4243339765
184390532.5022660196 40569.1965598034
185344204.2217696309 59912.9402815652
196192244.8718718588 100961.0132617950
188153438.6087332070 79166.0300811360
191790385.3433716297 92228.8320655823
206688493.9584003687 105608.8890380859
186728882.7313392162 72894.3302478229
186857831.0924815238 73329.8103598987
186728677.1725952029 72788.4345645343
190688092.5623828471 88660.4787670784
196116801.4843215942 100879.1649703979
196996994.0956282020 102349.5297088623
206833126.1088973284 105829.1364746094
185503619.8474027812 60421.1675947931
186652790.9232373536 72202.8103321006
187591524.5670607984 76722.4196298977
191451000.6621395051 91181.9214307293
195907312.7481481731 100685.7530174255
197146771.2802468538 102777.3225860596
197648636.7281658053 103344.9981079102
196217817.1521286070 101283.5034179688
184643182.7745094597 47645.6614999527
191838511.3463234603 92295.1166251004
184481784.9473288953 44544.4989653992
196449655.1420842409 101664.3725357056
196295910.5533850491 101489.2883300781
196615750.6984934509 101954.6790237427
191675565.6592031419 92046.7849884331
196628722.5781888366 102017.9031677246
184424023.7969245315 42067.4265018867
197075303.9905406237 102438.8175811768
197454539.1965692937 103143.1286621094
197190354.3276778162 102798.3882446289
185523443.9671615362 60437.4069832868
191672466.3037114739 91924.4920984730
197322285.8893346190 102841.6494445801
184396378.3381384909 41277.2449473309
188299204.8814725280 79835.6712307890
199109461.5295980275 103873.5609741211
188017562.5873507261 78924.2392312249
188111660.2859356701 79048.2974069973
196590802.9787345231 101692.9038391113
198799752.9382438958 103831.1433105469
185463543.7320762575 60275.8873978469
188040618.0156562626 79011.0036355217
196833786.7676509619 102040.6731262207
188382644.8050649762 79866.8232280629
195267483.5194535255 98963.4894959927
185122675.1789828539 56285.1809215908
196892183.2192975581 102230.0043029785
184591764.7258791625 46701.7112861926
188520471.1061452329 79953.6786781510
198859470.8821158111 103833.3708496094
198672026.4489907622 103715.5998535156
188096933.1368695796 79047.1912986299
185344179.5170204043 59151.2405592751
197624903.6251577437 103320.0886230469
185301100.0391981006 59145.6434799795
186791284.0187248290 73022.1549900135
184600010.4939388037 47105.0357509608
188460951.0285127461 79915.5157807728
184555385.2128475606 46651.8321001286
191961591.7141726017 92552.8805354759
199846917.8308246732 103965.7904052734
194874808.8948648274 98437.2294971943
197553819.6913807392 103275.1515502930
184532339.2198344469 46145.1248861307
185365662.5601550341 60008.8166434121
196793046.8717002571 102020.4749298096
198431620.9989824295 103697.3812866211
197029220.4319306612 102418.1271514893
194679902.8882063627 97988.1575367451
187019124.7278455198 73972.5728101840
198085552.2032129169 103519.2099609375
188061480.1358097494 79011.6940749715
196959658.5238419771 102330.4927062988
185262332.0733390450 59043.1090933633
198405025.2344776392 103677.8212280273
187970169.9152780473 78887.3166848382
185064486.4170656502 55344.1956143369
187875512.1703737974 78260.2406748196
191655343.0846710801 91921.5875574574
199033103.2295087278 103842.9267578125
198713208.4959947765 103728.9541015625
199799131.7079257369 103957.0004272461
184504212.6660932302 45233.1953207011
186836953.7846733332 73028.4830997547
194455368.3536369801 97569.1610920429
184473302.1884780228 44399.1946651505
185206799.4272161424 57511.4958454919
194566908.0802031755 97596.4978840351
186787086.9111592770 72979.3641234001
199317208.8130572438 103944.4414062500
185197312.0902788639 57248.8545539239
186546107.5872825980 70722.9704282840
186672728.1361326873 72337.0178192218
187785745.0369372666 78062.9192636868
186965122.2776078582 73874.2447691818
187916334.1653733253 78378.4714571888
184422065.4185444117 42022.7425888943
185099424.7845256627 56250.4161634435
187794552.3480696380 78091.0835591088
195231651.8022679090 98917.1408329010
194572401.4743303061 97680.7207691669
198741509.1186867952 103782.7266845703
185067449.2823386192 55355.3999757123
185240217.9268266261 58398.9761368585
185123402.0012261569 56303.1496941400
194572796.1262981296 97814.8721897602
195080782.5227782726 98631.7755680084
194898559.8622660637 98450.9840137959
184454023.7027133703 43487.4002916383
198289723.0345136821 103543.5008544922
190841020.8850646913 89437.6857777759
191269254.1582316160 90705.4541736767
185183276.9579509795 56753.0525016141
194377648.1002028883 97350.9739925861
184680454.3577851653 47913.8774821644
194746107.9693307281 98170.3196346760
184442578.8548004627 42103.9924101102
187157959.1056339145 74727.3345303516
198271514.2714921534 103532.2912597656
184420122.4531673789 41808.8454610275
187778483.5538768470 77979.8069580699
194971623.3123318553 98534.1185395718
198661843.1088678539 103705.6162109375
191232742.5384211540 90508.2714601681
191359026.9450595677 91135.3553329632
185076417.2480738461 55543.6997727405
194789431.0986892581 98336.1731617451
198327106.8748075068 103633.9655151367
191023899.4686098993 89993.0043026134
190961633.8068193495 89811.3557635471
185102152.2152316868 56261.6205248189
187767081.0004523396 77955.1876850853
186581937.0864643753 71436.6488942688
195674710.1166577339 99440.4595737457
195700325.4800968766 99587.5821933746
195432216.3449334502 99229.9111652374
195787974.8495743871 99631.8257954121
195652951.9255866110 99424.9198048115
192886891.3691432178 93984.4623752125
195351458.9591352642 99009.6805622578
192790238.1403857768 93974.3043647297
195864244.6041229665 99785.7410023212
187720980.4815039635 77440.3197556267
187743348.1439104080 77554.2114928047
185155527.8132855892 56525.4778224480
187488381.4942156374 76471.4832459221
187615786.1684111655 77268.9279709588
185204150.9767486453 57442.8049367917
187277972.0615312159 75279.7610406483
186535448.2735613883 70647.6165584828
187453201.8204929233 75922.0254135857
185230601.6618558168 57766.2680786949
190944701.2968263328 89595.0833100490
187519587.9090826809 76603.0378266106
191048316.6409563124 90195.1807895824
187377209.8389528096 75735.8558978642
191078836.2874802947 90253.6409082413
191026872.0052796602 90152.5832019970
185167348.2633107901 56616.8804735196
191024151.5106717050 90101.0359341316
187464823.3657641411 76449.2741318474
186569951.2218961716 70807.3662041927
186535437.4899875522 70642.4889124016
187318480.6076430380 75653.6939477528
187190495.3276509643 74878.6494757737
192894699.2530125678 94043.9282820709
187360151.5156539679 75656.8191003407
187285716.6228652894 75543.1935060750
192746311.5440610349 93798.5742080212
192636500.2478362918 93650.7913301475
187101061.9761137962 74702.6694116200
192328822.3349459171 93103.6170096882
190814533.0042120516 89411.8760544471
187181638.9523274601 74830.8252267445
184783292.1236533225 49544.6986537164
189528571.1378740370 84602.7141336203
186577703.3100030422 70941.9805077816
187182971.3642965853 74839.6802911366
189535503.7110584974 84731.4759134054
189629836.8446002305 84887.0015829802
189380549.3667274117 83780.4927304983
190855336.3631003499 89448.0585495643
184810195.2738388479 49660.0111230311
189558923.1807985902 84782.7549062967
190544182.1166779399 88312.9543294124
191013126.5075918436 89849.1676530056
189373324.7712318897 83244.6189340353
184731435.6621184349 48504.2457416949
184855184.5829077065 50331.3439935145
190786712.1487891972 89200.5716447048
184861932.0733464360 50477.0772183833
184889493.8450760543 50515.6996136156
190416996.1619531810 87453.0083628185
189524068.2332037389 84353.4758523703
193965178.8497537673 95634.1607540920
189535519.7834085524 84737.2954934835
184769221.8852455020 48780.3745236487
189382572.1197933853 83826.7580975423
190488128.9425447583 87606.8796701916
189491940.1484007537 84310.2375711203
184781299.2363647223 49517.1766961512
193999387.5793376267 95764.6357296780
194128269.4690761268 96157.0523556545
190404687.7153971493 87366.8639173992
190501561.6223776639 88115.3028727062
190482514.7056575418 87586.2231579311
190438552.6290968955 87545.9919124134
193677318.5004700124 94892.9458971322
194083668.8273418844 95811.9732159451
193991960.9332381785 95762.4801892117
190244395.5293058157 87025.4242757559
194113025.9574623406 95885.3458508328
189750643.2709533572 85363.4366151392
194109850.7377190888 95856.4763439968
193574912.4701479375 94852.5802203491
193562410.2191466391 94674.9921790436
193477726.4849189222 94655.1062365845
193369749.3757340014 94370.2684433460
193292499.0432940125 94178.7385361195
193295517.1954708695 94274.8530380726
193217073.7222869098 94133.3399096802
189627442.7558159828 84847.5760644674
189891932.6124302149 85699.7426167913
190367332.6489284039 87365.0998884626
190112126.6985289156 86407.1156176329
190042062.1538011134 86393.3235648870
190228912.7097477019 86588.2331823111
190140439.7956688106 86563.6180404425
189764862.8704376817 85457.5395730734
190006254.3635134101 86196.5612319708
206072127.4875319004 104893.9616088867
189357314.4207260311 82524.4385978952
186513685.8823487759 67829.6159894782
186489201.6582180262 67622.3473037657
186439140.5892755389 66160.7936806147
186450073.6474857330 66908.5259346430
186373808.3738795817 65989.0029119913
185007682.2999783456 51341.2573811334
185003638.8550092578 50714.8903023523
185050128.4757565856 52175.9281886292
185042316.6311168075 51486.4742389030
189233273.4562010169 80210.8111871779
189248846.4672915936 80568.3090660870
185045682.6302050948 52160.2774652063
189356267.5385347605 81406.8169319928
189261991.4917396903 80614.0606464371
185060828.3097798526 52186.4757027632
189302092.0723668039 81032.9474095330
189330962.0023917556 81148.0875462517
189195247.3182487488 80072.1002453417
189125080.0912352800 80011.3053812236
206071404.1268599033 104456.7402343750
205911657.9297493696 104438.0527343750
205851030.1258954406 104323.6711425781
205736398.2460275888 104145.2242126465
