184748954.6536744833 47137.8032413048
185258209.4164416790 55804.0145921342
185179857.7661399245 55627.3341910474
187165562.9935978651 73143.2283114722
193868325.2420855463 94890.1443710327
196733382.1523419917 99414.2783813477
198087359.0328383446 100632.9129791260
206629523.0994214714 105289.5684204102
189942182.7564639151 85606.8170104101
190184056.0094173253 86540.9824516550
194663670.8966188729 96189.0412216187
194284277.3764873147 95528.2312698364
194439414.1753580868 95704.5093765259
194244763.3903327286 95422.2006225586
197565529.3933544457 100409.2836761475
196823057.6748106480 99626.3837890625
201880809.7176331878 103773.5274658203
185264407.8916947544 56265.0358794068
186941431.2450728714 71895.2667172494
190671884.5105793774 87563.8430931345
194095160.9743561447 95246.5506286621
194131952.7457838953 95269.1828206778
197066169.0003874600 99839.4515151978
200688996.6987282634 103117.6417541504
187002566.0047500730 72343.6327227881
187220294.6021063328 73253.3951077205
187033962.7840681374 72466.8645896247
197760514.7710928619 100536.5077667236
197612289.1953223944 100518.5041885376
197913950.1832454205 100587.9280776978
201008055.5075921118 103261.6309204102
206538401.0271898508 105262.7633666992
187129539.9606676102 73033.0445975592
190276876.1532887816 86712.2382241488
193554590.1286581755 93976.6315121651
194469973.6797084212 95782.1412887573
194322730.5874619782 95589.8821945190
194196723.2110810876 95410.3291244507
197414674.4599883258 100256.6741867065
196986183.9136824012 99750.1976928711
208366644.6531758904 105593.2930908203
186965314.3121269643 72341.5793170264
190033793.2779233456 85818.4068490267
202148276.0209780335 103795.2506103516
206369688.4863234758 105059.3027648926
190272603.4939782321 86692.9362532496
197476861.9290089905 100317.6924819946
185237969.8385356963 55700.2665591118
186914285.7204284370 71771.7481249772
190403412.6685685813 86765.0849709287
190142114.2681498528 86534.0295449495
197217491.5038965940 100139.0791091919
190547963.5496774912 87417.9113724008
184709629.3537820280 46245.8181956035
185343117.4565585256 56762.6522741949
186063323.9764473438 59298.5626226800
186803081.5536334813 70937.8569822363
187752664.9511757195 74417.6311330701
187389857.0575587749 74171.5706866364
190431613.0353775918 87320.3402054086
190932008.4660668373 88357.3156800047
206072127.4875319004 104893.9616088867
186884312.0170488954 71726.1631182633
190405733.5772464573 86916.0315081850
190608878.7005189061 87549.3293576017
194552040.2079669237 96053.0107803345
196918968.2821446359 99626.9523010254
184727720.3346158564 47062.7913312294
186769657.4240809381 70204.2254506476
187117273.5206020772 72771.2019933554
190200911.0318766236 86661.3225128427
190919883.6236708462 88131.2210449949
206471118.7858743072 105097.1884460449
207937982.6763775945 105515.6079101562
206791362.0179569721 105379.8460693359
190393001.7749354541 86739.0764795616
190503298.6006796360 87367.6258682981
206938350.9379630983 105404.2322387695
184681316.9005029798 46139.3409614784
184652398.9985091984 44486.4198432189
184796813.3953267634 47865.0017501783
190012427.0589240789 85666.5000131503
190044672.2954218984 85953.7758615389
201615342.3739295006 103721.0444335938
202006744.9590151906 103779.6090698242
207161885.5696528256 105426.9640502930
207965086.8593668938 105565.6724853516
186714260.2369249165 70180.8924410470
187228313.4834576547 73441.3876326660
194075150.6238584220 95244.9483308792
187289200.5830782950 73604.7396748828
207468591.0794191062 105467.7883300781
190104149.2928670347 86328.7945230380
190689955.1027833819 87826.8982414976
190767215.9970040321 87980.4933528677
190898975.6477203071 88061.7461142540
190471433.0589754581 87353.3772835508
207672779.7075847983 105486.3527221680
189784877.3905037344 84472.9062688127
185578991.7554307580 58539.8767504327
193645688.7837199569 94082.5836334229
207938594.8137745261 105545.9202880859
207328359.3844268322 105447.9009399414
207182714.5326764882 105442.2849121094
207415635.6259689331 105449.3263549805
185415754.6575839818 57668.9927988712
186858907.9757473469 70972.5442593224
184726654.2608444095 46273.3401531687
184772317.3882775605 47827.9377963018
185360637.6138188541 56765.2867855660
185526026.9474317431 58228.1451512061
197201157.6162347794 99856.0216827393
193850392.2025598288 94709.1929168701
201608481.1138092875 103719.2615966797
187280334.0943841338 73564.0142333078
201335016.5246028900 103583.1910400391
184806473.1517350078 48654.3414505196
187053459.1603370607 72538.0027222837
189798380.6557911932 84732.0426710695
184657037.0490782857 45279.5103380193
184669118.6220538616 45298.7863229920
194422399.1417913735 95685.8816223145
184637717.1703528464 44464.7856674415
200937526.3180454969 103170.2785339355
186605665.3297162652 68592.8943616614
184864077.0190967619 49564.4498244186
185464799.3223586977 58103.8322176568
187065156.2500737309 72648.0865987110
189921144.1872561574 85499.8430340067
185863224.4526931047 59253.5863443918
186612614.4888586998 68897.8480016455
189600539.0299770832 83996.8392046541
189818849.6207481325 84882.8028181642
186771095.8285723925 70205.7839005120
184679226.3398482203 45415.8935076293
196395254.0050604045 98792.2424697876
184835268.7424593866 48844.2574689162
185462335.0928188860 57691.6679720513
185727752.1899789572 58606.2276922601
186773813.0458897352 70211.3288384152
196137473.2392651141 98288.9930229187
207855201.1057796180 105490.4655761719
196598739.4980058968 99190.2981643677
184653939.7502873540 45154.9078680572
184839828.0938071012 48913.5389110518
184879225.3033860028 49583.3136665297
196297889.5644998550 98466.1718902588
193691029.1507843733 94208.5136337280
207820429.6191749275 105487.9177246094
196621660.2254936695 99224.9350891113
185360751.3807036281 56887.1972393624
185656403.4058898091 58568.8380326934
189357314.4207260311 82524.4385978952
196228436.6125812829 98315.2839813232
200994409.6704144776 103226.7340087891
189882589.3766708672 84950.9002369195
189451215.9097988307 83187.8980705515
184800497.8515476882 48652.5532714796
185396198.9144701064 57581.2135958306
186601425.4076697528 68575.5728246435
189589654.2696002126 83250.0751614869
201262057.2528722286 103461.2543945312
189682359.1054529548 84142.6464130655
189747901.9108549953 84190.8190681711
189641781.9719394743 84060.5307914987
186801421.0801693797 70434.2610408828
195996761.2538154721 97797.3745498657
186705899.8201337457 69587.9492555834
186800956.9494877756 70370.4757587179
186640368.2626093328 69462.0635320410
189344818.0760665238 81237.8622696772
193842710.7694787979 94541.3546848297
185389237.6075260937 57226.3496343724
201298447.7247435451 103504.0519409180
193653926.0239069164 94158.4859790802
185165938.4077478945 54080.7293702892
193500321.5576600730 93537.2726383209
193767447.4703566432 94344.2681779861
184906707.6811261475 49587.9872268828
185394597.3808931708 57293.6341421239
186513685.8823487759 67829.6159894782
187869700.2663876712 75161.8501260736
187612270.4237605631 74252.1690329768
201050126.0047755241 103373.5513305664
185329825.6515947282 56693.9015564246
186549334.0886716843 68422.7383802253
193806053.3619369268 94535.6774158478
195977517.2184346318 97688.6543807983
185307806.2805382609 56643.5387746922
187825702.4823212922 75049.4885039487
195434556.5986912251 96738.0690078735
193524257.9366751611 93759.8600041866
184878542.6164704263 49582.7280564901
193331530.5113299191 92950.8558521271
193422516.7612721026 93385.4397830963
184918974.7957924008 50382.4177957174
185115657.6418635249 53130.7327729992
186573552.7842424512 68497.1364654478
186489201.6582180262 67622.3473037657
195471338.7870208919 96932.4593620300
185249124.9354189634 55732.7670895688
185167782.0020168722 54734.3048097423
184950529.3308945298 50540.4373771769
196111470.2682528794 98061.9555282593
186439140.5892755389 66160.7936806147
186450073.6474857330 66908.5259346430
186373808.3738795817 65989.0029119913
195583404.3776897788 97123.7511901855
195656636.8627144396 97319.6314239502
185012765.8756113946 51447.0840494258
195787559.2266412973 97515.2813749313
187712862.7221528888 74351.6156446495
185007682.2999783456 51341.2573811334
187733407.7482994795 74354.1306898155
189296616.5752826631 80788.8287756052
185003638.8550092578 50714.8903023523
195814879.8135016263 97621.5000762939
201603092.4873793125 103661.0861816406
184931671.9378805459 50453.9046627802
200278931.4701851308 102491.6074523926
201493121.1541667581 103625.7956542969
185050128.4757565856 52175.9281886292
201568790.1164010763 103631.8308715820
185103920.0909792781 53032.2265649184
185100289.9073396623 52386.8048590540
185042316.6311168075 51486.4742389030
195712471.3917176425 97339.4962844849
185115520.6668713689 53112.8034404336
199821639.6277401149 101887.0947990417
185080453.5211167932 52351.9816626429
202279756.3618505001 103806.3340454102
189233273.4562010169 80210.8111871779
199849674.1586800516 101998.8712005615
189248846.4672915936 80568.3090660870
185045682.6302050948 52160.2774652063
189356267.5385347605 81406.8169319928
195066772.5896295309 96225.3743515015
200134367.1330734789 102035.2483825684
195308056.8421495557 96604.6033401489
202460097.5001876354 103830.3371582031
200433388.6641043127 102524.0710144043
200142849.3991145790 102175.7368469238
202670368.5955170095 103868.8460693359
200236716.7518978417 102421.2284851074
200078105.4169736207 102011.3073883057
189261991.4917396903 80614.0606464371
202402003.6349909604 103812.6271362305
199594795.9790824354 101624.5255279541
199718989.2303780615 101644.1767807007
202487693.3400013447 103840.5012817383
202180916.3123714924 103797.6013793945
199752077.0019002855 101702.9215087891
200166281.6564306319 102383.2887268066
185060828.3097798526 52186.4757027632
189302092.0723668039 81032.9474095330
193081722.9236546159 92161.5873484612
189330962.0023917556 81148.0875462517
193325767.8831339180 92611.3213796616
189195247.3182487488 80072.1002453417
193328887.7687742114 92681.9744830132
192833022.4292023778 91731.8131270409
189125080.0912352800 80011.3053812236
188982227.8650200069 79347.6734506439
192735795.0722955465 91355.4681756198
188910482.8949471712 79216.0260621856
193242873.7716084719 92596.1431860924
192820795.4326679707 91707.4732720554
192881117.8934882283 91807.4020421207
193118220.2114257216 92205.3787486255
192815122.7732525468 91639.5247618854
192501244.6810941696 90692.7082300186
192455285.3910019994 90455.8559784889
192211465.1556503177 89657.8540735245
188707472.7914727330 78238.1175533980
192140601.9854826033 89638.0767946243
188802749.8564201593 78451.4188837733
188606843.7430137694 77633.5024129699
188741323.0004135668 78421.0539342712
188745345.3269984722 78431.0270015697
188802750.9450662434 78529.4333960440
188670199.9663108289 77710.8380952131
192281627.5994611382 89765.6887636185
188496512.4197275341 76859.0792177345
188594494.9764430225 77617.8424165871
192443294.4239888787 90209.5145080090
206071404.1268599033 104456.7402343750
205911657.9297493696 104438.0527343750
205851030.1258954406 104323.6711425781
205736398.2460275888 104145.2242126465
192135735.1892588139 89232.7866582051
191914167.0065117478 88574.7036732808
192130983.0811053813 89212.7655095235
192131953.6251457036 89231.5206059590
188298408.1618775427 75655.7258755541
188316868.0089156330 75666.6252901978
188294650.3042952716 75629.9448626465
188365874.9066430926 75746.9356326337
188370128.9443480372 75778.4594407505
205516273.8342969716 103909.0784912109
205498361.0590951145 103904.2354736328
