40684629.5958469659 11152.6802108884
42040620.1631098837 27201.5080120526
41828316.1134660915 25537.6914238930
41823334.2632411048 25228.8047411405
42003001.5130439550 27138.1056726949
41967267.5852870047 25576.3744060956
40984118.3477344736 17011.2285988629
41409723.7229550183 21395.4474847056
41659847.7799940109 25104.9638259374
41467107.8155438304 23133.0670991503
40818985.9355980605 13364.6441534534
41002654.3324592635 17024.7606756091
41627603.8877128288 23358.3867361508
41733019.0545887724 25142.8272116147
41796878.7168629915 25156.0568354987
40992228.8084273636 17022.8633615375
41631726.9585784078 23359.5579245053
48573968.3165092692 44039.0903320312
40811919.2767695338 13020.1269933768
41077386.1105720475 17226.2838767618
41037707.8149442151 17069.2269566655
41024750.8297244236 17030.6533997357
40877647.9029781595 15182.9890707768
40929074.5760889426 15325.7555725873
40843675.2077840418 14999.9330026507
48755606.1446235329 45104.8627929688
48091593.4973526299 41696.4598999023
41740627.4137305096 25147.7749365733
48308772.6411151439 42048.9371337891
48362794.9537034631 43399.9649658203
40757938.6852735355 12998.5338356793
41580561.3258060664 23191.6700352728
40843354.8899104744 14937.5409446061
40804068.2956253514 13013.1647550650
48700556.2600005418 44453.6087646484
40626967.4872745201 9604.0765727106
41575754.8899550363 23168.2934824042
41763979.1708846241 25154.9954223633
40549503.6858203709 7306.9100619499
41615374.8064773306 23255.4070675336
40552887.9763163552 7570.9347270075
40671169.6174815893 11145.4826582484
40609487.4024626985 9146.4890834466
41800130.9871052429 25201.1952297650
40661945.5081349909 10885.6510677859
41637169.0802347660 23442.8771094249
41319495.5281285197 20881.3572982680
40598218.0374708325 9137.0370967984
41297990.7103904411 19098.0622362024
40610053.5965532959 9340.0519076530
40544211.3215328678 7130.8459693566
41149308.6899272129 17281.3668469242
41400039.1586305127 21069.2449399712
40687804.3218730614 11388.5170481745
40744901.4067010283 12956.6381966658
40615009.4638191313 9365.6662295405
40549167.1887987033 7156.3995656371
41128528.1371047571 17244.7623554692
41179062.1307594627 19028.0316425785
40623060.4398119152 9601.6490407530
41292933.7756838053 19038.1766301692
40563926.3990797475 7624.9937825743
40620220.2577139661 9425.5242225528
40552321.7822257578 7392.4431024566
40651661.7773993686 9637.7598691527
43289637.3735906929 28664.0646543503
43925082.7999901399 28817.3466901779
44488753.6910765246 31115.5669479370
44213436.7952451929 31066.6095609665
44573107.7902294770 31667.1716337204
43984156.6962292865 30741.1649503708
45767025.2582741752 32465.3870429993
