40924064.2545976415 16980.6333454847
41532110.3385435492 23722.8947778083
40722902.4797645062 12900.3943966627
40948981.2126799822 17056.0971096754
40917536.5747446641 16940.8651837111
40619365.7767362371 9400.7074020505
40788747.0821268931 14925.2220696211
41362578.4743794650 23072.9892837405
41419707.2653317153 23401.9177117050
41520755.7697933689 23681.4977167249
41469086.0971813276 23492.0184681714
41559914.2263924927 25106.1311294436
40819610.8342101723 14987.0637557209
41197153.5760572851 21039.1783851385
41534424.0760154352 25094.1482568122
40663494.1184006631 11152.6802108884
41250629.4916711375 21182.9437602758
40903524.6176977754 15351.1992825270
40768954.1925066337 13156.1652027369
40836024.4512732998 15022.9552639723
41440036.9002873600 23403.0282343030
41356886.2315615267 23061.0064111091
41313181.1935707405 21470.5416613519
41328605.7791853547 23055.7736705542
40874923.2801103219 15235.9673565626
41371390.2457567155 23114.7082611918
40582839.1456100941 7645.7685323302
41407558.6878174990 23157.9412211999
41476233.8153714240 23594.4154408276
41129814.5093770400 19437.3998156488
40867973.0244187713 15157.5958966017
40787272.3578743264 13203.2600625977
40732128.9164530635 12933.9601345360
40941217.4993165582 17013.8362765014
41257595.4184762985 21369.1243175268
40734509.4239604548 12973.7288362980
40883726.7101386562 15253.4660881758
41182272.6150493324 21031.6925424337
40664984.0715730190 11166.3922384381
48203936.4366936237 41962.8059997559
41517293.8425941914 23648.5216563940
41221237.7839395851 21089.4988688529
41071469.5017627329 19087.2237514257
40840495.8951357603 15031.2694367170
48388150.9630398303 45104.8627929688
41153671.2774618790 21022.6318248510
48230699.7770500183 43971.0352172852
40606875.9527268335 9175.3179719150
40625682.8343702853 9604.0158471037
40999932.0686801299 17069.2269566655
40660339.5249736086 10931.8589894250
40673066.7686505914 11170.1182168946
40856712.4863565490 15036.3756888211
41790598.6387734786 25435.4481828213
41665759.7978679091 25160.0837600098
40661714.5659065172 10948.9011633396
40686134.3761988431 11345.8470441476
41811208.5190690160 25436.1700810606
41896660.2384057492 27154.5091000497
41864161.4043176323 27136.0490569174
41740608.5290476605 25339.2041786180
41772385.4732438698 25339.5501469785
41779634.4215935841 25434.1936805712
41844451.1220543385 25538.7528370284
41982965.6460068524 27251.5144665204
40658786.6038360149 10929.0942370594
41884800.9328645170 27143.0533965991
41858301.7352963388 25638.9320080243
41915135.9581433088 27201.5080120526
41027032.5716450512 17096.2347127795
41828316.1134660915 25537.6914238930
48091593.4973526299 41696.4598999023
40757938.6852735355 12998.5338356793
40626967.4872745201 9604.0765727106
40549503.6858203709 7306.9100619499
40552887.9763163552 7570.9347270075
40598218.0374708325 9137.0370967984
40610053.5965532959 9340.0519076530
40544211.3215328678 7130.8459693566
40687804.3218730614 11388.5170481745
40615009.4638191313 9365.6662295405
40549167.1887987033 7156.3995656371
40623060.4398119152 9601.6490407530
40563926.3990797475 7624.9937825743
40620220.2577139661 9425.5242225528
40552321.7822257578 7392.4431024566
40651661.7773993686 9637.7598691527
43289637.3735906929 28664.0646543503
43925082.7999901399 28817.3466901779
44488753.6910765246 31115.5669479370
44213436.7952451929 31066.6095609665
44573107.7902294770 31667.1716337204
43984156.6962292865 30741.1649503708
45767025.2582741752 32465.3870429993
