41442534.0022527650 23086.4085919857
41503538.8704661205 23552.3356212378
41371956.4398473129 23070.0671286918
41632510.3034170046 25106.1311294436
41506259.4953808337 23593.3794640303
41503589.2328129485 23557.5683617927
40837108.0689882413 14933.5362423658
41323364.4563340247 21367.4938853979
40664984.0715730190 11166.3922384381
40836617.9203182980 14916.0375107527
41552102.0635521486 25094.1482568122
41404913.2551869825 23077.3174671829
48203936.4366936237 41962.8059997559
41517293.8425941914 23648.5216563940
41334872.5574428067 23055.7736705542
41221237.7839395851 21089.4988688529
41386048.5298557952 23072.9892837405
41310637.7959445268 21366.5612538159
41071469.5017627329 19087.2237514257
41288836.5589516684 21303.8008617163
40840495.8951357603 15031.2694367170
48388150.9630398303 45104.8627929688
41153671.2774618790 21022.6318248510
48230699.7770500183 43971.0352172852
40729902.0854350030 12900.3943966627
40606875.9527268335 9175.3179719150
41329313.9492963552 21458.8766224682
40811274.3414317742 13164.7557592988
41479544.1768053621 23142.6141339839
40951732.4318751916 15590.9950275645
41601431.1044700965 25104.9323591292
41478129.5190072730 23138.5518777966
40625682.8343702853 9604.0158471037
40999932.0686801299 17069.2269566655
40660339.5249736086 10931.8589894250
40673066.7686505914 11170.1182168946
40967001.7321507186 17030.6533997357
40856712.4863565490 15036.3756888211
41790598.6387734786 25435.4481828213
41665759.7978679091 25160.0837600098
40661714.5659065172 10948.9011633396
40686134.3761988431 11345.8470441476
41811208.5190690160 25436.1700810606
40915901.5444054231 15239.5940744281
41896660.2384057492 27154.5091000497
41864161.4043176323 27136.0490569174
41740608.5290476605 25339.2041786180
41772385.4732438698 25339.5501469785
41779634.4215935841 25434.1936805712
41844451.1220543385 25538.7528370284
41982965.6460068524 27251.5144665204
40658786.6038360149 10929.0942370594
41884800.9328645170 27143.0533965991
41858301.7352963388 25638.9320080243
41915135.9581433088 27201.5080120526
41027032.5716450512 17096.2347127795
41828316.1134660915 25537.6914238930
41467107.8155438304 23133.0670991503
40818985.9355980605 13364.6441534534
40877647.9029781595 15182.9890707768
40929074.5760889426 15325.7555725873
48091593.4973526299 41696.4598999023
40757938.6852735355 12998.5338356793
40804068.2956253514 13013.1647550650
40626967.4872745201 9604.0765727106
40549503.6858203709 7306.9100619499
40552887.9763163552 7570.9347270075
40598218.0374708325 9137.0370967984
40610053.5965532959 9340.0519076530
40544211.3215328678 7130.8459693566
40687804.3218730614 11388.5170481745
40744901.4067010283 12956.6381966658
40615009.4638191313 9365.6662295405
40549167.1887987033 7156.3995656371
40623060.4398119152 9601.6490407530
40563926.3990797475 7624.9937825743
40620220.2577139661 9425.5242225528
40552321.7822257578 7392.4431024566
40651661.7773993686 9637.7598691527
43289637.3735906929 28664.0646543503
43925082.7999901399 28817.3466901779
44488753.6910765246 31115.5669479370
44213436.7952451929 31066.6095609665
44573107.7902294770 31667.1716337204
43984156.6962292865 30741.1649503708
45767025.2582741752 32465.3870429993
