195329476.5549004972 262.8032442927
189097111.3250877261 251.9238215685
178368672.9992768168 81.8207097575
178918374.9164299667 101.6926142679
179126040.3654607534 107.7735538130
179438626.1730475724 113.0691150645
189687235.2938834429 255.7957647443
191594016.7400131524 259.9739027619
194272144.4033052921 262.5265394747
193730111.9943348467 261.9982823431
183118335.6889137924 179.1015159651
178432919.0057269037 84.8321834830
179245197.2138127387 108.9063832678
179591639.6465084851 118.1555447331
179515375.3675846457 116.9309170613
179509610.6816088557 115.9819084447
181533673.2462006211 153.7912584865
189316734.1361315548 253.0305430293
189620105.8453001976 255.4850247502
189584217.3585123122 255.3752670884
185943243.0538394153 216.7159034908
194407134.7152570784 262.6478203833
185355449.6268391311 211.3461148273
178036387.6020372510 70.8833817862
181503172.2440150380 153.5691043461
189753426.2694386244 256.3346505761
185383517.0006751716 211.6890830984
179718599.8900115192 119.0662033778
179759864.9427130520 121.4123720855
178045175.0669450164 70.9559847812
181741415.5461910367 156.8161001052
185371396.5763591230 211.6434378615
179448476.5547010601 115.6284666875
177571868.1819952130 36.7168278258
191638312.9478817880 260.1323876977
194365303.0453141332 262.6301926672
181183206.4190575480 147.9716872299
192098064.4043626487 260.5218856931
191396631.8207352161 259.6922305226
177910428.3718405962 65.2254008570
181431804.2273124456 151.4072748745
185423573.3922645748 211.9515763512
177569903.5195047259 33.5626364920
181367582.5565162897 151.1140745008
181742555.1769997478 157.1810864665
185962408.7196514308 217.3724025954
177907781.5305860639 62.4155809603
178011886.8091406822 70.8399061359
179088501.1519241929 106.4574509325
179020490.0183149278 104.6930123674
185409580.9107782543 211.6957771769
181506235.7012599111 153.7088966692
185300751.5394894779 210.9743210068
188850691.5332950652 249.2280912846
195008836.8781045377 262.7382644713
178378242.1243996918 84.8197626577
191841849.3711179495 260.2839260697
181561564.4627025723 153.9727189934
185256980.4203517735 209.8852816951
188991139.4161046743 250.2272035480
194119339.7202088535 262.4009577334
178198044.4126525223 78.6655549512
181568215.9051056504 154.9259843552
190448928.1912945509 257.9617472291
191436718.6151905358 259.7459011674
179002109.4309462905 104.6504384087
185673157.3577267230 215.5576284518
177840909.9896969497 61.9911124500
191886587.9024667740 260.4156678319
179444247.4306095541 114.9467894651
188936110.7791321874 250.1754081547
191674763.1128900349 260.1876662374
178150458.0493922532 76.0940382620
179391501.0505073965 113.0266006872
185734918.5755001605 215.9502273193
181670255.6798503399 156.4308629358
185489787.6098350585 213.4682954317
185811957.1733167470 216.5643752562
181298386.6912342906 150.6614730680
185801221.2262108028 216.3036399828
185449825.0981809795 213.3808437577
189347111.6708476543 254.0255547166
191550516.4172571898 259.8773103356
177592961.2086239755 39.7168441984
177629919.2599752545 44.8214589134
189198389.6724849045 252.5087073445
190906055.9334838688 258.4998474717
191536314.6512006819 259.7918034196
194198728.3890081942 262.4802784026
184974588.3954657614 206.4433235088
190543900.1950405538 257.9848585725
194529917.5874172151 262.6608356535
177615373.6029101908 42.1399899104
183079557.4354275763 177.6135572589
185728312.2446469963 215.5629882289
188928960.6673924327 250.0932557881
193917613.8133599162 262.1174933016
177836395.5107071698 61.6697791539
177961853.9368912578 68.2755261914
189168965.0401280820 252.2795308456
177667144.0641718805 47.7296366054
178103434.5229952931 73.4989230878
179181500.1902329028 107.8771280606
179247598.4515702128 110.6802713381
177570455.4496404529 36.6397403452
178002733.3822074533 68.8402347698
191093938.3914426863 259.0149758458
190113330.7698109150 256.9752333760
179058972.4641343355 104.8291339384
179214788.8570967615 108.4963517391
190188964.3526075184 257.3240802884
189967078.3613418639 256.8379645944
194133192.3964668214 262.4571732581
189177636.5817145109 252.4357048273
179116950.8413360119 107.6031674849
189392661.4014827311 254.5537779927
194042469.0552929640 262.3408358693
179977097.4241479635 121.5552173152
183110172.2140330374 178.2024780362
189545876.4477714896 254.9664531350
185049818.5447207391 206.5821270505
188528773.9009532928 242.2772293016
188788198.8367263377 248.1887257397
185062541.4344598353 207.1968005756
191277362.2411614358 259.3554299474
177916315.9607506394 65.7738254921
177926157.6909092069 67.7678058998
181108069.0191429257 146.7379607284
177684145.0493897200 48.4476058997
178125564.5236356258 74.3642052551
189904833.3852102757 256.6336982846
185056340.5140601695 206.6887452761
189518716.1025069058 254.9459372163
185113956.5025790036 208.0922734300
188542294.1243779659 243.3423593342
182807510.5255943239 174.1479095615
190027224.9964887202 256.9618800282
177959348.0093076825 67.9390495935
179057698.8286483288 104.7090975524
182979302.9245933592 176.4639173714
193924812.4050804973 262.1838857234
181249353.5417913795 148.9222129906
182656602.2159288824 170.1329335965
182872319.6658562124 175.6984679497
185154701.9522941411 208.6768228570
177726511.3673191071 50.9075212078
186095145.4432232678 218.1918010842
190424136.3402708173 257.6687319875
191259168.0912991166 259.0835524201
188631552.3901549876 245.3828010857
188708299.1812400520 246.4874732792
178238940.5134271979 79.2822171433
188614579.1260255277 245.0692586303
190226553.7706131041 257.3580124974
177781756.2908148766 56.8758468441
178226071.7498323619 79.2304055709
186069759.7231735885 217.6037194123
190795363.6797916293 258.4042804241
177699504.2828893065 48.5356691397
191039670.2816253006 258.6611865163
190931931.9244951606 258.6516318917
190883913.4517395496 258.4169073701
193093476.9220192432 261.0152124465
177647138.8038131893 45.5666769540
190320470.4873481393 257.5169675946
184735899.5508005321 202.2268081875
183008151.8491207063 177.4427565779
177761382.6213534772 52.9361220648
190699624.9393756390 258.1296609044
177773649.9086439908 53.0180629207
190654871.3736248016 258.1172361970
182673318.9800545871 171.4177154827
182436407.2099567354 168.6600959099
178819750.4854727089 98.5521856529
177774723.7564353645 55.1754782025
177737617.4429768622 52.9341206376
181340181.8099925518 150.8423943842
184673004.6350918710 201.4152741702
193414997.5792360902 261.6028632224
184790348.4022695720 203.6137896748
180448019.6645154059 129.8935582817
180477113.2845173776 132.9656660736
184485706.5809774101 198.6713104815
184638174.1541989744 200.9744322969
180548143.8811077774 135.2251565636
178214302.8232534230 79.1705605167
184866764.0989214480 204.1580029408
178803152.2134253979 96.6660668237
178744669.5786893666 93.5232649726
193586078.2336997688 261.7168551981
193394621.0488006771 261.5019971430
184558676.6873696148 198.9350602896
184686312.7435199320 201.5360320182
184424137.3545993865 196.1318796912
178875121.6384100020 99.0142413062
178758875.9628911614 96.1196156723
180662796.5609138906 135.8137681335
181186923.3704764843 148.1054720151
178279656.2095377445 80.4279351517
184451579.4690208137 198.2833159009
178775168.3183510602 96.1732964126
182753222.2170412838 173.5943243134
177810373.1485639811 58.4002345428
178746248.1335063875 95.7060753090
181280168.7118107080 149.5782442558
178732751.9880908728 92.7495146972
178667018.9938621819 92.6289714557
178580650.9929498732 89.5708505717
193084123.0818335712 260.8978244364
180536308.7190758884 134.5279454886
188038706.7754465044 233.9737969628
181643795.0556495190 155.0104914608
181453015.7560130358 152.3710458659
188045239.7519766092 234.1074482193
188056991.0478396118 234.9170868490
188295215.7504458725 237.1054407908
178650995.1818276644 90.3258302339
192830636.9384203255 260.5574963689
192882223.3988398314 260.5926585793
178264547.3214220107 80.2014651069
192783624.4098255932 260.5263360143
192886531.1463865936 260.8507528901
178171810.3554238975 77.1243612537
178530023.5781414211 87.2278911538
187474244.7417764366 228.2761962144
188287537.7732734382 236.0134755364
184272031.4689508379 194.1902326682
193088462.9228470922 260.9827655852
178561615.5693221986 88.0005092748
180664782.7480027974 137.5222642868
184244749.5526836216 192.1391912738
187481197.6538813412 229.0270279376
184357677.3967947662 195.2671978811
188400219.0765399933 237.4939924739
184260929.6493789852 193.5775746444
184147912.5488621891 191.5093217531
184098584.1583338082 190.5316356668
180935353.8558065891 142.3407344981
188379159.9880233407 237.2927585840
184041484.3147964776 190.4204634675
188268640.4579756558 235.6050834656
178110074.2794391215 73.9353778142
184025192.6198634803 188.7520115623
182474189.8782025278 169.3682457007
183967825.5454339683 188.2230097302
178156950.9813099802 76.2549013564
178076897.0017601550 73.4276575226
180859392.8765740693 140.7900361598
182722798.3966831863 172.9315794505
186830335.8913497031 220.9421334718
180783025.5375026166 139.2445550740
180889403.0405474901 141.1802065995
184069663.5676802695 190.4978271970
183831870.5901667774 187.3490892896
181037722.6326584816 143.1938245919
180946945.7385151982 142.7825198796
182376146.4028905332 166.8237416207
183682231.3537519276 185.2065030583
183579518.6889698803 184.2134551057
181000464.1993278563 143.0486118917
178468181.9894245863 85.3971518890
183605589.6665332615 184.3162477263
183631001.9984636009 184.6642448404
182419466.9796963930 167.5151572026
182743682.4426290095 173.0853474963
183569556.1196953952 183.5980391004
187582956.2019321918 230.0747768609
183173267.4557641447 179.2345256307
182527755.4450595081 169.9693571128
183315669.2179141939 180.4301027184
183492388.3190786541 182.8584961799
183203981.1215215623 179.6053116446
183273124.6070764363 180.4109029984
187657958.6158041060 230.7323708264
187679731.8981454372 230.7367782323
186838582.5682910979 221.0345685338
186668633.9634720683 219.8735730768
186803705.9579966068 220.7752077659
186852141.6275386214 221.2123519038
187296240.1718808115 226.3739993228
180476782.8838804066 131.4901514537
186987540.3042650521 223.7003676747
187562749.7317333519 229.6861527888
187363012.1676652431 227.2250119611
187190085.4648719430 225.5631814231
187052425.3084871769 224.1726286267
187556210.2121891081 229.1977021634
182312060.3515124023 164.7677631389
182177549.6631197631 161.7901767876
181978680.9775142372 158.7818256181
182114332.8469859064 161.7586092141
182035552.2093877494 160.2576405194
187104776.4156633615 224.3377331723
182031342.0045048296 159.7600654496
187301697.5031012893 226.7785399784
182011357.2946933806 159.6630329358
181879367.2461325228 157.3712697428
180412117.3526061773 126.4127752269
180321699.0165330470 123.0831566653
180407508.1160035729 125.8454465950
