180487035.7420096099 137.8386545306
180634189.8458036780 141.0697456159
185658783.6795902550 215.8105178216
187711273.2085375190 243.0437078327
187546679.6552564204 240.8317893595
189589894.8979684114 257.4437759817
189468283.2955563962 257.2477038801
187662560.7874958515 242.5354106277
187561817.3388687074 242.3055088371
177864500.4648631513 67.6301946990
185385384.3770187795 213.0112662463
179370863.1473473012 113.1427564527
181267418.8295422792 153.4754859430
181393639.1923624277 155.5985453411
185748859.3945614994 217.8401402978
185552976.4694837034 215.5305037050
185472950.4253735840 214.5786941795
190627448.3260049522 259.3178472817
178024658.1354752183 72.0177660179
179348278.3250049353 112.6274578397
181442790.1144824624 156.0810661748
187845715.3214913905 243.8226816356
177477630.2013894618 35.2636519008
181204587.8150005043 152.7132458712
181329221.4142413437 154.0157505556
188859179.3018122911 253.6762054861
189698207.6644504070 257.8556917608
177432843.0267880261 33.0129919600
178027796.5882956982 73.7910462172
178071720.9249937832 74.0467538089
179227834.7068051994 111.4478707122
188576812.6100064516 251.3667461276
181101816.6752905548 150.7459146564
188720162.0177984238 252.4851749837
190787590.2872833014 259.4511955678
177922740.4911870062 70.7072985522
185542005.3257258236 215.3198501212
185483537.8251087964 215.1743411569
185608518.6865487397 215.6342520190
177478989.7417916059 36.1130925959
178905832.4769424200 99.5641204933
178959687.7806830704 103.6341053055
187171675.1517557502 234.4649725063
181423665.0503740609 155.7891308635
187871015.7638841569 244.9614327252
178361833.5377739966 85.0886096809
178289055.9223068655 82.0115058277
190522304.0924519002 259.1075256765
190770214.2718982399 259.4214385450
177703069.9010154009 58.8922880532
189658230.0280612409 257.8171540201
194543785.9265438914 263.1666247845
177590970.9630316496 45.5239100807
177738268.6742929816 59.4935538608
181150479.8463513553 151.2656759679
181253177.6774952412 153.1892551243
185421428.9911287129 213.4719014976
181131364.3681554198 150.7793427428
181194541.0748350620 152.3587196850
177602685.1819428802 48.0076353036
179019074.4186661541 105.3819021177
180955764.2376715541 147.4078103684
193704339.1749892831 262.3456718922
181255499.3976975083 153.2143387579
177763745.4119031131 61.9696528922
181029509.1589182317 150.1070297741
180835926.9526528120 146.6432727127
189831114.5191313624 258.1308198869
180734924.7848321199 144.2448759102
179199301.7424922884 110.4571095215
179110028.5335720778 108.3707668589
178904166.2510330677 99.5449092989
177559053.2976661921 44.0874782816
189019650.2660403252 255.2170403898
189140308.0086679161 255.8053391874
180220411.7730447948 133.7702462515
188863897.0480415225 254.5266583860
180987987.1226463616 149.0843387990
177981983.2033405304 71.3016327644
180723543.6601467431 143.8304983997
180689512.3048100471 143.3566954159
190023963.3983494639 258.3191340864
177856546.8395578265 66.6752149245
180798957.8022537827 144.8421289944
180911816.0011715889 146.8130933070
184981533.3084033728 204.7475974484
177829465.7150690854 65.2177394534
180695551.5354968011 143.6531198048
182855582.4562840760 177.0729435780
177571148.0891543925 44.8865264670
177878421.6027691364 68.2245289111
187132297.3289435804 234.3582235239
187258935.8416169584 237.5969862789
177602182.7176813483 45.7458994115
177700892.6223954260 57.2131847647
179163237.6074721217 108.4796571721
190236850.5510282516 258.7045784891
192122371.8190487027 261.0154660344
179375897.1391682923 113.5101383843
190673635.0176278055 259.3954926431
194710934.4058630764 263.2720813751
179055253.3728156686 105.7660047095
190394098.6183039844 259.0632186830
177536752.4246521890 42.5456009048
178368123.6539737582 85.2014742786
178993921.0309678614 105.2936630057
188119184.4027339220 247.1983345449
187788148.8365388513 243.6606748402
188723684.3072888255 252.5616854727
190193650.9590206444 258.5785498917
190335542.9905560315 258.9615882337
190334864.5878990591 258.9583846033
189247730.0710526705 255.8521402776
190283306.1374256909 258.8237152994
192058148.0686022341 260.9482517838
180632175.7812671959 140.8868247021
185120807.7753906548 209.9026849342
192487571.5035049915 261.2483213544
187231375.4994505346 237.1694631726
177578918.9587409794 45.4382517419
178394167.1737746298 85.4139734509
192469931.3584870100 261.1739876866
187186575.7156348526 236.8449330693
177530603.0052525699 42.3176803008
179065649.7720218599 106.9505932139
188268717.3931762874 248.8752759397
187302308.3343851566 238.0865995735
189051899.5603658855 255.4638040960
177755617.7600709200 61.9693919065
177508745.5769761801 36.2056647919
191934498.2122240067 260.6705973744
178209132.3759298921 79.4421222661
180442321.1342085004 137.8384041628
178176654.3226202428 78.9344019745
178248836.4254486859 80.4874809836
180302327.5678700507 135.2972502413
194273318.0597045720 262.9577848911
189386811.9282143414 256.5803776681
179085035.4610880911 107.7262329863
189373927.9763806760 256.5682815015
187410511.1679840088 239.5144969672
194388878.0536587834 263.0842964649
187417737.8588229120 240.0614527911
187927170.0272702277 245.4942645133
187669992.8389009833 242.8677367494
187937922.1433732510 246.0136531889
194118166.4824942350 262.8717250824
191925244.1539918184 260.6589854360
191955600.6400875747 260.8603444695
177780788.6262382567 62.5444985866
182600066.7677321732 172.8512967764
178310750.7336212993 83.9086284493
180325358.1760707796 135.5186033091
189269703.6467916965 256.2169521749
178907236.2734461129 99.8712874459
182479395.7702908814 171.4249393879
189117540.2763034999 255.5536433160
191147397.7595017254 259.5424645543
182459667.7652896941 170.7672414719
180394609.0851758718 136.8457328615
189257468.8112078309 256.0045984685
188403012.5464948714 249.1653003395
191347381.3968565762 259.8943241239
188460100.0268861651 250.1125430167
193772413.7395020425 262.3682129383
193826952.6839128137 262.5640504360
178453141.3171129823 88.1962449356
180286542.1484394670 135.2720181784
182218437.9196961224 166.8535566642
182204301.4722961485 166.0576516031
182217090.4677397907 166.5928329168
191532641.0031894445 260.1774764657
192141441.7214419544 261.0408278108
188403667.5522876084 249.2472579181
191612595.5213828087 260.3749287724
180232132.0808028281 133.8381147823
182349991.6586221755 169.0604884564
192494764.5825169981 261.2817590833
194499421.2642355263 263.1255006790
180075189.6511182487 129.4011989616
188247650.7770296931 248.2817818820
178428251.9237252772 86.6817321948
182183308.7865271270 166.0270646750
188642219.7162801027 251.8789788783
193810484.0281250775 262.5580818653
185686419.7724227011 216.6752188513
182430869.2685333192 170.1683422424
177696306.4996844530 50.6266062166
178168658.7446846962 78.4215944126
180159100.8938450813 132.0520792518
180129383.0989446640 130.9231794471
182584207.5040545762 172.1890168129
182592628.6421760023 172.1985695711
185008317.7383797467 205.0479913782
182568574.8295664489 172.0774350664
177515410.6075418890 36.5010205813
178110652.5213895142 76.4405458480
185662351.7854126990 216.2174794981
185435626.1955786645 213.6971596096
193949351.6773674488 262.6374220848
177654812.5990218520 50.3523517607
178091505.1163209975 74.4310631066
180090731.4787886441 130.3055517457
178931066.1771708131 102.2926271643
180100341.2941477895 130.8104007028
182146367.5564298928 165.5942476871
194035661.0385983288 262.6777307987
177644023.5558097661 48.1125767047
191900264.0937451422 260.6440768838
179969595.8273802698 126.7414685608
194349410.8993404806 263.0549058914
179999539.6609198153 128.1899134545
181959890.5183196068 161.4521020126
181969598.5850251615 162.4657924607
182050579.0190376043 162.9343541979
181790627.7387135625 159.7450091674
181698134.8402616382 158.2822385248
181779460.7605850101 159.2452032976
188326697.9299575388 248.9484269321
181806360.2936533093 159.9586813860
192107281.8636161983 260.9501972795
181787483.0499051213 159.4057339248
181658993.0177720785 157.2476404127
194291400.2246222198 263.0276393890
179734158.9112301469 121.3037626274
191796089.4297429621 260.6159778237
177520528.7265144885 36.6314542170
185438213.5752752125 213.7677110506
179668574.2001915872 120.4347273834
185091962.8757594228 209.0300372315
185309406.0657242835 212.0840559078
181639285.7679480314 156.7433418399
191428718.2340061367 260.0275529027
178433664.0269320607 87.1355238690
183074926.1025525630 177.7839179631
179947963.7861493230 125.3548899751
191478086.0061203241 260.0895691514
193448065.5792873502 261.9806509614
185057653.2266531289 208.4381145006
177523514.4693040252 36.8417615673
179699068.1587699354 120.4490840057
185024915.6442447603 208.2267131200
179752903.8540255129 122.1965918273
179735423.6773095131 121.7029009214
185236367.9815723002 211.4148980966
185298921.2133333385 211.8995332113
179885791.5349106789 124.3094917177
191210013.8224498332 259.7344186902
191331126.5820053220 259.8820036054
178918374.9164299667 101.6926142679
179515375.3675846457 116.9309170613
179509610.6816088557 115.9819084447
179448476.5547010601 115.6284666875
179444247.4306095541 114.9467894651
183008151.8491207063 177.4427565779
193414997.5792360902 261.6028632224
184790348.4022695720 203.6137896748
184485706.5809774101 198.6713104815
184638174.1541989744 200.9744322969
184866764.0989214480 204.1580029408
178803152.2134253979 96.6660668237
193394621.0488006771 261.5019971430
184558676.6873696148 198.9350602896
184686312.7435199320 201.5360320182
184424137.3545993865 196.1318796912
178875121.6384100020 99.0142413062
178758875.9628911614 96.1196156723
184451579.4690208137 198.2833159009
178775168.3183510602 96.1732964126
178746248.1335063875 95.7060753090
178732751.9880908728 92.7495146972
178667018.9938621819 92.6289714557
178580650.9929498732 89.5708505717
178650995.1818276644 90.3258302339
184272031.4689508379 194.1902326682
184244749.5526836216 192.1391912738
184357677.3967947662 195.2671978811
184260929.6493789852 193.5775746444
184147912.5488621891 191.5093217531
184025192.6198634803 188.7520115623
183967825.5454339683 188.2230097302
186830335.8913497031 220.9421334718
184069663.5676802695 190.4978271970
183831870.5901667774 187.3490892896
183682231.3537519276 185.2065030583
183579518.6889698803 184.2134551057
183605589.6665332615 184.3162477263
183631001.9984636009 184.6642448404
183569556.1196953952 183.5980391004
183173267.4557641447 179.2345256307
183492388.3190786541 182.8584961799
183203981.1215215623 179.6053116446
183273124.6070764363 180.4109029984
186838582.5682910979 221.0345685338
186668633.9634720683 219.8735730768
186803705.9579966068 220.7752077659
186852141.6275386214 221.2123519038
186987540.3042650521 223.7003676747
187052425.3084871769 224.1726286267
187104776.4156633615 224.3377331723
