181590528.2541854382 148.3976410034
179104068.2820366025 63.6142951963
181610860.2300458550 149.0694705912
181338596.5099290609 145.9040081969
187419703.9249026775 221.1377703234
178964363.5236734152 60.3637738932
178912569.2919124365 57.9430080164
179093307.3182888627 63.2770321462
179028462.1253895164 62.0917668450
179203682.4486623406 65.8712154744
180321699.0165330470 123.0831566653
180407508.1160035729 125.8454465950
181137885.9296275079 141.1204881864
181195309.7245297134 143.1035957055
181340553.1603228450 145.9178104869
181225921.6692169607 143.4631097035
187124899.0197191834 218.6383958751
187222466.9125360250 218.8231141859
187467553.3421497345 221.2496516400
190312293.2743567526 245.8234907091
190381960.0939552784 246.4114858806
191170961.2108696699 252.4758089930
191219564.1696800590 252.9840986431
191189366.8439308405 252.8280445039
192113619.1614312828 256.5757628977
192974668.6423492730 257.8966411650
195098461.4345550537 259.7367272079
195974224.2523250878 260.7596891522
196273612.1055296957 260.8096850514
196688280.1970228851 260.9917045236
179082735.9044514894 62.8433508176
179023011.0778688788 61.7385512449
178942677.6633065939 60.1999282945
181225663.7745825350 143.2617010789
180051479.0573493540 114.8130806545
180061518.8566510975 115.3208009462
180993114.3393974602 138.7635175633
181269997.3383242190 143.9474077086
181144898.1999567449 142.7911653237
181705418.6599507928 149.4370656272
187266755.2518360615 219.3279889257
187522074.5860903561 221.4786845961
191310497.8434316814 254.3446180522
191278085.1726626456 254.0543279350
192683932.1919533908 257.2902723849
196059256.4057356119 260.7966428399
196297509.9174868166 260.9001346231
197002079.9742091298 261.0191493630
181833468.8303354383 149.4883463644
181730750.9931643605 149.4532764369
181442158.7956481576 146.5643234511
179884973.9002337158 107.5144426340
181113859.3393479884 140.9935319620
180870390.7700508237 135.4535246799
181026058.3730536997 140.5348379808
181500086.6527800560 146.7097636926
181413896.7428897619 146.3143792411
187599287.4487237930 222.8313280959
191091354.7274559438 252.4658334553
191782561.4555002451 256.1856975257
192145598.2941213250 256.7293595970
196794711.6387387216 261.0139637589
191223285.1654373109 253.1738695800
191269117.7409226596 253.9810027778
191192523.4670386016 252.9628829658
181142220.4558315277 141.3644110762
180951568.4219458401 138.2783386338
183139870.0864822268 167.4320807694
183257750.0006835461 169.7921969923
190218082.6178017557 245.7278942764
190047095.1596645713 243.5361517370
191260832.2682318091 253.6156874597
191372742.4798191786 254.9196340740
191836548.0947754979 256.3970856369
195817582.1745196879 260.6308794618
181243775.1268172860 143.6255102737
181067755.1772134900 140.6147384870
181249746.7564517856 143.6990790789
180876720.2203899920 135.4949408398
191535565.4016477168 255.5991048515
196465535.9498915970 260.9145038724
181033309.9868241549 140.5355160463
187042126.9627447426 216.5772424968
187573071.4588633776 222.2778954798
189988446.6495940387 243.2550711334
189859478.6296229064 242.6522904336
191525742.4168134630 255.2663290203
191657358.8258808553 255.9605569541
192448848.1359605789 256.9532968104
196485034.5467684269 260.9318109155
179988261.1874847710 110.2129619727
181534106.0447060466 146.7381207145
183090102.7705438137 167.3722990882
186910796.6811546087 215.5277885230
187083132.7396551371 217.8604537280
186873507.6675389707 214.8719875248
192203541.7375922203 256.9330193102
192791159.2484284341 257.6769889891
182949047.8361324668 164.9857119559
183428927.5034067035 170.2953549544
183004468.7251042724 167.0383475064
187481524.9455273151 221.3068872942
187756035.4260451198 223.8972824467
180200459.0341285765 118.8290645341
180529374.5481117070 126.8472701439
182895142.9265421033 164.6065876142
186990967.9418153763 216.4686700137
187309102.5023238957 220.4235295573
186955753.0219833553 216.1674467356
186793449.9357326925 214.3540391716
187044893.3455176651 217.1541105540
187105444.3697665930 218.0070931943
180074411.3116761148 115.6266894369
187048816.1777507067 217.8508373530
191496329.9885777533 255.0189775527
195391421.9821490347 259.9943504035
180048566.7819928825 113.1417503571
180524404.1350262761 126.7140421697
180914380.5905757844 135.6304043560
186667908.0580362976 212.2632800074
190409974.1803348064 247.0693614781
190523054.9185071886 247.2102735341
189854994.9908117652 241.8942708969
186688075.2639791071 212.3976881535
186842087.1272466183 214.6345963509
180103707.6593863070 115.6908027508
180765007.7251998484 133.0539499134
180846788.5207364261 134.7200633671
180716170.9580393732 131.8359465211
182796169.1576174498 162.7627712856
186749724.5908229649 213.0135122569
190117550.9157910645 244.6842996776
195108886.4710157514 259.7411071956
195395832.6098338962 260.1749818027
180643551.2881734669 129.5165595025
180128569.1934601963 116.0502027302
179946554.9637771547 110.0985015411
180679024.8085130751 131.5903420061
180840875.5190975368 133.5830218784
180844924.1277862489 134.2710906259
182723755.8232991695 160.1658216137
182586404.2754277587 159.0850605834
190121087.3388255239 245.2729068696
192631365.3002369106 257.2188207209
195396795.9592727125 260.2241170108
179998272.7094835341 112.8956395168
180025982.3204575479 112.9487855411
195009053.4250405133 259.7145683467
195426986.6456397474 260.2792298496
195623624.3532269895 260.4013066888
180951512.9470517933 136.2225236884
180453488.6108392775 126.3010668882
180714820.7729409039 131.7878888693
183002219.3057841063 165.2414112985
183215441.2377770245 167.7527042646
190319964.8528700769 246.2056674063
180299479.8658629358 120.6073592848
180552185.6216284931 128.2780658541
180616195.1001587212 129.4510477095
180751599.7616784275 132.2031809504
180454183.2233485281 126.3179873586
180646031.3962244689 129.6170065295
189698216.3465778828 240.0062621236
180833808.7632225454 133.2123959552
180573236.2372516692 129.0300637971
180573969.6944941580 129.1264246464
180545435.5094403327 126.8660751619
182870085.6080730557 162.8025808949
182694329.6744333506 159.8561072368
186639692.7444678545 209.9789539532
189962041.3461484015 242.9432986677
182683106.0787928700 159.2612386374
182780359.0075811148 162.0310629296
182946504.9011157155 164.6493263263
182993417.7376760244 165.1308657522
182727437.1806901693 161.9844038505
180260311.0922476947 120.1939959472
180158411.8299539983 117.4527960714
182978810.8731785715 165.1288174409
183687774.1429038346 171.2704512954
183629248.0054121315 171.1929163320
190313009.1365721226 245.9277130067
195802334.4988704622 260.4374693036
196132451.1323121786 260.8007035851
183709906.5436084569 173.5180011971
189884769.9778686762 242.8191476166
183496140.1189843714 170.4780881985
189764769.7089863122 240.4175725877
189780053.5090333521 241.4076654017
189891235.1700375080 242.8385966122
183580838.1848153770 170.6610150486
190556321.8703996539 248.0302486718
180257044.3648472726 119.0290764764
183700223.8210074604 172.0293370704
183588806.7635486424 170.9393838739
183692154.5545711219 171.7945611696
183376399.4892585576 169.9349150045
182536647.5572716892 158.0477283743
182528393.3085336983 156.8395327413
190816171.9376003146 248.8563689291
180296484.2709136307 120.5610126450
180321324.7960977852 121.0992540315
182576864.5879134834 158.6309788791
182459091.3969230354 155.6113733136
182218577.8298135698 152.4714700067
182285816.3004820645 153.1739153349
189962587.0565786958 243.0002295077
182473631.9616351426 156.0468993270
190566893.6369230449 248.0838465989
190175783.9566315413 245.3032728136
196265800.5656416118 260.8040261865
182362863.2277589142 155.3247715318
182360903.0110160410 154.9272106969
190066680.8600198030 243.5906948745
190744279.1561690271 248.7754304111
182217001.1254247129 150.2677582868
182210894.0444623530 150.1615177128
190680685.3982134759 248.3779573143
194674004.4775164127 258.7509678006
194776380.3179730177 258.9994991422
185861480.9998764396 198.0775144899
194959826.6790170074 259.0506227612
191044800.3740770221 250.3629471362
186523243.2895660400 206.5759252788
190518137.1740613282 247.1866255105
190709313.6499306560 248.6543226540
190819359.1248067319 249.0450021923
194548304.7213535905 258.5219345689
194743924.3817251027 258.7510927320
194576932.8582270741 258.5271034837
185743688.1917532682 196.2962420041
185538184.4473451972 194.4066686256
185940606.6652342081 198.5107095295
186361684.2347581983 203.7318417377
191080385.9255157113 250.4710257947
194782736.9670859873 259.0370448232
194617937.4840640724 258.5566681027
185640447.2240511179 194.9721896367
186035683.9058477283 199.6752527559
186039057.6228090525 200.3772092180
185758297.3431124985 197.5097191388
186364023.2358407080 203.8985884426
185665332.7557460964 195.7385209257
185617480.6865269244 194.8206704313
190902205.1675341129 249.2186505497
190970759.0311964154 249.4680615366
190966052.3116015792 249.4365708530
190880614.0537886918 249.1437438428
191038948.9302065969 250.1506708562
186494242.3976581693 205.6263524772
191022594.9404512644 249.8877135217
194491543.3826698661 258.2620530725
186371230.4281674922 204.1245577218
185534997.9703528583 193.9938106591
185555885.6419734657 194.7375305349
186498723.1118748188 206.5512251140
186426451.3011179566 204.6050375508
190975185.5030267239 249.4851396382
194536751.5178305805 258.2817848325
185442427.7111953795 192.4947672317
186575351.2787645459 206.9483739057
185642094.8781104386 195.4703999216
185713887.6453939378 195.7734957872
186477032.4496453702 205.2746143000
186102183.3173722327 200.8236035363
191000857.7221717536 249.8546236455
185897948.1104702652 198.2198618589
185837687.3244387507 197.9671581922
186288295.6556294560 203.4261234061
194472103.7305805385 257.9732770622
186461753.0111452043 204.6066321880
185985077.5578625202 199.0076705155
186463298.6663199365 204.8417230695
186422770.2724252045 204.5261981338
186238939.4429805875 201.8562542237
186011541.9468016326 199.2477832036
185958207.7134770453 198.6945565877
186258818.1922762394 201.8730882443
186180855.7918217182 201.4548519887
185105846.4533531368 175.6610137930
185400419.9599063098 178.8036518365
185312201.1420635581 177.9203477877
185204339.6149253249 177.8667454200
185042478.0721739233 174.5343522909
185025971.8104754388 174.5320928576
185273819.5541952848 177.9048977249
185153651.1131935120 175.9131601208
185057666.7316937149 174.8309672230
