191290011.9955267608 256.1458842456
194054292.0658196807 261.0093775392
193656279.9927721620 258.9292156696
194017307.7094676495 260.7140863538
178098993.2229718268 52.7549141338
178498336.6055788994 76.5862867452
178644871.5898059011 79.7089714926
178524504.4651821852 76.8937197124
183315669.2179141939 180.4301027184
183448524.5119132102 181.6358704691
183489800.2272536755 182.1040888848
190525162.5016399622 253.6061508358
191591455.9542834461 256.9223370254
194135052.0793981850 261.1732717156
194545534.0805225074 261.2796872258
194444573.3048698306 261.2086864114
178601013.7673887014 79.5565494840
178438113.0873201787 76.3152326142
178650224.5864683092 80.2365464204
178675102.4080132842 80.3426646524
178741879.6258010864 82.5416494244
178825334.2519620955 85.1962472005
178544115.8234218359 79.4645455712
178475905.0272437036 76.3874417180
183492388.3190786541 182.8584961799
178430170.7741025090 73.3105862845
180681534.3083694279 135.7344726174
180819002.6505874097 138.2297071911
183203981.1215215623 179.6053116446
183371757.3191792667 180.8019140707
188003629.8995992541 233.6054600170
192113374.3778930604 257.4107138813
183178637.9318797290 179.0435271477
183676756.5502737463 183.5321063017
183664117.4767507613 183.2994127272
183273124.6070764363 180.4109029984
183038988.3179826438 177.2537918215
183069127.9032902420 177.2740095978
183105267.3497486413 177.2844407683
182949516.2206407487 174.3368465131
180893777.5262781084 140.5993681400
180781324.8770022094 137.9285729378
182990334.8728859723 176.5318608408
190760209.9096720517 254.9712786376
190915167.3871335387 255.0929131210
190653866.8439075947 254.6979631484
191270698.8279001713 255.9737884700
191966584.8772286475 257.1112732589
194566037.6428169608 261.3851051927
180868385.8207254112 140.2506991055
182771030.1302331984 173.1042646137
187862033.5420868695 231.7259399584
188178784.2942842245 234.0972517421
178219504.5057150722 58.9488299636
181422348.9478076398 148.5563597942
182905705.5430195630 173.9466928138
187221559.9459158182 226.1972773192
194424716.0304352343 261.1822546124
182673322.7874635160 171.0493961467
182706784.8590420187 171.1252605958
190573374.3048253953 254.5447821319
190186881.3809853196 251.4549465105
178279482.2696424127 64.6911188140
180867930.9323244989 139.8466982096
180615011.9233939946 135.5388464275
182652660.4529045522 170.8751598491
187027339.1266940534 223.8075630520
188236396.8074584901 234.3793266704
190588060.4611188471 254.6130406559
178418352.6614060700 71.6059162222
182755235.7233700454 171.1722368883
187202201.3493593633 225.9498093082
187984925.1565245688 233.5253847530
188090498.1331887245 233.8777389517
191635075.0986732841 257.0359258354
194880892.9654230177 261.4360924363
178238686.6631043553 60.3356150223
180612519.7745803297 135.0236475318
181662375.5295514464 154.2371820549
181877463.6029507220 157.1270215774
182403029.0339412391 165.3576998400
187852333.4711195827 231.2505869670
187935872.3955721557 231.7875258652
187657958.6158041060 230.7323708264
178197910.3017715216 57.8877696353
178302799.6177161634 65.3665250291
182417153.7599872649 165.5965383040
186862096.3667232692 221.4571748232
187679731.8981454372 230.7367782323
190526260.5627518594 254.1133866012
191862280.4642152786 257.0714592636
194695865.9398479164 261.3940880895
180696198.8526744545 137.5222642868
180787969.4976621568 138.2282021827
182730398.4791125953 171.1651454853
187609730.2589506507 229.9678667514
191023389.6180230081 255.4676227272
193864652.7820918560 260.2330895066
181434492.0144661367 150.3467893267
181618716.1311025918 154.0554886127
181587509.0841380060 153.4004900364
186838582.5682910979 221.0345685338
190181001.0127142370 251.0558637083
191471466.2067179680 256.6543767154
191092243.5755559206 255.9310757816
191327778.8241003156 256.5642969310
182350129.5889656842 164.9486591636
186668633.9634720683 219.8735730768
186864629.6052991748 222.1011352395
186803705.9579966068 220.7752077659
195441394.3201223016 261.4434857965
178407489.8055291772 68.4577695009
180533717.5263755023 132.3846002109
182603908.4041542113 168.8050908732
186852141.6275386214 221.2123519038
187491799.7212772965 228.7353993384
193801419.7395036221 259.8932440877
182980662.2016717494 174.3403859738
178076646.4736042321 44.8095859907
180519515.3758418858 132.0257113464
180825460.4316839576 139.3322151824
187296240.1718808115 226.3739993228
180476782.8838804066 131.4901514537
178391414.0834701061 68.3799186227
178330979.7605295777 67.8014315245
179782998.1612202227 111.3719074063
180564289.4134682119 134.2038001902
182383950.6664711535 165.1755841660
182574244.3730439842 168.5911133575
186987540.3042650521 223.7003676747
187168097.7199156582 224.7842051550
187562749.7317333519 229.6861527888
190334045.7045002878 251.8646315038
190147105.3389147222 250.6404018700
191387676.6143096983 256.5687436759
178257297.1902157962 61.2783551106
180935820.5974564254 141.1478320965
190348936.3909058869 252.1967656314
190401590.5598231852 252.8249089420
192143714.0609225631 257.4487807453
182532057.1621993482 168.0543245959
182639159.8401409090 169.7564503836
190470403.0420539677 253.4265846908
178167485.7165625989 57.3384556132
182483901.4006507695 167.6336316752
182489097.1919397414 168.0234989809
182546753.4123467505 168.4945051359
182209713.3451932967 162.1944041859
188381695.9335961640 235.3377837036
190473568.5261293352 253.4742092788
192832219.7693345845 258.5292567909
187363012.1676652431 227.2250119611
187190085.4648719430 225.5631814231
181326655.0650914609 148.4457269350
187052425.3084871769 224.1726286267
187367873.1234387755 227.6626515021
187556210.2121891081 229.1977021634
182467492.6823476553 166.7513984062
182210027.5411260724 163.2436872732
182312060.3515124023 164.7677631389
179740104.1010652483 110.4121684365
180609482.4448864758 134.3751300687
182177549.6631197631 161.7901767876
181978680.9775142372 158.7818256181
182114332.8469859064 161.7586092141
192621862.9454013407 258.1487378776
180689993.5933363736 136.1471612043
187974194.0248469412 232.3941620579
187977987.9571650922 232.4004336586
189985179.5143388212 249.2427814901
188428353.9615705907 235.7885914436
187952332.8816697896 232.2151179304
187939727.7990403473 232.2075521206
187982168.4644155800 233.0126048317
178090841.6986538470 48.0120466353
179592677.7787291110 106.0244982473
192800305.2144586444 258.3134295642
179601152.3298942149 106.2801407508
190258619.9794390202 251.5702660382
192262180.3940238059 257.5660073459
190382101.4609816372 252.2510595620
182035552.2093877494 160.2576405194
192426502.2498633265 258.0657679737
192661748.2042351067 258.2162937820
179791551.2576039732 111.4733111195
180723167.3102053106 137.6926422901
190113694.0275578797 250.0712627470
187104776.4156633615 224.3377331723
189982281.3123503327 248.7371825725
180610276.1301577985 134.5440687248
190087283.0111613572 249.3466942012
187154378.2829500139 224.6276837816
190275191.6610976458 251.7236147225
181935338.4175335467 157.8104763163
182031342.0045048296 159.7600654496
192225154.6006687880 257.5592357814
179624502.5143139660 107.3956523470
187301697.5031012893 226.7785399784
178155834.0347122550 54.2184035522
182011357.2946933806 159.6630329358
181731271.4031221569 154.8502145542
192745833.5305775404 258.2470547855
179793438.5283404291 111.9216963670
179658332.0216693580 108.9244863324
179932835.8308537900 113.8805026237
188323649.4950587153 234.9543091021
178154641.0740137100 52.8424498696
178154645.5838214755 53.9719482074
179740646.8879796565 110.8033987705
187917663.5416318178 231.7800188363
179934454.1277382672 114.3298750252
181825166.1091201603 157.0010707511
192945126.0263075531 258.5834748447
180894717.0831494629 140.8477614083
181434640.4040701687 150.9515043760
179818845.0584079921 111.9574307266
179759086.9538890421 111.2653318707
192389646.2101765573 257.7840678394
181754028.9504887164 154.9996798320
181879367.2461325228 157.3712697428
179623859.9849782288 106.3163150095
181679633.0342612565 154.2415377239
181806206.4422811568 155.9845206721
189950051.3866259754 247.2055136263
181527233.0526584685 151.4458991372
181726289.9120953381 154.2930191996
192769167.3333885074 258.2546775043
181606283.9623212516 153.6180106270
181644601.8505612314 154.1291401956
179703642.8176386654 109.1448735737
192361504.3568021953 257.7043158710
181468316.7612561285 151.3247613230
181551435.9728132188 151.8231893264
181426782.4556039274 150.1791992866
180970236.2728429735 141.4765087665
181305240.6387405097 147.9081822430
181279018.9016407430 147.8284914320
179891907.2263204157 112.6908624864
179714233.4825101197 109.4498388314
192324395.8226223290 257.5952126682
181079369.8334975541 144.0982568757
192167115.4942595959 257.5348317325
180935759.8683318794 140.9793178242
181157657.2754760683 145.4868859464
192080722.7303224206 257.1989667118
179861680.2207757533 112.4085203394
181043221.4113434851 143.4782255412
181249573.7222227156 146.3115805761
181277953.0975401700 147.1308007886
181000245.8338493407 142.5667052199
181063470.5958946645 143.9919035927
180906141.4321507514 140.9295937222
180155821.2640152872 118.1533928690
180243682.5740097463 121.1488553383
179978064.8656138480 114.9961873638
179959843.2851255834 114.5611076532
180055929.3640605509 115.4820089517
180087006.0558748543 118.0229378520
179976184.8752141297 114.9458339987
180238374.8992395103 120.4166918234
180069125.1543384492 117.3385055838
180473540.3501009941 126.5661456371
180172820.9096784890 118.9883216410
180412117.3526061773 126.4127752269
189943777.1197496653 243.6282635629
180321699.0165330470 123.0831566653
180407508.1160035729 125.8454465950
189859478.6296229064 242.6522904336
186667908.0580362976 212.2632800074
189854994.9908117652 241.8942708969
189698216.3465778828 240.0062621236
189884769.9778686762 242.8191476166
189764769.7089863122 240.4175725877
189780053.5090333521 241.4076654017
189891235.1700375080 242.8385966122
185538184.4473451972 194.4066686256
185758297.3431124985 197.5097191388
185665332.7557460964 195.7385209257
185617480.6865269244 194.8206704313
185534997.9703528583 193.9938106591
185555885.6419734657 194.7375305349
186426451.3011179566 204.6050375508
185442427.7111953795 192.4947672317
186575351.2787645459 206.9483739057
185642094.8781104386 195.4703999216
185713887.6453939378 195.7734957872
186477032.4496453702 205.2746143000
186102183.3173722327 200.8236035363
185897948.1104702652 198.2198618589
185837687.3244387507 197.9671581922
186288295.6556294560 203.4261234061
186461753.0111452043 204.6066321880
185985077.5578625202 199.0076705155
186463298.6663199365 204.8417230695
186422770.2724252045 204.5261981338
186238939.4429805875 201.8562542237
186011541.9468016326 199.2477832036
185958207.7134770453 198.6945565877
186258818.1922762394 201.8730882443
186180855.7918217182 201.4548519887
