179000436.6173309684 101.9609705970
179009890.9905092120 102.9508408173
179290128.0997567177 109.1897369786
188936172.1687378585 248.7066598758
194325783.5411657691 262.2880167067
185850822.7138656080 215.4350400558
185782514.7185590565 215.1993383747
189794623.1810842454 255.3844919801
188964450.9421839118 249.1498254538
179117592.1418171823 105.5729198705
179310304.9116660058 109.5878482915
185902173.2992090285 215.6270308205
189413942.7754800916 253.2834773660
183126298.3684000075 178.3875891961
182882320.8619127572 175.6984679497
186069759.7231735885 217.6037194123
189542791.3855565190 254.2991750836
177697093.6066879332 45.9197345890
185713075.0903200805 214.9112599483
189196447.3621444404 251.1187531054
178405549.9614686668 84.8197626577
183143130.2957898676 178.8313102521
190795363.6797916293 258.4042804241
177699504.2828893065 48.5356691397
177692468.2235015333 45.8497383987
185231693.2095363438 209.3505711118
185934822.5442681611 216.2881708238
189288511.2233320177 252.2141273618
189376249.4020767808 252.8199841380
191039670.2816253006 258.6611865163
179265824.9066989422 107.9223843084
179343529.3756549358 109.9502406095
179247431.7799241543 107.6426211966
191148585.5883041918 258.8601408601
193606645.8276986480 261.7724512219
179089199.5922862291 104.6267697379
179111398.9662754834 104.8591810416
185480595.9454482496 212.0643192185
185907756.2683810890 216.1719014930
190931931.9244951606 258.6516318917
190883913.4517395496 258.4169073701
182352180.0936520994 166.5243830479
189177822.6225286126 251.1131826267
190166980.4903900027 257.0250023007
190525912.3501483202 257.9211130738
185630267.2031919062 213.3883052860
193093476.9220192432 261.0152124465
177643937.9777416289 43.0738310824
177647138.8038131893 45.5666769540
183074969.2861886322 177.5280402101
185673165.7931676805 214.3047014271
179655248.1156459153 112.2947573339
182652399.7635712922 171.1526199378
191395637.6494958699 259.0446084142
178247128.9735942781 79.1984800802
185333388.0839957297 209.7881520347
190320470.4873481393 257.5169675946
177697982.8965266943 47.7456094629
185435823.8510785997 210.6747254888
178240040.7378490269 79.1893612347
178394851.5239117742 82.7283524976
185216397.3993165791 207.4439669633
189593777.1354106665 254.8997121453
189809215.6530924439 255.8981500268
179135591.6889622808 106.5108519359
181039768.9345840216 145.1594709955
184904557.2207122147 204.9646995039
189397711.8615983725 252.9346331358
179182014.9418337047 107.1700544820
189647201.5981201231 255.2397361398
191369940.9722393453 259.0419915318
177793310.4408026636 55.8621729416
182949594.6544929445 175.8290827073
184735899.5508005321 202.2268081875
189840278.4457106888 256.0814734101
183145379.0775650442 178.8509622309
194290535.7124641240 262.2679990828
189903666.2319720984 256.0932090878
179480648.9793452621 110.2685530161
177729909.8278959692 50.8203661267
182621179.5542866886 171.0830014742
194422210.2952581048 262.3985809386
179245336.0434255898 107.6003539427
178999054.1236833930 101.7701100322
179038406.6197614372 104.4846476181
193966154.2331774831 262.1220892072
179100282.9310383797 104.7802413091
185346804.5620324910 210.4270969192
189967665.1043395996 256.5363147855
178930130.0630742013 101.6292895061
183008151.8491207063 177.4427565779
182718852.9511180222 172.5921534742
189933473.3469163477 256.4395814538
194943167.4757531881 262.3990437090
181299801.3880955577 149.9667023743
177761382.6213534772 52.9361220648
190699624.9393756390 258.1296609044
190030769.4907369316 256.6544199586
192661960.2497013211 260.4970944524
177773649.9086439908 53.0180629207
190654871.3736248016 258.1172361970
182673318.9800545871 171.4177154827
190480163.2878072858 257.7614989877
181118461.0878366828 146.3533668244
182436407.2099567354 168.6600959099
178819750.4854727089 98.5521856529
181373322.1817989945 151.1845658841
190077144.4542982578 256.7131255269
177774723.7564353645 55.1754782025
177727988.4128122032 50.3610253369
192082265.9946392775 259.8322187066
190110314.1687521935 256.7736328244
188863980.1301912069 243.5064047500
177737617.4429768622 52.9341206376
181340181.8099925518 150.8423943842
185008819.3501840532 206.0036304273
184673004.6350918710 201.4152741702
193414997.5792360902 261.6028632224
184790348.4022695720 203.6137896748
192013802.4098356962 259.5685749650
180448019.6645154059 129.8935582817
180477113.2845173776 132.9656660736
184485706.5809774101 198.6713104815
184638174.1541989744 200.9744322969
190229326.4547657967 257.1685729623
194251818.9567531943 262.1244639456
180548143.8811077774 135.2251565636
190120280.9419323504 256.7792208791
178214302.8232534230 79.1705605167
184866764.0989214480 204.1580029408
178803152.2134253979 96.6660668237
178744669.5786893666 93.5232649726
193861630.5306156576 262.0651639998
193586078.2336997688 261.7168551981
193394621.0488006771 261.5019971430
184558676.6873696148 198.9350602896
184686312.7435199320 201.5360320182
184424137.3545993865 196.1318796912
178875121.6384100020 99.0142413062
192187380.6177003682 259.8675888181
178758875.9628911614 96.1196156723
180662796.5609138906 135.8137681335
181186923.3704764843 148.1054720151
178279656.2095377445 80.4279351517
184451579.4690208137 198.2833159009
184628136.9086444676 200.6018230954
177879890.0900214016 61.5894106136
178775168.3183510602 96.1732964126
193880548.6663053930 262.0696832240
192284571.8029229641 260.2076128125
193742317.2284370065 261.8854924738
177862289.9930571914 61.3586048622
191903445.0026353598 259.5173726678
180752669.6905687749 138.5528475865
192245869.3355304599 260.0942218900
193808581.9200087488 261.9460543692
182753222.2170412838 173.5943243134
177810373.1485639811 58.4002345428
178746248.1335063875 95.7060753090
181280168.7118107080 149.5782442558
178732751.9880908728 92.7495146972
178667018.9938621819 92.6289714557
178580650.9929498732 89.5708505717
193084123.0818335712 260.8978244364
192417415.2002324760 260.2186997533
181746939.9005512595 155.4309309619
181616700.5204597712 154.6005622724
181425824.5670151711 151.6491148852
180536308.7190758884 134.5279454886
192507497.2028727233 260.3210266232
177841575.1281385124 58.6303175437
177882338.5412011445 62.5201264965
182878086.0709720552 175.3955116073
188038706.7754465044 233.9737969628
181643795.0556495190 155.0104914608
181453015.7560130358 152.3710458659
188045239.7519766092 234.1074482193
188056991.0478396118 234.9170868490
188696665.6014058292 238.9202764109
177847379.3941405118 61.1997011053
188311565.1605333686 237.1743441187
191890931.8438405693 259.0944426656
188189051.3104864359 235.4999904586
188295215.7504458725 237.1054407908
178650995.1818276644 90.3258302339
192830636.9384203255 260.5574963689
192882223.3988398314 260.5926585793
178264547.3214220107 80.2014651069
192783624.4098255932 260.5263360143
192886531.1463865936 260.8507528901
178171810.3554238975 77.1243612537
180747218.9902309477 138.5389039696
178039928.2886054516 70.3505536694
178530023.5781414211 87.2278911538
187474244.7417764366 228.2761962144
188287537.7732734382 236.0134755364
184272031.4689508379 194.1902326682
193088462.9228470922 260.9827655852
178091766.7272352874 73.4869209783
178561615.5693221986 88.0005092748
180664782.7480027974 137.5222642868
184244749.5526836216 192.1391912738
187481197.6538813412 229.0270279376
188567384.8894435167 238.2178944610
184357677.3967947662 195.2671978811
188400219.0765399933 237.4939924739
184260929.6493789852 193.5775746444
184147912.5488621891 191.5093217531
184098584.1583338082 190.5316356668
177992048.0446944535 67.9776508888
188858939.7076373994 239.6087355763
182874199.0167927444 174.9701525963
177981539.3529932201 67.7892616471
177966851.4165330231 67.2815413555
188557321.4860322773 237.9429818392
180935353.8558065891 142.3407344981
188379159.9880233407 237.2927585840
184041484.3147964776 190.4204634675
178401355.5425334573 84.1697702698
188268640.4579756558 235.6050834656
178065513.5878398716 71.0895381350
178110074.2794391215 73.9353778142
178125665.0929250717 74.0175826842
184025192.6198634803 188.7520115623
177940373.6867032349 64.8760831797
182474189.8782025278 169.3682457007
183967825.5454339683 188.2230097302
178156950.9813099802 76.2549013564
178076897.0017601550 73.4276575226
180859392.8765740693 140.7900361598
182722798.3966831863 172.9315794505
186830335.8913497031 220.9421334718
178019783.4441844821 70.1206634125
180783025.5375026166 139.2445550740
180889403.0405474901 141.1802065995
178051793.8520745635 70.3604908251
184069663.5676802695 190.4978271970
183831870.5901667774 187.3490892896
181037722.6326584816 143.1938245919
180946945.7385151982 142.7825198796
182376146.4028905332 166.8237416207
183482553.1686066091 182.3602435091
183682231.3537519276 185.2065030583
183579518.6889698803 184.2134551057
181000464.1993278563 143.0486118917
178468181.9894245863 85.3971518890
183605589.6665332615 184.3162477263
183631001.9984636009 184.6642448404
182419466.9796963930 167.5151572026
182743682.4426290095 173.0853474963
183569556.1196953952 183.5980391004
187582956.2019321918 230.0747768609
183173267.4557641447 179.2345256307
182527755.4450595081 169.9693571128
183315669.2179141939 180.4301027184
183492388.3190786541 182.8584961799
183203981.1215215623 179.6053116446
183273124.6070764363 180.4109029984
182990334.8728859723 176.5318608408
187657958.6158041060 230.7323708264
187679731.8981454372 230.7367782323
186838582.5682910979 221.0345685338
186668633.9634720683 219.8735730768
186803705.9579966068 220.7752077659
186852141.6275386214 221.2123519038
187296240.1718808115 226.3739993228
180476782.8838804066 131.4901514537
186987540.3042650521 223.7003676747
187562749.7317333519 229.6861527888
187363012.1676652431 227.2250119611
187190085.4648719430 225.5631814231
187052425.3084871769 224.1726286267
187556210.2121891081 229.1977021634
182210027.5411260724 163.2436872732
182312060.3515124023 164.7677631389
182177549.6631197631 161.7901767876
181978680.9775142372 158.7818256181
182114332.8469859064 161.7586092141
182035552.2093877494 160.2576405194
187104776.4156633615 224.3377331723
182031342.0045048296 159.7600654496
187301697.5031012893 226.7785399784
182011357.2946933806 159.6630329358
181825166.1091201603 157.0010707511
181879367.2461325228 157.3712697428
181806206.4422811568 155.9845206721
181606283.9623212516 153.6180106270
179861680.2207757533 112.4085203394
180243682.5740097463 121.1488553383
179978064.8656138480 114.9961873638
179959843.2851255834 114.5611076532
180055929.3640605509 115.4820089517
180087006.0558748543 118.0229378520
179976184.8752141297 114.9458339987
180238374.8992395103 120.4166918234
180069125.1543384492 117.3385055838
180172820.9096784890 118.9883216410
180412117.3526061773 126.4127752269
180321699.0165330470 123.0831566653
180407508.1160035729 125.8454465950
