181648915.9420832992 1213.8242663440
188950980.1590534449 1850.2278594971
189314295.3696317077 1876.7970161438
189010533.8464374244 1857.4815840721
190597865.4522310197 1920.2571601868
177981278.2405412495 582.0514253205
178937318.5645333529 825.9730488273
180016037.7157416344 996.7412766238
181862931.1847342551 1237.9783257541
182924259.4943637550 1362.7863629317
188931657.0577797592 1846.9545569420
197096290.8596741557 1995.7853126526
178951835.2901219726 834.4957366637
189442673.9955520034 1878.7871971130
193701414.0749770105 1994.0341224670
179759991.8449758887 953.2278730067
179841870.2859125733 974.3213144931
189677060.2470222712 1890.9939632416
192358382.6953351498 1969.4445266724
193050559.7467697263 1982.5593652725
178582554.5781414211 763.6707724236
194410867.8486002982 1994.2809267044
178636936.2338775694 770.0246883098
183659131.7198251188 1440.4064372933
183787001.1481816471 1451.7130936539
189086080.8368530571 1867.3975381851
182944922.7523682117 1364.8316341793
189455108.7844826877 1881.2281074524
193388786.2280338407 1991.7278690338
193593318.4935007989 1993.2494773865
193506884.1904432178 1993.0511131287
178644783.9968182147 777.0213199321
183784854.2082309723 1441.3740333473
189040521.5023385882 1864.5147676468
179822129.1359256506 970.0494257602
183901982.0280627012 1458.5637012570
178456752.4314239621 725.5125004712
193149742.7590895593 1984.4027538300
181677529.3199002147 1222.1249268499
181803874.4900515378 1234.1351260241
183833878.5941935778 1453.6276047770
192785953.6322551966 1975.6425390244
177483188.0638280809 368.4444045078
189492352.7914447188 1883.9832458496
181573852.1091956794 1212.9352988299
183513065.6786071360 1421.5192295162
183557513.4703139663 1434.2651218331
190623884.0586661994 1925.4843730927
192991212.2116076946 1981.9647998810
181851792.6405611634 1234.9839552935
178588657.2273716629 769.0018535319
181733757.0822405517 1226.7180857538
181763966.4781787694 1231.2382563796
183044701.7678320110 1374.5521024620
183372636.8755288720 1414.6972774422
183341710.3394228816 1404.9679330742
189202019.1358783543 1874.9061431885
177477276.5135600567 348.3581052083
177607479.6422213912 449.2910962808
181575846.7466991842 1213.4525641497
183052594.5420517921 1379.7715618972
183263846.9431260824 1399.0056537544
183280069.9588414431 1401.7243112480
177454199.3013643026 347.1806844856
191757900.7716824412 1952.3487071991
181466508.4925889671 1195.4798006114
180470045.4386301339 1038.6389375889
180226637.9360617995 1028.9511731345
183454103.2556098998 1417.9549530899
188598681.0467928350 1816.5820488930
180128271.1256180406 1013.0930535743
180447989.3240469694 1036.5255087634
177703190.1318181157 475.8469047229
179784777.5578917861 969.5656325015
178362031.2177029252 705.7542362090
178811193.2920938730 811.4875490281
181208544.4817877412 1158.5244556519
181244898.3934708834 1160.9931780251
191873719.9073771834 1956.7892255783
194362581.6496600807 1994.1575307846
178578428.8021099865 759.6317649547
179933641.8988856673 991.3275425160
181191031.2092932463 1141.3912003490
179031290.9896426797 850.4732092276
191687916.8635498583 1951.9965429306
178973080.5254280567 834.8226339433
178357911.3649813831 696.2761902835
188029938.1494382024 1777.1422344148
181271620.9334712923 1167.9667498323
188739717.1424653828 1832.7075901031
183371887.2624178827 1407.8224405205
183167248.7250242829 1393.3890789008
183246756.9348066747 1397.8454356656
178599482.2274829149 769.8446552220
194895467.2822736502 1994.9234905243
177628480.6314593852 469.3806959840
177931385.6800116301 561.8259144696
188781334.3718959093 1838.4724221230
188609271.2958313525 1827.1275596023
190215199.1744053662 1914.0954561234
189886831.2261067033 1902.7515821457
190189636.0330648422 1912.9990701675
182821561.9015229642 1352.4931674291
178732089.5068973303 791.4942419037
190378865.9426236153 1919.4958467484
193290983.2839200497 1987.3189172745
193215484.3198024333 1987.2993106842
180168081.1516787112 1017.3761495821
187970377.1381025016 1776.3980747163
188825634.7233822644 1842.4486217499
179039544.8749447465 852.4179711213
190109441.0031636059 1911.9887533188
188153212.1480351388 1789.7607286870
188045929.2452486157 1784.1407643259
190271329.3628718555 1916.8555240631
178417745.6295362711 722.3710374709
190038589.7121374905 1910.5279798508
192148677.4331605732 1963.6371088028
194490800.6517426968 1994.8057985306
177909302.0879941285 549.6335248291
178849510.5674032569 818.9717056367
181196575.2424192727 1157.7159400268
182845407.4230682552 1354.7823767428
178692239.0934293866 790.9602071855
181362561.1946812868 1181.3541056367
192938134.0457392335 1978.1540403366
192773530.9883124530 1972.8217964172
180290877.5100147724 1035.4030503807
189559887.6637755632 1887.5048246384
189571308.1248211563 1887.8128223419
181571511.7229892015 1201.1128534189
190651814.1209664047 1926.8350124359
191915424.6635943949 1959.4169692993
180182673.5724616051 1018.7870504837
179970685.9011393189 994.1191476065
183019560.1930190325 1374.4486744258
182776230.1493675113 1348.7135424380
192592000.5983394086 1972.1249456406
178861631.6921205521 825.1725570771
181517410.1345664859 1196.1654087754
182875289.3578227460 1361.4336361651
182966838.1234293580 1372.5675730471
189594771.4739308059 1888.5986690521
192826426.6537965238 1976.7827844620
178501126.3266123533 745.6667686168
177508106.3362891376 404.2773535538
180087991.4214909673 1012.1782789733
191592384.3363526165 1944.2758073807
177539815.5619047284 423.2604144453
190291787.2215768099 1917.6420412064
190746400.7221429646 1928.0972833633
179997107.1080853343 994.1547770476
183002380.3709757626 1373.9971174960
180176189.7556560636 1017.5800812918
192952027.4977290034 1981.3179168701
180055002.7773717046 1004.1041812420
181329047.8984710276 1168.1543459158
187907889.8375531733 1772.5811263025
192326914.9039555490 1966.3181400299
181405659.0122063756 1183.6038566540
188976714.6448268890 1856.3284921646
188185631.8951443732 1792.5162077844
191816320.5979879498 1955.8161430359
178679152.4186770916 787.3832733247
178737357.8875309825 801.4670803610
188209159.0200248361 1795.3855758607
188157482.6864223778 1790.4524362087
187878204.8334654570 1766.3903180063
188175214.0503911674 1790.9797644615
188095497.7376725078 1789.3638916910
188232338.6660281420 1796.5103967190
192037892.6914457977 1962.6221504211
191674037.7237813175 1944.6518874168
178757201.6019513607 804.1662395957
178644681.9776138067 776.9802205178
188369225.6871326268 1804.2660386860
177501712.6523665786 381.8221097051
180039629.5363014340 1000.6133532593
188332744.3072483838 1796.7940881252
178848893.2038285136 816.3667413804
177507508.0202686191 401.9439032911
179873850.7800457478 979.0023749549
179770259.1544657648 958.0903298609
191760491.1672565639 1953.7320356369
179669008.7117890418 936.9357895994
181569076.5025717914 1197.9344993542
189803051.3987334371 1894.8449840546
179619655.6785756648 934.7552449457
189807834.6058255136 1895.3746719360
177873288.3702687323 540.7980261716
196547028.5475878716 1995.6370258331
177886219.1758004427 544.7552930111
189983199.6438672245 1905.4595508575
177589239.2703031301 447.6518546187
177578111.0485172272 446.0456110688
177499891.0941615403 369.9935722352
178665750.3204624057 782.0223428819
177551287.1366793215 425.6747583348
178568994.9287887216 758.5234190661
178523061.0033839345 748.7762487892
178477521.8944852054 732.9599697653
189719562.3057871461 1893.7887420654
177546016.8750830889 424.3777688939
182758260.8793794513 1334.2368982264
196541597.5684307516 1995.2676734924
178519420.9297858179 746.0770895544
177705595.3403001428 480.9078943383
177820133.8301401734 521.9856922187
177790561.1948927641 520.4688831968
192480606.6562502086 1969.7580413818
182277057.5386836231 1279.3098116475
179122668.6082444489 857.9567356985
185755047.7801871002 1578.1484959451
196606926.3377972245 1995.6586837769
177731733.5650284886 499.2859166580
177660324.0114969909 474.6598779852
182333274.7625462413 1280.3811297496
178030672.3660433590 587.4096608725
182370281.0081228018 1281.4125767308
188361744.3288230002 1804.1726310253
182393900.6008552611 1285.8118482190
185660464.7243760526 1574.8839128343
179229198.8415024579 877.0236786287
196407454.3088261783 1994.9541587830
179420271.5200063884 905.3615398812
179368448.8318170011 893.6563682659
182532564.0767379701 1301.5137643893
179321786.3630215824 891.0610694988
182395132.1824686527 1291.9455667096
179274054.9977951944 879.9251375301
179304518.7703638971 889.1349973781
179387141.7792102396 897.7508244263
182057881.7166778743 1239.8784026086
178139724.2165490091 629.8608699662
182522525.1093905866 1299.6078974684
178248563.8866045177 651.9609438513
178293639.4764620662 653.6308711454
178214624.3490235507 643.0522743796
177619896.9709956944 452.0944507020
178315200.4704820216 654.0523055953
177835603.8633954525 523.9670608239
178037331.6937208176 596.4581666831
177751414.9134789109 500.2689704684
182173128.3596710265 1258.9532343140
185481272.2995379567 1546.2583918897
178285112.1859189272 652.0453053054
179214339.6169164479 870.1026935680
179519392.1943626106 912.9003366239
185534232.8925827444 1553.9948697416
178123133.1590872705 614.5745845679
179197595.3258163035 868.3159208400
185762343.9362958372 1582.0201686758
185757610.2195807397 1579.1691379873
185793321.3884930313 1585.7983292884
185822457.9825958014 1593.1436772672
182208056.5306013823 1260.8944672551
185902937.8389428556 1596.6313148094
177935515.7460204363 564.6440216986
191443071.3473536372 1932.5055475235
177996423.7121176720 587.4096606759
178031130.1058145463 589.7291262988
182091033.7828733325 1243.7296060231
177953674.8871149123 565.1056748886
177944002.0269091725 564.6879939822
185888501.2898005843 1595.5557575775
191569929.1494179666 1933.8105344772
191437367.0193654597 1928.2251825333
186198477.8110679984 1623.0359958960
187524877.2514048219 1705.2018175870
187245438.1622189283 1690.0310745267
187350382.1468427181 1700.7791958600
187282941.5710418820 1694.1848250357
186327013.3594768047 1629.3684944464
187470230.3554281294 1702.8424955336
186292616.4967505932 1628.5293673826
187225264.8038787246 1689.3241372732
187644616.3427160084 1707.9454270033
186340214.1907377541 1635.1149362875
187082963.0550054014 1688.0861679045
186973964.2905357182 1671.9642931102
186810026.9691589475 1661.9328418849
186437072.2717211545 1636.2508882685
186997196.7212203443 1675.2200027434
186960451.9279042482 1671.4705337016
186234755.0520310104 1624.0981010748
186976222.1875328720 1673.2766300319
186715740.8624933064 1658.8547321437
184911151.1872648299 1479.2158796191
185212180.4773594439 1489.8117617071
184915609.1950701177 1479.6025905013
184864023.1942994595 1477.2870425582
185020804.1462461650 1487.6062609738
184762162.2627757788 1471.9307348132
184930500.2121741176 1486.1525176763
184663624.3408010900 1465.9775430560
180972875.2934893072 1054.4789610487
180953296.3154847920 1053.4299781901
181048269.1277001500 1075.7012935263
181188710.2846113145 1091.7950127461
181114811.0045223832 1084.6964888057
