193763466.3366436064 1987.1929426193
196372056.9810713530 1994.6926651001
196790793.2923306525 1995.2227363586
189793247.8548973501 1884.8585739136
183038163.2485138178 1336.2916767190
189204668.2795840502 1857.5386028290
189772033.1256600022 1882.8423995972
189468824.6146589816 1873.1514043808
190885420.7386898994 1919.3374881744
181896558.0823227465 1211.1301380872
182017997.5718609691 1235.0994936704
181914666.5977503359 1223.2863452111
181977599.1502011418 1226.9749338592
181978943.0048279166 1228.3635762903
177687154.6014755666 475.4293614930
177713307.7657427490 475.6451171007
177705841.4229639769 475.4295356171
178293639.4764620662 653.6308711454
179508920.5534874499 910.1744048137
179441070.9661906064 905.0193349507
181638959.4734497368 1194.8365211169
182382561.3157064915 1277.5743289487
182947208.2817457020 1334.8336183806
188826245.4180805981 1834.2744238377
189178036.2497348785 1855.3364696503
189223503.8786992729 1858.1240532398
193882259.1881133914 1988.9313154221
177631866.2103641927 452.5927170859
178214624.3490235507 643.0522743796
181532575.6004037857 1180.2937326609
182700530.5619220734 1306.0870509387
182869205.2759128213 1330.9739038725
183332128.5024589598 1338.6098583543
182776048.7984125018 1316.4426341173
192082481.0495676398 1953.7363538742
192103558.1870482862 1957.3196973801
177682509.3790195584 454.7929475156
182290619.1129632890 1275.3496755259
182906509.6098693013 1331.5389330168
177619896.9709956944 452.0944507020
178107013.8027049899 610.6279634980
178090065.6466634572 606.4651173833
178587385.8373661041 714.2048689470
181563858.1219726205 1184.0098135928
181647223.2084263563 1199.0273311018
192524468.8172585964 1966.5826902390
193664444.5103401542 1984.6412420273
181290780.9996010363 1149.2909018697
182490392.1606592238 1293.1347635467
182774269.4915221035 1315.0880081297
189352118.6616761088 1860.0421113968
189387291.5542449653 1862.1510324478
178315200.4704820216 654.0523055953
178172843.8143927157 616.6649176938
178765204.1885194182 775.2055217371
178625225.6114452481 751.8704368219
179498467.2581336796 905.8150543748
179884450.7941775620 915.7287935026
190478960.9398972690 1909.0569190979
190191551.3591331840 1899.8635358810
190616063.4872232080 1913.3214511871
193242251.1702869236 1979.5047826767
193198418.9029153883 1979.0253868103
189651565.7256568670 1878.1342020035
177650444.9360070825 453.7626283204
177835603.8633954525 523.9670608239
178037331.6937208176 596.4581666831
179706970.5786632597 914.3703798063
179438232.1729492843 895.9314771515
189405673.5382683873 1869.4018392563
190888818.9962110817 1920.4445934296
190927154.3130409122 1920.6196594238
193586112.8263131678 1983.1732673645
194086219.5838247240 1989.5467443466
188963766.8521965444 1839.7426366806
190657667.2792193294 1916.4937686920
192000110.5027496517 1945.9370021820
193824962.0328149498 1988.8647928238
188961655.2069423199 1837.5778236389
188825029.8962575197 1832.2762050629
188907370.5422421694 1835.3664817810
177751414.9134789109 500.2689704684
178735049.9530301094 771.0715508886
178834891.3541327715 784.5910439946
182173128.3596710265 1258.9532343140
185481272.2995379567 1546.2583918897
188927286.6581239402 1836.7930898666
189020656.0745877624 1842.3916645050
189027326.7247481644 1849.4318513870
178285112.1859189272 652.0453053054
179146542.4666656554 853.5631504162
179518493.1757212579 911.4135675533
182270983.1829828024 1260.9349672766
190749333.5338673294 1918.2266883850
192779642.5522247851 1971.2794780731
193922368.9720673263 1989.0845155716
194668883.1372355521 1991.5388364792
196408823.5547945499 1994.9541587830
178256048.1148257554 651.5432629449
179214339.6169164479 870.1026935680
182848450.5236243010 1319.4019665541
179519392.1943626106 912.9003366239
177735402.5221591890 484.4101541655
179324853.4094035327 888.8569460018
179126412.4089612067 847.7885789974
189148639.2726319730 1851.6438198090
182430833.9764854014 1286.9718434187
182548367.7095881104 1299.1800057264
185534232.8925827444 1553.9948697416
191680721.7714534998 1939.6360149384
191909917.1162009835 1944.1334247589
179297238.2909384668 879.0746351625
182414379.8743967712 1280.7553244680
193506502.4414297342 1981.0103635788
179423546.9158714116 895.1877683408
182662693.2096589208 1303.7870841445
188643239.4062331617 1798.7911598682
190036550.6129945219 1890.8034496307
192068717.6706951559 1951.1501464844
182323469.5023066103 1277.1284663649
179365793.4707836211 891.6510057552
182286727.7342240214 1271.9761087867
188731685.1797488928 1807.6123232841
190498871.7762100697 1911.9005241394
190362190.6585439146 1907.0779361725
190354310.6424664259 1906.4445352554
178194464.5835005939 629.6237033395
178123133.1590872705 614.5745845679
179321907.5295098126 882.8162584407
179232664.4902369082 872.8967533214
179197595.3258163035 868.3159208400
188671590.8966284990 1805.8486502171
178750376.5976240039 775.1918384180
189144986.9393164515 1850.3804817200
189989930.0924954712 1886.2794229984
192247911.1571754515 1960.3431177139
190181342.3990730941 1895.0646495819
189391103.4842056036 1863.8614625931
194536975.5037762225 1991.3279943466
185684653.5130949318 1577.4781623213
185664529.2193945944 1574.2997784256
194450940.5773076713 1990.9890775681
196355037.6087325215 1993.9456424713
193020896.9403427839 1975.8499526978
177814160.9941263497 510.2253303627
178712538.9185906649 761.1375528946
190313646.5611484647 1902.8064956665
191862546.1535132825 1941.1999192238
178678770.5695645511 753.6435262308
178843164.3133323193 795.0002872095
192073529.3419379890 1953.3467292786
185973395.6081960499 1603.8060444742
192001990.1308117509 1949.8928394318
178870429.9169689417 795.7328635797
185762343.9362958372 1582.0201686758
185757610.2195807397 1579.1691379873
192030128.6797770858 1950.2244825363
185793321.3884930313 1585.7983292884
177791377.7385902405 506.6749889544
185822457.9825958014 1593.1436772672
179186861.6025947034 854.5182426302
177808826.8233348429 509.7734931235
190266207.2208589017 1902.6151485443
190083212.9539035261 1894.9954051971
182208056.5306013823 1260.8944672551
196340764.7957450151 1993.7417068481
193708397.8620323539 1985.8031873703
178110656.8204123378 610.7447455910
185902937.8389428556 1596.6313148094
192384427.1991928518 1961.5538911819
177935515.7460204363 564.6440216986
191443071.3473536372 1932.5055475235
177996423.7121176720 587.4096606759
178031130.1058145463 589.7291262988
181711483.9403763115 1199.5112029624
178977805.7778275311 811.4687397458
182091033.7828733325 1243.7296060231
191116683.3746176958 1925.2792444229
177921333.7980383635 544.0689133562
177953674.8871149123 565.1056748886
178810140.6473040283 780.6870306708
177893342.0218879879 542.5764052270
177944002.0269091725 564.6879939822
178901786.0755893886 797.2648375012
181525342.6290192902 1176.5922587394
182037616.1802033484 1240.4417619910
195974484.2538056374 1993.0835475922
178820128.7784944475 781.5176994778
181409701.0162882209 1162.7535712580
192772492.0296994746 1969.6179018021
179022097.2957179844 816.3892889599
181339683.4173028767 1155.8135192628
191636418.1738158464 1934.5075464249
179071093.4414863288 818.3886387924
179073535.3087455928 828.9406509975
192936822.9022811055 1972.6232442856
192967514.2864384353 1975.0421667099
181439297.3438645303 1170.2263639207
195783718.4918664992 1992.1672992706
196334318.5438039303 1993.6133937836
193051210.1574335396 1976.8399696350
192948361.5979684591 1972.9750404358
178944302.7070836723 806.3381236248
193128358.9977681041 1978.2608709335
177901904.8674027920 542.9834899691
185888501.2898005843 1595.5557575775
181943427.5437002778 1225.1564028115
191285704.3556942642 1927.3459463120
191569929.1494179666 1933.8105344772
181773550.6719231904 1208.4431350679
178930457.3376775682 800.8219721295
181601346.3792806566 1187.3045347213
181627138.0976914763 1193.7083213805
178806631.2903942764 780.1724817730
186531149.8156242073 1647.6109637395
191437367.0193654597 1928.2251825333
191105014.8502602279 1922.5447626114
178548930.7977769971 708.7534630653
186244874.4624827206 1627.5513721062
186198477.8110679984 1623.0359958960
187524877.2514048219 1705.2018175870
187245438.1622189283 1690.0310745267
187350382.1468427181 1700.7791958600
187282941.5710418820 1694.1848250357
195861614.5494189262 1992.7269058228
186653893.1163792312 1658.7302197590
186327013.3594768047 1629.3684944464
187470230.3554281294 1702.8424955336
186292616.4967505932 1628.5293673826
187225264.8038787246 1689.3241372732
187644616.3427160084 1707.9454270033
186478495.4904478788 1642.9202741934
186340214.1907377541 1635.1149362875
187082963.0550054014 1688.0861679045
186870260.6524477601 1669.8531795470
186973964.2905357182 1671.9642931102
186810026.9691589475 1661.9328418849
186437072.2717211545 1636.2508882685
178607470.6270306110 721.6245592397
195890913.1992601156 1992.8497772217
186997196.7212203443 1675.2200027434
186960451.9279042482 1671.4705337016
178581981.7585296333 713.7165086624
181193815.1713067889 1113.1929346398
186234755.0520310104 1624.0981010748
181226906.1795240641 1113.8477836922
186976222.1875328720 1673.2766300319
186715740.8624933064 1658.8547321437
181242159.5915394127 1117.3602072075
181239228.0759458542 1114.1180342510
184878927.3452898860 1478.0860044360
181258174.0232066810 1133.8648365811
184911151.1872648299 1479.2158796191
185212180.4773594439 1489.8117617071
184915609.1950701177 1479.6025905013
178466032.7443241179 678.7540339710
178510011.3406489193 691.2193984272
178539071.1876058877 694.0271414997
184864023.1942994595 1477.2870425582
185020804.1462461650 1487.6062609738
184762162.2627757788 1471.9307348132
184930500.2121741176 1486.1525176763
184663624.3408010900 1465.9775430560
184478588.9847487807 1447.3542566150
184545230.5428301394 1451.5523340276
180972875.2934893072 1054.4789610487
180940211.7346848845 1033.7014005986
180953296.3154847920 1053.4299781901
181048269.1277001500 1075.7012935263
181188710.2846113145 1091.7950127461
181114811.0045223832 1084.6964888057
184358153.8444093168 1432.6868405193
184422009.4818708897 1436.3639073223
184270549.1451952755 1428.1263089031
184437145.4386199713 1437.0011973232
184299658.3942589164 1428.9921545833
184258640.9309412241 1420.1051015302
184042210.0265103877 1396.2490926429
180912226.1382442117 1025.0619314103
183936598.0715323687 1376.2920854555
183925615.5474849939 1375.7237699495
184004620.4221103191 1389.7566898332
183861024.5098284185 1375.3084581362
184017119.7341093719 1391.9158283935
180684682.4773033857 973.1052001995
180870686.8980133832 999.9464588446
180786818.0884235203 991.2833729071
180632056.6745952070 950.1634267849
180655568.7476510406 962.0396137071
183756429.1570097804 1354.3146365748
180759391.3385700583 982.2244138551
183697991.1194187999 1347.4450360404
180723316.6830833852 977.9045101685
180861256.5154634416 994.2721902156
180579758.0027407408 947.5951496643
180664783.3022930920 970.9302345795
180516360.0379982591 929.0000358151
183790658.8952864408 1355.4895768484
180596842.4779492319 949.7595936788
180572284.6743731797 946.9798974527
