193022378.3179257512 1994.6925392151
192875427.8758519888 1988.3936500549
181778774.0152253807 1284.7223068585
188136709.4787555039 1822.0836181641
188032330.1257695854 1802.0490312576
178091166.6909701228 649.6773405427
179079522.9048807323 864.3931518742
181788984.4045414329 1291.1767865529
192488263.1200257242 1984.4818706512
188035903.6740498841 1819.4491653442
179104638.3351663053 872.7976507482
181521520.3423138559 1258.4885856023
181765454.4338324666 1284.3507853856
188228722.9839546680 1840.0237436295
177953933.7601014376 612.5390802192
178077501.7028522789 642.4039010250
181576864.4904588461 1260.8937460293
181708169.8478299081 1279.9183378770
181947844.3384960294 1300.4479342808
178690666.5017013252 804.2592906497
189639378.9374803305 1910.4549036026
192970489.0522773564 1993.6756973267
189619124.0415028930 1907.2873020172
179050351.3739573658 863.8861032739
179029081.1334563792 863.1427144602
189332369.3407329023 1901.3551244736
181466830.6093999147 1234.4053344836
181862507.4175383151 1299.9402266850
183673692.6479618251 1469.6539346381
188486301.5141866803 1858.2761952877
188788925.3612287641 1875.3030586243
181828027.2488778830 1291.2866445674
178145565.5188213885 662.9360437557
178835761.9192442596 829.5059943500
181996924.8358649909 1300.6295736304
181621600.3708958924 1276.6051417699
188571839.4939200282 1860.9204134941
193193432.2037113309 1995.7826099396
178728626.2065568268 807.1734042085
193006402.1953706741 1994.6005058289
193674764.0541070998 1999.9840373993
192884337.8394099176 1988.4190587997
177415106.2892209888 425.5684357581
195381990.3644737005 2001.9102954865
189124768.7426852882 1892.7061872482
193887761.4768483639 2000.6478061676
179090604.7208973467 872.2283327880
177692514.7907590270 536.4104988674
179011026.5782419741 852.1643828571
178098213.0796038210 652.0390310640
178009571.2332003117 637.6899462099
178800891.8980393708 827.7582144655
178973824.6133504212 851.0932993806
188441769.5292801261 1853.9515187740
194044554.1986310780 2000.9788799286
177442279.6126968563 446.0947964293
182016872.9392592311 1300.8104475012
179181461.9171257913 873.3195967385
182036835.7134711146 1301.3224207780
193815260.3337217569 2000.2752094269
177469792.4694256783 452.6410119831
183266097.8299270570 1435.5283810218
179028397.0736699402 862.0656308875
188942317.0744524300 1883.8969726562
192951320.4821514189 1990.3159837723
177424301.2639026642 446.0719209247
179047792.5470004976 863.7027615194
188477761.8524775505 1858.0080239773
178028949.8196457922 639.7596840600
179017870.0655851662 858.2711875729
190599062.6811529100 1929.9580602646
188432183.1499656737 1853.5002169609
183500899.9748550355 1458.6435796424
188427707.8669143915 1851.3753719330
188879690.6423860788 1879.2329540253
188825116.2665068507 1875.8468112946
189292950.7252424061 1898.3756589890
188146736.2548849881 1825.2614269406
178638905.0048781931 787.9137708803
188293682.3661245406 1843.9313945770
188383271.2431288362 1847.7342288494
188577995.1852065325 1864.1669046879
192747835.1937679946 1987.5502624512
177544233.7291905582 492.4890646150
177964523.4205250144 623.4401034310
177953754.0688457191 608.1176196693
183082263.6016208827 1419.0465370735
177505989.0610708296 477.2125551471
183232057.2078998685 1434.8993002494
193963757.2934007943 2000.6506156921
192299380.1732662320 1975.9671487808
183355448.9254512787 1443.7809712013
183269128.5669051111 1436.2006074592
189398862.6458104253 1901.7469854355
177955537.9666531980 614.8376027702
178890320.6269400418 837.7592718263
189322253.3651850522 1898.6148080826
188627182.1112223864 1866.3587703705
183495131.6022785306 1454.4891287406
183431931.4672132730 1451.7622629722
189109577.0633225143 1891.9626722336
178681812.3125188649 800.5128004213
188608102.1265379190 1866.0578746796
189459519.8004838228 1905.4327077866
178790185.9151072800 823.8478853364
177484712.9828958511 471.2440831169
177930696.5335043967 607.3665463088
188541537.9177907109 1859.0868062973
188708219.4436630905 1873.9154701233
190247834.5042495131 1924.7610168457
189332363.3650668859 1901.2124223709
182322949.5286797881 1339.3255641928
190220585.1383165717 1924.0529079437
179992416.3077896237 1004.2107542521
182150884.0014987290 1320.6259010306
177549210.2909592986 496.3396891999
184451155.5246051848 1522.6147016992
195344926.6050888002 2001.7318325043
179268490.4083602130 891.5109944151
183963018.8086104691 1494.1087549995
183206163.5389158130 1428.4271780570
192463894.6885674894 1978.7164955139
177874467.1044188440 600.0981532691
188146800.9502122700 1826.4758384228
189099592.3371445239 1891.7727670670
192411358.4295495450 1977.6089286804
182318617.5481413901 1338.8478735402
182179193.9178238213 1322.5987585059
182309190.4733053446 1329.5657594672
191918542.7309584022 1963.5183515549
189030610.3927676380 1885.1420078278
184453226.0637907684 1525.0580414850
177977889.0538116693 625.1053386401
195252495.4060728848 2001.6403484344
184300415.7951615155 1520.8196126539
192218809.0131040215 1972.2776727676
188422954.5921897888 1848.4547266960
184163211.5075474679 1508.4136570385
189209350.6663962305 1895.0346202850
189834705.6871774495 1912.7190237045
177601175.0380780101 516.9383134307
189542306.5396976173 1906.1031417847
184143252.7112217247 1504.3727749279
179234990.0506740212 888.5872494907
192163370.2056900859 1970.2793617249
177823727.1575052440 580.8848231383
189555380.2930127084 1906.2405900955
189277414.8515259326 1897.0420188904
190048634.2800264359 1920.7484436035
195359006.0973452032 2001.8672828674
177809186.5642022789 580.8619476337
193539343.9686158299 1998.6021442413
179915296.6762607098 993.6488239491
193520357.6509687006 1998.5410213470
177543175.7393903136 492.4595528155
192732671.0249407887 1986.1811418533
184074048.6687620580 1503.7349270275
190044518.5050314367 1920.6344642639
190442881.6576623917 1928.5613126755
177731256.6788054109 557.4522201562
177654364.9135353863 534.0214284184
190005215.4867109954 1919.1387929916
177460134.7418350577 448.1815300517
178573388.1851582229 765.1642045243
177493323.7101228237 471.8806316679
177637549.4303277135 517.5766955569
192152704.5700920224 1968.9723529816
177616636.2183541358 517.4793678897
177668577.3331743181 536.0080639499
177584690.0439360440 512.6729790348
189257405.8503545523 1896.6376562119
182091084.6953175068 1316.2206657401
193419492.4395304322 1997.0918245316
183056542.2313682735 1413.2496332248
180230395.3831830621 1036.1452141706
179925299.9952529669 995.2181549297
180097136.4286056757 1018.6418724478
180113445.6148871183 1022.3292690742
180373713.7567526102 1036.9968460005
184146197.5158030093 1505.6856931879
180022282.0858821869 1012.7941900719
183993686.5704586208 1496.4168409017
193304843.0685152709 1996.4372787476
177528829.0048329234 491.7087677049
180053890.7153815031 1013.6017470857
183018062.9902888834 1402.8077021634
183875699.0160799921 1487.0284289029
193458537.8125613034 1997.2102689743
193376011.3360436857 1996.7858419418
192058141.0463308394 1966.0681228638
177919039.9875156581 606.5357094581
177394464.3506629467 405.1319761981
182414172.7233250439 1343.1127479544
177722792.4141134918 538.6701562306
182530920.9376065433 1359.5570278636
182562896.3594094515 1361.7540599711
177859370.9242452085 585.0129802550
184065833.5079317391 1500.6891411236
183808552.4777759612 1482.0691074041
182772836.4993679821 1382.1720153696
177911168.1392230690 606.0463810290
177756809.6493855417 562.0052411458
177835399.8075317442 584.9334774340
189804531.3880389631 1911.9826707840
182871160.5463155508 1394.3466359173
182461630.0054225028 1351.8072250357
178511200.5103546083 753.4086110755
190217424.3778889179 1923.1495561600
182632963.6112582684 1370.9075061686
178502958.3093118668 751.9735496803
182711517.6266272664 1374.4654151804
183824624.9724149108 1483.0147155431
183739102.0862209201 1471.2681993154
177417828.8481065929 426.0888380885
182676188.1545479298 1371.6828734369
182432682.0901985168 1346.4587814219
178555574.0065007210 763.8252081660
178778806.5204374492 812.0765608509
184614419.9015003443 1532.4853892621
178477636.8535178006 748.8277785941
179808127.3681057096 979.7529037917
189624091.1698232293 1907.8799438477
179700273.4391072392 959.2534086431
179667480.6375254393 937.1590200771
178315980.4126309752 699.4687891945
178378140.5070999861 710.5631433844
178299035.3692696393 680.6612642750
181356751.1477490962 1189.5367861800
178277590.1835383773 679.3263236031
178270315.8105178177 676.8954775378
181442348.5907675922 1204.1301609785
179759101.1906912327 970.1136963094
181395560.5594578087 1190.6876349510
179188692.6616648734 874.2742099865
179782324.3416057229 971.2770043323
178431155.3080968261 723.4388427201
179799344.0065652132 978.9484436238
178321978.5446959734 700.1042262062
190852736.8734707534 1931.4093065262
191893370.6816616058 1958.0099306107
178384998.5095713139 711.8570406276
179840818.2418859601 982.1176826680
180470045.4386301339 1038.6389375889
180226637.9360617995 1028.9511731345
178362031.2177029252 705.7542362090
181208544.4817877412 1158.5244556519
181244898.3934708834 1160.9931780251
191873719.9073771834 1956.7892255783
181191031.2092932463 1141.3912003490
191687916.8635498583 1951.9965429306
181271620.9334712923 1167.9667498323
178599482.2274829149 769.8446552220
178417745.6295362711 722.3710374709
181196575.2424192727 1157.7159400268
191915424.6635943949 1959.4169692993
191592384.3363526165 1944.2758073807
181329047.8984710276 1168.1543459158
191816320.5979879498 1955.8161430359
187878204.8334654570 1766.3903180063
191674037.7237813175 1944.6518874168
191760491.1672565639 1953.7320356369
179619655.6785756648 934.7552449457
185660464.7243760526 1574.8839128343
179368448.8318170011 893.6563682659
179387141.7792102396 897.7508244263
185481272.2995379567 1546.2583918897
179519392.1943626106 912.9003366239
185534232.8925827444 1553.9948697416
185762343.9362958372 1582.0201686758
185757610.2195807397 1579.1691379873
185793321.3884930313 1585.7983292884
185822457.9825958014 1593.1436772672
185902937.8389428556 1596.6313148094
191443071.3473536372 1932.5055475235
185888501.2898005843 1595.5557575775
191569929.1494179666 1933.8105344772
186198477.8110679984 1623.0359958960
187524877.2514048219 1705.2018175870
187350382.1468427181 1700.7791958600
187282941.5710418820 1694.1848250357
186327013.3594768047 1629.3684944464
187470230.3554281294 1702.8424955336
186292616.4967505932 1628.5293673826
187225264.8038787246 1689.3241372732
187644616.3427160084 1707.9454270033
186340214.1907377541 1635.1149362875
187082963.0550054014 1688.0861679045
186973964.2905357182 1671.9642931102
186810026.9691589475 1661.9328418849
186437072.2717211545 1636.2508882685
186997196.7212203443 1675.2200027434
186960451.9279042482 1671.4705337016
186234755.0520310104 1624.0981010748
186976222.1875328720 1673.2766300319
186715740.8624933064 1658.8547321437
180972875.2934893072 1054.4789610487
180953296.3154847920 1053.4299781901
181048269.1277001500 1075.7012935263
181188710.2846113145 1091.7950127461
181114811.0045223832 1084.6964888057
