178837937.8638795912 590.6657095681
178929848.2589542866 616.9386882041
178765418.5409952402 589.3363261230
179475206.1079932153 765.8010257293
179498578.6390699446 775.2130982548
179652897.2238377631 783.2960320177
179744445.0061081350 795.7902786792
181431652.3168686032 1066.3069507006
181152673.7484122217 1046.6931233519
181502624.1587386727 1075.4225564597
181450135.2347652614 1070.7673663415
184143965.5461276174 1397.9443918930
184038640.5118104815 1391.2929665313
191000384.8951142728 1878.1497387886
190980346.3253898621 1875.6637250185
193558311.3322502673 1962.6692361832
179804838.1498026550 801.6740238449
179499905.1508356035 777.3563116599
179439145.3140772283 754.2093846188
178765283.1502681375 565.0853014526
178865671.5929380357 600.4933513446
179358232.4632724822 751.4791155194
181042890.0764869750 1031.9147674853
181569423.1167255044 1075.6832549765
181394933.9057248235 1062.8045746896
184204489.8208917081 1399.0888219151
186729256.9006804228 1623.1385308383
186985581.5186627507 1636.0837557195
194629473.0470745862 1971.1104030609
194267743.8686610758 1967.1517620087
179685760.9050475061 792.9864887405
181090716.8810801208 1034.7553337307
181171637.7974548638 1051.2971951777
181590956.8058729768 1078.9604377069
186142418.2031615973 1572.4382995544
191163846.2505585849 1888.7889938354
191361694.0103680193 1898.5277013779
191144102.4991787076 1886.8271532059
191190311.5598555207 1889.6569194794
191788003.9683616459 1913.0981159210
193054969.2649639547 1947.3402013779
194253956.2244843841 1964.5341415405
178872033.8043129444 605.5192852554
179771281.8919565380 796.9837111119
181146146.4568715990 1038.2347807430
181687805.9605282247 1095.7162989007
194447375.1381683052 1968.6247787476
178856011.6600671709 590.7569137153
179490606.4293884933 772.4974998641
180927891.1862776577 1010.2690492684
181199950.1321403384 1055.6253527917
186179604.3930352032 1576.1471600709
186097841.3703644872 1569.7345162807
186043809.7238123417 1568.9561498342
186119058.8843478560 1572.2411015565
186824336.3619534969 1630.9386736033
186580179.6111875772 1613.8247870384
191068164.9974146485 1882.1032180786
191103036.2426384389 1886.0694274902
191024624.0408861637 1881.9860973358
192095303.6194353998 1918.5801630020
193296757.8064379692 1952.7787609100
194552572.8622279465 1969.8296623230
180981054.1046600044 1018.3310302827
178928353.2831241190 610.0578886059
179114387.1840980351 660.9323581245
179446522.9765147269 759.7239319108
181271329.2620609403 1060.2217544086
181020124.2370312810 1031.8431217486
186370502.7472228706 1596.3257621704
186202035.2530140281 1577.7427691398
186733111.9059424996 1625.2353008296
186599021.4604942203 1616.3901800094
186231812.4017663896 1590.8019722877
191139442.5883629918 1886.6193494797
191012070.4879842699 1878.4340810776
191224745.8302603066 1897.1573982239
191399600.4244783819 1900.1258344650
191224171.3934977055 1896.9545898438
191647016.1158750951 1910.3945236206
191415620.4675181806 1902.9136562347
193287415.7578501403 1951.9548711777
179443367.2771812975 758.8485968445
179039240.1264982820 628.1848646191
179129408.3051994145 671.4276497421
179001597.3934058249 626.1663824108
179394628.9035173357 754.0212267448
179612310.2345231473 780.8420137714
183944680.2943926752 1370.9048096405
186264215.2945182621 1591.2406333759
186654188.2830448151 1619.9544071136
186430781.1516859233 1606.5258792816
193046786.0536589622 1943.4810523987
186483751.0215971768 1607.6450876025
186960236.8107415140 1632.9254919169
186365498.5355143845 1595.1238535820
187177497.1140673757 1636.6320636775
192053198.0171973705 1917.1886348724
191696166.1559355259 1912.0855998993
179793585.3740533888 801.3830389331
180885838.3264684081 1003.7315047143
180704393.4847072363 976.0491252226
180973169.5588850975 1017.7590700427
180903311.2911671102 1005.1221498827
186498238.3774264455 1612.5086492477
191570363.5313637853 1909.7949314117
193493267.7518968582 1958.2803125381
193091708.7824348211 1947.7853574753
193367112.5329594314 1957.1131696701
186311870.9586164951 1592.8519557891
180684682.4773033857 973.1052001995
180870686.8980133832 999.9464588446
180786818.0884235203 991.2833729071
184229267.9991234839 1405.3471101390
186429200.0626148880 1601.4510120330
191356721.1560671926 1898.1531496048
193260878.1047978699 1951.4796686172
192994904.7776099443 1943.2090930939
193132079.4777130187 1949.1185560226
193158464.5708552599 1950.6000719070
185935679.7253568769 1546.5117944303
185902698.1956117153 1542.6088195863
191408435.3630509079 1900.9913406372
193237331.7902310193 1951.4676342010
179772470.9015423656 799.1480476572
180632056.6745952070 950.1634267849
180655568.7476510406 962.0396137071
183847599.8960793018 1361.4449914561
183756429.1570097804 1354.3146365748
184659436.4853788316 1432.7075662629
192749151.8237604797 1934.2095293999
192943566.1842665672 1939.6291389465
179050043.4245188236 646.7355817345
190885887.8498767614 1869.9112744331
179055121.9163523018 646.8235110527
180759391.3385700583 982.2244138551
183697991.1194187999 1347.4450360404
183909455.1906856000 1368.8163245784
184454097.9998174906 1415.5127450007
184338446.0839680135 1413.2635968344
190604771.5193045139 1837.2060394287
190838802.2096766829 1865.9137864113
179049710.0762634575 638.0127629524
179090817.5785630643 651.6556877070
179884222.2488277853 801.7092908412
180006387.8299199641 804.3968063022
180723316.6830833852 977.9045101685
185976345.8776045442 1550.9285462918
185868265.6834697127 1536.0832971740
190652200.9047797322 1852.8510700464
192920577.3010878563 1938.9548988342
180861256.5154634416 994.2721902156
180579758.0027407408 947.5951496643
180664783.3022930920 970.9302345795
183987916.9100964367 1372.2954149262
193365132.2704559863 1955.8463201523
179040885.1319653392 637.0710496192
179334758.7450537384 715.7328538901
190732574.4040814638 1856.6411416531
192937870.2683100700 1939.0133104324
184020370.6198757291 1380.7514403926
179576778.7997898757 778.0479540180
179587854.4207037389 778.3742059261
180516360.0379982591 929.0000358151
183942887.6789549887 1370.8743280040
183859102.7083239555 1367.7057069407
184981439.3301501572 1463.1872550325
190751540.0640248954 1859.6391701698
179099022.5205107629 652.1652077919
183790658.8952864408 1355.4895768484
190927792.8341411948 1872.8765959740
190965608.4972160459 1874.3228592873
185254268.8571739495 1469.3941646161
180596842.4779492319 949.7595936788
180572284.6743731797 946.9798974527
183839051.9238183796 1356.6886361630
183655984.9595367908 1325.0215899886
183683302.6221826673 1325.7563077116
179316304.9119110405 711.0836396323
185097534.4220630527 1465.5063620733
185385180.9374571741 1480.3486383857
184845032.5790288150 1450.0127579255
184619878.6380872130 1431.5126043262
184833245.7498491108 1448.4240060748
185170993.4859267473 1466.2032571288
179333198.2319761813 715.0235381232
184902756.2231954336 1458.2199839057
184596013.0054272711 1428.9005688449
192409414.8080830276 1920.5686416626
179310420.2309634686 690.1938320745
179314300.6685177982 710.6218269620
184788401.7520247102 1447.4632547797
184828495.1045988798 1447.4929731788
179216621.8696652651 688.2579155985
179269992.9839254618 690.1099301401
184752802.8422175050 1445.8258951606
184698809.0224302113 1432.7596993342
184514674.7229847610 1424.4160632982
180443431.7153520584 891.2202126066
180445806.4792717099 894.9219963683
185845788.4420909882 1529.2412709753
185840377.6686249077 1516.9763362567
180373656.4746738970 882.9232961966
185843063.7634359300 1525.8811957995
185684634.3359071910 1509.7892458896
192620076.2069737613 1924.7875404358
192284869.6040531099 1919.3534326553
185625995.6110404134 1506.5871746997
180055707.8327055275 809.9097192681
180358290.3842576444 869.3328639285
185577405.8641472757 1500.6622069339
192598470.6023879051 1923.5216073990
185270821.7548834085 1477.0175701911
185257484.6654132009 1470.1612517173
192691800.5715671778 1926.3253717422
192435504.1520334482 1923.4409065247
180156385.4366767406 831.4650915659
180233936.5198053420 851.0584771770
185289291.1026131511 1478.8745915229
180186397.8609678149 837.1616477466
180168548.4254679084 832.2837010923
190351844.8627458513 1794.9731366634
180315327.7161687911 868.2530187385
180179370.1712077856 833.8600195021
180084386.7346228063 820.8895403567
180106578.4392054677 827.9050029910
180088362.9426697791 827.7165215409
180038954.9106713831 804.9466319655
180053946.7068356574 805.9660820377
190428009.0596073568 1803.2194974422
190340777.4572659433 1794.7902829647
190198864.9986010194 1785.9511878490
190326615.6165482104 1791.0833489895
190447847.7747030556 1804.4605472088
190419044.9709770381 1799.6887595654
192675352.9752973914 1925.4356508255
192736474.1913367808 1928.2537698746
182108125.2873706818 1096.4872646187
190282080.5825193524 1790.0401504040
190513683.1779221892 1807.2570340633
190474119.4880450964 1804.6614553928
188712991.5563321114 1671.4650489539
183645869.4814593792 1256.8208614946
183207271.3275010884 1206.0781839660
183650719.6333432496 1257.6761173368
183413658.8675239086 1236.3329956338
183535967.8635765314 1253.2965961904
183502028.0555481911 1238.8223213315
188816706.9286708236 1678.4396404028
188701030.1605820060 1668.5695567578
183489694.9437087476 1238.0399245612
183393892.2868733704 1222.0736431241
183313785.7378243506 1215.3772148252
183641685.1936877370 1255.0305819571
183404511.0389789939 1234.3577102781
183098343.1858421266 1196.2448928714
183321264.6344659328 1216.7732091485
183215820.2110490203 1212.9741530180
183153208.5054970682 1196.9210324049
182964520.0108364820 1171.6723706484
183030960.4933987260 1191.8792681456
182910112.2491298020 1169.9809104071
182843045.5370844901 1159.6308016495
182855024.1481011808 1168.0241331772
188571847.4364390075 1661.1541365832
188456283.8897537291 1655.9734219760
189222773.5892699361 1702.2433133125
189162105.9231382012 1698.5315872431
189399158.0371133387 1707.4913902283
189040509.4878529906 1690.1249281168
189017628.8054899573 1687.3082135916
182498410.8605217636 1117.2172320461
182848135.8956458569 1159.7190673123
182814714.8269936442 1151.3237104188
188784409.8976251185 1676.3221663684
188700964.1057923138 1667.3163522929
188542636.2248548567 1656.6003054827
188890396.7420913279 1685.1912647486
188581416.7990879416 1665.9933261126
182803450.7457587719 1140.8727990430
182600791.6130820513 1125.6291635592
182621404.3669194877 1131.1884320906
182584516.1202585697 1125.3271945095
182582586.4454130828 1124.2055971138
182464662.8465486169 1112.7361395484
182440870.9275093675 1110.1216519451
182725666.7830784321 1139.4698451584
182575758.2243996263 1118.4043370759
182398362.0977837741 1102.0716574317
189992352.1266686320 1719.9372184873
188342106.7157357335 1639.3283640593
188363074.0613470376 1642.4521299452
190052005.6174051464 1722.0358262658
189884168.9684054554 1719.1036841124
189809359.8128840923 1707.6337395161
189837960.4053919613 1716.8897877187
190132685.3951009810 1731.6013956517
190080673.7444774806 1725.4941044301
189820261.4332601130 1714.4032822102
