178661139.9088965654 763.1851633279
178972951.1215586662 830.7303417441
179798979.2906490862 940.9195025739
183267052.3545673788 1394.1062610419
183068482.3189287484 1371.9470727714
188054263.4078328609 1782.5636184216
188325824.8249172866 1799.7758815289
191916953.6243399084 1956.0643901825
193536166.5208985209 1989.4828395844
178852275.1258410811 807.5225010807
179954932.4560834467 958.2400780575
183334618.9343369305 1397.2310425795
182912620.1716108918 1359.8632676871
183227982.9824619591 1380.9067275794
189878869.8297181129 1897.8926868439
190244712.3952552974 1913.8785896301
191760491.1672565639 1953.7320356369
194097514.6714893878 1992.1547212601
178603581.4598414302 762.6130121711
179820058.2766983807 945.7237991519
179669008.7117890418 936.9357895994
189163908.7543651164 1857.6027073860
190285643.5553474426 1914.6639280319
191680099.2480484843 1944.0812454224
192387842.1559078395 1966.3745727539
193447331.4563231766 1983.7953300476
193521580.1622675955 1984.2296295166
194101348.4120043814 1992.6666326523
179910656.8753766716 953.8295743219
191915083.1621492505 1955.0134925842
179940324.6747387350 954.5188582808
181833781.6411537528 1215.5288846447
181727721.2301245928 1215.4270532086
181569076.5025717914 1197.9344993542
188145635.7306248546 1786.9069267511
189482933.4498902261 1877.9016809464
189803051.3987334371 1894.8449840546
189352354.1730678082 1868.9962058067
194208196.2265115082 1992.9543581009
179785333.4510640204 937.4482276194
179619655.6785756648 934.7552449457
192168943.9442724288 1962.4227447510
189807834.6058255136 1895.3746719360
177873288.3702687323 540.7980261716
181723957.3285792470 1209.2151284573
181336080.8754636645 1162.7124542921
188729044.3666209280 1825.1218774319
189568440.5612124503 1882.2994461060
178948697.7578576803 823.6243947433
181415065.0858949721 1172.0168538317
188235032.6099184453 1792.2494947910
188174108.6334818602 1788.4032426775
188020342.5151092410 1774.7264457345
177636865.3456738591 467.1054954031
189482982.5439158976 1878.3198366165
192634742.8479317129 1971.3700723648
196547028.5475878716 1995.6370258331
177538278.9932434261 403.9551170461
177886219.1758004427 544.7552930111
183247437.3725761175 1388.1487131698
178719339.3123023510 788.3219673249
183146578.6802179813 1379.5896154660
189983199.6438672245 1905.4595508575
177589239.2703031301 447.6518546187
183022956.0186600089 1369.2132717389
177578111.0485172272 446.0456110688
177931150.1517063677 561.4381018552
178795460.2465959787 803.4347421739
181411998.4096886218 1168.5291971072
182791860.6880986989 1340.2117356373
188127501.3501222432 1783.2789900899
191969601.9180041254 1958.7881212234
192970549.7785938382 1975.5085248947
193206941.0282881260 1982.7990179062
178800375.5052891970 803.7151025904
178884166.6599923968 816.5642643047
194160512.1228617728 1992.8527421951
177523935.7195475996 371.6956831060
177499891.0941615403 369.9935722352
190533932.2162176967 1919.5692596436
188209470.9149078727 1791.2134897709
190395322.3638436794 1915.2771739960
178861722.5856403112 807.7359423710
178775739.6689535379 803.3917083812
178665750.3204624057 782.0223428819
189374952.0175935924 1876.7807359695
189609220.5109578967 1884.5555448532
189889799.1275434196 1899.4573335648
190337286.0329234898 1915.0389518738
182635674.5646988153 1325.5190895030
188613594.0986406505 1824.7460570335
189690993.8694356978 1890.4801301956
177551287.1366793215 425.6747583348
183654506.3233330846 1407.3478853451
188251577.0487615168 1792.8110852242
178568994.9287887216 758.5234190661
177917685.8849554062 550.2687770937
178523061.0033839345 748.7762487892
178588905.1337909400 760.1067354742
181653304.7097315788 1205.1278156146
190124713.6617973149 1910.9769620895
178477521.8944852054 732.9599697653
183600718.8677709401 1404.4937095111
189917107.3728873432 1900.1456527710
189458246.2084886730 1877.2548680305
189957395.4222456217 1902.4827394485
183669204.5307474434 1409.1509789890
192883133.9939808249 1974.4382724762
183746708.4081180096 1424.0515246568
189719562.3057871461 1893.7887420654
192186451.8849666715 1963.3426437378
188802437.9632615149 1830.2530002594
182821570.8983234763 1345.3390319773
177546016.8750830889 424.3777688939
193698582.5136985481 1989.6215553284
190074926.4960987866 1906.0480775833
190061132.3864042163 1905.9803438187
182758260.8793794513 1334.2368982264
183678352.1310112774 1412.1979751680
183654332.8711582124 1405.1088268030
196541597.5684307516 1995.2676734924
178473071.9815114141 724.4774774897
178510668.9147002995 735.8732709603
178519420.9297858179 746.0770895544
183588199.3977435231 1403.5745324558
193016090.2789738476 1979.6227779388
193832184.6332927942 1989.8136434555
177705595.3403001428 480.9078943383
192924779.9007636309 1974.9967355728
193946372.3884727061 1990.7336473465
178469835.7867320180 720.6096636120
183448998.5572043359 1400.2032460636
189110582.2793761790 1852.4003217220
193105673.9308362305 1981.1492586136
177820133.8301401734 521.9856922187
177524338.5808652341 402.3396734197
177790561.1948927641 520.4688831968
192060614.3674231768 1961.7220859528
192480606.6562502086 1969.7580413818
193112728.8085846305 1981.8176336288
188939878.0743559301 1841.9320993423
181645789.7482389808 1202.0315321638
183003551.1413527429 1360.9664210849
190886752.1790608466 1923.3402271271
179100561.5558064282 850.9252921026
182876072.7595067918 1348.4337796741
188971552.5717685819 1844.0968160629
182504203.7874026895 1299.2312628732
182459274.5046125054 1297.9635119992
182277057.5386836231 1279.3098116475
179100147.7162457108 846.6104947012
179122668.6082444489 857.9567356985
181474194.9991028011 1179.1236905187
185755047.7801871002 1578.1484959451
196606926.3377972245 1995.6586837769
177731733.5650284886 499.2859166580
177660324.0114969909 474.6598779852
182243694.9465481639 1272.2887858707
193445077.4219723642 1983.3381090164
181663792.7406721711 1205.6810698985
179459334.7209310830 910.2555369440
182333274.7625462413 1280.3811297496
178030672.3660433590 587.4096608725
182370281.0081228018 1281.4125767308
188361744.3288230002 1804.1726310253
182393900.6008552611 1285.8118482190
185660464.7243760526 1574.8839128343
179229198.8415024579 877.0236786287
181665808.1017976105 1207.2516785461
196407454.3088261783 1994.9541587830
181631741.9527753294 1201.7323038235
181516524.8953177333 1189.4528306826
190975774.4900568128 1924.1727542877
179477148.4513556063 912.5055287893
179420271.5200063884 905.3615398812
190867467.3500116169 1920.6921224594
179368448.8318170011 893.6563682659
182532564.0767379701 1301.5137643893
196386633.2318931818 1994.8466911316
179321786.3630215824 891.0610694988
182395132.1824686527 1291.9455667096
188895255.7858944535 1840.4332618713
178074661.2665330768 613.0974983660
188779334.2793215513 1830.2217502594
196340664.8400066793 1994.8326435089
188580289.8094231188 1816.4544039965
191039454.4385992885 1925.3189067841
191044099.4366315007 1925.8189783096
179274054.9977951944 879.9251375301
179304518.7703638971 889.1349973781
179387141.7792102396 897.7508244263
182057881.7166778743 1239.8784026086
181841406.2004895806 1223.4582168340
181888340.9613312185 1230.6369704186
178137602.8228457868 629.5189764416
178325229.9583299756 655.7049975319
178139724.2165490091 629.8608699662
182522525.1093905866 1299.6078974684
189003358.9544925988 1847.0729618073
188877862.3818499148 1840.2388801575
178248563.8866045177 651.9609438513
181959909.2664057910 1233.9124256849
188975553.5401508808 1845.8091716766
190853865.2606158257 1920.6391191483
178293639.4764620662 653.6308711454
177631866.2103641927 452.5927170859
178214624.3490235507 643.0522743796
177619896.9709956944 452.0944507020
181290780.9996010363 1149.2909018697
178315200.4704820216 654.0523055953
177835603.8633954525 523.9670608239
178037331.6937208176 596.4581666831
177751414.9134789109 500.2689704684
182173128.3596710265 1258.9532343140
185481272.2995379567 1546.2583918897
189027326.7247481644 1849.4318513870
178285112.1859189272 652.0453053054
179214339.6169164479 870.1026935680
179519392.1943626106 912.9003366239
185534232.8925827444 1553.9948697416
178123133.1590872705 614.5745845679
179197595.3258163035 868.3159208400
185762343.9362958372 1582.0201686758
185757610.2195807397 1579.1691379873
185793321.3884930313 1585.7983292884
185822457.9825958014 1593.1436772672
182208056.5306013823 1260.8944672551
185902937.8389428556 1596.6313148094
177935515.7460204363 564.6440216986
191443071.3473536372 1932.5055475235
177996423.7121176720 587.4096606759
178031130.1058145463 589.7291262988
182091033.7828733325 1243.7296060231
177953674.8871149123 565.1056748886
177944002.0269091725 564.6879939822
195974484.2538056374 1993.0835475922
191636418.1738158464 1934.5075464249
192967514.2864384353 1975.0421667099
196334318.5438039303 1993.6133937836
185888501.2898005843 1595.5557575775
191285704.3556942642 1927.3459463120
191569929.1494179666 1933.8105344772
191437367.0193654597 1928.2251825333
186198477.8110679984 1623.0359958960
187524877.2514048219 1705.2018175870
187245438.1622189283 1690.0310745267
187350382.1468427181 1700.7791958600
187282941.5710418820 1694.1848250357
186327013.3594768047 1629.3684944464
187470230.3554281294 1702.8424955336
186292616.4967505932 1628.5293673826
187225264.8038787246 1689.3241372732
187644616.3427160084 1707.9454270033
186478495.4904478788 1642.9202741934
186340214.1907377541 1635.1149362875
187082963.0550054014 1688.0861679045
186870260.6524477601 1669.8531795470
186973964.2905357182 1671.9642931102
186810026.9691589475 1661.9328418849
186437072.2717211545 1636.2508882685
186997196.7212203443 1675.2200027434
186960451.9279042482 1671.4705337016
181193815.1713067889 1113.1929346398
186234755.0520310104 1624.0981010748
181226906.1795240641 1113.8477836922
186976222.1875328720 1673.2766300319
186715740.8624933064 1658.8547321437
181242159.5915394127 1117.3602072075
181239228.0759458542 1114.1180342510
181258174.0232066810 1133.8648365811
184911151.1872648299 1479.2158796191
185212180.4773594439 1489.8117617071
184915609.1950701177 1479.6025905013
178466032.7443241179 678.7540339710
184864023.1942994595 1477.2870425582
185020804.1462461650 1487.6062609738
184762162.2627757788 1471.9307348132
184930500.2121741176 1486.1525176763
184663624.3408010900 1465.9775430560
184478588.9847487807 1447.3542566150
184545230.5428301394 1451.5523340276
180972875.2934893072 1054.4789610487
180940211.7346848845 1033.7014005986
180953296.3154847920 1053.4299781901
181048269.1277001500 1075.7012935263
181188710.2846113145 1091.7950127461
181114811.0045223832 1084.6964888057
184358153.8444093168 1432.6868405193
184422009.4818708897 1436.3639073223
184270549.1451952755 1428.1263089031
184437145.4386199713 1437.0011973232
184299658.3942589164 1428.9921545833
180912226.1382442117 1025.0619314103
180870686.8980133832 999.9464588446
180786818.0884235203 991.2833729071
180655568.7476510406 962.0396137071
180759391.3385700583 982.2244138551
180723316.6830833852 977.9045101685
180861256.5154634416 994.2721902156
180664783.3022930920 970.9302345795
