190239538.8057047129 339362.4403963089
190682657.6962906718 343985.9049959183
196916904.8539567888 388505.5111999512
196283087.7325257361 386098.3463439941
200716251.5320952237 403220.0828857422
201257520.8563202620 403528.3408203125
189193209.0030656159 321446.9105223417
190243243.7536209524 339488.2865639329
190993317.1930311620 346268.6835145950
196316498.5966621637 386646.4524536133
199564712.7348197699 399891.6115722656
200727458.9201611876 403494.6197509766
184943566.6099492013 191622.3342188671
190322713.4603867829 340036.8962984085
190165581.2779566050 337290.0319490433
190039772.3958163261 337072.8893404007
190888001.6541925669 345437.0924263597
197080121.3902928531 390143.7272644043
196811415.7513718307 388379.9987182617
196822511.2546683550 388467.2150573730
189027823.9032357931 317617.7015245259
188777867.1905239522 313620.4600713551
189139447.0199339390 321188.3161620349
196559219.2118611336 388241.1044616699
199616843.0195108652 400120.0954589844
204249599.9372050464 410701.2940673828
184922700.9135783911 191149.9307062402
185107266.9593535364 200928.1597920731
196404136.2784508765 387205.9329528809
186713428.7090674043 262176.9634589741
188798590.2167198062 314391.0993230641
191158197.7174701989 346695.3750240803
186930831.6953611970 269156.4433784077
196485520.5134006143 387572.7665710449
185060829.3346368968 199386.7107627317
185004636.6141006947 196659.1169871166
184945639.6921409369 195271.9823817089
190124217.6421349645 337081.1889314651
195880347.6322469413 384100.8698120117
195971062.8951153755 385302.1183471680
195613603.2502410412 383041.8771362305
185379915.5800318718 210944.8782633967
190309454.4160456359 339854.0642518997
190662438.0033691227 343160.7621736526
190756619.4137271643 344071.1412630081
191090057.3052161336 346447.3835079670
195508544.7584280670 382814.8791809082
190196700.8922109306 337977.3371553421
194505512.2059578896 376701.3218078613
198510066.6461301744 395878.9710083008
199399471.8661240935 399686.5798339844
185284107.5234139264 209285.6627397290
204388186.6834712029 411160.9854736328
204847094.6792181432 411661.2503662109
195456961.6698274910 381841.9198303223
195172300.3744958639 380970.1488342285
189202420.8357491493 321485.8707637936
184960846.7608458102 195568.2992402390
185435295.4403881729 210981.2574027530
204054935.6919094920 410379.8963623047
185379318.0245480537 209803.0920014582
194203082.9233589768 373170.4042358398
197582857.5070454776 391472.1899414062
187409494.6427095234 277649.4853178239
194280392.4727307558 374102.6469116211
195601581.9420408607 382921.7427062988
197985928.6092089117 393954.6470336914
185036165.5387293398 198963.1817980334
190671867.9935077131 343537.5500307083
204387095.2108370066 411140.9117431641
187088530.0682414770 273749.8216012088
190485164.5668078661 342114.2313632965
195367694.3914843500 381520.4142456055
200665545.1035499573 402712.4765625000
195527919.8512949347 382834.4203491211
204777445.1782300472 411607.3096923828
186666095.6059095263 261850.9292792866
190382979.8147192597 340784.0699434280
190670636.4940350950 343485.3169527054
190634963.3050924540 342871.3397798538
186946822.9700732827 269573.4372019446
190823589.2115083337 345073.0412142873
191213999.9233775437 347453.9665157795
195807910.7840888798 383630.9274291992
184827199.4398805499 178372.1045837104
185217186.9391085505 206831.6939425669
187388849.6566067338 276748.4429392493
188851573.1857916415 314896.2304783016
190779720.1014422476 344717.1125729084
195640317.9194377363 383455.6447143555
197711125.6768202186 391527.5599365234
186756662.4981364906 265348.9393500874
187178898.9793381095 274501.9135410017
204859239.1675529480 411839.4805908203
190473083.2059414089 342007.6425447464
195141424.6616244316 380652.4916076660
204639280.3723268509 411472.9700927734
189037076.7555584908 318579.0039196163
189324157.6974143088 324253.3311100155
189826859.4958021641 332301.5005505085
199029405.9278185666 397556.0220947266
189105389.3579597473 319429.8945428282
194481617.5535319448 376247.8982543945
188908066.0719540417 316797.4127597958
190380890.3655882180 340107.9584209919
189954752.6771276593 335295.7074444294
194912847.6273897588 378446.1756286621
195240585.9472348392 381112.2118530273
184779434.0264073014 172927.0388917625
185239169.8412325680 206850.5732372007
192140268.0466319919 352772.0703754425
200338797.7438398302 402397.4432373047
185200234.0933572650 204920.8872928373
186927669.0599095821 269124.7176427433
187048391.7860047817 273133.9760203040
189346624.1743198335 324927.7897377163
189618925.1705387831 328505.8334757932
192036580.0448615253 351655.6018509269
194489167.5569727421 376498.6919555664
184783246.7459809482 173950.6594972312
185163128.9091565609 204530.8487957320
189881797.4960863888 333055.3621761799
200395293.9361521602 402441.3665771484
185139682.0590580404 202728.2622020445
185118614.5242657363 202727.4223430953
192077333.6900798678 352449.1476840973
191530571.1327678859 350232.1387138367
191514805.6030634344 348734.8747334778
189776746.6770003438 331595.2737514973
200409550.6829200983 402581.2193603516
191510961.3489337265 348673.7871327698
204501311.9884923398 411204.5054931641
198581286.0103798211 396102.2161254883
185098904.5175834596 199701.5839793882
200038274.3037003577 401582.2296142578
192061982.5326999128 351722.8439870179
195135096.1998615861 380422.7630970478
203592803.5133392215 408804.7528076172
184826205.9549737275 176084.4024873152
194456809.1677453518 376012.5712280273
199739871.0318011642 400558.8427734375
199679397.4128378630 400488.6076660156
186869365.6451670229 267935.2319311688
192035634.0117882788 351625.0537621677
186806701.1061740518 266107.9551252911
191969408.7637945414 351394.3430180848
197798555.1572091579 392078.7014465332
203910239.4669119716 409979.9788818359
200186153.4850497544 401892.7154541016
187181792.9172131419 275476.7138971961
187034348.1143221259 272263.8349909461
189949683.8737871349 334889.6746761799
191941810.3871277869 351238.2094407380
199764540.4672264457 400864.8820800781
199989418.2465551794 401522.6732177734
184854695.7455387414 179388.9385377988
187041674.7827760875 272276.5050959266
189734660.8266015947 330345.6697323322
194981565.6712704301 379527.3852894306
186721236.2698275745 262433.2755927632
197828197.7775877118 392433.2120666504
199348604.9866758585 399158.8891601562
187000920.0960573852 271862.2469782508
194027696.4387669563 368870.2049992085
197508952.0728271902 390495.5404968262
199179081.7169360220 398302.4663085938
199219918.1123099029 398529.4487304688
204357746.5598277450 410783.6929931641
191728111.5773511231 351002.6908378601
194063879.5569361150 370872.4404957294
197531593.6129340529 390551.8695983887
184869725.8772503436 180560.0900910422
184864528.7103697062 180373.1642152891
186877493.2910026014 268301.7081598914
184914809.8903504312 187514.1755029783
194067960.2121347189 371824.9296579361
184890193.1497104764 184058.8076985180
185644998.5118049979 213747.6119382582
197895801.0155800879 393186.3867492676
184860040.3337991238 179460.1300356016
191951516.7145581543 351268.5034990311
189296626.8366633356 324036.0672931820
185472859.1078447700 212019.8055348597
194712741.5697242618 377601.1712391376
194704169.1059869230 376828.0292408466
194361205.0485510826 375332.6139576435
194103453.5282483399 372636.1194508076
197844046.5297526121 392527.2083435059
194403081.7388567924 375368.8065845966
189550980.6619070768 328095.8198482990
189506906.2224893570 327181.1098440886
189342141.4090827703 324431.4271567017
189253582.9155545533 322460.7731734458
189291400.5723190308 323983.8591861874
199982213.2373995483 401224.4892578125
198284898.2401016057 394788.6477966309
184882304.5046341717 182788.1655284986
184883860.7688048482 183295.2194530591
198258726.5443948507 394145.8052062988
202793449.3009231389 406718.9947509766
196957595.0930012167 388591.4241027832
204024440.5758303404 410039.7760009766
202992486.8336640000 407821.9754638672
198747645.2621552944 396484.5640869141
188749022.7652832568 306536.6148645198
198483953.9996301234 395204.8930053711
188369030.9335952997 299328.3163339412
188371361.3430121839 299557.7735559260
193509069.5936053693 362139.6336011887
203365527.9107201695 408196.3435058594
186628671.0720357299 254206.8906656057
203415432.6836948395 408268.7662353516
203736182.7247723341 409181.6412353516
203673120.2293342054 409112.3817138672
188419755.5999181867 300696.7339975154
203537196.1068361104 408559.7733154297
203097812.4048116803 408026.9110107422
188621486.7364537716 305273.7205392634
188465598.8031147718 303058.9320260799
198972174.7278070748 397265.6055297852
198921782.2913670242 396993.6409912109
188495194.0666483641 303153.7011396205
188557220.4532516897 303951.5538305985
193884390.2163804770 365705.5049619675
188577388.3771329224 304444.4592038905
188490123.8507387340 303106.9963056361
198884658.8559726477 396586.6209716797
202894039.3407262266 407656.3612060547
202899418.2398246229 407758.4810791016
188250321.7102299333 296756.1630496676
198931385.8306151927 397060.6448974609
188181145.1997641623 294104.9632399413
187800508.7551723719 284304.8283465239
201597234.0639234781 403798.7120361328
187961981.6745655239 289652.8921435210
198435258.7964544296 395062.9104919434
201815344.7068405449 404947.0418701172
188033699.6488063335 290091.1906848936
187841799.1918154955 286201.7748644683
188060561.5320366025 290195.9895003173
187981840.5127565861 289846.8055041167
188123622.9798362851 291391.0913267869
187925813.2769256532 288602.8899107713
188085842.5154589415 290528.5516234178
193668971.1465854943 363969.4758558273
202289573.3354962170 405677.2722167969
186048294.4906568825 227696.6515915729
187743816.9104762971 280035.5042884946
192938670.5468844473 356480.0784473419
187766780.6386513710 280306.1078651547
192619763.0939815640 353004.8023549467
187782407.5627131164 281265.6173821837
187670805.6151264310 279040.3579064757
202838031.3086522222 407380.5877685547
192872289.1311267018 356005.0579625517
202861685.4442214370 407428.5511474609
192818054.6676596701 355518.5975819975
193003299.1568620503 356850.1270704269
202387432.5564969480 406286.2213134766
193080038.6896127164 357661.4658079147
186099267.7203025520 230062.9972808696
202461689.6194426715 406395.8189697266
186119884.8996999562 230562.2667553760
186094213.3330569267 229932.5863921978
202028139.7886203229 404973.4742431641
186249442.0202899873 235324.6249683239
186282491.2016249597 236280.7342822887
193681911.3097342253 364584.6549634933
186193781.5764212012 234163.7647998668
186221835.7697584331 234352.8463409282
186188727.1891755760 234033.3539111950
186625427.4125703275 248371.4414971173
186581732.4649325609 245506.7763397992
193316858.7310589850 360465.5589170456
201688195.1996177137 404058.2829589844
202340637.9816831052 405749.2664794922
186610512.9368323386 246711.9981469512
193318528.3429117501 360627.9339780807
186478798.1617347002 241229.4466893971
186512711.9945055246 245344.7632744610
185949365.1698616743 219863.6872362569
185996430.7635519505 223862.6098074391
186485751.4202882051 241503.1445456445
186502550.6837979257 243055.7790604532
185990303.8922247887 223831.1551622823
186414901.7548834682 240748.6418534219
202193948.4338265657 405603.0789794922
193056922.9738028944 357311.6321029663
201750330.1328391433 404261.4000244141
202124258.3108038306 405470.6949462891
186315213.3181002140 237185.4250674769
193529453.4156235158 362344.2550458908
193373007.8849293888 361191.1354169846
186024024.9601521492 224479.5478637293
186024937.8647316098 224508.6591975465
186026880.8536214828 224630.0822619274
185937151.6027248800 217002.3717019334
185919436.1061748266 216199.3423635066
185942388.9350994527 217662.9725301042
185889002.7632229626 216091.7756306902
