202669361.5673853755 411816.9434814453
184452158.3507285416 150786.0114236590
184514842.8499173820 161327.1475240406
190662678.6938497424 347369.3424806595
190607518.4331181943 345905.0420961380
186355122.4008554220 264166.9286340773
186276690.8082600236 262190.7385095656
190112222.3594852686 341256.5905275345
195742321.7289156318 385574.0128173828
185293619.1354222894 231833.9309041798
186360160.4107403457 266138.4242395461
186780271.9435628951 270401.5907985866
188892989.6597136557 317868.8484654725
192366734.4000996053 362651.2177209854
195178289.1662186086 382240.9794559479
198404230.1472013891 398866.5604248047
192914915.7312643230 365815.8763818741
192653004.7697392404 364875.4149866104
198090816.2745154202 397802.6666259766
207317931.5098321736 415860.3160400391
189168873.6554009318 320484.7434428781
203912481.6332609653 413400.1761474609
188819689.4533990622 317762.0608741492
206858503.5874555111 415560.1610107422
185333377.2002268136 232490.6675651371
186749020.7667304873 270354.8262802567
186357602.2464497983 264691.0617411584
186282749.4669759870 262494.9151758254
201637129.7689563334 409269.8966064453
188226166.1274348199 305899.3599413759
188909306.1029457152 319797.4799567908
190745941.2197612822 347545.5436296463
198425296.4690976739 399193.1087646484
203118913.1873687208 412994.1265869141
203384821.2478591204 413230.7476806641
185348543.6257530749 232950.6191027164
190614938.1571362615 346544.1996583939
193652372.3449160755 371141.2644729614
190517101.5031406879 345722.7124757767
190424637.5771966279 345391.0800294876
191860574.9969349205 356833.3378686905
202875510.5198086798 412643.4639892578
185501960.9189538658 238726.9986083806
202753178.5396665335 412109.2489013672
185467832.9212203324 236977.7930176705
186226531.3783836663 261255.1730188429
207295174.5973062515 415681.7313232422
184567828.2561764419 165741.3502316292
204622315.5471637249 414098.5052490234
190347080.9778752923 343880.4361772537
190244784.8742406070 343217.7541017532
206427163.4803445041 415374.7598876953
184512057.7884910703 161211.2712737735
185711707.4137947261 239430.6759903878
185385391.0417832732 234594.5835612267
185527188.5838059783 239420.9604289830
198249710.0009861588 398608.2120361328
186388705.7656347156 266182.5906213820
186676361.7702468634 270286.3875310868
202253155.2844022810 410988.9674072266
185222846.5197630227 228295.1730697453
185240027.8698236942 230082.0267122537
186426697.5540549159 266813.1728795371
186309624.8165182173 263592.4534753859
185186543.5653162003 226980.5505111516
186287365.8523327112 262556.0941003859
186299051.2197192013 262914.8933787048
198664931.9383696914 399749.3519287109
192470022.3536386490 363784.3660125732
184588172.2777516246 166835.2010710912
192035436.3756541014 360084.1401453018
192413884.2376015782 363722.2953577042
202095294.6384997070 410696.0223388672
185244280.7234690785 230472.0381820500
186523253.4954397380 269594.7327112257
189996338.4994261563 339296.5011949539
186607671.2585376203 270272.3337299526
186455144.4419141114 267623.2371057570
189862912.7538496256 336568.9577155858
189818226.5516420901 335896.6571416855
185125416.4499463737 221610.0074136347
198103810.6676482260 397940.2534179688
198407010.5618311763 399093.5189208984
191695811.6494013965 356518.6035852432
186434655.4673998654 267021.3996547759
188078708.1530513763 303426.4323726785
192298044.0193645954 361714.7812585831
205421154.1378061175 414750.0775146484
184485242.7191360891 154208.0307965990
197846728.0100216568 396431.3518981934
185112578.1402882338 221014.7360818476
188051239.2575329840 301639.3895870340
188144540.2008679509 305219.0452266824
189923570.1528993547 336970.6945447922
184491544.3522350192 157034.3085571047
197966506.8583292961 397302.7636718750
201416482.3277697563 408477.2413330078
184524531.6367823482 162712.8900359350
188708130.1261926293 316855.4313575476
184536836.7549284399 162956.2646412220
198404765.6869753003 398889.9351806641
190165098.2595830560 341274.7636461258
189941620.3200121224 337284.7696886063
189724671.3152217865 334136.8774843216
201603848.7346169353 408733.9300537109
188333651.3273641169 307954.6982289446
188577669.3968342245 313991.1782585308
201397199.2596398890 407600.7000732422
192627290.8231304884 364846.1633386612
192579959.9640299678 364627.4265527725
188676916.3756958246 315008.2280189246
184559025.4820725620 163054.1712967720
185081448.3329633176 219656.4725015254
184502662.2846893072 158933.4170002308
185085873.2541364431 220603.7974526972
188333662.2049977183 308594.3932644022
195158145.8768052459 382179.7094116211
185076074.9189979434 217023.7958852366
195355513.7653736174 383615.8467407227
198549117.8866684437 399512.6737060547
202558604.2128565609 411773.2593994141
188492383.3615407944 309913.2457751161
198255354.7249076366 398749.3875732422
188183278.0162035823 305557.3047481668
195241003.1284778714 383287.3947143555
193231130.7701880932 369037.3607950211
198143263.5574449301 398101.7287597656
204510974.7249674201 413927.2030029297
188198408.8536647856 305837.1446224344
202342524.0248946249 411175.1549072266
185099636.9928167164 220995.9627206416
195763380.3647777438 385935.8452758789
206369737.1838477850 415319.0018310547
206355599.0846014321 415267.0850830078
185152746.3332707882 222302.7382638545
188263965.6911228895 307724.1680294168
185018914.3038297594 212378.3265082926
192143933.4756130278 360700.6028833389
201875381.0430495739 409882.6346435547
186194185.6646511853 255787.3994892687
192996637.6234556437 367846.7281045914
191948525.0569227636 359547.4832544327
186183034.6141551733 255450.2257221788
201349809.2310866117 406923.0544433594
202550582.4655818045 411715.8187255859
185042088.5169592500 216492.9417035670
186138860.2754334807 254755.5316666216
195913827.3488595188 387023.1235961914
196164719.5940765738 387679.0262756348
195152319.4815055132 382118.7649841309
206323651.5453036427 415261.3284912109
192362117.8398440778 362619.1054763794
195586515.7504972816 385350.6151123047
202406970.5276946127 411369.2593994141
193287602.0807358623 369454.3225259781
204392044.5854982734 413865.0172119141
205186940.3692486584 414311.3731689453
202396072.2807270288 411336.0999755859
205948239.5152601302 414994.4095458984
193461265.0784499943 370550.7156229019
195999835.5712757409 387086.2945861816
196317182.6530294120 388216.6145629883
193611553.0404324830 370774.3308572769
186170292.7779337168 254845.7769459337
186111956.0223782957 251666.6628405899
195424514.6864234209 384098.2415771484
201886958.0815515220 410009.5172119141
195057283.0034268200 381288.1856384277
184657525.7026597559 169182.7924264813
202213058.2805973589 410791.5155029297
186004494.7494443357 248294.6301335543
192208978.5786439180 361466.1122694016
184663316.5833537281 170833.2989744091
186030000.3209999800 249518.9406193942
195494678.3826807439 384588.4725341797
197691963.2012607157 395572.9493408203
186073594.7876694798 251458.0943059176
205364178.2597651780 414732.9942626953
196355388.7579143345 388591.6980895996
197779913.1597457826 395994.3060302734
197018419.7779602110 392166.9737243652
187320552.4697093964 276933.9745565471
193406460.9885475934 370331.6995096207
184997101.8193350732 209335.3145541027
191912863.4501146078 359165.4367628098
186986803.5329798162 273381.3073609808
189654184.5632348359 332795.7984819412
184966172.2369112968 208631.3296945840
190987485.7638996542 350027.7528810501
193042605.3945757747 368301.2028970718
193106008.4953573942 368519.8527688980
197123206.3603893220 392480.5130310059
184927598.5175061226 204544.1771519482
192917086.2356223464 367366.7331399918
197261502.0082445741 392735.3649291992
205765488.9999139905 414924.7672119141
188759548.7993367016 317032.0025567627
194992977.1178203225 381149.9527282715
191503188.7726479471 354344.2739858627
205830017.8664346933 414976.5804443359
184995105.5873311460 209232.0573139414
205283937.4955202639 414626.5465087891
185911684.0459141731 244759.4707501233
184965765.2972119451 208116.8938448131
186922949.9112355411 272661.6550782660
188543145.6516261101 312056.8965006834
196126128.3687586784 387571.0010986328
191714417.8738953173 356789.8389577866
205581122.7057412565 414757.1395263672
191510032.3903269470 354529.4055776596
185746335.0351057947 240423.1842673123
187102327.0474262536 276050.2413085440
191566299.9917988181 355536.4886159897
191602626.6027970910 355906.0007314682
185928184.2118921280 245187.7172205746
196781054.3515778780 390315.4585876465
192796539.5891719759 365775.3580666184
189563287.2429055572 329456.1909532547
191861872.4652938247 358070.5918264389
186946419.2880363762 273054.0692786762
205639546.6195659041 414773.5697021484
184945851.3620555103 206220.1172306836
185946785.3315129578 246147.3587744534
184970411.7943774164 208853.7055797279
185929288.3283867836 245260.8060267270
185789864.9272169173 240429.4707739651
187094639.9680132270 274512.0560578892
189598619.6847365499 330780.1252107620
189506487.5010188818 328306.3024339676
189530639.1345083714 329186.1600694656
196884231.5483817160 391571.8600769043
189624115.6436032057 332113.8064622879
204928499.8754983842 414168.2213134766
185853986.6148430407 242609.5433832407
188973257.4708443582 320253.3402879536
197587181.3035995662 394400.1329345703
197400630.7503907681 393763.0495605469
188810979.8454933167 317362.7871409422
196939068.1545902193 391634.0570983887
196872866.0413331389 390502.5174255371
196753582.9767934978 389637.6960144043
190919973.5962614417 349130.9576845169
184716951.9511495531 172198.2785789669
196529803.2397320271 389489.7166442871
189033570.4298725426 320480.8491526609
184763868.3239127100 175853.4031756222
196213089.6941265762 387841.8667907715
204963407.3792295456 414191.7923583984
191332726.6043834984 352911.5725870132
191402027.1445284784 353618.6534852982
195098030.2447154820 381341.3301086426
184706371.6143218577 171627.1592552364
184802663.0046475828 176256.0797636658
184881096.3050465286 188229.1030034572
201280163.1378754675 404203.2982177734
194337848.7160097063 375000.4174804688
201081267.6545049846 403926.4056396484
184715792.6020046175 172133.7687285095
199969884.5622334480 401516.4910888672
194666126.7166215777 377496.1618957520
194389616.1923482716 376200.3867492676
194259181.9897812009 374803.9992980957
194124629.7275171876 373765.4219284058
200657132.5504301190 402820.9908447266
194069954.9170549810 372179.0875701904
200965609.7903190553 403739.5338134766
194435549.8498277068 376799.5198059082
194587426.0350521505 377146.8137817383
200896360.3608030081 403568.8026123047
184916113.2039876580 192246.8018244579
187212845.9174977541 276780.0227098144
200716251.5320952237 403220.0828857422
200727458.9201611876 403494.6197509766
187409494.6427095234 277649.4853178239
200338797.7438398302 402397.4432373047
189346624.1743198335 324927.7897377163
200409550.6829200983 402581.2193603516
199739871.0318011642 400558.8427734375
199679397.4128378630 400488.6076660156
200186153.4850497544 401892.7154541016
199764540.4672264457 400864.8820800781
199989418.2465551794 401522.6732177734
184854695.7455387414 179388.9385377988
184869725.8772503436 180560.0900910422
184864528.7103697062 180373.1642152891
194067960.2121347189 371824.9296579361
184860040.3337991238 179460.1300356016
189296626.8366633356 324036.0672931820
189342141.4090827703 324431.4271567017
189291400.5723190308 323983.8591861874
187961981.6745655239 289652.8921435210
188033699.6488063335 290091.1906848936
187841799.1918154955 286201.7748644683
187981840.5127565861 289846.8055041167
187925813.2769256532 288602.8899107713
187743816.9104762971 280035.5042884946
187766780.6386513710 280306.1078651547
187782407.5627131164 281265.6173821837
187670805.6151264310 279040.3579064757
