189623635.0152396560 326027.4651989043
189705833.1821909249 327471.9595703185
195880537.9957210124 382308.9866027832
204419608.3111095130 410742.8292236328
191095197.7817493677 340242.0051569939
190755312.6079137027 339534.1303732991
185191715.5708238184 193766.6500770673
186818709.7712047100 261262.1102352887
187338195.2254100144 272896.7623213045
187390451.7867732048 274858.3329760693
190414965.6601204574 337194.8620169759
189938560.0342229605 330897.8230155110
189960078.6268762052 331697.0400910079
195279804.7843255401 379533.3039550781
197043728.3760616779 388555.1358032227
196880807.6697187722 387740.3839416504
204833797.6670128703 410789.7637939453
190657545.6928893626 338687.4968676269
200029385.1551396251 400876.6574707031
205031600.6968939304 410820.7601318359
199564118.0981485546 399084.3299560547
185075975.4761340916 177859.6942104474
185067625.7233844995 177592.0732034817
185207337.6043496132 196607.8859480843
185240960.0950014889 197825.5502235517
185622869.0397651196 207685.6953743300
185437421.6607517004 206703.5554977185
189415273.1855503917 322265.9147228301
189449013.1523647606 322682.8137023151
190014169.8651489019 331963.5824149251
185195757.8375929892 194619.2622596845
185566000.0598663986 206705.3983361921
190564891.9751338065 337996.5053901076
199825011.3214023411 400333.8610839844
199813747.5100212395 399603.5783691406
187425117.3683011234 275027.7304771654
200382857.2380009294 401581.6918945312
185166129.6407064795 187387.3348304853
185307004.2961533964 202200.0994089446
195289840.8811235726 379678.4641113281
185586988.9704627991 206772.6611946425
185297375.3567450643 201287.0652292571
187606698.1974582076 276539.1528919674
189148291.8954047263 315023.2482882440
190165248.9898063838 333620.4192679524
190283615.1891318858 335499.7975678146
190029198.2998202741 332776.4890788198
190190549.7860377133 333914.6944602132
198693535.0000942647 395843.4439392090
190367831.7963019013 335784.1917938888
190246036.6019555926 335413.9459747970
190074953.5076304674 333543.5107596517
189858171.4304048419 330389.8446907103
185402201.7181260884 203863.4296092740
189710474.1541811526 327988.4489502013
189821737.8924024999 330130.1440738738
202992486.8336640000 407821.9754638672
204376570.2709408402 410254.1033935547
185431265.0804143548 204894.3818815392
185105234.8840993643 181846.7034610882
185274395.8895175755 199669.8184336028
185166557.1593948305 193703.2391883954
203977155.4943491817 409663.1734619141
197856113.4132659733 392280.5067443848
199882232.2818148434 400517.2631835938
189676400.8199431300 326609.0696173608
195125699.4362891912 378466.5510253906
204135434.3779119253 409796.1514892578
194775992.6613366604 375190.5357971191
194881008.0759893358 376793.4768371582
194753363.1625756919 375088.0876464844
187370707.9501548111 274555.9688914642
195063089.6682147682 378197.7084350586
198747645.2621552944 396484.5640869141
189480482.9823158383 324630.8071661890
188446965.6191596687 301463.5304309642
194487068.6005797386 372890.6360473633
189223667.1581232846 318906.3586703241
189813274.7408409715 328674.8473177850
185130670.1498834789 182077.1085094586
186693218.9190798104 255249.2720606963
187432707.3129966259 275475.2918785326
187508618.7124726474 276127.7983482592
189177744.8669624329 318191.6714507043
189305741.2569246888 321073.2219515741
189358435.4528460801 321448.3742566006
189543142.8935285211 325195.5329867303
194282169.5348152518 370183.7550964355
194510896.4506536722 372890.6629383564
188749022.7652832568 306536.6148645198
194402745.0928893685 371504.3398132324
198483953.9996301234 395204.8930053711
204347300.0292563438 410036.0589599609
185136593.0887021124 185748.1105655804
194429143.7630170882 372558.2607116699
196214449.6722908318 384694.9966125488
188369030.9335952997 299328.3163339412
194701573.7592515051 374916.8453674316
200373194.2400507927 401340.6088867188
185121427.2008281648 182040.6841739789
194807010.4288977981 376071.8261413574
196312972.3186483085 385253.0491638184
204382214.9948623180 410403.2821044922
204366617.7849617004 410141.4176025391
186885766.1333555877 263582.1644067764
187049821.7901862860 267913.7908230573
188371361.3430121839 299557.7735559260
199285439.1298402548 398001.2509460449
186849730.2193884850 262913.6864491254
186909014.9818298519 265370.4689541608
185131507.5042234957 184835.0763858929
194953401.4615823328 377224.9457702637
186675510.1919293106 255097.3075221221
193509069.5936053693 362139.6336011887
198312760.2853432596 394110.1326599121
188454554.8394890130 302338.7859994685
194951306.7532593012 377091.4770202637
186853893.2225302160 263435.3183193952
187148799.6506742239 271860.8249595873
187077112.6746636927 269709.3265856020
196973823.5633466542 388159.3687133789
196996752.0480716527 388172.4736633301
199478965.2518827617 398692.3400878906
203645988.8032153249 408791.8909912109
186668123.9630482793 254785.6006129424
199659147.0630875230 399463.7032470703
203365527.9107201695 408196.3435058594
186703928.1210283637 255432.3127022088
187102691.2928014100 269867.9523406252
195255843.4552389383 378951.8692016602
196523072.2311501205 386258.0906066895
204336044.1364509761 410027.1058349609
195524190.7002427876 380174.7742004395
200262612.6008271575 401129.4345703125
189094838.8047350645 311959.9708703477
196447638.6505527794 385327.1949768066
200215203.6520264745 401042.5961914062
203818702.3052059710 409417.5867919922
186628671.0720357299 254206.8906656057
187230159.9814929664 272662.6792325452
203415432.6836948395 408268.7662353516
203736182.7247723341 409181.6412353516
203673120.2293342054 409112.3817138672
188419755.5999181867 300696.7339975154
196521980.7585159242 386222.6528625488
203537196.1068361104 408559.7733154297
203097812.4048116803 408026.9110107422
187104050.9924418628 269967.4574065432
187084319.5003002882 269743.5755400881
188621486.7364537716 305273.7205392634
188465598.8031147718 303058.9320260799
198972174.7278070748 397265.6055297852
198921782.2913670242 396993.6409912109
199199576.5938321948 397559.9530029297
188876231.3644179702 307217.8309299266
188495194.0666483641 303153.7011396205
189049834.6808074713 309341.9279626328
189128172.4490299225 312252.3115844596
194681799.1745475233 373635.4912223816
188557220.4532516897 303951.5538305985
198548917.5858280063 395324.3477478027
186738073.7427703440 258740.5944805890
193884390.2163804770 365705.5049619675
199304957.2097424269 398222.9031982422
189063559.0716044009 311537.6860192735
188577388.3771329224 304444.4592038905
188490123.8507387340 303106.9963056361
199389240.2471368015 398649.3802490234
198884658.8559726477 396586.6209716797
202894039.3407262266 407656.3612060547
202899418.2398246229 407758.4810791016
188250321.7102299333 296756.1630496676
198931385.8306151927 397060.6448974609
192127559.9578464925 345474.4705087095
188181145.1997641623 294104.9632399413
192034165.4761301577 344447.0981103331
192130371.1944930851 345531.8485146910
192038191.3627272844 344992.4606744200
201440735.0578638315 403229.2359619141
187800508.7551723719 284304.8283465239
198194995.2812578380 393738.6212158203
201597234.0639234781 403798.7120361328
187961981.6745655239 289652.8921435210
198192419.8928461969 393692.1726989746
198586313.8682088554 395693.2220458984
192165022.3150574565 347604.3201943785
198435258.7964544296 395062.9104919434
201815344.7068405449 404947.0418701172
188033699.6488063335 290091.1906848936
187841799.1918154955 286201.7748644683
188060561.5320366025 290195.9895003173
187981840.5127565861 289846.8055041167
188123622.9798362851 291391.0913267869
185706749.9073671401 208234.3014926836
187925813.2769256532 288602.8899107713
187134159.1785520911 270475.6720204577
188085842.5154589415 290528.5516234178
192411500.4990276992 350365.0428334624
186826797.8888477981 262301.1332989484
192583546.7215246856 351482.3809682280
187072199.4490478337 268187.7791723013
193668971.1465854943 363969.4758558273
197661581.3871613741 390415.9299621582
192493682.3723444045 351256.2637807280
196102592.0220989883 383667.6250915527
202289573.3354962170 405677.2722167969
196458150.9465782642 385391.7315368652
192405885.4437918663 350329.2613393217
192463323.9275488853 350408.7609120756
196459618.4289821982 385536.7696228027
192686043.2847717106 353789.3563329130
186048294.4906568825 227696.6515915729
187743816.9104762971 280035.5042884946
192938670.5468844473 356480.0784473419
197987218.7340264022 392344.4009704590
187766780.6386513710 280306.1078651547
186380879.1334832311 239731.5842514746
194633214.7656840086 373555.8002929688
192619763.0939815640 353004.8023549467
194690073.4560305774 374068.3956909180
187782407.5627131164 281265.6173821837
187670805.6151264310 279040.3579064757
202838031.3086522222 407380.5877685547
192872289.1311267018 356005.0579625517
202861685.4442214370 407428.5511474609
192818054.6676596701 355518.5975819975
193003299.1568620503 356850.1270704269
202387432.5564969480 406286.2213134766
193080038.6896127164 357661.4658079147
186099267.7203025520 230062.9972808696
196129342.2073007822 383823.3955993652
202461689.6194426715 406395.8189697266
195567656.5927574635 380244.0708923340
185740030.5417643785 208284.3336474299
195879221.1262958646 382282.3727722168
185717939.9154429138 208276.5607092604
186119884.8996999562 230562.2667553760
195724275.2684513927 381458.8687438965
198011399.0665588975 392889.2082214355
197198958.1622083783 388993.0087890625
197431145.8694539666 389555.4527893066
186094213.3330569267 229932.5863921978
186348714.1032940745 238144.3516272046
194028819.5839959979 366528.2426404953
194097180.7235057354 366912.1608581543
194080951.2326379418 366776.2103834152
195781775.0973377824 381833.5538024902
197225146.0813067257 389197.8210144043
197525447.5958821177 389750.3384094238
202028139.7886203229 404973.4742431641
197674199.9962310195 391365.3428039551
194275903.9976350963 367540.8321485519
186249442.0202899873 235324.6249683239
186282491.2016249597 236280.7342822887
193681911.3097342253 364584.6549634933
186193781.5764212012 234163.7647998668
186221835.7697584331 234352.8463409282
186188727.1891755760 234033.3539111950
186594324.5136854053 246423.5305855572
186625427.4125703275 248371.4414971173
186584290.1499038935 245566.7980511487
186581732.4649325609 245506.7763397992
193316858.7310589850 360465.5589170456
201688195.1996177137 404058.2829589844
202340637.9816831052 405749.2664794922
186610512.9368323386 246711.9981469512
193318528.3429117501 360627.9339780807
186478798.1617347002 241229.4466893971
186512711.9945055246 245344.7632744610
185949365.1698616743 219863.6872362569
185996430.7635519505 223862.6098074391
186485751.4202882051 241503.1445456445
197462250.1947460473 389729.9496765137
186502550.6837979257 243055.7790604532
185990303.8922247887 223831.1551622823
186414901.7548834682 240748.6418534219
202193948.4338265657 405603.0789794922
193056922.9738028944 357311.6321029663
201750330.1328391433 404261.4000244141
202124258.3108038306 405470.6949462891
186315213.3181002140 237185.4250674769
193529453.4156235158 362344.2550458908
193373007.8849293888 361191.1354169846
186024024.9601521492 224479.5478637293
197832409.0978603065 391449.0408020020
186024937.8647316098 224508.6591975465
186026880.8536214828 224630.0822619274
197496472.3880506754 389737.2796936035
201327576.5294528902 402336.7464599609
194179969.3519016802 367323.4861373901
201119185.6984036863 401664.2088623047
185937151.6027248800 217002.3717019334
201122982.4228006303 401695.3294677734
185881104.0245629549 215225.7713124529
185919436.1061748266 216199.3423635066
201157672.3810921013 401837.0335693359
185942388.9350994527 217662.9725301042
185889002.7632229626 216091.7756306902
185865604.2873959839 213518.1439473405
185842778.4406923354 212170.9934708700
