152376170.1395802498 2767.9381909220
155225390.8639996648 4004.6412656200
158488055.4033474028 5171.9609188843
173851794.3251261711 9170.8236083984
151675857.9086782932 2089.0551962848
152747593.2728748024 2896.7700826380
155128784.2527707815 3957.7800355498
160477542.1425933838 5758.2453176450
160185484.4525357485 5680.1380282324
160839159.0627233386 5859.7356886306
169800075.8294984400 8227.1409761636
169489489.4112362564 8206.4364725789
173412348.7762451172 9087.5521507263
169554784.3714664876 8219.9334490029
151784709.0830369592 2209.7293948312
154270526.3752879202 3598.1095392946
169832709.8914005458 8315.8519804208
152252476.5243457258 2651.2618000391
153050243.9438649416 3102.8685526791
153178925.5079416633 3187.2124858201
169821238.3148193061 8292.7430479256
169983697.9510047734 8322.6409895150
170229117.4101425707 8413.4262697427
170112899.3078803718 8353.8422333924
155089482.5581302345 3932.4427111391
155149960.6464943886 3977.0928366129
170617745.4077374637 8474.6583793840
171963798.3210060596 8761.5416183472
172890059.0354630351 8985.6949501038
153004249.6540811360 3089.1418019533
160491685.5587158799 5763.5289427657
170488934.7369278967 8473.0130674569
173058206.0463510156 9005.7332248688
173100412.8798567057 9008.8118228912
170197703.6583579779 8372.7072281567
172992886.1096159220 8989.5482749939
153025279.8102051914 3093.3321563005
173666846.7529766560 9137.8460769653
155157254.3192142248 4002.0560038332
170227008.1885719001 8399.2716271607
170430448.9727122486 8436.5431425301
173305172.7920576334 9078.2592792511
153207364.2031116784 3200.4428420010
152753455.0637749732 2986.8571511957
171128609.7259985507 8598.5549280373
171490142.9771277308 8689.5796725750
153318493.0907864869 3201.1871634424
173254383.5841718316 9054.6342411041
153195873.9056054056 3198.6019459963
171316874.5530429184 8630.2012138367
173610489.3297783732 9116.8593521118
154237477.2272980511 3586.8245985750
170997280.8994522393 8532.4158477783
172484867.5761023164 8893.1306209564
170986506.0595928133 8524.6523532867
170743610.7922203243 8509.7629468441
173685308.5037571192 9147.1985702515
173525281.1846474409 9101.3761520386
172249265.2799906731 8823.6831645966
152563659.5714148879 2877.5325563106
154702962.6021589637 3800.0315306429
170753163.2786698043 8510.8385391235
171459573.6235082448 8669.6868839264
170783628.6682572663 8522.8733043671
171012261.4222577512 8580.9428749084
151600608.0553959608 1984.1555111106
160992290.4470456839 5880.0829857888
170761137.8610263467 8519.5191020966
171129740.6262848079 8615.4376335144
154846381.4600614905 3892.5958597902
160010710.5994640291 5608.6413260382
171432125.7501592636 8631.2227993011
171683466.9205729961 8722.7655429840
154402237.6287696362 3693.0486471895
160324308.6549295187 5699.7457346835
171816238.5090102553 8731.1188354492
171557671.4344258308 8708.0019626617
155065549.9446853995 3918.7845461611
159908585.9337612092 5548.0687132757
171974589.7169374228 8800.5662918091
151701195.4386838973 2115.9149009879
154487964.8496834338 3705.3349669222
161215191.9128333926 5954.7524256690
161542272.3222383261 6038.9955536290
161533091.4135624170 5997.3056848033
172435537.7397298813 8859.2196025848
153079828.4835016727 3109.7595539245
161659831.1614505351 6063.7287666651
161460780.9582733214 5979.6096920057
161501283.9366043210 5996.4018002811
167324096.6320221722 7514.3262273162
172820063.9948961735 8923.7017478943
154367782.6110850871 3687.0480465735
172671608.1845005751 8916.2474937439
172753800.0589592457 8919.9591331482
161421266.3231641054 5971.3124095718
154114591.7414470613 3581.1112425570
161646292.1863580942 6061.3052554119
167437189.6192504764 7612.2427516370
161243872.5052415729 5959.1584717098
167511051.0006573200 7627.1792496829
161452873.1508238912 5971.8198234125
167549192.0352924764 7632.8926057010
172837624.7654303908 8962.7234382629
160828253.6402217746 5853.2772846558
151856120.7222701013 2305.6178351641
157815348.4550349116 4953.0256247944
154345490.1266706288 3674.1378430370
154384937.9413585663 3687.2171843294
160631412.9727055132 5794.5328343132
154525632.7001183927 3731.8174917940
160767817.9807796478 5827.4438389448
161578892.1088739634 6060.7242372020
161265241.9802353382 5971.2181868542
161670561.0844422579 6064.3580775862
152401000.3385436237 2770.7128422814
152304788.1188377738 2680.8765233013
154205256.9187549055 3583.5885031466
154306743.4057467580 3673.6755717043
152472956.1232904792 2793.7806336436
154757869.1339070201 3808.2364986185
160770823.2560079694 5842.1492181185
153970674.6898075342 3455.7616502143
172376301.8602241278 8839.7621755600
172131220.3164922595 8801.8924760818
160400810.8683952689 5736.9702924528
159782738.5628253818 5540.7560036361
152288464.5152623355 2669.5212634060
171968136.3364230394 8770.6084775925
172604698.7000008225 8902.4234924316
167874441.2622468174 7720.8805467277
154683755.1376453340 3796.7810104136
168131150.4202680886 7788.2904690891
168224847.7176819146 7813.6614196687
168252337.5864542127 7835.6188776284
154598876.8587699234 3784.6090459158
158531932.3502823710 5172.2192172390
167903379.2783366144 7742.3527497440
152472551.8715689480 2784.6349757874
152936466.1276900470 3071.5651678297
159781535.7654870152 5518.7576716125
158469276.5987630486 5164.3184027861
152811430.9798634052 2996.8080989572
168232916.8379380703 7831.5539333611
152369643.8650593758 2767.7274964306
158576165.3616288304 5175.5259308134
157197490.3301728368 4661.2873987765
153814601.3004792333 3441.4404059000
160024267.2482713461 5624.0274613082
151698461.2665329576 2107.3917464912
152050918.7763587534 2524.3564020931
151633713.7336097956 2016.3536271746
158066828.5752720833 5019.3444975857
152415852.5553731024 2774.4501041922
157482427.7491890788 4843.5654807515
152846976.7733365893 3004.6549156148
153914546.3770762086 3454.8867484427
169102339.3220238090 8041.0268776207
152566002.5973891914 2887.3479549143
168718958.1544159055 7957.7554199486
159949247.1958321929 5571.3011696517
151625886.7167606950 2007.2153463359
151697969.4724625349 2107.1572677786
157872123.6845312417 4975.6347957081
168462078.0282734036 7886.4333049459
168356128.4589373171 7857.6819085567
152088395.8236537278 2536.2567088301
151616179.2064346075 1997.6971237357
169193703.6992958784 8055.3297092705
151824045.1302884817 2212.8717772658
152220820.5165745914 2557.8914477821
157970341.4774379730 4984.2863833895
154435647.7654737830 3698.7770414449
152931808.6506570578 3033.4179796216
158058238.3590813875 4991.1634831696
158275816.9390981495 5093.9518509319
157347868.7141865492 4782.9031939930
157587040.8743572831 4868.5910422821
151888720.2652999461 2329.2222754653
153990084.1007297635 3473.0045310355
157597404.4409788251 4878.0749659962
157531767.4039480090 4866.1746516652
151998006.5149639547 2444.2418186902
157240238.8125445843 4756.9409724302
158397742.5820496678 5111.3463671190
152423496.9587330520 2782.7488605234
169356773.6869148016 8087.5081043839
157670807.4844981432 4892.2089104245
159447584.8050150275 5409.8960952381
159516466.1171080470 5433.5686171038
159753770.2547348738 5517.2627198330
169475177.7779894471 8088.1583235054
158372760.1044717431 5099.2433437894
159445956.3185160756 5405.2173140032
151841447.2895577848 2219.7765910323
157972166.6171423197 4989.7831997464
152101603.2969888747 2546.2038966017
151843729.8957043588 2229.7379865944
153831496.4929379821 3446.6829785162
154047610.6731074154 3553.1483837420
159359514.8766061068 5355.6208899004
159027357.4994814992 5295.7571699602
159024346.3273878098 5283.9274509892
168958830.6924157143 7999.7791120796
158841984.8713667393 5217.1796678549
157237472.5107293725 4749.3134623359
168190512.4665093422 7796.4357759743
158885681.4821574092 5232.6511429737
159021221.2623404562 5283.8594701299
158995142.6870409250 5283.6554565844
162815932.3773453236 6322.1668244284
168438017.4058552384 7861.6236884384
168568962.0404590368 7903.8605806618
163250949.3118760884 6454.0727127474
163128987.4762061238 6405.2025535982
163450501.4141184092 6504.3694010410
168898430.7272508740 7981.7125147524
168826825.1038025618 7968.6147539406
151945170.0605231225 2426.7965647872
158763238.4190064669 5197.7109997131
163072379.7233866751 6392.3799217623
167695633.2388327420 7654.7490814406
169317158.7548664212 8068.3402898773
153996976.0915591121 3475.9499743039
167748504.6940592229 7680.9442601292
153775414.7321202755 3434.0391047055
163318030.8001094759 6458.8762863558
151858806.7850797474 2317.3364207442
155630341.8977496922 4025.9249495253
155311523.1639107168 4014.8842083086
155021346.1158013344 3905.4240642656
168100132.6509934068 7757.3337614089
152049475.5568749011 2444.2431465024
153423720.5611269772 3246.7782118374
153382600.5182755589 3244.5083050437
153676540.6756594181 3365.6715632088
156974536.9774514437 4642.9845615039
163162139.5143467188 6431.9681352121
163664652.9425181746 6553.2876130908
152905074.9749164283 3010.6254566121
157055595.3974171281 4657.9375281507
162473239.3470370471 6224.6005455018
162708288.4478707910 6257.9539359570
162856918.2744945288 6335.7546847821
162459627.5362571776 6211.2708385140
162385992.1166691780 6194.3750236183
156664504.0356195271 4463.2880042161
162756706.8162640929 6275.2981519252
156750448.6104732156 4535.6045654300
164264540.0894842446 6635.6114570482
164061343.8804755807 6556.9043176863
156811319.9367044866 4547.4361341310
156782909.9778276682 4543.9788802939
162166531.1516925693 6108.1507293531
156630949.7858880758 4457.1279071646
162276182.8242984116 6114.3050161297
162148984.9683545530 6096.3254042561
156259418.5071402788 4345.8077319937
156733076.8885728121 4499.5056747275
156480708.3705175817 4435.0469309404
164123999.7015649676 6601.3378433902
156469010.2335747480 4434.5187362509
156411270.3715221286 4380.2558279564
164363694.8301388323 6635.8326019961
156373384.8438898921 4350.0150775903
164193707.2671521008 6630.3787359258
156138345.0532973409 4313.1582778769
155929201.6654972732 4219.0867806750
156167472.9368405640 4325.0585922080
164399414.7258072793 6636.2638481911
164085383.0885187984 6559.1994572505
155631663.5172668695 4089.1879385153
155926186.6383810043 4189.5030932261
155720064.2578144073 4091.8669462960
155737728.7375569344 4093.6549110503
155740801.2528709769 4106.0811006054
155544450.4840551615 4019.4946511996
166684020.9558616877 7136.3861026102
167247791.7626847327 7249.5103096780
167294988.4790000021 7266.4439757131
166944224.4063227773 7222.8488401555
166182009.8389547467 7020.8243669652
166831874.6234840751 7192.0548073105
166991985.9825049639 7227.5589119247
166479005.0955500603 7113.3886961126
166319374.1280884147 7067.6552701126
166320419.1703982055 7068.4044514726
166464743.8290044069 7096.5392874311
166006960.5815493166 6995.6797627471
166295097.1158914566 7056.2312242053
165946611.8760337532 6978.8303178959
165242817.0224575996 6766.2906848851
164867952.7272969186 6681.5795222782
165664679.6685286760 6878.5190941654
165279032.6545002460 6788.3573876880
164896708.9401509762 6684.6506179012
165069289.0230107307 6713.6409188770
164892641.4166774750 6683.7582932971
165232992.1343052983 6750.0423089527
164845922.1542356312 6670.1171241291
