152475680.0158441663 2784.6233459330
151979009.7517420352 2427.3775829971
152379552.8950370550 2767.7274964306
152550796.8975009620 2869.5406946394
157646532.4606001973 4870.6594610999
159493360.3229230046 5409.3654206402
160262319.5361056328 5626.9224703305
169475177.7779894471 8088.1583235054
173264024.1784972548 8952.0480456352
174180036.4047408700 9147.1985702515
173842363.3410866261 9083.9726352692
153050210.4082446098 3091.2630158219
160332729.2888899446 5636.1655644841
153359355.1429428458 3200.5063442144
158214596.1993154883 5020.9582730651
159683446.5114317536 5431.3948459247
160107223.6241229177 5542.0947117705
160179948.9194803834 5626.9054594288
160056685.4476577044 5522.2507047901
151937712.2170008719 2335.1178348060
152094268.2824077308 2449.4057357009
152222116.9459564984 2553.7019627332
153314392.7430465519 3197.9211267683
154375202.2927766442 3665.1937895718
159777025.2147727609 5517.4453153858
159731356.3044043779 5488.6681665487
152835728.1051764786 2981.2736395009
157175662.7285739779 4671.5127135108
158372760.1044717431 5099.2433437894
159445956.3185160756 5405.2173140032
159520042.1204217076 5425.6211847865
169072163.8408082724 8015.0634161234
157652644.3060100675 4870.6739207099
151841447.2895577848 2219.7765910323
153380008.4103296697 3215.3663730773
170201483.5943580866 8271.7396307974
172729128.0745764375 8815.9211235046
152763436.7061028183 2979.0008386823
154676606.6729747951 3772.4805856145
173839375.7877461314 9079.3850250244
173713367.5635386109 9076.3064270020
157972166.6171423197 4989.7831997464
170015044.0739561319 8228.1996222525
173166284.8851635754 8920.5304050446
152101603.2969888747 2546.2038966017
172917860.4750581682 8906.7064037323
169735599.2151460648 8183.1859077006
157969159.6597793102 4980.1340647529
151702677.1420155764 1913.9404775158
151843729.8957043588 2229.7379865944
152946371.0171838999 3017.1952323712
170534882.2059764862 8316.4657393484
153831496.4929379821 3446.6829785162
154130503.2793098688 3575.7575546557
152965702.3680425584 3033.3372797224
154047610.6731074154 3553.1483837420
159453340.7546693087 5405.2173215972
173778606.1089166999 9077.2785797119
159359514.8766061068 5355.6208899004
152889322.6815448701 2999.9040029485
159027357.4994814992 5295.7571699602
152004314.0324521363 2444.2418186902
152051095.2834000885 2444.9504245217
172823001.6850632131 8886.7247524261
173784300.6327924132 9078.2592792511
152618873.0604853034 2869.9027086052
159024346.3273878098 5283.9274509892
154275524.5603357852 3591.7438454286
168958830.6924157143 7999.7791120796
158841984.8713667393 5217.1796678549
170678422.0754965842 8374.5665403008
152567968.5142970979 2869.6762437972
157237472.5107293725 4749.3134623359
168190512.4665093422 7796.4357759743
173086597.5881420076 8915.5580806732
168676658.5072438121 7922.0122394077
152000212.3768497407 2441.2073290577
158885681.4821574092 5232.6511429737
159021221.2623404562 5283.8594701299
163070609.3787954748 6349.4124706667
158995142.6870409250 5283.6554565844
162815932.3773453236 6322.1668244284
168438017.4058552384 7861.6236884384
172829941.0093818605 8892.4035720825
172454930.9591943920 8794.8292827606
172222687.7825371921 8717.0285339355
172114825.6304143369 8707.9783096313
172278231.2097328007 8757.0026302338
173437997.9157169461 9000.7011775970
172024691.0825990736 8689.4340829849
168284630.3600611985 7816.5680509671
168238740.7591395378 7801.4632327347
170084503.5051579475 8266.0262747793
168568962.0404590368 7903.8605806618
154044974.6135964692 3543.6630439321
163250949.3118760884 6454.0727127474
172331990.5518893301 8758.2831935883
152290584.4510370195 2660.0511786690
163128987.4762061238 6405.2025535982
172376511.8969646394 8765.9429683685
151782920.3045476675 2011.5102320111
152631329.9043223560 2886.5720586929
163450501.4141184092 6504.3694010410
157301694.4485371411 4758.9625973294
168898430.7272508740 7981.7125147524
168826825.1038025618 7968.6147539406
169200773.8388396502 8061.1790830879
169357530.9167647958 8075.9426634102
151945170.0605231225 2426.7965647872
152656994.3199857175 2895.3303207297
173484884.5821177065 9009.7514019012
169169589.8156420588 8037.6726753502
173347977.2130081952 8989.9778614044
173417220.8969036043 8990.8481273651
151810672.6122489870 2118.9113064702
158763238.4190064669 5197.7109997131
151668432.6195455194 1902.0546227947
163072379.7233866751 6392.3799217623
167608602.1717693508 7592.5314793675
167695633.2388327420 7654.7490814406
169317158.7548664212 8068.3402898773
169734376.9251916409 8170.5159543022
152429403.3557333350 2777.1119146499
157362441.2725313902 4773.8082699368
169408239.2289046645 8084.8041212349
153996976.0915591121 3475.9499743039
151710647.2536414862 1915.6338634288
167452426.4361238182 7573.3936439841
167748504.6940592229 7680.9442601292
168146167.0395118594 7784.3511166661
153775414.7321202755 3434.0391047055
163318030.8001094759 6458.8762863558
151858806.7850797474 2317.3364207442
157839536.5254634619 4909.7882104525
167942922.4917894006 7691.7867875188
174275545.3578730524 9151.4104843140
155090770.4108537734 3905.6293877650
157922634.1549204588 4967.1746392855
155630341.8977496922 4025.9249495253
174252165.5409308374 9150.8419570923
155311523.1639107168 4014.8842083086
167929539.0139244199 7690.5285658925
155140296.4574324191 3905.7226545680
155021346.1158013344 3905.4240642656
154735382.6098223627 3795.9639202226
157016281.7103227377 4652.3358197818
168100132.6509934068 7757.3337614089
158230562.9348486662 5041.5038629184
168022118.8125808239 7717.9754738896
168008498.0458740890 7705.3053732007
173292611.0582382381 8971.6806735992
158273628.7967734337 5064.7344765915
157897339.5198338628 4955.2743249545
158152639.5022289753 5009.0983730160
158226199.3148871660 5041.0168893745
158440074.5383540988 5105.0169044338
173166388.6882400811 8944.5869691372
152049475.5568749011 2444.2431465024
170061421.4745019674 8230.4090453177
169713621.8426645398 8158.7533724098
158093399.9230098128 5006.0622975221
151667401.0192852914 1819.4933094934
157332483.2895884514 4770.8635221133
154493497.6376296282 3686.9485701565
157504568.5106014609 4797.9913926730
151820069.1740273535 2119.2422752669
151755994.6273921728 2009.8679399425
152344677.7241920531 2667.4397199306
152286823.4303200841 2648.6275591108
153423720.5611269772 3246.7782118374
170176962.8852972984 8267.2936379313
153382600.5182755589 3244.5083050437
154231829.4323288798 3583.5602637399
170412560.8887367845 8303.2221241980
152267843.0560961068 2648.3917525861
153676540.6756594181 3365.6715632088
152342851.6053943038 2665.0789100383
157736237.1634584963 4883.9025711606
170079091.0287218690 8234.5724137290
169559668.2597138882 8125.2355425148
154787418.0798733532 3807.4048443306
156974536.9774514437 4642.9845615039
154526694.0036613643 3700.0460176324
171385063.2945386171 8520.4699639678
169126546.7696366906 8018.4576771050
168275010.6644428968 7810.5398030370
169111177.3656757474 8017.6031255512
152857427.8777581453 2997.0838439869
163162139.5143467188 6431.9681352121
153175805.9371793568 3123.4398029255
154172834.8421036601 3577.4571100343
151735455.7475917339 1993.9528245861
171134494.4045318961 8430.3828954101
154423242.5803449154 3670.0214391817
154657551.7136707604 3758.8375803102
170568104.1224727035 8337.9878975749
170934748.1903946400 8414.4933049083
171331210.1615467668 8471.5824326873
153115497.1733876169 3109.5387268471
171337408.2249631286 8505.5921968818
171520799.9455231428 8544.0950021148
171066082.3980981112 8424.5514325500
151808884.7968845665 2115.3132753661
153110587.5538741350 3106.7704528379
163664652.9425181746 6553.2876130908
171306934.3053953052 8467.9777001739
151754674.6011572778 2005.8531313231
171474240.6936745048 8532.2695092559
171886876.5677175522 8610.2606766224
171183996.4055851698 8461.4234647155
152905074.9749164283 3010.6254566121
171549254.4676358700 8553.9877938628
172007874.6471571326 8651.2261772156
153179969.7400980294 3133.0889379191
171708421.3485797644 8580.2088127136
157055595.3974171281 4657.9375281507
162473239.3470370471 6224.6005455018
154500769.6063918769 3688.4064289201
162708288.4478707910 6257.9539359570
162856918.2744945288 6335.7546847821
154571028.8426655531 3704.7702603806
154457109.9466410577 3686.9172540773
162459627.5362571776 6211.2708385140
156061681.3365507126 4229.3351816016
162385992.1166691780 6194.3750236183
156129987.4390371740 4250.6388114768
156849425.2678192556 4560.8478339280
156664504.0356195271 4463.2880042161
162756706.8162640929 6275.2981519252
156750448.6104732156 4535.6045654300
164264540.0894842446 6635.6114570482
164061343.8804755807 6556.9043176863
156811319.9367044866 4547.4361341310
156782909.9778276682 4543.9788802939
162166531.1516925693 6108.1507293531
156630949.7858880758 4457.1279071646
161887444.8109531403 6019.7344241957
162276182.8242984116 6114.3050161297
162148984.9683545530 6096.3254042561
156259418.5071402788 4345.8077319937
156733076.8885728121 4499.5056747275
156480708.3705175817 4435.0469309404
164123999.7015649676 6601.3378433902
156469010.2335747480 4434.5187362509
156411270.3715221286 4380.2558279564
164363694.8301388323 6635.8326019961
156373384.8438898921 4350.0150775903
164193707.2671521008 6630.3787359258
156138345.0532973409 4313.1582778769
155929201.6654972732 4219.0867806750
153158599.4265072346 3115.4992043098
156167472.9368405640 4325.0585922080
164399414.7258072793 6636.2638481911
164085383.0885187984 6559.1994572505
161855725.1623949111 6000.3024876763
161801495.6420730352 5999.1554289158
161675598.4083037972 5930.4962130806
161359522.8424781561 5889.6009011935
153142272.5189111531 3115.0369329771
161140827.3883793056 5798.3077968380
161151646.3818309605 5810.0320959578
161708583.8723728955 5947.5547316634
161430732.9176990986 5890.8721259853
160991147.8825299144 5738.4158040958
155631663.5172668695 4089.1879385153
160962364.4763832688 5728.8309955804
155926186.6383810043 4189.5030932261
155720064.2578144073 4091.8669462960
155737728.7375569344 4093.6549110503
155740801.2528709769 4106.0811006054
160781359.6734713912 5689.9528312890
160996706.5721999705 5741.3426217963
155544450.4840551615 4019.4946511996
160673728.2681030929 5666.4344310968
166684020.9558616877 7136.3861026102
167247791.7626847327 7249.5103096780
167363168.0493146181 7309.6998132848
167448323.3037212491 7330.4812571191
167337119.1048866808 7286.8233865880
167294988.4790000021 7266.4439757131
166944224.4063227773 7222.8488401555
166182009.8389547467 7020.8243669652
166831874.6234840751 7192.0548073105
166991985.9825049639 7227.5589119247
166479005.0955500603 7113.3886961126
166319374.1280884147 7067.6552701126
166320419.1703982055 7068.4044514726
166464743.8290044069 7096.5392874311
166006960.5815493166 6995.6797627471
166295097.1158914566 7056.2312242053
165946611.8760337532 6978.8303178959
165242817.0224575996 6766.2906848851
164867952.7272969186 6681.5795222782
165664679.6685286760 6878.5190941654
165279032.6545002460 6788.3573876880
164896708.9401509762 6684.6506179012
165069289.0230107307 6713.6409188770
164892641.4166774750 6683.7582932971
165232992.1343052983 6750.0423089527
164845922.1542356312 6670.1171241291
