173206282.8993085921 9078.2592792511
160966005.1692822576 5902.6384611462
161066341.6452916861 5928.5234899853
168208648.1188301146 7938.3140562503
168368460.8361743391 7985.7863866091
161269281.8535963893 5985.9332190953
168293458.4261472523 7943.4377385378
169576929.2619801462 8246.4045240609
152698860.4683816731 2890.2356151792
152548295.2864656746 2879.6847087595
152790488.9472306371 3013.9132805321
168404891.0417260528 7993.7513524294
173032235.1781215370 9046.1450128555
173489485.3241861761 9147.1985702515
173662913.8595812619 9170.8236083984
151589713.1524433494 1884.1810841560
153110432.7702645957 3132.6662960502
155727842.2182595730 4220.0992744211
154179492.1966478229 3570.4361646418
158917590.0326054990 5284.9860748564
155966199.9507811069 4221.5726045896
157936475.4521296024 4993.2627826161
158141948.0617110133 5040.8537936635
157796242.4436437488 4964.9114795155
167768801.2107907534 7801.1568509340
167627806.5577825606 7787.4705072641
172436392.4247212708 8899.5300388336
173484477.9655202329 9115.3338775635
173331791.5780750215 9093.0228595734
152978619.3744882941 3106.6203056193
154119726.5031667650 3564.2154276613
160755548.9156664610 5841.9550161693
167718065.6956212819 7790.4147492647
168880487.7551456392 8079.2210223405
168053605.8644594252 7895.5812112093
168195608.8355732858 7904.0438387692
167725967.4005261660 7795.1558152437
169170317.0927268565 8179.5370681016
155673452.7746150494 4161.1495494195
158523225.0663606524 5189.0470512754
167950762.9191993773 7851.1366158724
152217182.7109290659 2633.8165461361
167973885.6128570735 7889.8678551912
172447048.6137808263 8907.8833312988
153174587.8313013911 3164.2666217632
154405404.3854203224 3683.5186533281
152704966.4153383076 2900.0061780664
158496801.7402077317 5171.9459128804
168109329.8298784494 7899.3303533224
172676818.8441524804 8977.3307876587
172905341.9915968478 8997.1043281555
155461590.8452416360 4110.8090408091
172813878.4813034236 8991.6336193085
169866257.0079157054 8332.7346858978
172738758.3532085121 8982.3407478333
152180602.5660389364 2546.9655730068
158452852.9242683947 5136.0423496610
168570093.1464213431 8020.8320777146
173135058.6210089624 9074.9050769806
154449407.5479887128 3704.4579494242
158828592.9764472544 5275.0067242212
158857359.0410710871 5284.0439772485
158570696.9329021275 5191.3189883656
169378779.3973754942 8226.9831357002
169722912.7183839977 8286.5033018319
172332080.7784606218 8890.4798145294
155585300.7680603266 4139.9502686206
168653136.4449194074 8030.6851279465
152257259.1507098973 2661.1589976999
173344309.3186049163 9096.4038276672
155985803.4767429233 4222.6845362080
160566657.0252239108 5769.8333196972
153262007.2795279324 3218.5230155092
152927411.8392628431 3106.4776096794
173585251.5655812025 9151.7112808228
154325580.7341616750 3675.1489018728
155487336.8754700124 4127.6776412137
152373537.6591248214 2757.1743561777
172630900.4917234778 8916.9508895874
155677706.5657554865 4203.2034595255
168645481.9184648693 8027.0297496049
151557445.8895928264 1798.9527603844
168722688.4152491987 8057.8129985062
160483718.6484948993 5766.9896307323
168569842.2336292565 8010.7582356660
172748412.4123807549 8986.3983459473
168493622.7445451319 8008.6074408023
152911590.4490348697 3044.0985097587
160738487.3514509201 5803.9237203930
151590410.1699892879 1896.2796302736
151574193.7846695781 1876.1728182891
151842806.1416624486 2305.4361140072
151750430.2136263251 2199.3268676996
161214704.6335274279 5985.9093083654
168905912.6841327846 8117.5361010758
152780313.0174602866 2997.0174656364
154244756.9038774669 3583.5885031466
151605363.3705174327 1984.4187313910
155009378.0747779608 3903.6046970133
170222118.9694668353 8399.1483404636
172957586.1460822523 8998.8411464691
151533192.7195771933 1592.5322025279
154973792.4497449398 3901.7107846979
169522451.4053111970 8236.8161544800
161211489.1102045774 5972.3683061932
151752206.0587071180 2211.8304881449
161199317.8743785620 5969.0141039226
151557177.1894084215 1797.9474002579
168885536.2989890277 8090.1751806466
168959886.2423265278 8127.3691198556
154304298.8665174544 3673.6755717043
155239452.0134164095 4014.7205989603
161321248.6417542696 5989.5437592025
160856524.8182091713 5880.1104764211
155361894.5307015777 4053.2527015452
154946622.0942446887 3897.1124608759
155393751.9721131325 4056.8801975909
155408124.3721138537 4097.7106262390
160522479.2541526556 5769.4438856635
151545804.3517418504 1788.2982652644
169474928.9757153690 8229.0010072915
169788208.7563895881 8315.8519804208
160816628.1740211844 5876.4497747753
169358834.0555102527 8223.2876512734
160730987.9327889085 5798.5693060774
170380813.7876469195 8418.1869480610
151825447.5072722733 2297.6759035881
160575018.8762453198 5780.4247576613
170424556.0929068625 8418.2517902851
170782482.2188242972 8523.7358086109
170644001.2092884481 8508.9722282887
171103383.3796873987 8601.5365574360
170636527.3031416237 8477.1075356007
169313042.3788219392 8195.3061792580
172624680.3797862828 8916.2474937439
170991034.5335164368 8582.1234333515
152192198.8159098923 2549.9206524431
157548655.1470208168 4868.8125719903
171928985.8182559013 8767.5887603760
151671724.2858010530 2102.3703441019
154857505.5407386422 3892.8223245982
160477542.1425933838 5758.2453176450
160185484.4525357485 5680.1380282324
152252476.5243457258 2651.2618000391
153178925.5079416633 3187.2124858201
170229117.4101425707 8413.4262697427
170112899.3078803718 8353.8422333924
170488934.7369278967 8473.0130674569
170197703.6583579779 8372.7072281567
170227008.1885719001 8399.2716271607
170430448.9727122486 8436.5431425301
171490142.9771277308 8689.5796725750
171316874.5530429184 8630.2012138367
170743610.7922203243 8509.7629468441
172249265.2799906731 8823.6831645966
170753163.2786698043 8510.8385391235
171459573.6235082448 8669.6868839264
151600608.0553959608 1984.1555111106
170761137.8610263467 8519.5191020966
171129740.6262848079 8615.4376335144
154846381.4600614905 3892.5958597902
160010710.5994640291 5608.6413260382
171432125.7501592636 8631.2227993011
171683466.9205729961 8722.7655429840
160324308.6549295187 5699.7457346835
171816238.5090102553 8731.1188354492
171557671.4344258308 8708.0019626617
159908585.9337612092 5548.0687132757
171974589.7169374228 8800.5662918091
151701195.4386838973 2115.9149009879
154487964.8496834338 3705.3349669222
161659831.1614505351 6063.7287666651
161501283.9366043210 5996.4018002811
167324096.6320221722 7514.3262273162
161646292.1863580942 6061.3052554119
167437189.6192504764 7612.2427516370
167511051.0006573200 7627.1792496829
167549192.0352924764 7632.8926057010
151856120.7222701013 2305.6178351641
160631412.9727055132 5794.5328343132
154525632.7001183927 3731.8174917940
161578892.1088739634 6060.7242372020
161670561.0844422579 6064.3580775862
152401000.3385436237 2770.7128422814
152304788.1188377738 2680.8765233013
152472956.1232904792 2793.7806336436
154757869.1339070201 3808.2364986185
160770823.2560079694 5842.1492181185
172131220.3164922595 8801.8924760818
160400810.8683952689 5736.9702924528
159782738.5628253818 5540.7560036361
152288464.5152623355 2669.5212634060
171968136.3364230394 8770.6084775925
154683755.1376453340 3796.7810104136
154598876.8587699234 3784.6090459158
159781535.7654870152 5518.7576716125
157197490.3301728368 4661.2873987765
153814601.3004792333 3441.4404059000
160024267.2482713461 5624.0274613082
151698461.2665329576 2107.3917464912
152050918.7763587534 2524.3564020931
151633713.7336097956 2016.3536271746
158066828.5752720833 5019.3444975857
152415852.5553731024 2774.4501041922
157482427.7491890788 4843.5654807515
153914546.3770762086 3454.8867484427
152566002.5973891914 2887.3479549143
159949247.1958321929 5571.3011696517
151625886.7167606950 2007.2153463359
151697969.4724625349 2107.1572677786
157872123.6845312417 4975.6347957081
152088395.8236537278 2536.2567088301
151616179.2064346075 1997.6971237357
154435647.7654737830 3698.7770414449
158275816.9390981495 5093.9518509319
157347868.7141865492 4782.9031939930
151888720.2652999461 2329.2222754653
153990084.1007297635 3473.0045310355
157597404.4409788251 4878.0749659962
157531767.4039480090 4866.1746516652
151998006.5149639547 2444.2418186902
157240238.8125445843 4756.9409724302
158397742.5820496678 5111.3463671190
152423496.9587330520 2782.7488605234
157670807.4844981432 4892.2089104245
159447584.8050150275 5409.8960952381
159516466.1171080470 5433.5686171038
159753770.2547348738 5517.2627198330
159445956.3185160756 5405.2173140032
152101603.2969888747 2546.2038966017
153831496.4929379821 3446.6829785162
154047610.6731074154 3553.1483837420
159359514.8766061068 5355.6208899004
159027357.4994814992 5295.7571699602
157237472.5107293725 4749.3134623359
163250949.3118760884 6454.0727127474
163128987.4762061238 6405.2025535982
163450501.4141184092 6504.3694010410
151945170.0605231225 2426.7965647872
163072379.7233866751 6392.3799217623
153996976.0915591121 3475.9499743039
153775414.7321202755 3434.0391047055
163318030.8001094759 6458.8762863558
151858806.7850797474 2317.3364207442
153423720.5611269772 3246.7782118374
153382600.5182755589 3244.5083050437
153676540.6756594181 3365.6715632088
163162139.5143467188 6431.9681352121
163664652.9425181746 6553.2876130908
157055595.3974171281 4657.9375281507
162473239.3470370471 6224.6005455018
162708288.4478707910 6257.9539359570
162856918.2744945288 6335.7546847821
162459627.5362571776 6211.2708385140
162385992.1166691780 6194.3750236183
162756706.8162640929 6275.2981519252
156750448.6104732156 4535.6045654300
164264540.0894842446 6635.6114570482
164061343.8804755807 6556.9043176863
156811319.9367044866 4547.4361341310
156782909.9778276682 4543.9788802939
162166531.1516925693 6108.1507293531
156630949.7858880758 4457.1279071646
162276182.8242984116 6114.3050161297
162148984.9683545530 6096.3254042561
156259418.5071402788 4345.8077319937
156733076.8885728121 4499.5056747275
156480708.3705175817 4435.0469309404
164123999.7015649676 6601.3378433902
156469010.2335747480 4434.5187362509
156411270.3715221286 4380.2558279564
164363694.8301388323 6635.8326019961
156373384.8438898921 4350.0150775903
164193707.2671521008 6630.3787359258
156138345.0532973409 4313.1582778769
156167472.9368405640 4325.0585922080
164399414.7258072793 6636.2638481911
164085383.0885187984 6559.1994572505
166684020.9558616877 7136.3861026102
167247791.7626847327 7249.5103096780
167294988.4790000021 7266.4439757131
166944224.4063227773 7222.8488401555
166182009.8389547467 7020.8243669652
166831874.6234840751 7192.0548073105
166991985.9825049639 7227.5589119247
166479005.0955500603 7113.3886961126
166319374.1280884147 7067.6552701126
166320419.1703982055 7068.4044514726
166464743.8290044069 7096.5392874311
166006960.5815493166 6995.6797627471
166295097.1158914566 7056.2312242053
165946611.8760337532 6978.8303178959
164867952.7272969186 6681.5795222782
165664679.6685286760 6878.5190941654
165279032.6545002460 6788.3573876880
164896708.9401509762 6684.6506179012
165069289.0230107307 6713.6409188770
164892641.4166774750 6683.7582932971
165232992.1343052983 6750.0423089527
164845922.1542356312 6670.1171241291
