175361537.6898174882 9170.8236083984
175076691.3707864881 9116.8593521118
175172770.1818801165 9135.3195037842
153214159.4651153684 3106.0815037807
153923537.8922860324 3390.0885211507
156233935.7267289460 4211.0684303483
155926186.6383810043 4189.5030932261
160613376.9896882176 5614.5374393670
161439668.6988728642 5822.2267574875
163817784.8335483670 6429.1222321747
163905325.7496777177 6525.7644740657
173173212.4357355833 8805.5291843414
174972831.0567043424 9093.0228595734
151995975.6158803403 2045.5307793911
151956606.7482230961 1940.0173889725
151892126.4719588459 1934.7284658249
156273163.7201330960 4212.5272022924
151890335.4679286778 1919.6835548873
153828665.1538235545 3302.5793776727
155720064.2578144073 4091.8669462960
155943536.0693581104 4198.9855896672
155737728.7375569344 4093.6549110503
160739516.0305422843 5667.6189280637
161178343.2063740492 5797.7512788905
163076974.0736023784 6310.8500297499
172426145.2834678888 8603.1476573944
173550290.1135283709 8833.3535289764
175265990.6303031445 9141.1318893433
152708248.9846440554 2793.0075737556
153236225.3834497631 3116.4285392003
153425235.0626314282 3214.8485600734
153324033.0743804276 3116.4291572471
153527025.2368774712 3231.0398028473
155740801.2528709769 4106.0811006054
156068797.6308160722 4201.6184092145
160392716.7479864359 5568.8601417749
163660457.6379596889 6417.2545359491
174546457.1510352492 9001.5420570374
153037318.0920477211 3014.8341934096
153165191.2418453395 3105.3884160304
152996533.3539469838 3003.8656627854
153147805.3171317577 3035.7745052894
152688237.1186063886 2777.1362808768
152911971.0938373804 2995.9276539406
175291952.8804134130 9148.8324813843
155911231.4570301175 4119.7242740893
152874593.2175266743 2900.0091225227
153421420.5596856773 3180.0613027567
154050630.7542636693 3399.8046768433
155634355.7994604111 4089.1852857098
172246225.9275675416 8586.7876772881
151986877.6038291156 2029.1972240657
152738647.3066555262 2799.6165367683
152704652.1906032264 2788.6806939265
172867670.3444959521 8718.6782112122
163667796.1009545028 6421.9087178467
155699539.1284980774 4089.4832579654
155894923.1906762421 4107.1348592266
172331168.9082436562 8599.2943325043
154096410.2181027532 3416.3239068071
153659360.7521146536 3294.0144683248
153606629.0355621576 3289.4185164550
153847034.2017665803 3325.3804347432
152703004.6793897152 2785.4244991859
153853135.0922925770 3326.9583342651
153839602.4128572047 3313.4167216400
153467214.5970158875 3217.4981902221
156175157.3937582970 4210.0636361850
172663666.4443550110 8692.6827459335
152757546.1555417180 2886.5206109732
152763768.1991194487 2887.3968407234
172206357.4202427268 8584.8246049881
172649298.7777525187 8692.1917686462
174181429.1889513135 8972.0720996857
155780604.1596795022 4106.7374634051
152601448.3042944372 2777.0073658546
152881539.4657779336 2909.0766808113
157715555.0085114837 4684.0613898563
173107835.0299459696 8768.9830951691
174803006.2452306747 9087.5521507263
157453871.9492354393 4590.6314057785
160781359.6734713912 5689.9528312890
152201444.4998912513 2141.1314230475
160996706.5721999705 5741.3426217963
172318009.6820182800 8595.9401302338
174700200.5311855078 9052.9139499664
152534176.4262310863 2660.7281341028
152720995.1599969268 2794.0382671130
155544450.4840551615 4019.4946511996
155492472.5360299647 4000.0817256607
157741008.3919444680 4691.0472285825
161120613.5049732924 5775.8945751397
172714435.4644185305 8706.9557323456
173635549.6122486591 8888.8006420135
155481625.8864105344 3993.2667542919
157826914.6784933805 4742.4603119327
163167329.7060436904 6316.4516129850
172193259.5587128997 8580.1684422493
160433525.9990865588 5573.8701019494
153356681.9128622115 3149.5209448913
161161865.5250974298 5780.5487570374
160749861.4551323354 5678.3939472272
160673728.2681030929 5666.4344310968
172544161.4117644429 8622.4112052917
172881300.0442814231 8727.7284355164
172159276.8082438111 8501.7405128479
172456531.5957835317 8620.8002510071
173279297.7605038881 8811.2425403595
173711001.2087337971 8898.0935134888
172643870.4429300427 8691.8586616516
155241673.6162568629 3891.0141374096
155379794.6125086844 3979.7251416668
155315275.8002460599 3902.6231145350
163432701.2322285473 6397.3488429657
163361024.5474386215 6384.1890758148
172831441.6320928931 8709.6106529236
157586547.5219360888 4679.9888127935
158061506.2906000018 4778.6134012127
172846458.9448974729 8712.9648551941
155297306.9812340736 3891.0574155267
152591014.4124895930 2756.1723336351
155421636.6277758777 3991.2380645958
160323173.7483684719 5494.2472882525
172987970.6196060777 8754.7134485245
174649223.4908544421 9049.6242809296
157253586.6376593709 4558.9720105606
162999507.5713399351 6274.7289317718
152492277.2455401719 2644.4286493286
173120487.1852017045 8787.6909799576
158288784.8992857635 4779.0584689025
163461271.8012365103 6403.2203544250
163171343.4585721195 6340.5381839743
173140204.0301263928 8790.5226097107
173079228.7128968239 8767.5935015678
162162046.6060902774 6019.0173523568
175027209.2694972157 9101.3761520386
160433118.8343766332 5573.8248067156
160962891.5630598962 5705.6407871686
162397186.6780196428 6123.1537344320
157956953.0711425543 4778.2716494762
160969025.8506059051 5711.3695225948
162654242.9060978889 6197.8416789642
173580734.4711437225 8856.3045058250
157868435.3824724555 4777.9099568205
160927783.6303999722 5698.0753923424
157852713.5754870772 4777.8922986465
157803597.6721616685 4692.1569651964
174061538.0177024901 8904.9510912895
174275673.5534449518 8979.3708720207
162562994.2389702201 6138.9870464943
162788420.7496374846 6232.8820422760
157814826.5227297843 4721.7936086136
157500583.8330547214 4668.4321546036
162698664.0131964386 6217.5323295288
152303497.3603353798 2153.3671006446
162392622.1839254200 6120.7523052557
163036929.2807633579 6307.3018230072
174565899.6655813754 9006.1718864441
174019737.4111711681 8904.5573329926
157121933.1390354335 4463.2748294252
157320605.1808703542 4577.5689978975
162923994.0264649689 6254.4276984169
162767701.4195058942 6230.4766734710
162707359.6899052858 6218.5908187500
173976061.1610396802 8901.2031307220
162136595.7617606819 6017.2950394295
162216029.8708213866 6055.2180405483
174377494.0331379473 8997.1216621399
174079797.6682373285 8919.3209133148
162288431.9246369302 6109.1044209145
162103272.8054822683 6015.0035177275
152470454.5709280372 2441.6207242146
161807055.3570137322 5918.6301524259
161778717.1357149184 5907.1746642209
162119580.9638936222 6015.6541087247
161957882.7570736110 5999.7467335551
161532189.2407524288 5890.2814704405
152352880.7264861465 2332.1605801716
152341784.9284738302 2236.4329805508
156948937.3840095401 4448.9295637983
161907908.9583097994 5980.0598105015
160490420.2008204162 5573.9463844739
166684020.9558616877 7136.3861026102
152390785.8479833901 2334.8422407579
157192012.2226204872 4556.8198581117
161660761.2949889302 5892.0467850717
152347724.8909530938 2245.1333030325
161475554.0986152291 5869.5323306547
156958023.2371554673 4455.4027794081
156854097.2815190554 4441.9038683984
152399323.9708571136 2344.0464348927
160550055.2679914534 5586.9331951581
160891270.5128461719 5697.3535818898
152326334.5004324019 2157.6102389991
154846881.6807985902 3683.1696520030
155200400.9446798265 3881.1394014536
161141355.0189646482 5775.9708576642
161336857.0452683568 5815.3784051763
155153391.3897751868 3870.4305448710
155055753.9257148802 3787.1491915165
154966962.2200335860 3765.3512437594
152431968.2855864167 2351.4205981925
152416417.0090068877 2347.3938341051
154896397.1985450983 3760.9704008280
162100408.0186409354 6013.2412170237
156514199.0867079496 4322.9497622201
155122241.8263108730 3791.7414802193
160211033.4676843584 5465.7992024042
156719168.9745294452 4343.0771553383
156620061.5402320027 4339.8455771157
156578120.9534274936 4329.6271656701
156823918.8451753259 4400.0673001060
156516963.0836795270 4325.2374638269
160282600.1291509569 5477.6850571253
154839871.0944739580 3663.1800824196
156487388.8870777190 4313.9907077070
156296769.4750285447 4225.2738003846
166703344.5176716149 7138.2464670324
167477755.2036440670 7332.3089841985
167005594.6418284476 7230.4040104532
167247791.7626847327 7249.5103096780
167363168.0493146181 7309.6998132848
167448323.3037212491 7330.4812571191
167337119.1048866808 7286.8233865880
167294988.4790000021 7266.4439757131
166944224.4063227773 7222.8488401555
156592564.2312856615 4331.9657133434
156287633.1849348247 4222.4996662352
166444220.8247652948 7090.7876981878
166182009.8389547467 7020.8243669652
166831874.6234840751 7192.0548073105
167578766.2931404114 7335.1941022198
166991985.9825049639 7227.5589119247
166479005.0955500603 7113.3886961126
166319374.1280884147 7067.6552701126
166320419.1703982055 7068.4044514726
166464743.8290044069 7096.5392874311
166006960.5815493166 6995.6797627471
154553213.8327557445 3534.4665182709
166295097.1158914566 7056.2312242053
165946611.8760337532 6978.8303178959
154520836.1545931399 3532.5097466587
161759305.2492136061 5898.7589226924
154647228.2290483117 3541.6998228954
154568645.6993795335 3534.6559960424
154310996.4073620141 3432.3119950971
154457214.6953024864 3448.3077910422
154439704.4212971330 3442.0245678901
154487434.4697448313 3475.1174147605
154260211.9879498482 3423.0436995505
160190133.0070491135 5441.8374103084
159641829.1538983285 5239.8129371181
160184006.5531462431 5429.4713089839
159921163.6410220265 5336.7988592163
159667191.3498126566 5244.8503014155
165391502.1119777262 6803.6350454781
165415150.3781896830 6811.9691546224
165442204.2876550555 6814.4854841977
165479125.9890286624 6828.2648426280
164924586.2414138019 6693.5053569339
159737633.7996656299 5280.4802745357
165327257.8190846443 6802.9655009769
165242817.0224575996 6766.2906848851
159951378.0107170939 5347.7973902300
164867952.7272969186 6681.5795222782
165664679.6685286760 6878.5190941654
165279032.6545002460 6788.3573876880
164896708.9401509762 6684.6506179012
159851739.3459695876 5332.3772662655
165069289.0230107307 6713.6409188770
164892641.4166774750 6683.7582932971
164602494.7882806063 6584.9822909429
164565192.7613476813 6572.3001857113
159724493.3660108447 5247.4993746190
165232992.1343052983 6750.0423089527
164845922.1542356312 6670.1171241291
164598294.5999509692 6583.1408014882
164364658.2053216100 6557.8887148487
160030305.4228550196 5362.4840705097
159953878.3176121414 5352.9337828069
164563634.4261207879 6570.9362451641
160119165.5317116082 5366.2024740188
160085413.2369390130 5365.9205934911
159519002.6217247844 5113.6607112514
159482292.5688717365 5110.1835940706
159375161.9510435462 5053.3463159562
159269034.5585308075 5028.3120461293
159339469.5884379447 5039.6085931887
159397895.3658573925 5103.8780785389
159230272.1727322042 5028.2664668192
159380915.6962495446 5056.9684111704
159228728.3784036040 4994.6496687760
159018337.7243756950 4982.0030257334
158676447.7578880191 4788.4114647000
158927553.6741966903 4897.9381198972
158816929.1007995009 4878.5650444119
158755695.5737197101 4847.5087429374
158615475.5368911028 4783.5420750692
158739742.0338548720 4794.2699632049
158636190.8636268377 4785.0016676583
