184952735.7078139186 199.2993634840
190723968.3813376129 248.2630511522
183082420.5182114840 180.5409379828
184764810.8090946674 199.2557703483
185009383.7794336677 199.6887238064
185074313.8976960182 199.8667050573
185275740.1228389740 200.5260657502
191625500.2324346304 253.3502503335
193611466.7058681250 256.4401150048
185118529.2563611865 200.2469664263
183646261.7507473230 186.4140588398
184671182.8241919279 198.5268707313
177808835.1624343097 66.0033210980
183610072.1995010972 186.3301185722
183524855.6473729014 186.0887526626
183580710.2888246775 186.2853463943
179564401.7560976446 119.9928878269
183465574.6942679882 185.8334573860
184524123.0687831044 196.7204858887
190244562.4120371044 245.3753246963
193530301.6267926693 256.2722077668
193235894.5318173766 255.8469846547
193904807.5072590113 256.4577760994
177865748.2622731626 66.1223387049
179644591.7891186476 120.4686782744
179583296.2721582055 120.2746963926
192260099.0701042712 254.7682408094
177983064.9246366322 69.5463350225
181796083.5099155903 160.9425902287
183089213.7376741767 180.6749003160
183065994.3852792382 180.0174634385
184218955.2526575923 193.5905055034
184356175.2905213237 194.9871077764
177439895.1278718412 47.0419998933
177922198.4921751916 69.3397127126
177983512.4775331914 69.7653956982
178965157.7795695662 105.5286841528
178797691.7115290761 102.4513278078
190901220.4482350051 248.8529704809
177894163.8520561755 69.0770010395
179426268.3315351009 117.2457430914
179351719.8619036674 114.9416912154
177594927.3831529915 56.2747164795
179533251.4113265276 118.8818427758
184411803.3139588833 196.1786664951
190702624.7879024446 248.1794205904
184384393.7240992188 195.2937521873
177524625.7306883633 50.4824413642
177480511.4585811794 50.1186021253
193938208.8753032088 256.5442750752
192756656.7425133288 255.2895956933
192508697.3652431667 255.1997354925
177988937.6926428974 72.1541048927
184307917.2538419366 194.2742907036
184377996.3366253674 195.2732726562
192482439.6589300334 255.1893871725
177935714.2464865148 69.5219236376
178993230.9112734199 106.0797220919
190052073.2825415432 244.6717621684
190323446.5314703286 246.9927181005
179032585.5477863550 106.4762877449
177507462.6862848103 50.1321026477
182962319.8878981471 178.6208799708
184072979.7725672126 191.5550829399
178854501.3046827316 102.6178594604
192000503.3467984796 254.0076538026
191776453.2782419324 253.8125885427
183075957.3488993049 180.3352250087
195674139.2353349924 257.1886001527
179410230.3463735580 117.1975904724
179580214.1391115189 120.2561153129
181538343.0628339648 156.4030095264
178047251.2982073128 72.1748066821
179227568.7323479056 111.9240170673
179259693.7821093202 114.1686392382
193950774.5359190106 256.5549373925
184094500.2439390421 191.9958051670
190402719.9938522875 246.9997565746
178036594.4324140847 72.1624515952
184219898.7252862453 194.0506636131
191758865.7312766910 253.7752521932
178082726.4287553132 72.2565144920
177529355.3285233676 53.1976126263
189793095.7669799328 242.2710080221
190030141.2423090339 244.2907823920
189943712.0962206721 244.0421280265
193308947.8676095009 256.1302070916
193007790.0881327391 255.7590937614
195304425.1694365144 257.0273166597
178854985.2743771076 103.1337047979
183138720.3179220557 181.2499886978
183212806.2127981782 182.7748431916
189799020.9883601665 242.4817779064
189843784.8915626407 242.9950654507
181673840.8483272791 158.7005869672
182980803.0284702182 179.9624508846
179240445.6923270524 112.0173985871
183179967.0775727630 182.3673405404
177540157.8907640874 53.2801679084
181494727.8687479496 155.7832115931
190026238.5713182688 244.2339753509
177737524.6609216630 62.9262172448
183352108.8914156556 183.7879444713
183420922.7384102345 184.7153607959
195553707.6696825325 257.0431047380
189900962.2968168855 243.1594052911
190448901.0442320704 247.5505901277
191291270.3773083687 251.5027683973
181575018.4436903000 157.5721539410
183996465.5991995335 191.2944692600
184165432.2346185446 192.3495759180
195293074.9851941764 257.0158596933
179254572.4861293435 112.3100328955
189922120.4284202158 243.1898927987
193144876.5410614908 255.7677090168
195652239.6657385826 257.0536573827
189933260.2511368096 243.3608904779
178928569.7948374152 105.5281659588
183176461.4247651696 181.8044348004
192176697.4322402477 254.5089426935
192436752.8613437414 255.1018169820
181546944.4432650208 156.9612498805
192897541.9599742889 255.6254589558
192867501.6664018035 255.6028943062
179086479.6740087271 108.4601427672
179174873.6376974285 111.5369809183
191194594.1665949225 250.4227483571
179204939.4932157993 111.5627948497
182724748.7065698504 175.5624158325
179720508.5499598980 121.4408774316
179830119.4552879930 123.7949756069
178885049.5875402093 103.3699873653
179043446.5932011604 108.3915385231
179912285.9332165122 124.0689583013
191022783.7003788352 249.6694943905
192018950.0379229784 254.0283025205
179940317.3665915728 124.2209429661
179765206.6371265650 122.2620096848
183751742.2538311481 187.5772822614
179650985.0183910728 120.9918544480
191148160.9167483449 250.3414350748
192123234.6882568002 254.4651008546
179687857.1646004319 121.0800161140
181696117.9720113277 159.4119603559
192112374.4599176645 254.3538537920
181630640.9164105654 158.6023747250
183735119.0179685950 187.2626692255
179232937.9750379920 112.0045633035
184040582.7214673162 191.3592862118
190776483.7181387246 248.6705914438
190923847.4646532238 249.4747133255
184206441.6365742087 192.4103471863
195255592.3806188703 256.7859836519
183983832.6471849680 190.1071642063
195001070.8989532292 256.6265839040
179670414.0301145315 121.0112676995
188846178.1044833958 232.1375328385
191380313.7858228683 251.8748994768
191276068.6774020195 251.1120750606
188780296.1629906595 231.5287975603
179504739.6104982495 118.0029122608
182654871.5414807200 173.3745113256
191449303.7235200703 252.3850555420
182699607.6272492409 175.2113371732
182674701.0568752885 174.3747236674
177670477.4556267560 57.5211927098
192715562.9559119344 255.2392938137
183953475.9598031044 190.0330704064
183646679.2784659266 187.1880326982
188341305.0346360505 228.2817481764
195261634.6997289360 256.8355136812
179127997.0281631351 109.2120150533
182534625.3929905295 171.1613319035
183825073.7246266603 188.5418666413
177653878.1416873634 56.8867613541
177793388.3585384190 63.6185495778
189240646.3383439481 232.9753276557
177689234.4686713517 59.8735213710
188136723.8415123522 226.5813664877
188640089.0398813188 230.8361570173
188696963.4232389331 231.0837077209
182448238.5118910074 170.7297847386
177766049.4724493921 63.2748142181
191530354.9430267513 252.5910745561
177773291.6370998621 63.3509178927
182583372.7849020958 172.8441527005
182656437.2505476475 173.5353263135
182619460.3301779032 173.1002982374
188551075.3295038640 229.9001555451
182536899.9151009321 172.5788471814
182173708.2726581395 165.0735238577
177581777.4812429845 53.5843790384
182141653.7094081044 164.3959134658
179092740.5525578856 109.0268072600
182158644.4932695627 164.5941380868
182290074.5862026811 166.2352723266
188885434.7450866997 232.5455784649
177659433.3805218041 57.1605108619
182317477.6794329286 166.6047995185
182255993.6901525855 166.0153063323
188782809.6722490489 231.7299833149
181917264.6805424690 162.4758662368
188364564.9974012673 228.7160881766
189153098.4213522971 232.8707861975
177697517.8363254070 60.2738140395
181690509.0789793730 158.7254367435
181825946.6852811575 161.2532571937
182048666.6910318732 164.2635084476
181386796.8575950861 152.1917887234
188470614.5379907191 229.8647203454
186348252.2754443884 209.6433574795
177622705.6958012879 56.7966716230
188575207.1486817896 230.2090406426
178693997.7121495008 96.4125906152
186453997.8914000392 209.9178965455
186636049.2890242338 211.3450880027
186534096.1061193347 210.7418859974
186483684.9500997365 210.1012577745
178179294.7707515955 75.9806663875
185615942.8370579779 203.2594217369
185765953.2585189044 205.4720217893
185974854.6364856660 206.6192956798
185878414.2672211230 205.8191202514
185814652.9846513271 205.7965997093
185751081.7259251773 204.5894533031
185522783.6083395779 201.4051212034
178305275.2988978028 81.0520889500
189024648.9261289537 232.8413888365
188594108.8301263154 230.3066122540
185852516.7344864607 205.8046235105
178730724.5771211982 97.1856425923
181458695.8203551173 154.6264389844
185631979.3786858618 203.4916220865
178692784.1804950237 95.7437274236
185948899.0020996630 206.4426672430
185391476.4416429698 200.7498177885
178177556.1949710846 75.6937323325
178768943.9943214655 99.4896944684
178294038.9250303507 78.6928720464
178164828.0029079318 75.2761463486
185357054.6181503236 200.7156086041
178730429.8549395800 96.8397052246
178282549.4861952066 78.6563791925
182337448.9724872708 166.8733592567
178213224.2863503397 77.8248058032
178119824.8211488724 75.2550863453
178642881.2403658032 91.2493014832
178608130.5164305568 90.3845585736
178529216.2742387056 87.5677768982
178684761.1616767645 93.3400284348
178094390.4299132228 72.5215091006
178056085.4182497263 72.1815290420
178555295.4999641180 90.3622723913
178414555.6290215254 81.2965165538
178503963.4542526007 86.9835299971
178523134.5733314157 87.3211593849
178485471.8696833849 86.9604775370
178409728.5285765231 81.2535461472
181304909.0780419111 149.3164117825
178431938.9519059658 83.9193452881
180559433.7526762187 133.8920320496
180495768.0901917517 132.4876587019
180551375.1964181960 132.7107576077
180612869.4469113052 135.5647625551
180425474.5235273540 130.4282402596
181276005.6199185848 148.9100945536
181270686.1357065439 146.6407850664
181314868.1882196665 149.7101452244
181229184.8732103705 146.5908923855
181202450.6850615740 146.2674496198
180974684.0083220601 141.7398434075
181032663.6621361375 142.8305590866
181010335.9708765745 142.3732736500
180776429.1824058592 136.6942515682
180680969.3464127481 135.6918005576
180960864.6478134096 139.9590525129
180884397.2780228853 139.5496807488
180478776.6195122898 130.4439319466
180944728.5091646910 139.7161634081
180855160.4897108674 138.8971912804
188124914.3612551093 224.8958582588
180401784.7408117950 127.0506373025
180369303.3325092793 124.2889265577
189548519.4533161223 234.3139673397
189657642.1079232097 234.3592961952
189689269.9476446509 234.3659822643
189524777.0718072057 234.2440084144
187880729.8244850039 221.7923042857
187626769.1043433249 218.3386520230
187860969.7631503046 221.3154347026
187543463.8326840699 218.0287304603
187792054.9794122279 220.8030154788
187712623.6363948286 219.6936856591
187372387.2646679878 216.2476191305
187532333.2977587581 217.9589588427
187260102.0998051167 213.7201517409
187320660.0829512775 214.0403616213
187124205.4594805539 212.9363150446
187107170.5080115497 212.0048659974
187073259.5750117004 212.0031408117
