184538217.5057383478 198.9912394792
184266589.2711044252 195.1074280188
192077140.6556264758 256.2615485489
178033870.7152436376 77.9324936010
178303203.3095207214 86.9486374720
178451643.5005587041 89.8119127602
190459570.5555597842 250.8145053685
192545919.5386271179 256.7609455287
178385142.1016426086 89.5324642821
182910507.5369204879 180.0505884023
182756570.8486878574 177.2184596391
177711525.6969329119 63.1236431632
178239417.2449979186 86.4403797849
191112696.1957612336 254.3132793009
179550486.6811885536 121.2292176334
181735378.5911119282 163.9772736856
182481909.3643897176 174.7903778212
184327565.5511835515 196.8048338935
185824019.8164122105 209.7337675658
190374102.1034422219 250.3158062398
192353506.5603991151 256.5049138069
177322301.8237912655 32.2035252281
186215563.4880557060 214.0286264983
191660219.5441940427 255.4418194592
192189053.6724028587 256.4693968296
191804527.6366910934 256.0122487843
191480379.1945889592 254.7996050417
179804775.5943487883 124.9225703690
182171747.4677783549 170.7051692811
186188813.4763131738 213.6359440294
190337344.2342031300 249.9118681699
191737244.2042680383 255.7699759305
192786199.4037161171 256.9157392383
183826334.1761925220 191.2153244171
182509022.9759890735 175.1595277454
182761594.9316090345 177.4350483467
178759753.3631256819 99.7855286668
192525909.9995024502 256.7601909041
192422431.5303814113 256.6453999877
183655227.0853664875 189.7460238965
178127110.8267566562 80.9049224718
178154274.2668833435 83.3632759317
195755380.8111231029 258.2010389566
179299514.8595983386 114.9981644330
182281744.5411103070 172.3503052202
182644507.8380522132 177.0898917051
183941903.3797363639 192.8720875414
178117369.7711658776 78.5066478722
181960363.4739536345 167.6509597740
183904215.7366141081 192.0402755890
179027263.0838266611 108.9346366688
184007248.0956560373 193.3903526704
184274074.6665532887 195.1756410644
186075556.0292798281 212.1533567280
190943004.2549398839 253.8048183024
177979702.0416844785 75.1824970199
182227677.1765149236 172.0832416567
178012738.0258856714 77.9136863534
179656728.3117279708 123.6498857010
190443460.3791719377 250.4974773526
182056722.6432095468 169.9741982428
190491672.2702246606 251.1364217103
196120578.2205106616 258.2111655474
196196268.5479519069 258.2112540007
178060849.5009137094 78.0521551920
182356787.3411888778 173.3406726377
190112096.6604438424 247.8126744851
190186409.4055123925 248.9814838991
190064527.1398490071 247.2713085636
190341869.6546418965 250.1293635517
191181041.5619071424 254.4883431494
190905203.3568672836 253.6777085364
191644123.5999506712 255.3116720021
190290113.7642700374 249.8179809675
190824845.5365155041 253.0570687354
181874518.1714408398 166.5192853961
190865323.7237810791 253.2040143609
178792048.7060351968 102.4513278078
178993404.9830008149 108.6055355142
186016069.2061040998 211.3408481148
191635077.7477322221 255.1163554490
190401100.8277404010 250.4765191078
190396339.1401572526 250.4331925213
195711556.4817675352 258.1958669424
182376566.9305504560 174.3570755975
183530290.6243318319 188.2077927025
186156645.8778454065 213.5740662184
183891459.9411120415 191.5000654784
183737474.8279627562 190.7949754031
181841593.7433251739 164.5768017003
190510089.0309361517 251.2142624259
192016825.5008828044 256.0171821415
181843601.0051782429 165.3973188851
181892617.2131112814 167.0543775388
183578633.9916986823 188.9599016340
186022234.3673670888 212.0327386674
191249396.0251167119 254.5359896719
182762130.0274454951 178.3177562881
184184685.5975812972 195.0071379588
179052860.0278717875 109.1049091033
195581645.6999239028 258.1680389643
178084958.7468336821 78.4878980480
179226393.2782700658 113.5184510293
182414779.2439362109 174.5761807527
190601661.9098174870 252.0108007491
184125527.7636236846 194.4208920047
182030722.3787665963 168.8301569562
179166163.1108343303 112.2265623109
184060019.0732533634 193.7113413856
195547046.0482291281 258.1198264360
185682828.8465127945 209.0734748658
177996625.9264751673 77.6408504797
177916057.0680912733 72.5930931088
195389928.7211485207 258.0516821742
177921157.9367955625 74.8381300378
184173903.8615160882 194.7040243790
184280852.3475931287 195.3885874794
177905609.8148514032 72.2414438534
182200086.1902714670 171.5912507291
177849549.2968122661 71.7610261845
177878766.8187493086 71.7778576928
182054115.1005951464 169.6396271375
182156481.9888165891 170.6501422677
190526320.8616985977 251.3493184149
184082268.7693357170 194.3133146808
177837940.9763787687 69.9107140763
184043694.4716978073 193.4963443921
177473594.8297764063 47.7844802418
181988892.2910114527 168.0087591897
190717684.6626792252 252.6798144877
179774894.5760265887 124.5711157767
182353717.6691764891 172.7294167768
191041529.9363429248 254.2094410956
190944697.8781856000 253.9516111910
189592374.9970057905 243.3049399257
177781431.2672777176 68.7007538396
181944458.1265316308 167.0893238316
189893250.4821236432 244.6616291404
188712931.1053518653 234.4627492949
188732931.3056597114 234.5284297392
189742326.8837486506 244.3648390174
183599490.5260722637 189.0157728822
183437622.0923396945 186.2725777061
178769957.8734110296 99.8824816416
195462921.2962214947 258.0682891607
182598976.2671542764 176.9885054755
183595251.8603398204 188.9677367838
183443450.2134807706 187.1174521799
195097809.1372784078 257.7822502851
182876956.2767318487 179.7962874103
177769402.0571393669 66.2069549667
179412744.7765395641 117.4624554880
177469934.0307792723 47.1569523610
188737150.7629160285 234.6232879683
177715626.4251429141 65.6236499864
179985334.1107833683 126.9393963387
181869185.9497034550 166.1589940678
179256340.3482540250 114.6846648864
185586159.4965621233 208.4059364614
179657547.0227173567 123.7980637995
185565864.5657488704 208.3993911561
188618612.5189147294 234.0589719936
177741220.1273189485 65.6945089693
188541506.1640628874 230.9432789907
182850029.5597161055 179.7077340534
188768426.7059455514 235.8108984753
182802126.6892297864 179.2526539493
177594272.1144285500 56.9005961138
194862403.5945245922 257.5206632018
179103869.0039057136 111.6742926649
188771257.9373046160 236.5306821987
182827223.6827729940 179.4263192638
177365721.9608514607 36.3004902883
182604386.8233709335 177.0027700591
189067668.9133561552 238.5323892832
188993257.6756732464 237.9097400606
188859924.9679148197 237.0179013908
177356602.0751580894 33.6446995943
180066681.0288132429 129.6631606021
177703086.5936810374 63.0269638020
180145475.2039611340 130.0760463562
189091063.3231223524 238.8995983303
189095327.1269398630 239.2599723041
177619673.0473284423 59.8326884924
194755121.3936820328 257.4683753848
177555002.7934851944 56.4409363213
177594739.5628788769 58.9556019030
177698069.1183549464 62.7446198481
177814183.8451770544 68.7874522316
179994054.5532116890 129.6144987093
185506679.3483373523 207.1036608633
177370294.2220589817 36.3645760465
177317942.1822949946 30.5675957411
189891793.5670297146 244.4314967990
189142597.3425009251 239.2821454704
189463742.5167394876 241.5951616764
177344157.0469572246 33.5664097949
185629827.5340323746 208.6625752267
185492034.9200918674 206.9705075440
189364516.1027211547 241.0008805692
185410610.5345036387 206.2894086656
189676001.5020311475 243.4072124660
177361159.3736006916 36.1389708773
177706765.6886131167 63.0475872699
177391428.6339086592 39.2836396049
177650035.1434864700 62.5465461332
184923897.5382155180 201.4243311467
178707537.6443864703 99.7314290563
179075965.7513598204 109.5960502424
185077980.8116199970 203.2895488324
184906965.7338340282 200.6072351639
183089714.2578585744 182.0392889137
195072810.3930564523 257.7706526220
183123181.1429780722 182.4086371417
184917384.0067388415 200.8511772337
177389426.9400193393 39.0552068852
179590267.9357144833 121.4172927558
178726589.1474651098 99.7521425872
183167567.5210638046 183.1902066226
195122617.9999066889 257.7843774259
194783025.2619035244 257.4987372756
185022244.4912651181 202.2043113294
177542666.7265781462 54.0132651578
179772815.3249463737 124.5405493346
184842603.8905303478 200.5908983727
177506986.3696232140 50.7559052924
177425641.1656323969 43.9764899147
177470448.5320565999 47.4530520953
178916861.5065090656 106.1364245113
194739361.0230500698 257.2883106470
179145810.7006246150 112.0675616051
177384282.7205549181 38.7741754387
177436327.0639498532 44.5795018887
178849484.6421250701 103.3785997699
182986444.1404948235 180.4521609897
179121410.1557839811 111.7458821334
179500812.1191661954 118.3138185099
183232577.7917311192 183.8113262410
178948571.5113813281 106.3444588395
179007381.6227878928 108.6738740562
178879839.2386949658 105.5284316610
179468858.2717562318 118.0007686933
181491690.3550056815 155.3184871003
183267927.3543367982 184.3719467277
177408677.1740547121 41.3465122270
178689220.5592079759 98.6251491806
177512596.9480849206 53.2184032969
179510931.8845313787 119.6573198393
185011430.4390096664 201.4571653362
177553147.5923655033 56.2955054054
181435132.5175628662 154.7575035609
178773184.8566852212 101.6898862054
181386249.3525090814 153.3910470426
178644441.6202992201 96.6750387340
177479535.0721069872 50.1191037465
183379424.3547002077 185.2328858132
184761581.6719272137 199.0688974895
184764810.8090946674 199.2557703483
177439895.1278718412 47.0419998933
181538343.0628339648 156.4030095264
177540157.8907640874 53.2801679084
181494727.8687479496 155.7832115931
181575018.4436903000 157.5721539410
181630640.9164105654 158.6023747250
188341305.0346360505 228.2817481764
188136723.8415123522 226.5813664877
188364564.9974012673 228.7160881766
188470614.5379907191 229.8647203454
178642881.2403658032 91.2493014832
178608130.5164305568 90.3845585736
178555295.4999641180 90.3622723913
181304909.0780419111 149.3164117825
180495768.0901917517 132.4876587019
180551375.1964181960 132.7107576077
180612869.4469113052 135.5647625551
180425474.5235273540 130.4282402596
181276005.6199185848 148.9100945536
181270686.1357065439 146.6407850664
181314868.1882196665 149.7101452244
181229184.8732103705 146.5908923855
181202450.6850615740 146.2674496198
181032663.6621361375 142.8305590866
181010335.9708765745 142.3732736500
180776429.1824058592 136.6942515682
180680969.3464127481 135.6918005576
180960864.6478134096 139.9590525129
180884397.2780228853 139.5496807488
180478776.6195122898 130.4439319466
180944728.5091646910 139.7161634081
180855160.4897108674 138.8971912804
188124914.3612551093 224.8958582588
187626769.1043433249 218.3386520230
187860969.7631503046 221.3154347026
187543463.8326840699 218.0287304603
187792054.9794122279 220.8030154788
187712623.6363948286 219.6936856591
187372387.2646679878 216.2476191305
187532333.2977587581 217.9589588427
