193283300.2401273251 253.3398429751
194295231.0606871545 255.2037089765
184493967.2197097838 191.0201581537
191236644.7492319942 246.0350922868
191489812.0002409816 248.4410983324
177847979.6804806292 51.4718824402
182369937.3439570069 166.0183414226
178139577.7579631805 72.1402850028
177869082.6521478891 54.6493415750
177863189.0763302743 54.5773713735
178202754.5244396627 74.7694981945
178082456.0335008502 71.6847344452
178008850.8232350051 68.9813353714
177992722.1273962259 66.0248986596
180838223.8820668459 138.6418664083
181511361.3854719400 152.3753589139
182551626.0295132399 167.5481355195
188697140.5197249949 229.6286296555
189283609.2663349211 232.5605665296
177945087.4374701381 63.2127475107
180551375.1964181960 132.7107576077
182473458.4812124372 167.5446109926
185198101.8647857308 198.4502326392
188528487.5470754802 228.2863955208
191564734.2313253880 249.2340644598
191274132.8531979322 247.5079681575
182779252.0431369543 167.9624961024
185162138.6467960775 198.0811571895
185394000.9784546494 200.3611268102
188523622.4081863761 227.9591616102
192125188.4870795906 251.8652433455
180612869.4469113052 135.5647625551
180524830.0019086301 131.7962549733
182184273.5886850357 164.0060922061
182445789.7400767803 166.9096577321
184561772.4855071902 191.4463432699
191359755.0872296691 248.0894125700
194503462.4089565277 255.3273805082
180425474.5235273540 130.4282402596
178228497.2995986938 74.9998459889
181900771.0606293678 159.5652546993
181976385.5715278387 161.6754637471
182137190.5164213777 162.7355256235
191512474.6423011422 249.1989873648
194088253.9535538554 255.0940009058
193930007.0770896077 255.0360232294
182001055.3758696914 161.6803517794
192308241.3646641076 251.9015704691
193953873.6541976631 255.0663202703
182556738.0179845393 167.8321869527
182256304.7523701191 165.2044124757
178308834.4172271192 75.4670128743
178385250.4887729585 78.7124162199
178543260.2428937852 81.3782153609
181862479.0499085188 159.4627516475
182009390.1624374986 162.1273086225
185035480.7959060967 196.9012660801
185293752.3298321962 199.4372844973
184947990.2943919599 194.9598425894
188884840.2662816644 231.0875743412
196567260.0236919820 255.8455249071
178477968.6387763321 81.2945293071
178420296.6686676443 79.1295666626
178549269.5159665048 83.9829778950
181922748.7460108399 159.9660218512
182088844.4851581454 162.5348680173
185017452.0569038391 195.8033712327
196768587.8232361376 255.8568805456
178388278.4535572231 78.7492489340
181462279.4288500547 152.0116110943
185148051.8679727912 197.3650445759
185037801.5366995633 197.1008803665
191595838.1754311323 249.2506164312
193843715.1339336634 254.9148171842
178536977.8795778453 81.3551745843
178328101.9206590950 78.1859752903
181695191.1251899004 156.8453615336
181765884.9097595215 157.6886282717
181955551.5173323750 160.6301402779
184729613.0910752714 193.3125742681
184809681.0102450550 194.5614144623
192353933.6281783283 252.3256053030
184969515.9007533789 195.4481506914
181515625.7606769800 154.1475137594
181828364.1212791204 159.4577641641
184628729.9827739000 192.6598761498
184663412.6865930259 192.9610674798
193375728.0938290358 253.9481604397
181663017.3374447227 156.7859910849
177937750.3889877796 61.0433651301
178178113.2652448118 72.3059949844
181543751.8370847106 154.6557714465
189103202.8262090385 232.3724766754
178458504.6226824224 79.1860672328
178286188.2400853336 75.3830988376
184428799.4811822474 189.7811969041
192043688.8693877459 251.3490526378
196561155.0488803983 255.7081724405
177847419.7752875984 49.3453011921
177861244.7403812706 54.5489862934
177912755.7187662125 58.0746406675
184129770.5849250257 185.3333903851
184433103.6517688632 190.6780968725
184319242.3181124032 188.2632053315
177855984.2660925686 51.6724725470
179099632.0439540148 93.8081132996
191880980.2261607647 250.8817286193
191629458.8260683417 249.8642927110
178989436.6957073808 93.5287270576
178934494.4000660777 90.3826526304
178859576.4351280332 90.3774370991
181590977.8528272510 154.7354242430
184773906.1688062847 193.5605404404
191642336.5429153442 249.9427646399
193396643.8003568649 254.0581172407
183764582.8473228812 182.6382252528
193666969.7675951421 254.6873522699
178770300.1000877023 85.6680195093
178770396.0430110693 87.6663781293
181276005.6199185848 148.9100945536
178672167.8034839630 84.8754349117
181399811.4839386344 151.9822109235
188877519.9982226491 230.3324273285
181360727.5147160888 149.9749395144
184530530.9127877057 191.0896630117
188617639.7038502693 229.4307510563
188759468.8335074484 230.2488760062
192763023.9291031659 252.9817544520
191698671.1841195524 249.9490100443
177973597.3040675521 63.2464311946
183874265.2746419907 183.4848969329
181270686.1357065439 146.6407850664
178738201.3537057638 84.9383641839
181314868.1882196665 149.7101452244
189047625.2304496765 231.7794668906
177974015.2640152574 63.7091642710
191161949.2099456489 245.7114037573
196532518.3546778560 255.6097790003
191441563.7257272303 248.3304897249
184408271.3859140277 189.4434384474
184327084.0532560349 188.6333197871
181229184.8732103705 146.5908923855
191847416.9099243879 250.4523567259
188608120.3619603813 228.8495869868
193476234.0929147899 254.3709817827
192747510.6734708846 252.9088014662
184358600.6433768868 189.2202784637
188397874.7246439755 227.0190856539
193455563.7887341380 254.2616954744
180709520.8780245483 136.0545982531
188074477.3155904412 224.0257476874
180816499.9297944009 136.9207576789
184141236.7461028993 186.2978351334
191857539.0653094649 250.4937573969
193475950.1295759678 254.3229545057
181202450.6850615740 146.2674496198
180716983.4527716935 136.1969512509
180974684.0083220601 141.7398434075
181032663.6621361375 142.8305590866
183816787.9525002241 183.0793391420
192883972.0420449674 253.3219075501
192716316.3143442273 252.7074095309
180499649.6234204471 130.9054434708
181010335.9708765745 142.3732736500
180776429.1824058592 136.6942515682
180680969.3464127481 135.6918005576
184167406.4383783042 187.1174173573
183906713.4928735495 184.0699288725
180960864.6478134096 139.9590525129
184161441.2446203828 187.0904052475
183743661.4172683954 182.5410413100
192552715.3217263222 252.5073281825
183965324.6562836766 184.6966107645
192674657.6666968465 252.6796170771
180884397.2780228853 139.5496807488
180478776.6195122898 130.4439319466
183701613.6573925614 181.8650735045
183944960.7889181674 184.6465020933
192633022.1711039245 252.6489693224
183500612.8401891589 179.3815146648
183582410.3043132424 180.1210165786
188597497.3883053362 228.3434650608
180573043.0996256173 133.5194648317
183349816.8167047799 175.7947214209
183496962.8855548203 179.0314160549
183638314.8119885921 180.2671351789
183228970.1504611373 174.6654305421
183373705.8253842592 177.5021707379
183245961.5589158535 175.0622331547
188995214.8709370792 231.4331815325
180944728.5091646910 139.7161634081
185759377.2044376135 202.2067061862
180855160.4897108674 138.8971912804
183090912.4121307135 171.3738184849
183131615.5549717546 171.9082225075
188124914.3612551093 224.8958582588
180401784.7408117950 127.0506373025
183196429.7501656413 174.2867998591
183153247.4048625529 172.6984912863
183152087.4811615348 172.5521474591
188290203.3392253220 226.4366476246
189930939.8640530705 237.0381659493
185893551.0510798097 203.7501052224
185593473.7268885970 200.5904868226
185637304.7621643245 201.2375124078
196443113.8178440332 255.3714857697
180830102.0367066264 137.0721372066
189890961.3418223262 236.8870448098
180187939.5988041461 120.8776326129
183130613.2785744071 171.5753340631
190051316.0505939126 238.0357009396
180245698.3584987223 122.0482686631
188122352.2277811170 224.5191331812
190484298.1990987957 239.3919543028
190195413.3740738928 238.9579160437
190405034.3334353268 239.2551751360
188265851.1049843729 225.2485848077
190402446.2871974409 239.1660873890
190094988.9825370014 238.3915475830
189766481.0865742862 236.0266793892
190678580.7151108384 239.6530865431
180310473.4062160850 123.9575902324
180369303.3325092793 124.2889265577
189736775.1536165774 234.4173868597
189850447.4204154611 236.2984335348
191039619.1572653949 242.3285508454
180300948.4670453668 123.7533676481
180113299.1568282247 118.1004380004
180109572.8146249056 117.9355274610
180298191.2107113600 123.4141400180
189548519.4533161223 234.3139673397
191036858.3614659905 241.9258510172
191090731.4515723586 242.4798658192
190854797.7584320605 241.0877745748
180279936.6815042496 122.6183290052
180138220.0185822248 120.6761183611
188005901.0273916423 223.5893068620
190955526.2287918925 241.3959908783
191098596.7564863563 242.7892897427
180001920.9476541281 115.3823167238
180114841.3674018979 119.0833581559
179966835.6643937826 114.5950613174
190987693.7453505397 241.6197068393
190739133.7176555395 239.9826316833
190627761.8363126814 239.4290352762
179927811.1789698005 111.7630921461
179288699.0235530138 93.9042914655
179764005.1386848092 108.9491112980
189657642.1079232097 234.3592961952
189739706.5226102471 235.0309360921
189689269.9476446509 234.3659822643
189524777.0718072057 234.2440084144
189739120.6408013701 234.4357959554
189441530.4822914898 233.3094528839
179997628.6568757892 114.8004173940
179221165.3049777150 93.8695153144
179737554.6197848916 108.8668688955
179824450.6855242252 111.5179574642
179716762.0574121475 105.9825001511
179690687.7220716476 105.3637497577
179799851.0535224080 109.0938924353
179713927.8290026188 105.4731962147
187902686.0860121250 221.8236241945
187880729.8244850039 221.7923042857
187626769.1043433249 218.3386520230
186032614.4940244853 203.8644432808
187860969.7631503046 221.3154347026
187543463.8326840699 218.0287304603
187792054.9794122279 220.8030154788
187712623.6363948286 219.6936856591
187372387.2646679878 216.2476191305
187532333.2977587581 217.9589588427
187260102.0998051167 213.7201517409
187320660.0829512775 214.0403616213
187017845.1936551034 211.3181731551
179676355.3375542164 105.3627035084
187124205.4594805539 212.9363150446
179644870.7751463056 105.3183151003
186962083.9165687859 210.9905782419
186939349.3589277565 210.4589051085
179629064.5898212790 104.8347662265
179509252.8630625606 101.6372457040
179591737.9422336221 102.6446926816
179303522.8386848569 93.9989815843
179515595.2449679971 101.6972994150
179411014.4926834702 98.6201955618
186783267.9932135046 208.4987819272
179345721.9130669236 95.6893899308
186667748.4303089678 208.3673704344
186785925.3433091342 208.5494225102
187107170.5080115497 212.0048659974
185734199.0591981411 201.2581519867
187073259.5750117004 212.0031408117
186821548.7062686384 210.4341756183
186355632.1753328741 206.1021003502
186580596.8785866201 207.8044302243
186450677.5124327540 206.2703152674
186587888.5484220684 208.0214814919
186520013.2645100951 206.5308065570
186217385.6577313542 204.9642797566
