190790216.8419177830 252.8010605872
192278309.5881827176 256.5323107243
192985139.1100618541 256.9898905754
177692748.9824504852 62.8276050104
178748274.0791611671 102.8612395841
179054744.8461794555 110.6059103522
179063814.2681982219 110.8937495842
192386735.1837042868 256.6720697880
191351777.1991956532 254.5794378817
191729521.0293855965 255.8862288296
178814067.1232236326 105.4466160396
190267588.8364992142 249.9343710542
179018825.8089614809 109.3009893790
191395405.8416992426 254.8506402075
193010253.1017186344 257.1917438507
190072993.3516659737 249.1791793406
182016828.9419580698 169.4659405557
178879423.2780530155 107.8166457310
191579142.0135592520 255.3538792431
177943706.0606641471 74.9416599381
190884376.0509118736 253.9529198706
192073594.1517805457 256.4094081223
192425501.2603207827 256.6850390434
181959589.4926896393 167.4749816862
191051964.8737731874 254.4163996279
178728363.3641330898 102.7377108231
189605849.5510326624 245.8014919162
177898874.6544510424 72.1695965499
191480187.5579909384 255.3112380803
181711610.8339254260 164.2447902170
189442002.5935941637 243.7306033075
191579527.9049880803 255.5023291409
183043330.6777466238 182.3778827614
191111191.2110439241 254.4954959452
192440592.9305929244 256.6983392239
178602125.2779032886 99.0115335840
192451982.7296629548 256.8506486416
178656762.7422496974 102.0884533091
190999649.4961732328 254.3259269297
185384243.3167539537 204.4008312793
177885415.6005141437 71.8814175599
190446775.2980934680 251.2807256281
182882487.6496506035 180.6108696790
179735754.0247423351 124.3216994870
181663235.5174812675 160.8387472314
189296896.7206965983 240.4702379704
189552341.1525393426 245.1247918606
178755500.8635927141 104.7395418778
189713720.8298200667 245.9699945152
196325134.9998261631 258.3181864023
182811286.7389584780 179.8224500151
189315224.3957700729 241.9173344076
190169598.1804561019 249.5939156115
179629852.9444588125 121.5986986009
185078236.9214509428 203.3787527354
191689871.5307463109 255.8265230954
177987175.7740183473 75.5219541364
182728805.5947314501 179.3141923280
185020588.1801904738 203.3030311148
194026144.0872920454 257.4397009313
184759490.5407682359 201.3291750820
178004648.2120769322 77.9149681888
178485197.0956567526 95.4609937176
181694286.6180324256 161.8645722178
182717843.6259228885 178.1497677894
177987098.9537081420 75.3876526234
178594982.6266125739 98.8164686857
181973326.3622650206 168.0391662543
183883483.2267429233 191.5558026148
189387097.9836283624 243.3427496552
178553754.2871707082 95.6358920440
178556047.6169827580 98.5380975708
184466465.4870292842 195.9141356260
189519524.9862891138 244.9212687016
190984025.4880376458 254.0772749484
196233578.1211822927 258.2915912867
195935786.6286138296 258.2575572729
178480727.6881213188 95.1739583120
181822948.2848625183 166.6172054290
181828920.6409077048 166.8970943895
182561322.7927841544 175.8794496389
184481056.2469014823 197.1372000486
192175477.2491844893 256.4693968296
178470089.8472434580 94.7051076922
182593876.5273831785 177.4539022179
189740859.2686299086 246.0612648427
178452663.6963817179 92.6503968101
179203967.5276477337 112.4473446421
183294308.7824443579 184.5210835853
189423914.1251221299 243.4956831336
189489897.0280552804 243.7564607859
184952564.3345677555 202.1937889518
189792785.1131179333 247.1723453104
185166039.9564587772 204.3776594074
184841325.2764555514 201.4729041280
184888954.5495676696 201.8153642932
182121061.7348400652 170.1649155227
182684505.6788739860 177.6446194978
193745781.2569563091 257.3926437795
183356969.9875001311 185.1663290778
183363918.6745631099 185.6410178462
183992014.0119040906 192.9730290923
182134531.8410818279 170.3060718981
179819845.1516875625 126.4409650418
184593238.6093358696 199.5107258232
178446172.7846476138 92.2556735283
183948908.5521977246 192.9098170431
193421825.4221349657 257.3439520299
178331780.3469062746 89.0647403628
182107916.7131392658 170.1448366848
184496434.9704181850 197.4951164037
193260151.7370460927 257.2572580278
184746462.6944349110 200.5934770667
178388004.5760954916 92.1418442160
182166746.3054672778 171.4163055030
179772831.2981411219 125.4643221347
190373242.5079123080 250.5528638959
190382610.5825706720 250.9984591603
179577835.6587960124 121.4036026387
179761031.4020088315 124.8497867436
186390179.2014765143 215.5543900099
178358519.0308080316 89.4310801531
186350909.6079384685 214.1848773331
183347162.5527179241 184.7538848439
193194075.2288877666 257.2016149461
177900969.6766920984 72.5641285962
177965512.8448550403 75.3174232123
177315752.9859885275 30.4916228742
183918565.6797990203 192.2302837813
179285472.5969964862 114.9318533402
179836681.4596142769 126.8426774592
179830689.2308040261 126.6335800344
190436361.6174757183 251.2047920227
177306698.8093411326 26.8187459025
177912319.9502746761 74.8381300378
177841298.4414527714 71.7610261845
177951625.0990553498 74.9478964296
195758287.7889017165 258.2121385336
184718914.7096631825 200.3823072821
190808352.7149554193 253.5279640257
178374972.2100731432 89.5175085842
190574076.5799310505 252.1593772471
190516856.5136160553 251.5648738444
184538217.5057383478 198.9912394792
178303203.3095207214 86.9486374720
178385142.1016426086 89.5324642821
178239417.2449979186 86.4403797849
179550486.6811885536 121.2292176334
185824019.8164122105 209.7337675658
177322301.8237912655 32.2035252281
186215563.4880557060 214.0286264983
191804527.6366910934 256.0122487843
186188813.4763131738 213.6359440294
178127110.8267566562 80.9049224718
178154274.2668833435 83.3632759317
195755380.8111231029 258.2010389566
183941903.3797363639 192.8720875414
178117369.7711658776 78.5066478722
183904215.7366141081 192.0402755890
179656728.3117279708 123.6498857010
182056722.6432095468 169.9741982428
182356787.3411888778 173.3406726377
190341869.6546418965 250.1293635517
178993404.9830008149 108.6055355142
195711556.4817675352 258.1958669424
182376566.9305504560 174.3570755975
183530290.6243318319 188.2077927025
186156645.8778454065 213.5740662184
183737474.8279627562 190.7949754031
183578633.9916986823 188.9599016340
178084958.7468336821 78.4878980480
182414779.2439362109 174.5761807527
184125527.7636236846 194.4208920047
179166163.1108343303 112.2265623109
184060019.0732533634 193.7113413856
195547046.0482291281 258.1198264360
185682828.8465127945 209.0734748658
177996625.9264751673 77.6408504797
195389928.7211485207 258.0516821742
184173903.8615160882 194.7040243790
184280852.3475931287 195.3885874794
182200086.1902714670 171.5912507291
177878766.8187493086 71.7778576928
182156481.9888165891 170.6501422677
184082268.7693357170 194.3133146808
184043694.4716978073 193.4963443921
188712931.1053518653 234.4627492949
188732931.3056597114 234.5284297392
183599490.5260722637 189.0157728822
195462921.2962214947 258.0682891607
183595251.8603398204 188.9677367838
183443450.2134807706 187.1174521799
195097809.1372784078 257.7822502851
177769402.0571393669 66.2069549667
179412744.7765395641 117.4624554880
177469934.0307792723 47.1569523610
188737150.7629160285 234.6232879683
177715626.4251429141 65.6236499864
179256340.3482540250 114.6846648864
185586159.4965621233 208.4059364614
179657547.0227173567 123.7980637995
185565864.5657488704 208.3993911561
188618612.5189147294 234.0589719936
177741220.1273189485 65.6945089693
188541506.1640628874 230.9432789907
188768426.7059455514 235.8108984753
194862403.5945245922 257.5206632018
179103869.0039057136 111.6742926649
188771257.9373046160 236.5306821987
177365721.9608514607 36.3004902883
189067668.9133561552 238.5323892832
188993257.6756732464 237.9097400606
188859924.9679148197 237.0179013908
177356602.0751580894 33.6446995943
180066681.0288132429 129.6631606021
177703086.5936810374 63.0269638020
180145475.2039611340 130.0760463562
189091063.3231223524 238.8995983303
189095327.1269398630 239.2599723041
177619673.0473284423 59.8326884924
194755121.3936820328 257.4683753848
177555002.7934851944 56.4409363213
177594739.5628788769 58.9556019030
177814183.8451770544 68.7874522316
179994054.5532116890 129.6144987093
185506679.3483373523 207.1036608633
177370294.2220589817 36.3645760465
177317942.1822949946 30.5675957411
189142597.3425009251 239.2821454704
177344157.0469572246 33.5664097949
185629827.5340323746 208.6625752267
185492034.9200918674 206.9705075440
185410610.5345036387 206.2894086656
177361159.3736006916 36.1389708773
177706765.6886131167 63.0475872699
177391428.6339086592 39.2836396049
177650035.1434864700 62.5465461332
195072810.3930564523 257.7706526220
183123181.1429780722 182.4086371417
177389426.9400193393 39.0552068852
179590267.9357144833 121.4172927558
183167567.5210638046 183.1902066226
195122617.9999066889 257.7843774259
194783025.2619035244 257.4987372756
177542666.7265781462 54.0132651578
177506986.3696232140 50.7559052924
177425641.1656323969 43.9764899147
177470448.5320565999 47.4530520953
179145810.7006246150 112.0675616051
177384282.7205549181 38.7741754387
177436327.0639498532 44.5795018887
179121410.1557839811 111.7458821334
179500812.1191661954 118.3138185099
179007381.6227878928 108.6738740562
179468858.2717562318 118.0007686933
181491690.3550056815 155.3184871003
183267927.3543367982 184.3719467277
177408677.1740547121 41.3465122270
177512596.9480849206 53.2184032969
179510931.8845313787 119.6573198393
177553147.5923655033 56.2955054054
181435132.5175628662 154.7575035609
181386249.3525090814 153.3910470426
177479535.0721069872 50.1191037465
177439895.1278718412 47.0419998933
181538343.0628339648 156.4030095264
177540157.8907640874 53.2801679084
181494727.8687479496 155.7832115931
181575018.4436903000 157.5721539410
181630640.9164105654 158.6023747250
188341305.0346360505 228.2817481764
188136723.8415123522 226.5813664877
188364564.9974012673 228.7160881766
188470614.5379907191 229.8647203454
180495768.0901917517 132.4876587019
180551375.1964181960 132.7107576077
180612869.4469113052 135.5647625551
180425474.5235273540 130.4282402596
181276005.6199185848 148.9100945536
181270686.1357065439 146.6407850664
181314868.1882196665 149.7101452244
181229184.8732103705 146.5908923855
181202450.6850615740 146.2674496198
181032663.6621361375 142.8305590866
181010335.9708765745 142.3732736500
180776429.1824058592 136.6942515682
180680969.3464127481 135.6918005576
180960864.6478134096 139.9590525129
180884397.2780228853 139.5496807488
180478776.6195122898 130.4439319466
180944728.5091646910 139.7161634081
180855160.4897108674 138.8971912804
188124914.3612551093 224.8958582588
187626769.1043433249 218.3386520230
187860969.7631503046 221.3154347026
187543463.8326840699 218.0287304603
187792054.9794122279 220.8030154788
187712623.6363948286 219.6936856591
187372387.2646679878 216.2476191305
187532333.2977587581 217.9589588427
