152226213.4037614167 129335.2498966455
152655730.5450685620 142410.9668164423
155593175.0084085763 225613.1756148338
155452209.5049371123 224001.5040709972
155106939.8979451358 212699.7474154234
155132643.6716171503 217734.2174404860
157574578.7511900961 272442.7353919148
157673735.3172422647 274966.7039289474
164684354.9859840274 376847.3310418129
164368150.6099795401 373229.4194064736
173677668.1152141094 493461.5721130371
173732831.3757323027 495337.6040954590
173764818.5358537436 496668.5240173340
173530526.0125110745 490168.6965026855
178196961.6181619465 527323.0649414062
178243479.7596835494 529490.9965820312
151929149.6930636764 108241.6130728722
152567155.2884550691 141610.7366353273
158787801.9147244990 293364.3713158965
173648392.3142409921 491660.0968933105
173659377.2675820589 492910.8918762207
175280165.1881298423 511340.5251464844
176282940.8225616217 518944.0781250000
177991111.3545269370 527168.2973632812
177536271.1170047522 526931.5810546875
151991137.7493145466 113768.6421179771
152452798.5845514536 138035.3752824366
163088303.3252474070 358411.1109828949
164214751.5287486911 371888.7172784805
164408143.1861679554 374894.3026332855
176088476.9207443595 516517.5688476562
175816326.5272327662 514781.5949707031
176142750.1926500201 516559.3630371094
158591768.8826043010 291152.0880013108
158338097.5325193107 286588.5922757983
158870335.9373342991 293564.7339974046
173551519.5027570724 491370.2913513184
173444019.3744184971 486017.0038452148
151874263.6421572566 106145.4268260002
153830478.4821112454 177821.0911978483
158125579.8777087331 283752.1694893241
158187861.5759028196 286127.9490852952
157811623.9411772490 276373.1371669173
163999068.0217470527 371354.7372035980
174371240.0390225649 501300.5477600098
175536816.1868767142 513489.4538574219
151899717.1536246240 106513.5425584018
151824449.0090346932 105970.6880164146
153819531.8003583848 177766.7761687040
157901337.6887966692 280894.2609260678
157867872.6130480468 280133.3259273171
157818037.6724315286 279436.4178013206
152036372.7230830789 120002.5721389949
152402868.4910090268 135693.9078856707
155064007.2931340933 211274.0001517534
158266629.0943002701 286353.6689448953
160366732.7830734849 314429.6187515557
160219446.7093906999 312143.6004450321
163540816.9677843750 365078.9515590668
176508641.6351262331 520435.8063964844
177340163.7383347154 524798.2250976562
160508974.1358033717 315248.9806635380
160108620.1015219390 311935.1726148129
154085988.9804458618 184990.8099387884
157507419.8203081191 271911.1259320378
159830500.7886408269 310529.4727594852
160000151.4633869827 310845.8954188824
163913095.7835178673 368886.0156183243
182024548.0852678120 542743.1909179688
183043343.2198722064 544494.2456054688
157570873.0658758879 272277.9259741902
157659200.6247321069 273299.2500098348
153907718.4147707820 183916.2702033520
157439639.7363601923 271854.5769141316
157404119.4820434749 269617.6521813273
174092954.2747171521 498444.1308288574
174234252.4402397871 501220.0693054199
176891905.2924766541 522315.0200195312
181461510.1437839270 541407.6855468750
182582661.4960426390 544251.2758789062
151928769.8963279128 106772.2544682026
151801176.5961041749 100466.3816275597
152098608.1969681978 126786.0993412733
152387202.9075901210 135514.0370218754
153650976.2956586480 177051.7935026884
157138650.5129531324 264089.9581214786
159409352.7860930860 303916.3114345074
163755062.6942150593 367582.9016823471
152207461.8520210087 128133.3819829226
153743537.0109305680 177107.8763413429
159076991.1740735769 297244.1361134052
176522243.4613984823 520734.0761718750
159270622.0658670664 300620.9747728109
163631894.5384424031 366102.5466518402
174018629.4267084002 497405.8527526855
174644579.8228195906 505702.6500549316
181831509.5160502493 542726.5852050781
152106736.4111448228 127613.4613918066
153720092.6289846003 177069.4111784697
159337372.6828649342 301444.9441298246
177045814.1501330435 523865.1494140625
176798116.8115417957 521758.3063964844
181703752.9681853056 542494.5209960938
181337510.3229452372 540624.1230468750
157021851.5560161173 259959.9424974322
152881298.3831239939 153959.7677077055
157047622.5022688210 260208.2682986818
157087152.9631706476 263906.3616868854
156829448.0191222429 255569.6282704473
159215022.0167241395 300546.8794466257
174170312.0167251825 499485.8990783691
174642391.1783699989 504164.3749084473
176589986.9795610309 521324.3293457031
183656002.2010496557 545301.7597656250
152161282.5738556683 127826.1349269152
156832475.2606483102 258274.1011888385
174395053.3214961886 503073.2627868652
158972713.4807475209 296651.4709617496
158907043.1648863554 295925.9348665476
162890254.7856303155 354624.5792617798
174520162.6439495087 503465.4199523926
154770940.2232518792 205179.9910610914
158468437.4739807546 288066.4639192820
163184101.0036574006 358500.0195140839
162758556.0646407008 352328.3229141235
163616878.2469651699 365601.7750625610
175893148.9658135772 516002.4077148438
163512480.9792955220 364495.9062480927
152337752.5699204803 134732.9219392538
174751418.8153774738 506534.0754699707
183815585.5465016067 545479.4829101562
174551166.8402537704 504064.9062805176
177132845.5978446603 524385.9191894531
183471969.1570732296 544971.5229492188
152954177.5294868648 155300.4268034697
175892187.6933835447 515400.5822753906
156827249.3664852679 253822.0518923998
155941792.8456624746 236289.7237784266
156397606.9694530368 245500.5983522534
156232116.8686717153 243518.3065430522
163319858.3603935838 360238.1759748459
174811935.5270311832 506968.9609680176
183406432.7363136113 544943.3730468750
153534236.9083008468 170193.1083841876
156350842.7085904181 244417.0244385600
181561285.1017720103 541875.5861816406
175405236.8278407454 512040.8077392578
175118587.6919062734 510159.6587219238
152071534.7669717968 120862.0143162012
153570373.0217865705 170195.7376813889
176974135.9713155925 522829.4321289062
181821773.5540003479 542661.7937011719
155013188.8551559746 210983.5651924610
163606995.3661088943 365417.6839809418
168886823.0868531466 431701.7839779854
181603554.4645024538 542252.9589843750
182137287.8813596964 543300.8181152344
182373947.9651193619 543732.3559570312
153599515.9849928916 170215.1892627971
175595078.6486201882 513796.7246093750
182427579.2102199793 544013.8178710938
155343202.1714411974 218699.5687588453
169512459.0576239526 438704.9331634939
176463598.4246573448 519774.7199707031
183024186.5291640162 544396.3444824219
153010504.1184489727 155529.7510832548
169322286.5472509265 436014.8975033760
175332339.1295354366 511508.6268310547
154451304.5989613533 196199.2692106962
154929474.8564963341 210871.0199307203
156281041.6852688789 243661.9676758647
176207298.1992161274 517078.7014160156
182827582.7514576614 544335.1567382812
152042406.8834285736 120696.1477378607
176017605.4560024440 516231.7604980469
156804265.4370116591 253418.1462027431
178589402.2232867181 529741.2172851562
179038482.1129120886 531632.1398925781
156656743.9327666461 251564.8622071147
156083336.8435362279 236892.4997161627
179502159.5005162656 532433.4775390625
156031131.0948233604 236444.2997649908
156139749.9611736238 237389.0410901308
169021037.0194301903 432168.7270932198
179542366.6192870736 532662.6567382812
153233590.0152719021 162731.1481169462
154612977.0199339688 201866.2021068335
169766461.2994948328 440469.2370533347
169566118.5013010800 439363.2639930248
153278794.2453610301 165160.9707487822
153104744.3796091974 161497.4863737822
155797157.6152886748 230973.2506411672
153071126.5324307680 159939.8704069853
156099205.5565762222 237247.0594006777
178839275.9071908593 530150.7343750000
178984001.6618326306 531459.0017089844
178950947.7337371707 531309.6350097656
156060861.3749708235 236628.8721753359
154460364.0606156588 197042.5625439882
178840567.1652626991 530749.8637695312
162672039.1107647121 351341.3948484659
153243158.4829997122 162938.0974577665
154891172.7393067181 209098.6221449375
156212140.5314559937 239911.6704756618
164509825.5081683099 375829.1086521149
180641883.0946631432 536520.8674316406
156164337.1945992708 239787.9008495212
168861914.6782058179 430633.2489600778
180283685.5673254430 533703.8342285156
154994184.9335791767 210898.5340908766
180240220.0831730664 533465.8189697266
180413371.6484780014 535597.1159667969
180461362.1652668715 536063.4611816406
180963835.8891357183 538175.5539550781
154369678.1364322901 195270.2738369703
162658035.6443871558 350614.1292234659
168944739.9352336526 431901.5799949169
180891342.1364725530 537902.3796386719
180667769.0084466338 537612.2861328125
162138597.1731094122 342884.4801519874
162562452.6390933692 350392.2957273722
169300373.0912278295 436007.7059063911
162128089.4148183465 339845.4430621862
162434322.4573363960 346494.6902390420
170566677.0085813105 445492.3328061104
155127423.2967733145 214122.2807389498
154642029.4847543538 203054.0262783766
154565604.1773534119 199381.1022061110
154807720.6188139021 207162.3204678297
170142228.4822500944 443854.1052670479
170304535.6827725768 444676.4734311104
162962047.5529596508 355280.3367080688
170469546.7177377343 444937.4747738838
162392264.8384699821 346419.4461790323
162977361.1588198245 355535.5670711249
169898004.0272314847 443269.3826107979
169702530.4956396520 440103.8105282784
169378875.3473118544 437787.6045346260
153016032.3868169487 156346.9315643385
152398956.5351277590 135551.4400776625
152515594.5858569443 139918.8006245270
180303207.8069725633 533998.4355468750
152838945.5827268660 151952.0372772291
152814503.8936954439 151049.2463949099
152682618.4210441709 144792.7528867796
152667558.0868304074 143700.0174488202
169037206.2158968747 433314.2747972012
153067940.5740154088 157611.8516334668
152755276.3640064597 148854.9471234083
152826454.9662520587 151074.7532308474
168884552.0152043104 431135.2300888300
152722810.9960464835 146359.8598426953
168657558.2151792049 428964.0776469707
168572658.9445112050 428213.4409042597
168508794.5716276467 427294.8910499848
166634198.8025383353 400044.7187212706
168496298.7272238433 425383.2819801606
154159449.5346661508 186281.1832624078
154289015.5805308819 187661.8285421729
153896389.4802104533 179549.1685623527
161682676.4611071348 332565.7223190069
161607464.2503388226 331133.4615121111
161855237.6583838165 334179.5946990252
161660894.8206506371 332512.9270839691
166509464.1638116539 399839.5450581312
168177749.5917325020 421668.9968544282
161400140.2785093784 325095.8814421892
161885366.6765929461 335455.1450796127
162041510.4827420712 335838.2634001970
162057478.0685335994 338097.0755205154
161261118.0529661775 324409.2884033322
161513313.9953748882 329354.5951502323
161204379.8999545872 323096.1046717167
166646700.7781314254 400397.4138706923
161066456.7478537858 319197.5793339014
160942997.4500288963 317911.8349334002
166970839.8566791415 404084.0858677626
166975135.3106529415 406863.3383091688
167860392.5524475276 418035.5269122124
167947342.3520925045 418138.6790080070
168193718.6809082329 421902.4473814964
167254527.9866679907 410417.0873622894
167196391.2501991689 408566.6941771507
167460850.3273872733 412065.8218932152
167708501.7197700143 415068.0831236839
167579616.3383484185 414824.4825377464
168101871.4380870163 420484.6853744984
167648695.5056262314 414875.2649368681
161177667.4274749458 321552.3776429892
161038595.0384679437 318394.5205054283
172581489.9404724240 449610.9583653212
172619070.4211759865 451460.1429466009
172754913.4746760130 454424.6738914251
166137019.2963384390 380997.4215215234
173179390.9969774783 457477.6861194372
173107648.5453750789 456002.8487170935
173175802.0632436872 457073.3108752966
173257802.6139726341 459472.4978870153
166124223.4339357913 380163.2175136805
165978006.2073238194 377445.2790738344
