176202291.3706859648 527181.7529296875
175797924.3948028684 523161.2856445312
181791497.6335909367 552100.0869140625
151635068.3460900486 99076.6174559779
151664566.5399803221 99573.7037788630
153347235.3179990351 172668.0619882941
155563113.4725414515 230275.8324108124
155673552.2673085034 231957.8635778129
181393972.3064582348 549623.9235839844
181793256.3821671009 552195.7451171875
181652719.9473574758 550655.4814453125
151773152.5283598900 114114.0464366078
151913155.8237271011 120443.9130810220
157637266.5483774245 272396.6268991232
158896739.8599630594 301696.5411552344
173574822.1179452538 504911.6622753143
174800537.3207859099 516989.2456359863
153641972.4447908998 177025.5394314528
151814882.7901236117 118824.7066534478
152526947.2581951320 149185.4622830153
153153158.0333862603 168945.9115628004
153105154.3030829132 163201.2982836962
159266029.5092268288 307741.2178509235
173938300.9401139617 508406.2157592773
173955357.1815274358 508783.5951232910
176090529.1166942716 526582.3311767578
153136798.1926207542 165433.5723787546
155623712.0635906160 231781.2896629572
159264784.3313606679 307692.3604310751
164538613.6642014980 391675.9994497895
164271687.6683744192 385077.3314758241
151627194.6357722580 98638.3840822373
157649040.6893569827 273440.8475259542
164352065.3116608560 389753.8607726991
164846910.2382537723 395227.2623450458
181315417.9589746594 548980.7941894531
173387553.6065176725 500903.0380249023
173488699.7770140171 501780.6076049805
152092416.1362912953 128396.3752571065
163504363.4573154151 374844.6541516781
164731712.4616086483 394090.9751283973
164681699.6442764699 391894.9828040302
173719388.7265584469 507205.3113403320
174962093.7219700217 518207.1004638672
176293861.0542782843 528585.4985351562
151599019.1019434631 91114.0042547770
163536383.7535415292 376346.4505086541
163874974.6014419794 382648.0022962093
164758385.0763826370 394307.5256219804
164962067.6532004774 396295.0030677021
174757861.1958384514 516911.4999084473
176574976.1798020303 530498.7666015625
180927901.6206415892 547301.4753417969
164924431.3852067888 395958.7633307874
163959677.7552100718 383269.8215858387
176234392.7330739200 528139.3542480469
177066065.1397757232 532574.3552246094
164890201.0947758853 395355.3541087806
151715159.4895565808 112667.0375927407
155252793.3612895012 223925.3897606134
164313096.0069957078 388355.0995032489
176900601.0181053281 531091.5654296875
175829532.6038329303 525304.8970947266
152002067.2612535655 126495.8512215316
180830675.4034737945 545915.4836425781
174610673.8452937603 516773.3292846680
174970884.0449189544 519418.1277160645
173877643.4034267664 508312.0985412598
174086268.0506649017 511135.0519104004
164308155.6641214192 387240.9161536396
174251479.2411332726 512079.8094177246
175238442.0689152479 520870.3421630859
175144912.2740413845 520182.3520812988
154777129.8620327711 211286.1709914207
174058246.1269427836 510578.0869483948
174500775.1931737065 515144.1805725098
174884687.2585244179 517937.5946350098
174546429.5524007082 516334.9032287598
152446427.4260268807 146448.6106289625
174312921.3341403008 513549.4396057129
164487417.4507763088 389820.0808717391
174400633.4935571551 514328.1009826660
176716487.4737626910 530949.0068359375
176496194.0350846052 530093.6015625000
154888521.6773804724 211617.4137132764
151632631.4527776539 98668.7315825112
152609203.1583741903 153265.0257900953
166056706.2734501660 406897.4911903739
165513965.2590620518 401082.5931449533
166519451.8755062819 411834.0005989671
181158754.1643851399 548800.0039062500
158067930.6916658282 286286.2005685568
164027702.6185145676 383997.7184845209
166327073.5888488293 411085.1745319366
181688962.2105851769 550813.9907226562
151611538.9436285794 98412.3877132721
152526589.5176985264 148802.0416897535
152727715.2476747632 154769.5973678827
152387238.2855136096 145450.1834408045
166227725.3344757855 409783.2684120536
154820028.3395977318 211518.4485853314
176899394.2799708545 531006.1928710938
177362576.2913109958 533972.7072753906
158682268.2570890486 296548.0501779318
158281441.3528427780 288898.9752267599
158427320.7066126466 294202.8123849630
165430693.3667926788 400893.0877400041
176462798.3654702604 530015.4814453125
181105582.2961060405 548191.0593261719
158466128.5841754079 294251.8941720724
158136541.7879577875 287533.2133429050
166308014.7676675320 410892.3630411029
175800723.2345253825 523261.8242187500
158705538.9159748554 297909.5910284519
164079767.3649645746 385075.4450466931
166204931.3781913817 409451.6954140067
166403148.2563868165 411660.4776599407
165761051.4685208797 406390.6974413991
166168786.8748241067 409085.6475624442
165764387.0496553481 406549.7496132255
152582627.1501001716 151171.9016977549
165572148.9815085530 401873.8480761647
158532325.9574528337 294258.9454386234
176167567.9457855821 526718.4885253906
165613858.7351944149 402785.5941110253
181750911.0902262330 551476.0405273438
152412378.0615823865 146201.6554621458
152657345.5011385679 154446.7092710733
163814994.0196374357 381676.2718665302
165705379.6440266967 404062.1693652272
176986017.0862336755 531867.7946777344
153007215.2613747716 163059.1828845739
181405244.1713821888 549911.5822753906
181542094.9331449270 550520.5102539062
165189490.5077205598 399303.8427050710
176940627.4626071751 531159.8405761719
152855623.6601913571 160282.3844610453
153003046.7630356252 161870.6268303394
152619688.2498595715 153437.1620489359
178488617.2679725587 534694.8645019531
177637018.5148440003 534430.3405761719
153518504.9389821589 176890.4711750746
163728639.3160811663 379802.1666796803
151751882.5431857705 112775.4212987069
158690437.9272054136 297272.5567697287
153613412.2691835761 176915.3167535886
151956299.1490757763 126392.3325324971
153645355.5561934710 177190.5723321438
163130304.6710835993 369811.0405699611
155297471.1677800715 224649.4272630811
152297911.5426764488 139644.7300328016
180752465.5157390237 543918.7854003906
153314659.4877638519 169966.4365193844
153191092.4567641914 169014.4847704172
152113515.9237401187 132228.7607630491
163425596.5193858445 374628.9219809175
163099017.5698346496 368281.0009081960
151849178.7548768222 119255.7195461709
157725158.1130952835 279633.0741037130
151681260.5970901549 105881.7071224973
162554741.3038208187 359581.8287890553
157670310.4993352890 276183.4683908224
157652318.0865204334 275577.6439313889
162867402.8848141432 365812.2993524671
155014041.8509293497 215648.0332201123
151692424.8431520462 106523.9809018299
151681338.2724197507 105898.5105892941
154893635.9666399658 212254.7725487947
155141618.8455562592 219490.2625182271
155399412.1720632613 226503.7756291032
155376232.7398602962 225964.3830736279
158329724.7644650042 290453.7146066427
152161739.3535979688 135221.7551810741
162792183.0856577456 364930.9410937428
153277230.9368931353 169924.9048467875
158972820.7601603270 301920.2369455099
163169171.1114191413 369878.1214275956
155413626.2751548588 227070.4865573049
163586611.4563436210 376720.5804980397
163286934.8573547900 372881.5822070241
155455347.4012540281 227119.9747294784
162937211.4986708164 366091.0687127709
155320358.8433308601 224968.6631029248
162698982.1454102397 360153.6427732706
152247951.7127427161 139438.9642436504
152202167.2450770140 136420.8937839270
162237548.4404894114 352725.9607450366
162041107.0602356493 351069.4978691936
162239636.4286814928 353852.1326200366
155062820.8618892431 219096.4392259717
161544969.5702416003 341365.5192167163
162378797.3743800521 357020.6290820241
161198345.8526302278 337978.5752469897
173385356.5570917726 493231.4406127930
152008304.0465097427 126599.5824769735
152368209.4337411523 142912.3033834696
158175308.5581449270 287813.6280778646
157986519.1583014131 284047.9637521505
157421119.1832826138 271821.4107736349
162343664.3960392475 355204.2731827497
162031254.3305757344 350560.8284480572
161749225.4321111143 347314.6972550154
173241516.4860408902 489942.7692031860
161866794.0705662668 348201.7521866560
161377612.9383423924 340875.5803370476
180412190.9977064431 540752.3388671875
180495626.3371456861 542435.4135742188
180038738.6116477549 538089.5712890625
152214828.3449523747 136473.8722311258
161620454.9678780735 345252.2480362654
161335774.1209942400 339737.3763626814
157664239.5609945059 275602.2830880880
160996501.6717827022 333643.8882645369
160801293.3010153174 329664.5550125837
173329182.7578227222 492565.8484894037
160477829.7803444862 326114.9604842663
160675936.0505487621 328064.1798141003
160919105.1148896217 330557.9878739119
179878387.8012808859 535121.5704345703
160966208.0492289662 331418.7918289900
180414253.5391090214 541205.9685058594
180288306.0405987203 540641.2712402344
154766692.4141087234 207408.1328984499
158200113.9949332774 288149.3973726034
160074404.0202131271 318109.5623824596
159981722.9627447128 317032.1364621520
159968268.4601458609 315388.9984861407
152070509.0761986971 128316.5393453836
159702517.5383287668 313773.7913863659
179959118.0802309215 535280.1621093750
159594504.4611859918 311083.2985954881
159564082.4898586571 309635.7041671276
157753792.2436964214 279717.6495431662
159644969.2054017186 311893.4951827526
152033231.8404946923 127555.4814304113
160937060.1873396039 330956.9004907012
157844504.7579976618 280959.0242490768
180032335.8526327908 535965.9069824219
179854550.0455806553 534787.1075439453
173142355.0618812442 485058.1998596191
157437538.4118306637 272068.1961164474
159665282.3124621212 311952.4022893310
173278862.3659504652 490274.4421997070
173190377.7080975175 488694.5263366699
173153859.7154259682 488282.0345764160
153819531.8003583848 177766.7761687040
154085988.9804458618 184990.8099387884
153907718.4147707820 183916.2702033520
157138650.5129531324 264089.9581214786
157021851.5560161173 259959.9424974322
157047622.5022688210 260208.2682986818
157087152.9631706476 263906.3616868854
156829448.0191222429 255569.6282704473
156832475.2606483102 258274.1011888385
156827249.3664852679 253822.0518923998
154451304.5989613533 196199.2692106962
156656743.9327666461 251564.8622071147
156083336.8435362279 236892.4997161627
156031131.0948233604 236444.2997649908
156139749.9611736238 237389.0410901308
154612977.0199339688 201866.2021068335
169766461.2994948328 440469.2370533347
169566118.5013010800 439363.2639930248
156099205.5565762222 237247.0594006777
156060861.3749708235 236628.8721753359
154460364.0606156588 197042.5625439882
156212140.5314559937 239911.6704756618
156164337.1945992708 239787.9008495212
154369678.1364322901 195270.2738369703
168944739.9352336526 431901.5799949169
169300373.0912278295 436007.7059063911
170566677.0085813105 445492.3328061104
154642029.4847543538 203054.0262783766
154565604.1773534119 199381.1022061110
170142228.4822500944 443854.1052670479
170304535.6827725768 444676.4734311104
170469546.7177377343 444937.4747738838
169898004.0272314847 443269.3826107979
169702530.4956396520 440103.8105282784
169378875.3473118544 437787.6045346260
169037206.2158968747 433314.2747972012
168657558.2151792049 428964.0776469707
168572658.9445112050 428213.4409042597
168508794.5716276467 427294.8910499848
168496298.7272238433 425383.2819801606
154159449.5346661508 186281.1832624078
154289015.5805308819 187661.8285421729
153896389.4802104533 179549.1685623527
167860392.5524475276 418035.5269122124
167947342.3520925045 418138.6790080070
168193718.6809082329 421902.4473814964
167460850.3273872733 412065.8218932152
167708501.7197700143 415068.0831236839
167579616.3383484185 414824.4825377464
168101871.4380870163 420484.6853744984
167648695.5056262314 414875.2649368681
172581489.9404724240 449610.9583653212
172619070.4211759865 451460.1429466009
172754913.4746760130 454424.6738914251
173107648.5453750789 456002.8487170935
