151908394.6739688814 127133.4896692950
152944493.8879168034 161900.5491768122
157717920.1634718478 279726.2121500969
172655592.5971850753 496246.7330322266
172745312.4812864661 497961.4527587891
175900725.4666919708 530793.0148925781
151604649.4132073522 99344.8646071739
165043898.9712504447 399899.0463422537
152594439.2064055502 154063.7254463434
164727327.4047128558 395623.0409830213
172919070.0528121591 498522.2811279297
172667988.2711771131 496432.3866577148
175706907.4528702796 528525.3371582031
175787453.0836878419 529616.3806152344
176098155.8458008468 531803.8562011719
176260099.8252760768 532191.8828125000
176637870.9207141101 534892.3083496094
151765517.1108226478 118553.4166364390
163514073.5700047016 377947.2209710881
172446678.6622603536 493403.1729736328
175944574.7878498435 531385.0112304688
175333957.2821911573 522255.2903442383
152186989.6300387681 135074.2913390715
164680333.5138287842 395586.6228349805
172982028.4607989192 501020.8005371094
151654873.3670928478 101407.9784489460
152228520.8111744523 135882.7245666105
159433953.7963638604 310811.6498357654
172928369.1665756106 499455.7514648438
176404605.4432621300 533586.4880371094
177624636.3764631748 538652.1560058594
152381731.9906353354 145836.5643810350
175427059.4233207405 524837.8182373047
175560839.8321050107 527270.1976318359
152502294.4475696981 149631.8307677824
152241200.7434058785 141854.9699279387
152046349.4865615070 134062.3532287199
152855247.3282453120 161078.6691757441
157596873.1253435016 279590.3225016594
163484769.5298336148 377540.8378771693
177701458.9307383299 538880.9265136719
173237067.9656678140 502393.4807739258
176397095.8369463086 533240.4538574219
151678066.4158006310 105969.9404361360
173007608.6331338286 502128.7437744141
173373477.8303215504 504992.3027954102
175492214.6420290172 526612.9425659180
151678943.7953903973 106411.2261872794
159416224.1879368424 310237.1943843961
182408042.3662356138 555974.9284667969
182514740.9964279532 556327.6003417969
152021983.3327545524 131354.8803182840
181819355.2057949603 554193.5112304688
181352092.7092406452 550865.1057128906
183091128.7581844926 556448.1677246094
163273299.2590241134 374785.6530453861
173897588.5130711198 509332.9515380859
152697621.2517987788 156143.7340230942
165197078.1859946549 402536.0176257491
173567095.7836168408 507627.0798950195
151643614.4083506763 99477.1040090509
151708551.5403143167 113742.0001051947
165424991.5866474509 404927.7745832503
174736327.6820179224 516803.4208984375
176812352.2084140182 534908.7797851562
154648588.0005787313 209980.6124744415
163239751.5908705890 373815.7404477298
176442790.0111459196 533786.4775390625
177921751.2406039834 539491.1782226562
157445366.4780312777 275058.1696696281
159345480.8606896996 308810.4717389643
153536177.5759518147 179206.7405830622
163989006.4278000295 386406.9953809679
164416924.8017414510 390692.2880838513
182798344.9479337335 556355.7883300781
151884820.5226119757 126723.9572844226
154588687.9512574971 208404.6675281525
175690991.1019913554 527521.7763671875
164273051.8031949699 388657.7101742923
163760293.8558354974 382006.4743170505
165455966.3393139541 405546.4234737158
157270425.7350859344 271290.9824137688
181392057.6860735714 551279.1789550781
157780296.1354640126 282728.9335856438
177403715.6905084550 537573.2802734375
151583849.2070555985 98421.8216427155
159399516.0843491256 309561.7758834958
165379072.8646112978 403473.8773389459
151785522.0447174609 120484.0776457507
159361715.3432529569 309296.0285690427
163117149.0839760900 373020.0810239017
154782920.1090147197 214771.1396884918
164470837.5620233715 391644.7928445935
151971607.9615978003 130310.9296965320
153501003.4297211170 179160.3585475683
154441748.9844710827 206777.3339099884
164532812.4435904026 394447.3362295330
181649638.0693052709 552488.5694580078
164611376.5475316942 395586.3548563123
165391027.5851789415 403713.2853020721
177247312.2540132105 535953.9257812500
173775311.9378300309 508782.2246704102
181658630.8373174965 553758.2880859375
165871889.0305342972 411811.7335933447
163232985.2953938544 373522.7579818517
151870669.6601164937 126636.2641691882
159864317.0001991689 313922.9087209105
157571818.5461877584 279290.8085856438
159107597.2332978547 306151.1696823239
159756414.1891993880 313897.5165897608
163105219.7902967334 372623.9421078861
164037849.5434196293 387521.1984555423
152560854.7250595093 152531.8618879318
157232108.3902654350 266069.3867902756
164051963.5997555554 387555.2555844486
163734776.5664787889 381698.2293671370
157046532.3554482162 264208.1336927414
154104847.1774107814 194974.9849317074
173526577.7628576756 506699.3788146973
157248933.2979737818 267732.9292249680
181442030.5942655504 551874.8500976562
157281689.6205858290 272527.2749280930
158149428.8531390131 288353.8705992699
159618997.4594560564 313882.7229889035
165728390.2679567337 409204.1159114838
173911457.0052374005 511140.3729248047
152786945.2265673280 160331.6393295527
163654917.5100628734 380768.4326203465
153347056.8163610697 176620.7493203878
163577781.6301652491 380650.2284528911
159498904.1098321974 312949.4190849662
154330345.7277231812 201467.6860675812
165097801.5658543408 400915.8741878867
177436386.4401586652 537659.5148925781
151741053.5122215748 114730.6404678840
174001677.1130177379 512343.6751708984
174080702.9789891839 513156.3837890625
163339992.5611237288 375450.5306214392
157433986.1259257495 274700.6202650070
165455883.2247763276 405486.9925655127
174107497.5225962996 513331.9072265625
163428903.0789074302 376702.9580862522
163602039.7156380117 380689.6577285230
174397159.1843895912 515670.2072753906
151702435.6078054905 112702.1013273913
181965986.2956854403 554630.3762207031
177447243.4617753923 537728.3710937500
165512802.1964668036 407235.4676988721
158517562.1969290674 294283.2527037859
177100734.2360033989 535455.5112304688
151577755.0220351219 91847.5476669557
182053623.1695055068 554768.3640136719
182255079.2178614438 555522.7314453125
163355936.4469301105 376106.2920058668
182223892.5818210542 555495.6655273438
151953077.1779460013 128991.0266064126
158545798.4591851234 294625.8469728231
159258878.9752090573 308306.3774637580
164796093.9851047099 397599.9633678198
164819405.1785890162 398213.4494136572
157568890.1921287179 276530.6493425369
157425770.7754912674 274110.7753397226
157548023.7412247956 276396.6241960526
153965459.1800234318 192081.1058673859
175208286.4706490934 521023.7890625000
152950353.6576395631 164574.2890418377
158768480.2932157218 300496.7694745660
157396027.9731197357 273961.3070573807
153680234.0568476319 185679.6991868019
166479118.6855477393 418910.6634971797
174494116.3609045148 516269.8951416016
153915361.8919264376 192033.3920001984
166204627.1582964957 413526.7791026533
182246992.0261008739 555496.1918945312
151577069.4231522977 90899.5404308625
166359929.0415869653 416875.5715908706
151855370.4935224652 123886.2307219226
159214081.0730525851 307564.8527899981
166238273.4720945656 416114.8347905725
166014523.4557434618 413142.3524167836
159145382.7618329823 307143.0236249566
166494970.8892807662 418939.0856163204
154534979.8413390219 207518.0797443390
166214826.7038793266 414382.3782963455
158289967.0755434036 289346.1908103228
175079219.9975676835 520542.9410400391
154401644.7306297719 203633.8421082497
153065702.9905293286 168303.9140373468
166153682.8823021650 413510.4882744253
166130164.7405299246 413155.8939659297
154305469.8755324185 200814.2007160187
154197844.3096795678 199838.6566486359
154152390.9368379414 197021.4085611105
158191821.0719524026 289295.7100310326
158100756.8942788243 288060.2696332932
164761876.3630312979 397072.4133742154
157737543.1202548444 281387.2017188072
164866556.1953816712 398460.0300734341
174877027.5599129200 518424.0930175781
153978117.7782911658 193244.0843423605
153900821.5202874541 191914.8528970480
153436122.2493820190 177037.9340509176
153815777.5072677732 187544.8620294333
155379905.0142753720 226891.0128331184
155120313.0713059008 219233.6508475542
164324766.0701712668 390361.8809017539
164528122.0136083663 393211.8004120290
163820073.2108268440 382999.5553115308
180601497.4213424325 544511.3081054688
180609701.8000815511 545669.1547851562
180265773.7256426215 544001.6508789062
153857249.2587490082 187766.3866876364
153621863.5998635292 183934.6598809958
151689114.6788202226 106953.5907779653
180744136.9647043347 547544.1132812500
153467075.6801460087 177671.9215692282
172377999.1436630487 489971.5010261536
152881621.3658324778 161891.4769111872
158368792.6708019078 293176.1743232012
153333941.4035325050 175884.6309121847
153095651.1949498355 169048.7605508566
180615187.1277608275 546101.8044433594
155536794.1259443462 227695.5089012384
181011751.6123996377 549565.2875976562
180927404.9817401767 548426.5085449219
181086329.6980425119 549794.6081542969
152494002.3829644024 147428.0065335035
152366917.2032640576 145063.4875713196
155552711.2985839248 229364.2972016037
158983610.6088678241 303452.7130780816
155563113.4725414515 230275.8324108124
155623712.0635906160 231781.2896629572
174970884.0449189544 519418.1277160645
158427320.7066126466 294202.8123849630
152412378.0615823865 146201.6554621458
152657345.5011385679 154446.7092710733
155297471.1677800715 224649.4272630811
163099017.5698346496 368281.0009081960
162867402.8848141432 365812.2993524671
155014041.8509293497 215648.0332201123
155376232.7398602962 225964.3830736279
162792183.0856577456 364930.9410937428
155413626.2751548588 227070.4865573049
155455347.4012540281 227119.9747294784
162937211.4986708164 366091.0687127709
155320358.8433308601 224968.6631029248
162698982.1454102397 360153.6427732706
162237548.4404894114 352725.9607450366
162041107.0602356493 351069.4978691936
162239636.4286814928 353852.1326200366
155062820.8618892431 219096.4392259717
161544969.5702416003 341365.5192167163
162378797.3743800521 357020.6290820241
161198345.8526302278 337978.5752469897
162343664.3960392475 355204.2731827497
162031254.3305757344 350560.8284480572
161749225.4321111143 347314.6972550154
161866794.0705662668 348201.7521866560
161377612.9383423924 340875.5803370476
161620454.9678780735 345252.2480362654
161335774.1209942400 339737.3763626814
160996501.6717827022 333643.8882645369
160801293.3010153174 329664.5550125837
160477829.7803444862 326114.9604842663
160675936.0505487621 328064.1798141003
160919105.1148896217 330557.9878739119
160966208.0492289662 331418.7918289900
159981722.9627447128 317032.1364621520
159968268.4601458609 315388.9984861407
160937060.1873396039 330956.9004907012
157021851.5560161173 259959.9424974322
156829448.0191222429 255569.6282704473
156832475.2606483102 258274.1011888385
156827249.3664852679 253822.0518923998
156656743.9327666461 251564.8622071147
156083336.8435362279 236892.4997161627
156031131.0948233604 236444.2997649908
156139749.9611736238 237389.0410901308
169766461.2994948328 440469.2370533347
169566118.5013010800 439363.2639930248
156099205.5565762222 237247.0594006777
156060861.3749708235 236628.8721753359
156212140.5314559937 239911.6704756618
156164337.1945992708 239787.9008495212
168944739.9352336526 431901.5799949169
169300373.0912278295 436007.7059063911
170566677.0085813105 445492.3328061104
170142228.4822500944 443854.1052670479
170304535.6827725768 444676.4734311104
170469546.7177377343 444937.4747738838
169898004.0272314847 443269.3826107979
169702530.4956396520 440103.8105282784
169378875.3473118544 437787.6045346260
169037206.2158968747 433314.2747972012
168657558.2151792049 428964.0776469707
168572658.9445112050 428213.4409042597
168508794.5716276467 427294.8910499848
168496298.7272238433 425383.2819801606
168193718.6809082329 421902.4473814964
168101871.4380870163 420484.6853744984
