151673888.3856087625 101120.8948366232
151909700.0964896381 126168.9027632456
174136703.9077883363 513165.0864257812
177287948.2137307525 533579.7343750000
177686875.1000418067 536765.6403808594
182223892.5818210542 555495.6655273438
182614144.9663626254 555680.1416015625
177304988.2574848235 535807.2861328125
177311699.5273900032 536236.2387695312
181864541.8367981613 553429.0017089844
151953077.1779460013 128991.0266064126
163343368.2897218764 374389.6318615079
164054833.3018928468 386956.6207412183
181662247.2723616064 551164.5936889648
153090587.9264086783 169025.8009146452
154681706.6909687221 208594.2803041935
154334200.0380312800 201404.4204314947
153973210.4551483691 192196.0671253204
158545798.4591851234 294625.8469728231
159258878.9752090573 308306.3774637580
164501024.4344297945 391826.1901992261
164746609.0849765837 395563.1648086011
183168999.4364502430 555869.8615722656
175867920.1019582450 525987.2272949219
177014483.9278187454 533508.4963378906
164796093.9851047099 397599.9633678198
164976860.3116295040 399203.9219623208
176942340.8451010883 533473.2756347656
151739587.7789291441 113733.7198178098
164819405.1785890162 398213.4494136572
151580142.3388034105 90921.6690929718
158064788.3695298433 287120.4652753472
157568890.1921287179 276530.6493425369
157624392.4913292527 277219.1053164005
157425770.7754912674 274110.7753397226
175061102.5510672331 519633.6186523438
157548023.7412247956 276396.6241960526
154468695.8950584829 206187.5755939484
157291336.6532352865 266461.4154629111
164614186.4341744483 394382.3227675855
174072551.2852098048 511589.5688476562
163167234.1934687197 371442.7501357496
176156293.9205696881 529398.2834472656
157297317.5284686089 269997.7748308182
153965459.1800234318 192081.1058673859
165738185.1171761751 407612.7155941725
165850355.2444373667 411328.1269038916
165481439.2285947502 405238.4712059200
159096753.2465001643 303587.6643338799
175208286.4706490934 521023.7890625000
152950353.6576395631 164574.2890418377
176329572.4858605266 531124.6511230469
157685800.9093097448 278305.0760775805
158768480.2932157218 300496.7694745660
157396027.9731197357 273961.3070573807
163748184.4623881280 381567.9573301673
165419502.0797427595 404946.9004329443
152041045.1275851130 130333.9218700845
153680234.0568476319 185679.6991868019
166479118.6855477393 418910.6634971797
174494116.3609045148 516269.8951416016
181849424.4541649222 553280.9606933594
153915361.8919264376 192033.3920001984
165124590.7866051197 400627.2030974925
166204627.1582964957 413526.7791026533
182246992.0261008739 555496.1918945312
151577069.4231522977 90899.5404308625
165324158.8985882401 404647.5277827978
166359929.0415869653 416875.5715908706
182004966.7920939326 554474.3696289062
181971397.8417034149 553959.8122558594
182535148.8281102777 555556.1718750000
151855370.4935224652 123886.2307219226
151911819.4245789051 126726.9167431314
163465730.6462422907 376374.4727614820
159214081.0730525851 307564.8527899981
175635351.2178778350 522970.1306915283
166238273.4720945656 416114.8347905725
174050750.5803452134 511182.8966369629
175702913.8737816215 525905.2714843750
158803907.7585764229 300736.7849019766
166014523.4557434618 413142.3524167836
174475551.1747491956 515664.9547119141
159145382.7618329823 307143.0236249566
166494970.8892807662 418939.0856163204
175977760.7224618793 528457.8345947266
176729084.7944042683 532773.5236816406
182277535.2834042907 555547.2893066406
181697587.5959514976 552639.0227050781
154534979.8413390219 207518.0797443390
166214826.7038793266 414382.3782963455
173548676.7979360223 505415.9330139160
158289967.0755434036 289346.1908103228
175079219.9975676835 520542.9410400391
182157178.4145464301 554880.0703125000
163149527.5258269906 371132.2713759840
152092597.0653031468 133597.5781125594
154401644.7306297719 203633.8421082497
153065702.9905293286 168303.9140373468
157491739.1937667727 274243.9829511642
166153682.8823021650 413510.4882744253
166130164.7405299246 413155.8939659297
175881084.1060554683 527020.5500488281
176760619.9207376838 533462.9235839844
157780992.9283951819 281567.7259778976
165884814.3455706239 411743.2494346797
176622692.9113639593 532673.3449707031
154305469.8755324185 200814.2007160187
159140178.5774228573 306059.6994596124
165596922.1857052445 405815.9956496060
151850843.5850527883 121055.9289427716
154197844.3096795678 199838.6566486359
157504678.2854034603 274426.0765450001
165844728.9384858608 407617.3169386685
151723922.7468543947 112734.8863562066
151800059.5908581018 120485.5441845376
176283627.0172481537 530556.1352539062
176389362.5324774683 531766.9755859375
164554299.2333182096 393886.4560683668
165362983.2260769904 404920.7688429654
154152390.9368379414 197021.4085611105
158191821.0719524026 289295.7100310326
158100756.8942788243 288060.2696332932
157997939.4024392962 285057.5533996820
164761876.3630312979 397072.4133742154
154113385.1361409426 195440.6358560324
157737543.1202548444 281387.2017188072
164866556.1953816712 398460.0300734341
151709751.0665912032 112691.4763134439
174877027.5599129200 518424.0930175781
153978117.7782911658 193244.0843423605
153900821.5202874541 191914.8528970480
165078326.0805175602 400486.6505550742
151730597.4061458111 113043.0199774224
153436122.2493820190 177037.9340509176
153815777.5072677732 187544.8620294333
163634506.5661026239 380548.5278457105
164554326.2385810912 394044.5703261793
155379905.0142753720 226891.0128331184
163726042.0960176885 380917.7254634202
155120313.0713059008 219233.6508475542
164604075.5258105993 394235.8130306602
164324766.0701712668 390361.8809017539
164528122.0136083663 393211.8004120290
164034846.0453363955 386477.6323989332
163809515.4598614573 382054.6094601750
163820073.2108268440 382999.5553115308
163992444.6976248324 386068.7049392164
164145926.1533254087 387483.4705239488
180601497.4213424325 544511.3081054688
172686920.6779356599 492689.7890510559
172884905.2087782621 496980.6183509827
163919250.0721449852 383481.2323134840
164619555.4687230885 394468.4980892539
180609701.8000815511 545669.1547851562
172770574.6182398200 494808.3388557434
180265773.7256426215 544001.6508789062
153857249.2587490082 187766.3866876364
153621863.5998635292 183934.6598809958
151689114.6788202226 106953.5907779653
180744136.9647043347 547544.1132812500
172650076.5483527482 491107.0309944153
153467075.6801460087 177671.9215692282
172751493.5648945570 493079.8017463684
172526247.0962131619 491068.6668586731
172377999.1436630487 489971.5010261536
152881621.3658324778 161891.4769111872
158368792.6708019078 293176.1743232012
172450033.7700741589 490580.9424934387
172826438.4447742701 496848.2917366028
153333941.4035325050 175884.6309121847
153095651.1949498355 169048.7605508566
152787549.9126839638 160293.4163643122
173661673.4461416602 506235.9010314941
180615187.1277608275 546101.8044433594
155536794.1259443462 227695.5089012384
151679773.7943734229 105911.0191342160
152382823.8164547384 145633.4494045973
173151622.7289425135 499942.0644874573
173867673.1771843433 508911.9427795410
181011751.6123996377 549565.2875976562
152604270.0385698974 153313.3980641365
180927404.9817401767 548426.5085449219
181086329.6980425119 549794.6081542969
152593869.3316605389 152034.9347561598
152494002.3829644024 147428.0065335035
152366917.2032640576 145063.4875713196
153395127.5100795329 176002.4186428785
173659474.7810629606 506189.1013526917
155552711.2985839248 229364.2972016037
173544290.8896685839 505371.7165870667
181401073.7885100842 550936.4997558594
158983610.6088678241 303452.7130780816
151635068.3460900486 99076.6174559779
151664566.5399803221 99573.7037788630
155563113.4725414515 230275.8324108124
151773152.5283598900 114114.0464366078
152526947.2581951320 149185.4622830153
155623712.0635906160 231781.2896629572
151627194.6357722580 98638.3840822373
173719388.7265584469 507205.3113403320
151599019.1019434631 91114.0042547770
174970884.0449189544 519418.1277160645
154777129.8620327711 211286.1709914207
174312921.3341403008 513549.4396057129
174400633.4935571551 514328.1009826660
154888521.6773804724 211617.4137132764
151632631.4527776539 98668.7315825112
151611538.9436285794 98412.3877132721
152526589.5176985264 148802.0416897535
152727715.2476747632 154769.5973678827
154820028.3395977318 211518.4485853314
158427320.7066126466 294202.8123849630
152582627.1501001716 151171.9016977549
152412378.0615823865 146201.6554621458
152657345.5011385679 154446.7092710733
152619688.2498595715 153437.1620489359
163130304.6710835993 369811.0405699611
155297471.1677800715 224649.4272630811
152297911.5426764488 139644.7300328016
163425596.5193858445 374628.9219809175
163099017.5698346496 368281.0009081960
162554741.3038208187 359581.8287890553
162867402.8848141432 365812.2993524671
155014041.8509293497 215648.0332201123
154893635.9666399658 212254.7725487947
155376232.7398602962 225964.3830736279
162792183.0856577456 364930.9410937428
153277230.9368931353 169924.9048467875
155413626.2751548588 227070.4865573049
163586611.4563436210 376720.5804980397
163286934.8573547900 372881.5822070241
155455347.4012540281 227119.9747294784
162937211.4986708164 366091.0687127709
155320358.8433308601 224968.6631029248
162698982.1454102397 360153.6427732706
152247951.7127427161 139438.9642436504
152202167.2450770140 136420.8937839270
162237548.4404894114 352725.9607450366
162041107.0602356493 351069.4978691936
162239636.4286814928 353852.1326200366
155062820.8618892431 219096.4392259717
161544969.5702416003 341365.5192167163
162378797.3743800521 357020.6290820241
161198345.8526302278 337978.5752469897
162343664.3960392475 355204.2731827497
162031254.3305757344 350560.8284480572
161749225.4321111143 347314.6972550154
161866794.0705662668 348201.7521866560
161377612.9383423924 340875.5803370476
180038738.6116477549 538089.5712890625
161620454.9678780735 345252.2480362654
161335774.1209942400 339737.3763626814
160996501.6717827022 333643.8882645369
160801293.3010153174 329664.5550125837
160477829.7803444862 326114.9604842663
160675936.0505487621 328064.1798141003
160919105.1148896217 330557.9878739119
160966208.0492289662 331418.7918289900
159981722.9627447128 317032.1364621520
159968268.4601458609 315388.9984861407
159702517.5383287668 313773.7913863659
159594504.4611859918 311083.2985954881
159564082.4898586571 309635.7041671276
159644969.2054017186 311893.4951827526
160937060.1873396039 330956.9004907012
159665282.3124621212 311952.4022893310
157138650.5129531324 264089.9581214786
157021851.5560161173 259959.9424974322
157047622.5022688210 260208.2682986818
157087152.9631706476 263906.3616868854
156829448.0191222429 255569.6282704473
156832475.2606483102 258274.1011888385
156827249.3664852679 253822.0518923998
156656743.9327666461 251564.8622071147
156083336.8435362279 236892.4997161627
156031131.0948233604 236444.2997649908
156139749.9611736238 237389.0410901308
169766461.2994948328 440469.2370533347
169566118.5013010800 439363.2639930248
156099205.5565762222 237247.0594006777
156060861.3749708235 236628.8721753359
156212140.5314559937 239911.6704756618
156164337.1945992708 239787.9008495212
168944739.9352336526 431901.5799949169
169300373.0912278295 436007.7059063911
170566677.0085813105 445492.3328061104
170142228.4822500944 443854.1052670479
170304535.6827725768 444676.4734311104
170469546.7177377343 444937.4747738838
169898004.0272314847 443269.3826107979
169702530.4956396520 440103.8105282784
169378875.3473118544 437787.6045346260
169037206.2158968747 433314.2747972012
168657558.2151792049 428964.0776469707
168572658.9445112050 428213.4409042597
168508794.5716276467 427294.8910499848
168496298.7272238433 425383.2819801606
168193718.6809082329 421902.4473814964
168101871.4380870163 420484.6853744984
