177648254.5682701468 25209.8568344116
166911829.4712327123 19942.0699983835
175036584.1737582088 24388.9508552551
176970188.8732586205 25045.6498260498
151804421.1109814644 5524.9649056494
157655876.1640180349 12779.4664611369
176301388.9569024742 24794.9227371216
181052077.3565645516 25803.0568389893
164108082.0814527571 18391.2163576107
164071861.8633302450 18341.6338275983
165852887.4413512051 19435.7342501051
166508537.8470188677 19817.7441339857
166412552.3318104446 19764.4950404087
177247766.6390091479 25079.8072204590
164387264.6662025750 18545.0237960122
181304892.5698869228 25826.2443237305
164676876.6306682229 18691.4128512762
157793217.5392888188 12962.4447860271
152437156.1484940052 6875.8435933888
152731070.8266127706 7258.7876980007
153740272.6802169383 8559.9957317710
173807607.2334240079 23829.7452163696
180874045.0598723590 25776.9459075928
163792665.7551079690 18069.1495779982
177194648.3091752827 25061.0098953247
152438638.2022635341 6878.2306630909
157688586.3029531837 12888.0091552287
152445387.3296813369 6895.7049899697
156357316.9641115069 11472.5406426936
157471617.2489692569 12701.9572808146
174014761.8826802969 23921.0958747864
173717986.4331339002 23714.0571708679
166507586.0777083933 19809.1786432631
156444685.4100808501 11602.9931708616
163178791.8361058533 17562.8164617042
165874590.7116192579 19443.1997118361
173992219.6987215877 23883.9573211670
179841780.3528209627 25607.9180526733
181704011.0097126961 25833.0538177490
163972318.1715776324 18242.7430056951
152433701.3280304074 6832.6994357705
157913577.6542477012 13082.5836486369
156160485.5077180266 11339.8922571689
161637664.7958813906 16289.0032064424
173903423.2141556144 23849.0002536774
166443775.2399598062 19769.1098971970
151609709.4376628399 5144.6963476092
151596448.9571291208 4882.4599737078
173798632.0499626398 23810.1844253540
175992214.7297882140 24697.4108886719
153258284.5541693866 7856.8805211717
176406188.0437737405 24815.1455764771
157892521.4789643884 13053.0515619665
156317618.1765756011 11437.9625482112
157897776.4792665243 13082.0287780315
161606265.9648558199 16260.7605344758
177462332.5897686481 25175.1657714844
156373981.6660442948 11602.7218102962
174155964.8469130397 24004.5380744934
175719608.4088406265 24614.5735816956
181028926.1331633627 25801.1968078613
180389868.2871924341 25677.3464965820
180992275.7124255002 25795.1143798828
157838909.5095805526 13008.3767895550
164187152.7108274698 18403.4742158871
156127045.1595317721 11294.2168664485
157914111.5672985911 13084.2060005162
161924504.3450732231 16620.5749113069
165366491.9994865060 19204.5336836147
177379196.8787949383 25161.4342346191
177921767.9507716894 25235.8201370239
178322545.8751208186 25302.6547470093
164382964.7581662238 18525.8458638005
165447407.5170441866 19285.3249575517
165428956.4381766915 19222.3800875566
178417572.5325273871 25325.6348419189
180313685.3673934042 25671.1663589478
151601944.3779650927 5057.8777704984
165263668.7331382036 19162.2750256456
173439675.8785140514 23592.6243286133
151481713.6783776879 4203.6656588938
152100207.2796455026 6267.3197820485
153590454.9256068170 8358.5529899001
173456665.3942724466 23619.3578376770
179218462.8353085816 25399.0295486450
176781666.4448830187 24958.2376022339
179661073.1300067008 25575.8544692993
157359981.1447338462 12499.5873717815
177051068.4875092506 25057.0601043701
157485235.7649751902 12712.0559424558
162078539.1834143400 16686.0625154481
173635688.1287869811 23663.3754959106
157971576.8436724544 13087.9008574228
173728552.8836628795 23799.7931213379
175297152.1527860165 24481.7851600647
179228407.3789665997 25427.4050521851
173704264.2221494913 23698.3881187439
152015190.3356214166 6208.7218435109
174408023.2676612139 24132.6701622009
152263800.9193498492 6585.8380239308
176871512.2458736002 24989.4572525024
153456573.9470345080 8213.2504691482
154001270.3918773234 8905.5929068923
157120407.9031586051 12337.3059930354
152003602.8771630526 6208.2735708058
153986354.9969731271 8897.6101951003
153868452.5332005322 8732.1660270095
157046998.7331629992 12136.1037072688
162412049.1503973901 16988.5737964812
151947715.9216807485 5927.8106403947
156948810.5959327817 12028.8703240901
157056198.6748154759 12244.9803094417
162561380.9208787084 17096.7577323423
174034586.1908037066 23924.8965187073
156672242.7450821996 11874.3469628841
156484853.4403892159 11645.7907691410
162299055.5327165723 16817.5069198118
179349079.0582974255 25455.1698989868
179434165.2536718547 25486.8166961670
179818468.2340186536 25600.5980453491
151836429.2981832623 5829.4234363139
164905064.2660924792 18975.3785311601
162221980.0227386355 16777.4022635923
156906607.4612801671 12016.5514487773
156623132.7502554357 11737.6075593978
156273789.4569252133 11428.2831579000
156255671.8689801097 11422.3105096370
161988282.0884301066 16654.0677451597
162341009.1433415115 16970.3637351499
153377896.5248854458 8144.7943599820
151930233.5768849254 5869.5271702707
164474433.2533327639 18614.2698685609
176452731.6434347928 24893.2842483521
163009180.5876284540 17432.4534720884
166128909.2322213054 19651.8302370927
163073938.6788689196 17472.8849573269
162498433.0427740216 17054.0703238950
151766542.3070686460 5511.1429073215
165046317.5265762806 18998.3125674150
180603967.6691630781 25705.6329650879
163637921.2000956237 18038.5251466255
164879203.9655797482 18928.0163538820
162789168.3148769438 17330.4763297544
177857652.7727854252 25232.9736099243
153567057.7713420093 8324.6066400707
166071241.3099979162 19633.9124819658
163217733.2889254689 17694.3152798727
158898654.7006006241 13762.0569004565
165591291.0546704531 19371.0412207453
158912004.3889335394 13861.0377201587
158773488.3844227195 13760.9059910327
174816451.3201670051 24286.0469779968
151913674.6851173639 5867.2405737936
163720021.8173691332 18049.5971249249
166085487.5479570925 19642.7770999029
165947171.9431683123 19523.5884920976
156056790.4003621936 11134.3089875728
158759092.5401062965 13750.5751957446
163469377.4895018339 17876.1880036002
175030373.5372124314 24335.6570358276
174740170.8214922547 24268.8772773743
178247639.2376836538 25295.0707321167
164816151.5225014389 18840.4835535905
155891464.7364382744 10992.3366676718
163813810.5580800474 18128.2898897152
152331634.8038747311 6675.4496561587
158929100.5326203108 13896.1435464770
159119444.1450127363 14094.5520329028
151657164.0766186118 5217.3367660791
155910783.0078381300 11047.0444573909
177561926.3864750862 25191.0626907349
155733862.5159215927 10875.8784112483
179781757.5282246768 25576.3666534424
180148810.0374204814 25645.6641693115
159199610.5414367318 14146.0033973455
159052933.9118684530 13963.8063511401
151555142.5650915504 4845.0771683332
175791493.3100550473 24619.7410659790
155746322.6145153642 10879.5718482137
175446850.7632301152 24496.3616256714
159142132.1055309176 14137.2434544116
163844142.5406243205 18165.3608933907
152316357.7954722643 6673.8207394779
160067275.0554504395 14807.8425660944
152978249.0350641906 7539.7708945721
153424343.6949970424 8179.6455491185
164274238.4144344330 18431.2824427611
153110720.5814789832 7770.9053066373
164856073.5000722408 18863.4567984960
177925970.5841124058 25273.7936782837
165219183.2749569118 19093.3487460039
164946088.7280162275 18996.6642977617
163187353.3663616776 17662.4343523006
175206132.1444440484 24414.6286239624
175825020.5638439059 24650.1685867310
163214178.0658555925 17666.5955008488
163631092.7747754157 18029.6865877132
165165245.3433541656 19074.3636912640
163561408.7745327353 17900.3514534301
152830095.6734561622 7385.6719299853
154519027.0601149797 9433.1582127894
155205316.2193832994 10224.6449056268
163566536.1166626215 17924.4333626098
155109649.5049808025 10139.6501823068
154573399.3966867924 9468.3679366708
167452180.0536509156 20315.3594065905
174955977.7537825108 24314.2686157227
152892500.3801984787 7424.9966827929
151499591.6517181396 4449.9130914807
155075948.9671211243 10118.0107627511
153218661.4915280938 7841.6828606129
152385324.9064793587 6736.0573723316
167199704.7146336436 20153.2777506197
175585517.9928078055 24565.8231887817
154944794.9600169063 9954.5953269601
178919241.3573082089 25382.3804168701
167576189.6454332173 20344.7354637773
167999127.1964326501 20443.9940590055
154861069.1274498701 9852.5730687639
155322955.5588640571 10376.1332197785
167869862.3128250241 20421.4028449447
155472266.0599730015 10563.0062876344
167640438.6516355574 20404.5344870438
167402751.4211972058 20268.9461018446
153181837.6979951262 7806.7149601281
178172476.2847704291 25288.6655197144
167046033.0682949424 20125.7096579422
154961929.1636399031 10004.4054160714
152654020.6277415156 7086.0650879443
154306822.2874103785 9138.1860476732
176632403.4028460383 24900.3003692627
151723051.2191663384 5429.9091576934
166879342.1791548133 19940.3066923966
177035968.6141511798 25053.9824981689
154729732.6052067280 9657.3658794336
152350824.9698572159 6708.1163727343
159427584.0871360898 14355.2901904136
154472687.0887056589 9356.8417026401
159476453.8774847984 14392.2451827526
159102615.9482921362 14002.4928881675
177267211.0935736299 25105.1898422241
154392645.4184865952 9218.6181499013
152383366.2122561336 6717.8701684773
152533230.9874055982 6919.7432379425
154266371.7374541163 9047.0102357268
168628690.5925607681 20719.5024033153
160156887.9286897182 14898.1732370406
159940681.6663638353 14780.2195437402
154236674.0633301139 9046.3985721469
154194916.6111524105 9045.1632968783
155388066.1786782146 10400.7242931299
162678838.4423439503 17105.3271160748
159732118.7550452352 14565.9448358566
159846418.2529599667 14725.6801797897
151481977.3098326325 4205.1050509837
163128989.0054346919 17490.4006558087
168531593.0071662664 20669.7884570921
169094033.4156866670 21048.3747559154
170339705.3700078130 21532.3522579555
155573732.0030192137 10580.2292404473
151513063.9840605855 4450.6347590711
159860805.4805915356 14729.2939798385
170235270.0163828135 21515.4668300178
170511090.9130554795 21611.0272956653
170759099.9331360459 21756.9413653197
170462935.9025698900 21595.9367728992
170447566.6289957762 21580.4918557955
170557942.3607780933 21720.7732597156
169723097.1659336090 21346.2476491110
168807575.8058760762 20824.7960968578
169633200.4947772622 21300.1587067211
169315431.3068257570 21115.5428017938
169291968.8579402268 21113.8809231893
169972066.2550686002 21424.3941717708
169270627.0845677853 21111.9655151928
159696385.4264086485 14513.7251575589
151543193.6662303209 4796.0683983641
160703025.4921838641 15327.0354442485
160605398.1178452373 15266.1890072105
161141326.5628666878 15546.7519721286
160002782.8253123164 14805.1615544921
160380637.0404978991 15122.0199530320
168278853.5880138278 20452.0075283281
160782106.0792180300 15446.7595901648
160338854.5908207893 15104.3018338196
160823930.9225451350 15469.7821887499
168201977.4244352579 20449.2234554726
161357139.2152114511 15832.5489740577
161587727.9195228815 16049.3760284390
155395026.5863534808 10424.4343338311
168429275.1893866062 20542.3068757980
160901004.5466880798 15490.6161835454
171693542.4898058474 21852.9646104609
172141852.9308752716 21914.0622541928
172152016.2502805293 21915.8570667505
154471390.8990396857 9243.9234312646
161451776.6050255895 15844.2736345762
161467903.6238790154 15844.6896263817
158694194.9150553942 13518.0008512884
158457929.6916960776 13103.6866641492
