151848402.1872243285 5577.7084048566
152518417.3178709745 6869.0966042876
163476050.6712221503 17641.7238979962
165608422.6437638104 19109.6258923617
177627741.6644118428 24906.0640258789
155700737.8643282652 10693.3446849287
175161334.2239932716 23953.6575851440
165264906.2208851576 18896.1126993058
175899728.8742748499 24236.0722122192
160152078.9816284180 14858.6453134567
159543935.1536190510 14412.5530809760
165265721.0820868313 18901.0521320262
165206831.4305021167 18892.9316803578
165310535.8365228772 18918.2137277481
175153261.3132351041 23917.2399940491
175555796.5381387770 24090.0975475311
155502878.9378839135 10508.8740845025
165333025.5484312773 18952.0203350292
159846418.2529599667 14725.6801797897
160210254.1777793169 14920.5002786666
162923519.8538164198 17195.9747524884
165102180.1285811663 18867.0975625870
169086892.9541962147 21026.5791674778
175113499.1874006093 23876.6321754456
176095468.7910910249 24303.3642997742
175488510.8897308111 23991.8782386780
176786315.9832196236 24554.3244628906
177909334.7559342384 24993.6187667847
184887848.8844436407 25611.9199981689
184711579.6304555237 25605.1995697021
164909505.9784121215 18774.9889657852
164909547.8132313788 18783.2900827286
164965509.3311240971 18784.9089258350
165702807.0748533607 19132.8498470187
168823877.4935222864 20834.8820114696
177690890.1944339275 24955.3667678833
151524887.1846113801 4775.9080726802
162698481.2273096144 16848.1688390400
180167683.0607222915 25289.7894210815
151481977.3098326325 4205.1050509837
160100597.2316138148 14826.0240213424
162767824.1840818524 17159.9513111737
163474637.6066190600 17561.8763561249
163128989.0054346919 17490.4006558087
169060605.4477314353 20986.5769653881
169197880.1365169883 21088.2170105541
163337645.0212516785 17550.4604855206
177137905.3420919776 24731.0691757202
177687744.7681260705 24937.0371627808
151660067.8571882248 5161.9582064923
151706430.2379224896 5164.1998294171
154888020.4356117249 9753.1810649804
163884368.3474290669 17999.7571978941
163808865.7756550014 17905.2022029671
155521565.0143671632 10518.7288742363
175845559.7743205428 24192.4349861145
151609393.2101189494 4831.3332558599
175397129.4408697784 23982.7101211548
175282488.9477780461 23967.0661964417
151902677.0266279578 5606.3038028058
152101372.1945613027 6172.6580446362
168731546.5159632564 20741.3021927440
178397772.1768829226 25074.6156387329
169047102.5938392878 20933.6452179516
168531593.0071662664 20669.7884570921
169496608.1718626022 21223.6458750034
175083178.8486452103 23738.0716362000
152021600.5983117223 5878.7446954548
169094033.4156866670 21048.3747559154
170339705.3700078130 21532.3522579555
175587979.7464691997 24159.2088661194
152094081.5514662266 6164.1613672078
163113661.7506655157 17393.4399132729
175644970.3023503423 24176.8916435242
176209954.5559492111 24389.5721664429
178049296.4841417074 25041.1825790405
177783328.0693807602 24986.9562606812
155683741.5744024515 10580.3693924248
155573732.0030192137 10580.2292404473
163201131.8752425313 17502.8887386944
176171685.5627326369 24378.7443008423
151617339.7952342629 5072.1297152814
151672035.9296169877 5164.0563624081
153595307.7558771372 8212.8846038587
159595230.6356537938 14444.6296901852
151513063.9840605855 4450.6347590711
152491488.3550119996 6846.0083368123
159860805.4805915356 14729.2939798385
165830862.4788640738 19133.8236707421
170235270.0163828135 21515.4668300178
176384873.1834087968 24413.0817003250
170511090.9130554795 21611.0272956653
176033310.1912361383 24251.0498428345
170759099.9331360459 21756.9413653197
159626785.5514890552 14474.9553415328
180056852.3777362704 25273.2016067505
164137515.3760937750 18181.2093868878
170462935.9025698900 21595.9367728992
170447566.6289957762 21580.4918557955
151794856.9620981812 5447.9301608380
164748481.6497600377 18601.1012801565
170557942.3607780933 21720.7732597156
178193080.4854508042 25047.8253555298
164349226.7711662054 18271.0698789331
164626532.2251484096 18555.3453382226
164054420.4376428723 18154.0573356806
164614444.2967516482 18524.0734588417
164270124.9390541017 18216.6385375771
164389474.9659162462 18315.8362490535
175861301.3410717249 24230.4318237305
163502040.3168587387 17751.9372539520
176216421.4377619028 24411.8819503784
177350368.8342818618 24826.0258255005
177983978.2479323745 25009.7716369629
155687328.8291137815 10623.3013526797
177192968.8935012817 24759.1477890015
163620452.6805846393 17848.1796475079
163721967.0295201838 17868.3014879708
151604888.3960275650 4807.4379319549
156401801.8948699236 11425.3072586358
164041632.2705895603 18147.5140258583
160178257.2129077315 14869.3134805709
163301331.3442684114 17529.2640868935
169723097.1659336090 21346.2476491110
168807575.8058760762 20824.7960968578
176587674.7838636041 24538.2397842407
151631199.0951057673 5076.4771579083
151534152.2965818644 4788.7822573956
163747906.4181760550 17871.4968096614
169633200.4947772622 21300.1587067211
176477872.3180546165 24481.1378507614
180121051.1123549342 25275.8876113892
169315431.3068257570 21115.5428017938
169291968.8579402268 21113.8809231893
169972066.2550686002 21424.3941717708
152663444.4657723904 7067.6283880924
169270627.0845677853 21111.9655151928
154077255.1640570760 8822.8619269431
153968526.8949235082 8672.3514514565
154205338.2859867215 8881.5383253396
156381996.7529458404 11396.8810293227
159696385.4264086485 14513.7251575589
179611450.1952919364 25237.5652389526
179637111.0493388176 25241.2080612183
179496616.3638549149 25211.4126739502
184266013.2472012341 25519.3656768799
176439441.3755877018 24432.3025715947
184369184.3467349410 25525.4954833984
179256110.0786238611 25199.4625396729
183891119.0272561014 25477.9373931885
159512152.5170714259 14398.2560464889
159798796.8675129414 14572.7694631815
177388089.1815643907 24846.6239013672
151543193.6662303209 4796.0683983641
152362686.9306172729 6586.8890668452
178314930.8562597632 25057.0001449585
153754698.4643434882 8470.3106647134
153783944.0373401642 8491.1779041588
166276286.1962884068 19424.4360882253
153474810.7409690619 8116.8365756273
153230457.1981762648 7743.3245260417
155476896.6283628941 10472.4657105207
177476029.4906625152 24858.9004058838
153448926.3184326887 8014.9663386643
153195541.7935140133 7736.8989255726
176073432.0511451364 24289.7582066655
153288889.6826677918 7751.3165508807
153166187.1803181767 7736.1599119008
152411289.1820119619 6712.8843808653
178626528.0684689879 25114.3794403076
184107193.5524528921 25514.8562774658
168677279.8782591224 20718.1782856548
177497614.9397674799 24864.3518218994
154835503.2950728536 9691.8199466638
154881186.0203967094 9700.8834117822
156467371.4454485178 11492.3251489699
178776069.2592455149 25129.5469665527
166095029.6716724932 19249.4256273508
156428766.8595394492 11460.3314398825
163044827.7093249261 17284.3576234579
153014881.6530100107 7382.1670163274
166513906.8677629530 19522.6910512596
152410129.0651061535 6700.7473047165
152930176.4949094653 7376.6706745923
152312878.3787375689 6565.2033741772
155854420.2289945483 10852.0385933220
163078795.2187900245 17298.3411111832
177662433.2796134353 24908.5397720337
152557958.5990447998 6917.8202870190
184531541.8857007623 25575.6048431396
155857835.5343981981 10879.7327803671
184610160.5778012872 25588.7410430908
160703025.4921838641 15327.0354442485
179213378.1563326716 25150.2232284546
151952025.1001293659 5874.3801971972
161162785.0098751485 15733.1300996668
179251677.3741562963 25168.9374160767
152605958.5606992245 6996.8568165600
154753784.1718783975 9649.0555461816
155900290.9809785485 10899.8182831109
152653904.8709233403 7041.7133844197
156189738.4149320126 11228.5589905083
153702718.4406167865 8295.3292782754
156487892.7749412060 11494.3980221450
166544453.3384111822 19540.4803391695
152385189.7632154226 6688.1739404500
160953743.3058115244 15540.4516958641
166574184.0957304835 19542.1385604143
166608299.6730969846 19550.7189129824
153557789.0456344485 8149.5475635678
160605398.1178452373 15266.1890072105
161141326.5628666878 15546.7519721286
165941761.5992251635 19210.7844163179
165899371.8409940004 19166.2489656152
160002782.8253123164 14805.1615544921
155089251.6898455024 10066.8838523179
160380637.0404978991 15122.0199530320
168278853.5880138278 20452.0075283281
160782106.0792180300 15446.7595901648
183705002.5351290107 25317.8355751038
155788157.0813764930 10813.4073391110
155766516.4143661261 10810.4022752643
160338854.5908207893 15104.3018338196
167934079.5159103870 20255.6680508095
168064426.2886158824 20360.7624825188
152030989.0482266545 6075.5412862003
160823930.9225451350 15469.7821887499
168201977.4244352579 20449.2234554726
156016410.1119676232 11043.0082779229
151742878.1756342649 5176.8018309947
167976459.1450343132 20256.4939480263
152164095.8135030270 6222.5546880960
153082065.0028991103 7581.0181576908
161357139.2152114511 15832.5489740577
161587727.9195228815 16049.3760284390
157671570.9894225895 12565.5628521256
155316378.8845029473 10239.8216551840
160092268.4547112584 14808.0302983886
183796605.4330637455 25396.6477203369
155395026.5863534808 10424.4343338311
157780398.4599991739 12640.6353765242
157813285.3381979167 12648.8516245808
155366187.7596015930 10340.4818954766
157774224.6427882016 12634.6636155397
157371847.2224777043 12265.9080354348
168429275.1893866062 20542.3068757980
167928385.5436986089 20191.3323628306
157623115.7636073530 12436.7348034494
157294573.9136030972 12257.8353732340
167234400.9192010760 19765.1973333359
167714796.6782665253 20114.6214361191
152874221.7312959433 7270.4045830220
167216047.9014171958 19732.3065933380
154601693.9588257074 9441.0338724852
156999718.1080765426 11944.8242896274
154613460.7073484063 9450.2801914513
157015290.8793805540 11949.5388540104
151910526.9313749671 5689.2176729888
154953747.1105531454 9820.9865310192
160901004.5466880798 15490.6161835454
171693542.4898058474 21852.9646104609
154941141.1422656178 9813.2704755217
154982894.4850448370 9838.1153618135
167293405.4169557989 19843.2297810707
151960153.3601853848 5876.1248705089
167497566.3550985754 19912.0437106881
172141852.9308752716 21914.0622541928
154712488.8714815378 9519.9150643796
172152016.2502805293 21915.8570667505
157117375.4778071940 12077.9691785648
156963945.6232478321 11941.1616367474
159111705.5707390308 13864.5740766823
156943511.3554799855 11866.3247522712
156634505.4710012376 11588.8794356287
161803774.7973461747 16162.6647131108
161799297.9534091353 16149.3417139258
154471390.8990396857 9243.9234312646
154014318.4923731089 8681.9234975747
156746598.8343352973 11692.4101506174
156894444.8480519950 11783.9913960397
156692971.5651613772 11631.1498585641
153717334.6986424923 8329.3344260774
154314066.4960964322 9049.0375670068
154354961.4909662604 9072.6735600702
161451776.6050255895 15844.2736345762
161467903.6238790154 15844.6896263817
159186905.7525715232 13922.8590818793
158810602.3996386528 13624.6088072211
158922466.4898235798 13680.3272684515
158995764.3811129332 13753.9927652776
159033912.3770008087 13789.7180803716
158790590.0094628334 13609.8520933539
158694194.9150553942 13518.0008512884
159052022.0226226449 13848.2090433091
162476421.1708876193 16358.1312613636
162468203.6916924417 16348.8804692924
158062006.8312629163 12772.9438629623
158342327.9555585086 12999.5664192289
158457929.6916960776 13103.6866641492
158046709.4782358110 12749.2273083957
