152416897.6845589876 6859.2344761491
165015815.7715227902 19041.4995976501
165231272.0131661594 19108.3551928422
176220818.0643689036 24839.3493347168
151543125.3726238608 4829.8637842089
151882638.5103201270 5829.9827275872
157257423.3827046156 12693.4238254130
158060992.2091666460 13467.5961734354
176054506.4337192178 24761.4642124176
154641801.4189315736 9551.9557060599
176353700.9630914927 24996.7290649414
180822572.6245406568 25847.3528594971
157605235.6330609322 13018.9466907084
157399610.9256079793 12827.3194018900
164158065.8647232950 18404.2114137630
173622947.8626762629 23688.3833036423
157527414.4758654237 13015.9608295104
157989921.1013621688 13435.5583370519
158179375.9593577385 13515.8995868266
158228450.1501111984 13623.0864225924
166691709.3662723303 19881.2611933119
178479174.6702769995 25430.2175140381
166585018.8373007774 19850.5813662431
180099987.0483743250 25619.5214309692
152023997.2874975204 6238.1330693662
154501856.3482049406 9521.0446190238
157217953.8882871866 12651.3905345500
158222285.6496793628 13621.5947896456
173727130.4938101768 23760.5412279367
180695002.0769634545 25811.1906433105
154519492.8220696151 9521.4343666434
158246215.8951378465 13678.6531665465
158234322.3439600468 13626.8825885355
177711180.4547781646 25342.5395736694
157495972.3075962067 13003.2860614359
180560245.9232653081 25785.0455474854
181604241.7239840329 25923.1505737305
157969133.7510360479 13406.4447757304
158181879.6090464592 13595.6250812113
157944321.8869546652 13397.4357964396
165768595.7604071498 19418.6660067461
164489618.0235128999 18628.5091182611
158342274.6255178452 13720.9523517191
152859908.3944516182 7402.8044834733
157898822.6871318817 13392.1202849448
157870140.7367835641 13387.1260272563
155101094.5414800942 10169.6084125340
165939975.8274580538 19560.6566128253
177606830.7456403673 25315.8104400635
154660168.6400057971 9761.6253380179
154449833.9237522781 9500.8676721752
165296037.3580359817 19219.5099836131
176843860.4871675074 25129.0724411011
177034495.4030310214 25166.1298294067
151805159.8634197712 5576.2773508579
154348494.2110480964 9456.6878685355
156999071.4082108736 12160.1879815608
154908540.3464804590 10004.0512988865
154748293.0018568933 9870.4574367106
178119799.1474614739 25420.3518600464
154273517.2806306183 9182.9826377332
157208168.9817395210 12362.7064141780
177844308.4013448954 25370.9339065552
177536025.3561235964 25309.5182037354
164109581.0698483288 18400.7807191830
174575136.9447510839 24169.3281440735
177139481.5924784839 25188.6644134521
178519026.1499218345 25475.1761322021
151697232.2844331861 5460.7555993944
154468514.7038684189 9511.0123656690
161936015.2335583568 16620.2844144807
151525588.2151633501 4770.9978155047
154377054.8851875365 9488.6232779920
157173209.4302949905 12358.9889459163
157211138.8459716439 12402.1233300716
162316116.6531696916 16797.3514615999
177309881.6289842427 25285.9805755615
182069866.1133419573 25923.8211212158
154321304.7340812981 9231.2891219109
176735897.2615590990 25092.1107482910
151631869.7017258406 5146.5599521846
152335952.9834532142 6716.8444828987
157139733.8178278804 12356.5895165950
176702045.9947409332 25039.1133632660
151759061.6535245776 5540.3496306688
154275217.4210068285 9191.2447989881
161873855.4797640145 16478.1381113932
177141780.8984905183 25207.1458358765
177183095.5430695713 25255.7235260010
151533112.1327612996 4775.7819910794
175389496.0115458965 24486.2690162659
156450705.1984260678 11671.8982018977
164029036.8666639924 18350.3809365096
165480555.2777873874 19304.4120394609
154158555.6745465100 9129.4728692472
151493467.1843767166 4538.0610989481
154127089.1712695062 9119.4054533094
154101508.9989345968 9116.1231406629
165534781.9208368361 19381.2418124101
152785000.2057145834 7398.1269932389
152281756.2940294743 6683.3740955591
152467565.9740746617 6981.5111637712
180624913.8469328582 25797.0280609131
153566033.0384461582 8371.8831945658
164123510.8085640073 18401.2375744488
151914755.6134370565 5967.6040867567
174678644.5402613282 24240.2839012146
174984208.2759100795 24384.4650688171
174771703.7530532479 24316.8768730164
164167942.3222343326 18413.4469294860
164941085.8517732322 18996.9543528086
152880582.2980515361 7428.8088830709
152495000.8217881918 7025.6522007585
153818892.9190801084 8741.7702659070
163377633.7074353397 17736.6576360683
165895641.6518685818 19528.1823908157
180531245.8355531394 25730.3733520508
165410849.0019190013 19302.5271059892
174118937.9035261869 23955.8184928894
153722087.2701793015 8565.1387718022
174095548.3702319264 23934.7448310852
152426460.1375942826 6885.7591801286
174189908.2073545456 24055.5473365784
181601314.2579468191 25916.1190643311
175670371.5893533230 24592.2517013550
152400055.2235655785 6821.7116947770
152102847.7575967312 6351.8991184831
181509742.9199334681 25901.5181274414
153530528.8643815219 8214.6336540580
181452894.9329535067 25899.2200927734
166456481.5737281740 19845.9858451091
181082829.9837794602 25875.9132995605
166591300.2879644930 19864.3237249914
164405418.9290822148 18587.6741244218
153711009.6928193271 8541.6934664985
152375790.7391219139 6738.7335088551
156697613.8284954429 11874.8565454036
166756327.3643220067 19927.1345415480
153942359.5273500383 8799.9591545463
156125625.0322380662 11295.6886071712
156160914.0660742521 11369.6716088802
181375846.7307923734 25889.5107574463
175559354.8654685616 24592.0387458801
161840994.8512783349 16392.1679098115
166072015.0376942456 19663.2082109816
173885072.1512349844 23875.4256935120
166336386.6852502227 19765.2387827635
166344886.8011501431 19783.4587183363
153985534.3606062233 8911.0057362616
173879965.2239642739 23871.9862098694
175702810.8713584840 24604.9931106567
156034791.1560452580 11196.2824433893
153656247.2375516593 8532.0274223685
164212580.2575586438 18469.4313844662
166911829.4712327123 19942.0699983835
175036584.1737582088 24388.9508552551
164387264.6662025750 18545.0237960122
174014761.8826802969 23921.0958747864
173717986.4331339002 23714.0571708679
163972318.1715776324 18242.7430056951
156160485.5077180266 11339.8922571689
161637664.7958813906 16289.0032064424
151609709.4376628399 5144.6963476092
151596448.9571291208 4882.4599737078
153258284.5541693866 7856.8805211717
161606265.9648558199 16260.7605344758
156373981.6660442948 11602.7218102962
174155964.8469130397 24004.5380744934
175719608.4088406265 24614.5735816956
151601944.3779650927 5057.8777704984
165263668.7331382036 19162.2750256456
173439675.8785140514 23592.6243286133
151481713.6783776879 4203.6656588938
152100207.2796455026 6267.3197820485
173456665.3942724466 23619.3578376770
179661073.1300067008 25575.8544692993
173728552.8836628795 23799.7931213379
175297152.1527860165 24481.7851600647
174408023.2676612139 24132.6701622009
153456573.9470345080 8213.2504691482
157120407.9031586051 12337.3059930354
152003602.8771630526 6208.2735708058
162412049.1503973901 16988.5737964812
157056198.6748154759 12244.9803094417
162561380.9208787084 17096.7577323423
174034586.1908037066 23924.8965187073
156672242.7450821996 11874.3469628841
179434165.2536718547 25486.8166961670
179818468.2340186536 25600.5980453491
151836429.2981832623 5829.4234363139
162221980.0227386355 16777.4022635923
156623132.7502554357 11737.6075593978
156255671.8689801097 11422.3105096370
161988282.0884301066 16654.0677451597
162341009.1433415115 16970.3637351499
153377896.5248854458 8144.7943599820
163009180.5876284540 17432.4534720884
163073938.6788689196 17472.8849573269
162498433.0427740216 17054.0703238950
164879203.9655797482 18928.0163538820
162789168.3148769438 17330.4763297544
166071241.3099979162 19633.9124819658
163217733.2889254689 17694.3152798727
158912004.3889335394 13861.0377201587
151913674.6851173639 5867.2405737936
163720021.8173691332 18049.5971249249
163469377.4895018339 17876.1880036002
174740170.8214922547 24268.8772773743
164816151.5225014389 18840.4835535905
155891464.7364382744 10992.3366676718
163813810.5580800474 18128.2898897152
158929100.5326203108 13896.1435464770
159119444.1450127363 14094.5520329028
151657164.0766186118 5217.3367660791
155910783.0078381300 11047.0444573909
155733862.5159215927 10875.8784112483
179781757.5282246768 25576.3666534424
180148810.0374204814 25645.6641693115
159199610.5414367318 14146.0033973455
159052933.9118684530 13963.8063511401
151555142.5650915504 4845.0771683332
155746322.6145153642 10879.5718482137
175446850.7632301152 24496.3616256714
159142132.1055309176 14137.2434544116
163844142.5406243205 18165.3608933907
152978249.0350641906 7539.7708945721
153424343.6949970424 8179.6455491185
153110720.5814789832 7770.9053066373
164856073.5000722408 18863.4567984960
165219183.2749569118 19093.3487460039
163187353.3663616776 17662.4343523006
163214178.0658555925 17666.5955008488
163631092.7747754157 18029.6865877132
165165245.3433541656 19074.3636912640
163561408.7745327353 17900.3514534301
163566536.1166626215 17924.4333626098
155075948.9671211243 10118.0107627511
153218661.4915280938 7841.6828606129
167199704.7146336436 20153.2777506197
167576189.6454332173 20344.7354637773
167999127.1964326501 20443.9940590055
155322955.5588640571 10376.1332197785
167869862.3128250241 20421.4028449447
155472266.0599730015 10563.0062876344
167640438.6516355574 20404.5344870438
167402751.4211972058 20268.9461018446
153181837.6979951262 7806.7149601281
167046033.0682949424 20125.7096579422
154961929.1636399031 10004.4054160714
152654020.6277415156 7086.0650879443
166879342.1791548133 19940.3066923966
159427584.0871360898 14355.2901904136
159476453.8774847984 14392.2451827526
159102615.9482921362 14002.4928881675
160156887.9286897182 14898.1732370406
159940681.6663638353 14780.2195437402
155388066.1786782146 10400.7242931299
162678838.4423439503 17105.3271160748
159732118.7550452352 14565.9448358566
159846418.2529599667 14725.6801797897
151481977.3098326325 4205.1050509837
163128989.0054346919 17490.4006558087
168531593.0071662664 20669.7884570921
169094033.4156866670 21048.3747559154
155573732.0030192137 10580.2292404473
159860805.4805915356 14729.2939798385
170235270.0163828135 21515.4668300178
170511090.9130554795 21611.0272956653
170759099.9331360459 21756.9413653197
170462935.9025698900 21595.9367728992
170447566.6289957762 21580.4918557955
170557942.3607780933 21720.7732597156
169723097.1659336090 21346.2476491110
168807575.8058760762 20824.7960968578
169633200.4947772622 21300.1587067211
169315431.3068257570 21115.5428017938
169291968.8579402268 21113.8809231893
169972066.2550686002 21424.3941717708
169270627.0845677853 21111.9655151928
159696385.4264086485 14513.7251575589
160703025.4921838641 15327.0354442485
160605398.1178452373 15266.1890072105
161141326.5628666878 15546.7519721286
160002782.8253123164 14805.1615544921
160380637.0404978991 15122.0199530320
168278853.5880138278 20452.0075283281
160782106.0792180300 15446.7595901648
160338854.5908207893 15104.3018338196
160823930.9225451350 15469.7821887499
168201977.4244352579 20449.2234554726
161357139.2152114511 15832.5489740577
161587727.9195228815 16049.3760284390
155395026.5863534808 10424.4343338311
168429275.1893866062 20542.3068757980
160901004.5466880798 15490.6161835454
171693542.4898058474 21852.9646104609
172141852.9308752716 21914.0622541928
172152016.2502805293 21915.8570667505
161451776.6050255895 15844.2736345762
161467903.6238790154 15844.6896263817
