53741573.5496603027 20112.6133766174
51874515.9562471658 17321.4487406015
51912089.8519429043 17454.7241846323
51093595.0585846901 15815.4817318124
51735713.2205044627 17267.7728296518
55406329.5961543992 21075.9655456543
52882254.4466530606 19164.6877822876
52718703.1785486415 18947.2836046219
53400319.5426195189 19834.7849960327
50808881.2418505251 14715.6135098737
51825781.8278686181 17297.0884366035
53610528.7801890150 20009.8316764832
50666003.2814740613 13195.8557261624
50960491.3599384129 15383.9086979032
51177071.7251335457 15891.7662679204
51570964.0511178598 16934.6832004786
51618069.0935280547 16997.6157633066
50668572.0144454688 13203.1290004700
56130506.1990237162 21279.6882934570
51704263.5397275165 17114.9004287720
53238667.8045708090 19665.5579872131
54076904.6823033988 20353.9987487793
53033652.3930181041 19386.3467712402
51067566.0454936549 15740.7751734853
55135335.7638517320 20907.1586303711
54378643.0712433085 20547.8358688354
50596220.0177964717 11091.4029002442
56094171.6963744089 21219.1302642822
51044408.9721430987 15550.3013132215
51672425.5206650421 17071.1379518509
53695195.8329305798 20056.0829505920
51772007.9850312397 17291.9061886072
51549376.7291825488 16886.7673822641
51086560.0255426690 15791.0181189751
51442822.2193550244 16599.6063638926
50882218.7021955475 15076.7421826422
53368416.2023223937 19819.0367431641
53050284.1723034605 19397.7598228455
51242423.8198089376 16175.7392318547
54693099.7053877562 20708.3563613892
50677342.0964021981 13560.0492427945
54294403.5674613044 20524.4520301819
56581676.8132502437 21428.5633392334
50804046.7601635456 14625.5144658089
53800586.4340053126 20134.3971290588
55126529.9668224826 20894.2815856934
54799842.9147957116 20835.9917602539
51605343.8161335886 16969.5756082535
52833540.6071655080 19126.7916336060
54993632.4537395239 20870.6533813477
50865735.7001729235 14978.3014162432
55142824.3764550537 20966.4983825684
54278185.5875633210 20499.1801300049
51026611.9390503764 15515.7753191590
51511896.1582883000 16689.8524309397
51564427.2676353082 16926.1284748316
53557647.3829237297 19959.9894676208
51690211.1883918792 17076.6005655527
52817310.6039762050 19080.3685951233
54461179.8913846686 20616.1525573730
52925558.6997202784 19219.5181274414
52655588.8617342338 18789.4790439606
55562195.3596315756 21081.6954956055
51472413.5449977666 16639.2080921294
53158438.3242898434 19514.8240356445
53193395.6382525265 19628.0493774414
51729892.1667706296 17163.7705845833
50660337.4461025521 13153.2109214514
55156401.3725475892 20976.1744384766
53613519.1348390058 20012.8222694397
50980821.9016916901 15504.9609168172
51541486.5581197441 16798.7923952341
54597904.9739176258 20680.5176086426
53540496.0951624289 19904.8084487915
54465323.0544336438 20625.9477539062
51547335.2308014110 16885.4768261909
56017746.7962941974 21119.0368041992
50816164.6462735310 14740.2102177392
53263919.5791715309 19672.1619338989
53883331.7173327804 20200.5239524841
51557324.6535776258 16921.1003519297
51088457.2678651363 15799.8199346662
50990420.3688276857 15508.8419285775
52709568.2242594883 18876.5677986145
53957048.3888314292 20301.6361427307
50975476.4699440300 15479.8159851134
54334109.9394801110 20533.1253128052
50887961.5938924700 15099.8635080457
50765438.3209762722 14338.9141665648
53191363.7604623735 19601.4104614258
53509467.8785326183 19886.2528839111
51074152.3271171153 15755.1582506895
50962495.2137930542 15435.0228235126
50965621.6484933048 15471.3165109754
53816476.2615936920 20151.6006278992
53178750.6991043687 19598.6758155823
56801789.2761884406 21458.8803558350
51389908.5556463823 16550.0656633675
50605608.0878786892 11716.6925567389
50873694.3895326480 15057.8604838550
50712583.0792620182 13917.7637613416
53951896.9333304539 20252.4234046936
53947120.6413515136 20247.5052528381
54838867.3315128610 20837.9732666016
54468913.8556901589 20645.8559875488
53367889.0602693260 19798.5270462036
53341111.3171671554 19748.7203140259
51195916.0924666971 15938.6120809716
50707685.1191336289 13893.8996041268
52952602.3493084088 19283.6549148560
54120404.2420240268 20405.2224273682
52696315.8525497243 18866.5500349998
51075331.4774075449 15790.7341883779
51362561.9653058499 16436.8220898230
53752342.2156158686 20133.5893211365
55603661.4230045974 21114.3925170898
51371568.9316415563 16500.1066484749
51065076.1657751650 15616.8701194515
50719046.2610001937 13968.2031705589
54668607.9397908449 20689.3159027100
53583673.0642515719 19972.6085777283
55195152.7558011338 20983.2978515625
50715236.5761664808 13944.2532875300
53345552.0920696706 19779.9871253967
53442646.9200387374 19860.8124389648
53650599.4311853126 20036.5695457458
52970893.2639487982 19306.7813262939
51355141.7139772847 16374.5071551153
51666761.9264644310 17021.8186383843
54234005.4847023189 20450.2089691162
51075185.4607562572 15783.4996016622
53834792.1044367775 20185.0410728455
50594457.4221191406 11049.8415026917
56052436.3227972984 21137.5981750488
50674463.1967852712 13524.6639243811
52778779.6491758823 18982.6552429199
56538074.8484287933 21426.3641510010
54964946.1919567138 20862.0500793457
50917607.5598203465 15164.5932771116
53063005.9623407871 19448.3505325317
50815303.0468709692 14734.2348578821
50908362.2574553490 15152.6758183193
51314126.3065151125 16246.6314569362
56492300.7924358845 21387.4085388184
52893847.2183100209 19165.6942977905
50892000.1571700275 15117.2378829867
50951581.8612876385 15329.8137713671
56620812.6432590857 21445.5541229248
51515734.9528327659 16690.1046230146
52993920.4141547978 19316.3008499146
50659670.4778281674 13152.5660036206
50741102.8434111774 13976.7930487587
54777882.1887938529 20751.3606567383
53532956.9722655416 19901.0468864441
53425552.7377169356 19848.8855018616
52771228.7548745275 18963.3912334442
53318867.5828941166 19686.7938156128
53482228.7371706516 19877.9206886292
53468772.4334552065 19861.4367980957
54029495.7366479710 20345.5770912170
51366826.9722286537 16458.9041095623
52822133.2420553938 19089.9880599976
51367626.1952169091 16471.5289789089
52831934.5579451919 19093.2635953426
53900673.4748349935 20206.6815071106
53054643.4118457735 19405.4619598389
56244988.4380729571 21306.2612609863
50948403.1216855049 15291.9466588199
51342812.5419023409 16294.9059354612
51217559.2191683128 16122.1455012509
53716646.5147975534 20109.8787307739
56138447.6055760905 21291.6983184814
50952866.6512945443 15341.4403869212
50751560.9154814556 13981.9644405544
52839553.8997509629 19137.6252746582
56955685.7257298455 21534.0843963623
51132782.7119139358 15868.1427310715
53848422.4239608273 20197.7359313965
53589623.1546575204 20007.6001586914
55357244.8671504036 20987.2234954834
51216760.5382950604 16100.9447012790
53081096.9969624206 19469.4628143311
51230008.3943783268 16152.4410747886
51235679.2932820842 16171.1762397587
53072877.8258578554 19461.7513580322
54390428.6013432667 20568.1736831665
56080561.1690593883 21141.9167175293
51323519.5876518339 16291.0331527123
53892286.9979748949 20202.9580421448
51217693.8204937950 16150.0349908718
51362107.5072695762 16375.4449248016
55142353.1115106046 20935.7828674316
56303647.6720711887 21323.7519989014
50754988.7070293650 14286.8147741556
51255517.0174543634 16226.5504022487
53214281.3802354410 19628.2753143311
54085874.6279664338 20367.6226806641
54959985.1749429405 20855.3288269043
50686361.7492181510 13573.2205998686
52407134.7116890103 18280.5199165344
53298379.1464006454 19682.1847724915
53176308.5134503841 19534.1619529724
50692884.7230869904 13602.9126542211
51177132.4309020862 15909.6021157154
53981768.3390555605 20334.3162574768
51119980.3146751150 15844.2001620182
50719886.7384224981 13969.0592339598
52574923.9694869742 18614.1919631958
50953533.4102403969 15379.3544718921
51119597.5642644539 15833.0276407227
54718513.9058411196 20745.6470947266
54205525.5924277976 20424.1531066895
50824796.8086508811 14745.4171145807
52622014.5448664874 18652.0870590210
52562927.6463914141 18588.3869328499
50807047.7470175102 14663.2347831533
52625401.7013613433 18665.3016586304
53977687.8342984170 20311.9803390503
50776167.5207303837 14339.6087400268
50794917.9297144413 14388.8731814574
50807945.4751689732 14710.3671694945
54083042.3086103722 20365.0477981567
52475386.4365158901 18393.0054759979
54268868.8216474578 20451.2156143188
50829488.4822393879 14759.8812763494
50833975.0520678908 14789.9262371063
51150565.4006748945 15871.5871718228
53928287.3731186613 20239.7308959961
51153302.4239542037 15878.4032443436
51119212.5397146791 15830.9302010951
52417872.9039268121 18281.4029064178
54029003.2317879945 20342.1015853882
50672911.5940227509 13236.8693944663
50783128.9526099861 14341.8788816929
51130401.1470682397 15846.2071024724
51107983.9915795550 15830.6173134693
52591190.9633061439 18639.7864990234
55842130.3242279962 21115.6999053955
52474968.0965767056 18371.4430017471
50687070.6167439520 13578.4771721810
52440648.4828143865 18339.5796222687
52286052.6877338216 17997.0848498344
52559625.8754268587 18543.3254580498
52440331.4703697115 18313.5845489502
50694997.3700186089 13603.0410075188
52313903.3884665519 18006.5409708023
52419003.5404288545 18312.2912111282
52284597.1188428178 17991.0059270859
52443294.1079423949 18346.4357461929
52555629.4364767373 18525.4263515472
50856116.6469573453 14818.7228195514
50827164.7548918724 14754.8918132484
52444525.6619840190 18361.7981309891
51042715.1426229849 15517.5894141419
52552448.0074843690 18480.5135693550
50701339.0604864806 13619.0816303492
50683543.5087189004 13573.2185842246
50704580.1567582190 13623.1078106165
52560015.3237477019 18571.6895494461
50627788.3549427241 11774.4828087986
50646334.4345297217 12116.4872170389
52522745.6079320833 18470.8131446838
52396458.1260685027 18213.3966760635
52518150.5558574721 18426.3405968547
52340378.3475472406 18107.8050733805
52320548.7561434135 18089.6160478592
52488338.0139413774 18423.2880945206
50635312.1772984341 11803.8745139774
50637902.8895812407 12096.2767793175
52229571.0973735899 17724.6658885479
52236454.7459434345 17830.7321777344
52392924.0632414147 18195.2284049988
52384082.7505824417 18173.2869278789
52245175.5730002075 17920.0061626434
52354270.2086663470 18170.3987731934
50648222.5361335352 12142.9132059750
52197920.6487064436 17472.0990369320
52145893.9785349593 17459.1268136501
52213553.7971771583 17510.4484983087
52215124.3582764119 17658.3474960327
