53947120.6413515136 20247.5052528381
54838867.3315128610 20837.9732666016
51483084.0346830189 16602.8118376434
52676521.7910294756 18705.1384515762
50601982.2449054271 11091.4028401971
52684593.6110069230 18729.9188899994
54468913.8556901589 20645.8559875488
50599200.1120871007 11083.5416449262
53367889.0602693260 19798.5270462036
53341111.3171671554 19748.7203140259
51195916.0924666971 15938.6120809716
51603285.1289658621 16908.4594350457
50707685.1191336289 13893.8996041268
52952602.3493084088 19283.6549148560
54120404.2420240268 20405.2224273682
50961019.9214689732 15380.6181344986
52728605.7450479642 18916.3119077682
50614670.2143426239 11421.2945056214
52696315.8525497243 18866.5500349998
51075331.4774075449 15790.7341883779
51362561.9653058499 16436.8220898230
53752342.2156158686 20133.5893211365
55603661.4230045974 21114.3925170898
51371568.9316415563 16500.1066484749
50611255.9415117949 11092.9557644977
51065076.1657751650 15616.8701194515
50719046.2610001937 13968.2031705589
51070381.9917264730 15733.5406542098
54668607.9397908449 20689.3159027100
50612995.3070035577 11382.7396970047
53583673.0642515719 19972.6085777283
55195152.7558011338 20983.2978515625
50715236.5761664808 13944.2532875300
53345552.0920696706 19779.9871253967
55519738.1342175975 21012.2713928223
51784363.2033903375 17100.0403028131
53442646.9200387374 19860.8124389648
53650599.4311853126 20036.5695457458
55173386.8647297248 20973.3533935547
51094383.0035882592 15795.4277791486
52970893.2639487982 19306.7813262939
51726810.0110555291 17073.9736733139
51587972.3880335838 16880.5355106890
51798900.7722172067 17230.9820618331
50669764.7671282589 13155.0953201503
51355141.7139772847 16374.5071551153
51664291.8253644183 16965.9555039108
51666761.9264644310 17021.8186383843
54234005.4847023189 20450.2089691162
51075185.4607562572 15783.4996016622
52743936.7454188988 18917.3013119698
53834792.1044367775 20185.0410728455
50594457.4221191406 11049.8415026917
56052436.3227972984 21137.5981750488
50674463.1967852712 13524.6639243811
52778779.6491758823 18982.6552429199
54660040.6946446374 20657.1132926941
56538074.8484287933 21426.3641510010
54964946.1919567138 20862.0500793457
50917607.5598203465 15164.5932771116
52723782.2305429950 18915.7539825439
53063005.9623407871 19448.3505325317
52015286.8658316359 17251.7160958350
50815303.0468709692 14734.2348578821
50908362.2574553490 15152.6758183193
51314126.3065151125 16246.6314569362
52836769.2932375371 19104.2976360321
56492300.7924358845 21387.4085388184
50970384.7437223047 15409.6812698841
51428370.6351673380 16548.0443902859
51662915.2655917853 16939.7498997748
52893847.2183100209 19165.6942977905
50892000.1571700275 15117.2378829867
50951581.8612876385 15329.8137713671
56620812.6432590857 21445.5541229248
51515734.9528327659 16690.1046230146
52993920.4141547978 19316.3008499146
50659670.4778281674 13152.5660036206
50741102.8434111774 13976.7930487587
54777882.1887938529 20751.3606567383
53278004.6548764184 19664.4165954590
53532956.9722655416 19901.0468864441
53425552.7377169356 19848.8855018616
54616778.8766171411 20649.1015472412
52771228.7548745275 18963.3912334442
53318867.5828941166 19686.7938156128
53482228.7371706516 19877.9206886292
52938933.9385618791 19167.9835205078
53468772.4334552065 19861.4367980957
54029495.7366479710 20345.5770912170
51366826.9722286537 16458.9041095623
51588769.4330172464 16881.9442064200
52822133.2420553938 19089.9880599976
51500512.7300311625 16627.0291925319
51367626.1952169091 16471.5289789089
53387092.3939228132 19815.4472503662
52831934.5579451919 19093.2635953426
53900673.4748349935 20206.6815071106
54323785.5455424488 20468.0168228149
53054643.4118457735 19405.4619598389
56244988.4380729571 21306.2612609863
50948403.1216855049 15291.9466588199
50964019.0338363796 15395.4378583133
51422902.5969038829 16521.0702640766
51342812.5419023409 16294.9059354612
51217559.2191683128 16122.1455012509
53716646.5147975534 20109.8787307739
53265795.5322842374 19657.6571578979
54341549.6320673823 20512.2815704346
56138447.6055760905 21291.6983184814
55170990.0706719235 20955.8168640137
55093643.7135560289 20869.9223480225
50952866.6512945443 15341.4403869212
50751560.9154814556 13981.9644405544
56900286.9713215753 21449.4532928467
51559817.5409517735 16867.4658608139
52839553.8997509629 19137.6252746582
56955685.7257298455 21534.0843963623
51132782.7119139358 15868.1427310715
53158944.5851381123 19471.8635540009
53848422.4239608273 20197.7359313965
53589623.1546575204 20007.6001586914
55357244.8671504036 20987.2234954834
51216760.5382950604 16100.9447012790
53081096.9969624206 19469.4628143311
51230008.3943783268 16152.4410747886
51235679.2932820842 16171.1762397587
54803409.5374770164 20754.0989074707
53072877.8258578554 19461.7513580322
54390428.6013432667 20568.1736831665
56080561.1690593883 21141.9167175293
51459447.8348632231 16597.9956296682
53041041.9570654705 19317.8506965637
50773931.9882941693 14287.3315124661
51323519.5876518339 16291.0331527123
53892286.9979748949 20202.9580421448
55174695.2032473981 20976.1744384766
51217693.8204937950 16150.0349908718
51362107.5072695762 16375.4449248016
54808560.9929779842 20803.3116455078
55142353.1115106046 20935.7828674316
56303647.6720711887 21323.7519989014
50754988.7070293650 14286.8147741556
51255517.0174543634 16226.5504022487
53214281.3802354410 19628.2753143311
53974987.1080892608 20254.2364387512
54085874.6279664338 20367.6226806641
54959985.1749429405 20855.3288269043
54353856.0047722161 20524.4520301819
53188511.0473260283 19575.8664426804
50686361.7492181510 13573.2205998686
52407134.7116890103 18280.5199165344
53298379.1464006454 19682.1847724915
53176308.5134503841 19534.1619529724
50671932.0446397290 13201.3709275275
50692884.7230869904 13602.9126542211
51177132.4309020862 15909.6021157154
53981768.3390555605 20334.3162574768
50974127.7717887238 15411.1244517908
51119980.3146751150 15844.2001620182
54833077.6176146120 20830.2618103027
50719886.7384224981 13969.0592339598
52574923.9694869742 18614.1919631958
53046436.6739410684 19374.3521995544
54833280.9432021230 20835.9917602539
50953533.4102403969 15379.3544718921
51054453.4279354215 15535.9203530201
51119597.5642644539 15833.0276407227
54718513.9058411196 20745.6470947266
53206179.9191754907 19616.0548057556
54205525.5924277976 20424.1531066895
50818806.6428438127 14740.0390329834
50824796.8086508811 14745.4171145807
54306389.5403456539 20464.5446777344
50990724.0660796836 15471.5102177509
52622014.5448664874 18652.0870590210
53288989.8240182623 19665.1192512512
53196790.5967931077 19595.0788612366
52562927.6463914141 18588.3869328499
56585072.0428959355 21428.5633392334
50807047.7470175102 14663.2347831533
52625401.7013613433 18665.3016586304
53977687.8342984170 20311.9803390503
50776167.5207303837 14339.6087400268
56925396.9928085282 21457.0167694092
50794917.9297144413 14388.8731814574
50807945.4751689732 14710.3671694945
53976423.1099830642 20280.4905309677
54083042.3086103722 20365.0477981567
52475386.4365158901 18393.0054759979
54268868.8216474578 20451.2156143188
50829488.4822393879 14759.8812763494
50833975.0520678908 14789.9262371063
51150565.4006748945 15871.5871718228
53577082.0416817144 19922.3195800781
53928287.3731186613 20239.7308959961
52667908.2359226570 18669.2208023071
51153302.4239542037 15878.4032443436
51119212.5397146791 15830.9302010951
50623495.5317731872 11453.8445486277
50612743.4984617755 11106.1702753855
52417872.9039268121 18281.4029064178
54029003.2317879945 20342.1015853882
50672911.5940227509 13236.8693944663
50783128.9526099861 14341.8788816929
51130401.1470682397 15846.2071024724
50979013.0344762579 15436.0429851362
51107983.9915795550 15830.6173134693
53702275.1690673083 20038.3609356880
53716445.4185090959 20047.3297653198
52591190.9633061439 18639.7864990234
55842130.3242279962 21115.6999053955
52474968.0965767056 18371.4430017471
50687070.6167439520 13578.4771721810
52440648.4828143865 18339.5796222687
52286052.6877338216 17997.0848498344
52559625.8754268587 18543.3254580498
52440331.4703697115 18313.5845489502
50694997.3700186089 13603.0410075188
52313903.3884665519 18006.5409708023
52419003.5404288545 18312.2912111282
52284597.1188428178 17991.0059270859
51033348.3334839568 15488.4443677315
52443294.1079423949 18346.4357461929
51024007.1191158667 15477.3630990633
52555629.4364767373 18525.4263515472
50884954.9798958227 15022.8260599971
50856116.6469573453 14818.7228195514
50827164.7548918724 14754.8918132484
51042591.1692437381 15504.2101500034
52444525.6619840190 18361.7981309891
51042715.1426229849 15517.5894141419
51040600.0512613282 15493.3036685954
52552448.0074843690 18480.5135693550
50701339.0604864806 13619.0816303492
50683543.5087189004 13573.2185842246
50704580.1567582190 13623.1078106165
51027514.8894245997 15482.7470585951
52560015.3237477019 18571.6895494461
50627788.3549427241 11774.4828087986
50646334.4345297217 12116.4872170389
50878278.4924643636 14836.0521206227
56112572.2413556576 21216.1870422363
52522745.6079320833 18470.8131446838
52396458.1260685027 18213.3966760635
56131509.2829555273 21221.3289489746
52518150.5558574721 18426.3405968547
52340378.3475472406 18107.8050733805
52320548.7561434135 18089.6160478592
52488338.0139413774 18423.2880945206
50635312.1772984341 11803.8745139774
50637902.8895812407 12096.2767793175
52229571.0973735899 17724.6658885479
52236454.7459434345 17830.7321777344
52392924.0632414147 18195.2284049988
56101875.9764418453 21211.3844909668
52384082.7505824417 18173.2869278789
56100787.7011471689 21171.5733489990
52245175.5730002075 17920.0061626434
52354270.2086663470 18170.3987731934
50648222.5361335352 12142.9132059750
52084508.0851032957 17423.8835410029
52197920.6487064436 17472.0990369320
52145893.9785349593 17459.1268136501
52101110.2989592627 17426.5617024265
52092137.7418335974 17424.6363770962
52213553.7971771583 17510.4484983087
52215124.3582764119 17658.3474960327
