57561746.2125973180 21534.0843963623
57538093.8902271166 21449.4532928467
54004198.4867722169 19730.4583206177
54206964.0578116551 19868.1442985535
51164581.0647886842 15336.7476030346
52516869.8768174127 18163.3787040710
53006658.5361794829 18987.4269104004
54422183.6059723869 19982.6833343506
54748753.9135848209 20317.7061233521
54525660.2808705494 20189.9424476624
55032019.6390006691 20480.7533988953
57017700.9687071070 21239.6529159546
57084491.8319483772 21390.9738616943
50760773.8547209203 13566.4380537868
50984709.2380264699 14928.0389036704
51110118.5010317340 15265.2106880713
52848720.1691136807 18824.7887001038
53415728.0645678788 19319.3567924500
53184286.3462020829 19154.3779487610
51174011.8875684291 15405.0369228141
51124568.1695555001 15309.5964356679
52832139.7957295850 18817.7356224060
51087118.9066608101 15040.8751542736
51015092.6220483482 14985.1455902159
57216207.8680665940 21423.2119293213
50943965.1103468165 14697.8279072940
51326011.6658054814 15664.8198859859
51860114.3239122704 16675.8929741345
52828321.3062673584 18803.8392448425
52817278.7124494910 18763.6160593033
55536343.6677492335 20752.8649749756
55668935.6477540359 20836.9283599854
55040910.4327483550 20516.6585464478
51951848.0946316645 17074.0749899708
50931274.9573892877 14684.6708240379
51892836.2558983490 17050.1108538471
53064767.2722656652 18997.0604248047
53519272.4542939812 19400.4524536133
51987683.9261837378 17079.3374416828
55088363.4175546318 20530.4755477905
52882327.2134668827 18849.9624023438
53371911.4860954434 19309.8294067383
53420009.6913807765 19339.1177291870
52981232.6910595968 18973.1870803833
52971809.8148970306 18957.0097732544
55148032.8313993141 20552.3600616455
50750268.4387627020 13548.5929963905
51367574.2972137555 15699.9878575969
51038743.3608677238 15013.3388357926
56856876.7965621278 21224.0176086426
50688443.5931316614 11885.8688932061
50891224.7147572935 14642.6191283632
50992447.2335758954 14949.0213226378
55226452.7614317313 20572.5099182129
55228883.1627048478 20594.8744812012
57350638.1606107578 21426.3641510010
50986273.5716223270 14942.5534498263
52946379.1587941647 18868.0812702179
55280805.2911927328 20607.5503692627
52197920.6487064436 17472.0990369320
52814207.8607658669 18685.2227134705
55659666.7694029287 20829.0345153809
56519342.8302342668 21189.4189605713
51010725.2853151038 14971.5308775473
50895316.8159801513 14663.6649129558
55480675.5897028819 20674.4411163330
51129527.6817683652 15336.6342367203
50714268.4921451434 12593.6710858941
50725389.1700493470 13106.4033388812
50853087.6227631867 14286.1070218277
51111328.3343518674 15293.3668830562
52720038.0873158872 18610.2545661926
56760543.7972532064 21209.7307434082
52564952.6444250792 18255.7110292912
53786476.9944874123 19540.3772277832
55393081.4592711776 20625.0413208008
50965881.4876588210 14741.0196019113
52735227.3813582137 18627.0250587463
53509896.1793160588 19358.8964157104
55547269.7908784747 20807.4694976807
51103956.4718203619 15091.0293449927
52367968.5066924840 17920.6217498779
53682061.5913080573 19509.6837081909
50885956.5250146389 14634.2541797329
50975787.4401736185 14921.5718626548
52750035.8044787347 18631.9259181023
54473741.3944117427 20029.1006879807
51064900.0987865031 15039.2634744514
55462477.9143067524 20636.1791229248
56220962.7483683228 21089.6278533936
50915013.1895985380 14667.8104715217
52602483.5099769756 18284.2287721634
52660883.5659017786 18439.6909317970
50786122.8793559596 13577.2566703912
55836600.9690430015 20869.3653564453
50818225.9171520770 13914.6486751583
52610783.7307324633 18286.2991752625
53697681.0611138791 19518.6859359741
50844715.7132716700 14235.2246810514
52430206.6093047336 18054.8830642700
55875055.6362434402 20943.9080200195
50835116.2685944512 14226.1991726774
52145893.9785349593 17459.1268136501
52415071.8814194202 18021.1726827621
54510349.4059429616 20116.0237121582
52634093.6145081297 18309.8987121582
50802443.4504974782 13856.0338007528
50834653.1402497366 14220.3524605352
50813932.3179984614 13858.8975749388
51940808.1518146321 17057.1698482037
52270503.9258567542 17749.6918044686
53557179.6322125718 19449.6634140015
50700512.3901067302 12257.3218961358
53316676.5846888274 19230.2335815430
53088526.3226345703 19066.8475780487
52712292.1872776151 18507.0269727707
53898969.6216974258 19599.6421737671
55345671.5448609889 20621.2526855469
56186635.6048144549 21023.5316009521
50817723.0007813498 13898.4379067775
50801440.7999697924 13847.9197028000
52438168.0125820339 18079.6306781769
52101110.2989592627 17426.5617024265
52484455.1089934260 18141.6934309006
53090832.9407049567 19070.8219299316
52092137.7418335974 17424.6363770962
54091082.2106362730 19760.6549682617
54866952.2708779350 20326.8212051392
52730918.9434042275 18616.1907806396
56021070.4651210159 20975.5034942627
50748274.3941985890 13453.0043466110
52091576.5614890456 17398.1583707333
52213553.7971771583 17510.4484983087
53536519.9617496580 19440.2305221558
53880613.6229190677 19585.3036422729
55016045.1662079543 20437.5177001953
56166485.6961471513 20977.1901702881
55871766.3945261687 20882.7565612793
53153397.1391476095 19113.3271942139
53333170.5520630404 19248.6613159180
50735903.5786328092 13126.9482426960
50749592.4314090014 13484.8350913841
54483491.4693839028 20038.5133094788
53148128.8806362078 19100.4262351990
55809562.1135839745 20854.5196990967
50738279.7063431591 13167.0204501748
53639022.4722038954 19450.2220382690
50708612.3097914606 12575.1787592430
53168586.4331899360 19126.2204513550
52616867.8210191280 18287.3461771011
56499198.6933213398 21095.6063842773
52265308.9748632535 17738.3053932190
57438695.8170849606 21434.2932891846
52215124.3582764119 17658.3474960327
56967624.1025523320 21232.6327667236
52344372.7651119828 17906.1028127670
52318596.0385372937 17875.7118387222
56762781.4817235619 21221.5227050781
53944255.3585260436 19633.9761657715
52707549.5110866278 18496.5504207611
53672682.2038219944 19475.8981246948
52459923.1542335749 18140.5098924637
53654012.8193284273 19474.5645141602
57022103.8946877420 21281.8874816895
50788859.2016744912 13646.6092781468
52285740.0248253271 17762.7286300659
56518191.2627235800 21108.9649200439
52032022.6288366616 17247.2971096039
52439811.0870267153 18123.9096841812
57418744.6013633236 21428.5633392334
50742540.9157147706 13185.2919191420
52638247.2545647547 18404.4791073799
55000812.9613050222 20381.0441741943
53243505.4346450940 19158.8215560913
52683478.5249994621 18486.8522214890
53284708.9786885604 19165.5425872803
51999993.0179253966 17160.3002040386
51990924.5655515566 17135.0142858028
52549114.4515442699 18196.4127903171
51704525.5838404968 16094.6353429109
52619595.1346391067 18294.2353978078
51645385.8857318610 16027.5274823457
52570113.1435710713 18276.4757056236
52552800.6586671248 18203.1510510445
52537734.9662220925 18192.4804072380
52564087.5796214119 18211.9923951626
52086367.1360086277 17305.1504809856
52662680.0673861206 18454.7105650902
52681626.4373421595 18484.8726921082
52089228.4483461007 17325.7089736462
51704961.8782916293 16339.2084630281
51600160.3510941043 16000.2642921954
51751956.6319996938 16454.0745522529
51694304.8513363302 16079.5627572089
51819192.9743506685 16537.0570046455
51843224.3390735090 16596.3167626411
51684744.0429114103 16033.3240000755
51717553.3538834602 16367.8239724189
51797475.8796948940 16482.2687062770
51801429.8433405757 16491.2706694156
51794522.6378324628 16469.3348387033
