50581412.5862936527 11328.3455874622
50593167.8869103193 12000.1909627020
50661989.9018283933 13442.7732183635
50716028.2098264396 13838.4212578535
50573076.4310902879 10644.4773896933
50675254.1142706275 13452.1668304801
50677161.6756659523 13452.4335089326
68515257.0699510872 21527.3578948975
50632559.8141818196 13038.9565108120
68362676.1532969475 21494.4082031250
67984410.7224011719 21332.1509552002
68863112.6613914967 21534.0843963623
50637201.5128979385 13114.7963897288
50587421.1431431770 11935.4663771987
50656079.3749909177 13436.2903777659
50578429.2839175984 11310.4916940331
50617893.2353358641 12692.5695944428
50625969.9288252145 13038.3657357395
50607205.5153639689 12666.9127328098
50602814.0839635581 12356.0847745836
50784552.5971364155 13896.4077394903
50685168.4754019976 13506.6648972929
50766321.2801620513 13867.6279052198
50584317.5070883781 11610.6145176888
50718693.9271994308 13838.7364036590
50581508.8038339466 11564.0133742690
51168844.5346781909 13898.3057823777
50605276.9987716675 12357.7948967963
50624563.1414105222 12708.7891694605
50610732.6233890206 12672.6736630201
50703566.1017618701 13553.5084639788
50685976.2343442440 13526.5265140682
50576935.0116944686 11239.1615147591
50747429.8661974743 13839.3080263436
50601490.1066575274 12332.3128198683
50575529.3208758608 10969.3292492032
50692350.5366672054 13546.9173626602
50680002.3955476061 13496.1749022901
50583037.8861080483 11590.1536978483
50590394.3536238745 11965.2351589203
50650384.6583431438 13125.1402137280
50584244.8170157745 11600.3830428123
50577495.9731518254 11269.2616119981
50625455.2949607819 12743.1059027016
50599891.7602392659 12327.2164721489
50574388.5703745410 10944.4097524881
50620333.8182644248 12701.0042760074
50599381.8198083118 12324.4395643771
50597296.8342819437 12296.2633383572
50573992.9117684811 10669.3170854300
50618694.9971618503 12700.1353458762
50597916.6627757400 12322.1767262816
50578893.5003231093 11315.5314399004
50571958.7897538543 10344.5450268984
50591599.7713277489 11971.0985849798
50584779.0809961483 11640.7146149278
50576332.4465193599 10980.3732757866
50576892.8748102263 11010.4795302600
50573004.9377472103 10349.7256274223
52060383.1548880562 14220.8244812656
52138447.5112692341 14243.3191740756
52505403.3378042504 14584.4903378189
52319598.1582476199 14474.0344147384
52533443.5969907492 14687.5823841691
53499361.9235565364 14722.7385626482
53673365.6369746327 15123.6499958681
53577741.9548009261 14761.6830006288
54132142.7878470942 15352.3106593490
54369114.6572591737 15796.1878465414
54333560.9958268255 15450.1936050057
54297043.3979282975 15437.5581282973
54171531.8950266764 15431.0905761123
55098819.3277275935 16109.8247409463
55132922.1230937093 16146.2849031091
54515470.0460675880 16034.4263959527
55578987.4294744134 16235.2231097817
56116408.3254148066 16440.4297128320
55918204.9241878241 16420.4970450997
56709219.8272066340 16792.6129341125
56482517.8360970393 16651.1406837106
57077953.4911157861 16825.3631191254
56527177.6304321811 16735.3792924881
56447868.2818222642 16560.2739467621
56394877.8152223676 16453.7018718719
63329455.9537760690 16857.2679977417
64208446.6123695150 17070.1019382477
64134630.1895748004 16907.6409339905
65899412.1840763316 17407.2193088531
65273933.2041813508 17177.1564884186
65795786.5337266922 17181.9209384918
