191600239.1074573398 76133.5903168768
191310577.8390104473 75581.8587361919
198931559.8550794721 93552.4409382343
185258691.6257732213 43075.2491911203
185259570.8189006746 43133.3489007760
186828843.9540614486 59466.8937546168
188708199.8027609587 68507.4078095217
188748685.9007620513 68518.2310612460
190787547.6757290661 74657.5414755093
191150805.1142855585 75475.9711915106
191075894.6283103526 75472.5360161215
191050655.7181293666 75360.2910215603
191364672.2776328325 76103.0131391436
190865043.9170338213 75290.4103452908
198842489.6056711078 93499.1198322773
198487316.6827375889 92082.6092884541
200513591.6454259455 96147.8499088287
200479940.8553680182 95944.2192153931
186902820.3709942400 60322.6618070567
187941329.8623872101 65202.7591644274
188132805.9659763277 65847.2441202151
188769244.0333609581 68587.5879411359
190732934.0507615507 74474.4242040860
198726721.5452451408 92849.7409870625
198775164.3698874712 93207.4146320820
201648644.8820560277 97411.8997497559
200838643.6221776903 96655.9725952148
200736424.4312372804 96350.2310638428
201218857.8692792654 97115.0901641846
200856084.5242689848 96831.3023834229
202166568.6738386750 97528.6486816406
202363351.0193699598 97659.4244079590
203855577.8066280782 98563.7455139160
200683428.7941243351 96243.3855133057
186805546.8062788248 59438.9976871316
189004087.3040122688 69420.3844531253
190475150.3041694462 73667.6939747082
190639857.4333612025 73807.0760624157
198574738.6355023384 92621.3439550400
199400645.0129588842 94410.6348114014
200801919.7238489389 96471.2225456238
200565929.2373214960 96177.0497894287
202474586.3142189384 97900.9827575684
202610982.7757519186 98087.1415710449
203776650.5369999111 98499.7351379395
203710300.3470237851 98497.7615051270
186968006.1455956995 60492.4503356596
187874705.4183237255 64850.5512500750
187724999.7057291865 64409.3541055666
191074896.0439158380 75362.6406919705
201390966.1710038781 97154.4302062988
200768332.9750153422 96466.4417877197
202522151.1439689696 98084.7109680176
202795872.0618344247 98247.8875427246
202826823.6439120770 98252.3565979004
204856866.4573292434 98705.6681823730
185166664.3096576631 39118.4920605719
185366921.7051615417 44461.3907581527
186919280.6352295578 60471.1972219129
199617150.1040908694 94637.8582000732
199479332.5185236931 94439.7182464600
200507537.9667356014 96053.1452057362
201648069.1209108829 97358.1139221191
201535692.2145754099 97256.6731719971
202668269.9460104406 98091.6315002441
202282300.9974770844 97543.6984558105
185237225.7305625975 43040.7370164469
185398706.7012341619 44633.8320344381
186904860.5130938292 60346.2701532026
186837995.4813964963 59643.5113240858
190763506.4775435925 74530.4311344372
199007727.9281794429 93567.8860676289
199123112.1967289448 93865.5983428955
205194742.9449535608 98706.3315124512
188883803.2076745331 69201.5965130587
201040601.3904266655 96834.0114898682
185353150.2866369188 43890.0363938883
187506477.6010238528 63160.5617271410
188639339.2909272015 68441.7290814181
199589157.8360055089 94624.1553649902
200565625.1115233302 96173.2471313477
202458196.0732648075 97777.6751403809
202905987.7618806064 98286.2857360840
202982476.6653479934 98311.0808410645
203207765.1479135752 98358.1017761230
204578834.7469680011 98628.7334899902
204410699.2030970156 98607.5578918457
185185168.2703166902 42176.3940595016
187890027.8010315299 64912.7446394861
188044484.1506520808 65411.9817460375
189301153.9977947176 70302.5805700381
190669753.2566453815 74436.3586857067
190638259.3513639867 73783.0396795021
204707152.6239335537 98698.1886291504
185302122.6512387991 43820.1045379937
185201904.0692604184 42329.5710805431
185517729.8613737822 44709.4621966440
187705606.7482894957 64278.1690498339
188812694.1743378937 68688.4052007755
198997097.4342510700 93563.4718551636
199355478.2494836152 94210.8699645996
200226549.6598678529 95469.7762145996
185178006.5384614170 39813.9790636152
185267378.6044836342 43691.0384408195
189043554.1237755716 69668.7139226158
199253549.1690654755 94150.5305328369
205496927.0960705280 98714.3127136230
185306630.8745415807 43829.7740647867
187544234.5004160106 63923.2167047492
187692525.3005207777 64220.8117805468
203507573.4088646472 98476.6496887207
190723520.4627554119 74459.0106572853
199343484.4571086168 94198.2749786377
198712720.0454586148 92697.3375930786
204012883.1546831727 98585.2795715332
187016034.5984925926 60567.0635225927
188927177.2131840289 69353.2250200470
190572712.5656059086 73698.8208417641
190437795.0313855410 73620.9876508461
199319159.6101441979 94173.9366302490
200400001.2023931742 95718.1779937744
200310049.3523871005 95687.4111633301
204013483.6359876990 98586.5919494629
199884318.9812343717 94956.7358245850
199903629.8815879226 95040.2707977295
186889260.2741984725 60321.8570882459
187480154.4617072046 63147.1467491137
199367497.5931807756 94386.3971405029
200401517.4116828740 95731.5377807617
202419404.1744051278 97775.5774841309
202496111.9326702952 97951.2253723145
185226197.3991288543 42981.8833041117
189916352.9540025890 72016.2049198048
198754591.1964279413 92854.7410125732
204090564.3113364279 98592.5949401855
187019614.7148156464 61163.0638277684
187795122.3216521144 64841.1849129992
188122505.8042278588 65734.2261677133
188100595.1382504404 65618.2294021593
199042112.2067108154 93679.7875518799
199654169.9962333143 94686.0365905762
200271392.2652586997 95662.7715454102
199793740.2680347860 94729.9879913330
202288959.7873345315 97592.3480224609
187561242.8207342029 63999.8489204394
202342227.2624702454 97611.8831176758
202804902.7882466912 98249.5079040527
185345274.1629651785 43860.3988435343
187072769.6570589840 61278.4897029554
188057172.3756449819 65530.8661115216
188851282.8272595406 68693.1841591557
189843157.8118316531 71833.0366306202
190110028.1195267737 72441.8544546263
190241468.6922105253 72799.8518911498
199950861.6152627468 95208.8646545410
200126099.0717969239 95467.6074523926
202158391.9024669826 97440.1673583984
202673993.1000050008 98155.5549011230
185209885.7247597873 42978.1068284586
188700365.9072101414 68449.0261033780
190330650.3689324558 72859.0616287119
202244315.5708892047 97533.0854187012
188481523.2795358300 67633.0564358952
188666376.3159427345 68444.1954759366
190400711.7146624327 72978.1049085753
190015719.5187784731 72089.2955251830
190339747.5354467034 72926.0470681833
188627297.3411158025 67880.4748242619
188525933.2028786242 67647.0652282080
190142833.5019887090 72711.3015371459
190095645.9071250856 72116.5729160206
199927613.9826907814 95084.8706970215
202881853.3488187492 98279.2284240723
185179038.4228496253 40493.2308183759
187049140.2944595516 61173.4132933770
188540489.5628047884 67662.9186229827
202415064.9390992224 97734.6849670410
203347358.1129418910 98392.4101867676
203865206.7460364103 98565.6211242676
200003261.2161348462 95216.1463928223
188381333.6471400559 66961.2756055119
199547564.3078281581 94513.8258972168
185357034.4836827517 43946.8365428522
187075532.0069061220 61285.5857036267
187022779.7574425936 61168.3461558972
187011214.6172310114 60498.3777863611
187094033.8514052629 61469.1995527674
187216346.7085084617 62103.8999143285
187755399.0777223408 64823.2281318652
188353901.5551574528 66710.4406445744
190123446.7121025324 72640.0663251774
189817383.0985596478 71828.2265109913
202688097.6652647555 98170.4367370605
204506313.1474663019 98608.6808776855
188362248.6616130769 66742.8830888942
187669936.9532726407 64084.2878519045
188429870.7140904069 67566.7561352970
189739354.1008698940 71464.5219821827
189865157.6733770967 71914.5073337452
187218561.2672533393 62235.7156840269
187356419.2531172931 62376.7784919002
187600568.5215049684 64083.8721328722
202713649.2392997444 98170.6239929199
190099480.9380272627 72197.8661232514
187533768.8089430630 63911.2985664355
189613211.9268856645 70951.3183328183
203058051.3145178854 98350.6222229004
203917573.2594731748 98568.0159606934
189634784.3176323473 71032.1671182187
189694263.7863169312 71080.6582986386
189521712.4643194675 70922.5430032285
202849757.1052165329 98271.8312072754
187446031.8790825903 63109.8676643120
187121504.9493372440 61570.0197889698
187361130.3224262595 62998.2217292505
189604276.8393821120 70937.4951233612
189267086.0047242045 70030.1619069008
189412162.4189707935 70321.6132852109
203220446.6774684489 98388.0007019043
188215754.0856218338 66507.3202414187
189220028.4585863948 70010.6134377988
187052716.5290600061 61275.2505585779
187351375.2625462413 62321.3976452686
187424276.0139800608 63097.2984189111
188414989.1137064099 67425.2941327961
188249251.9122635424 66569.2053262470
188294624.3448185027 66689.6688146265
189295936.0459711552 70055.4146958860
187314717.5865012109 62286.0097383641
188282094.4270466268 66572.9249791773
203493099.4153901041 98442.9894714355
203148067.5893355906 98351.5840148926
188608396.1461154521 67762.4939376386
191814741.3336831331 76162.8368198732
192855452.8543757498 78260.3488365980
188424620.6128239632 67438.6314325007
188349173.1263191402 66696.5214166315
192573522.4730618596 77896.4707941348
192209077.5946256518 77125.9427533010
192532825.3822242022 77857.3255742686
193115727.4492052197 78780.7723177420
192615457.2329108119 77967.4691213267
188392325.5307061374 67417.7578267725
192287464.4135889411 77180.4818012575
187410313.2953980565 63015.6166587713
192312079.0028450489 77185.6359760622
192040657.4689281583 76558.9531147340
187301038.0658183992 62237.3077036709
188596729.2225384712 67676.5789327295
187389030.5050199926 63002.5725277978
192143122.5154505372 76973.5830585817
192426882.7169966698 77294.9139287730
185700768.4369609952 45646.5655476186
185769266.2084565759 45650.5899983960
187974615.4702540636 65270.4945054157
185616656.5674892068 44791.5397664624
192134936.9330162406 76892.1627704958
192527511.4635751545 77700.7992353528
192342815.4668731391 77210.9381232793
188161501.4533078372 66157.1888508591
188006046.6666258872 65379.5785717758
185812368.6842225194 45698.6824729592
191964610.9105083346 76440.8599903444
192119108.3539644480 76838.4005176881
185973382.5155249536 46558.7283130959
185999428.0359972119 46593.9057554156
185865411.5373891890 46461.7471537739
192015398.5983919501 76481.8965571979
185865408.3075678051 46448.3261556774
185849873.2180729508 46271.1874778420
185964199.3440077007 46493.3303873250
198258941.0437529683 87812.3354873657
198375792.7540044785 87965.2412567139
198462717.5284166038 88373.1587677002
198198832.6009629071 87585.0434608459
186528802.3249251842 47836.8249986251
186334190.3073388040 46943.2921502669
186783902.6115950644 50425.6846400355
186493709.0762943327 47089.0004041274
186577027.3908396959 47924.8890760024
186621263.7594976425 48756.2573545058
186688619.0092261434 49668.1869199355
186771105.6819012463 49786.4366621007
186672007.7409374118 48784.4063845729
197948035.9685735106 83525.4987421036
197407064.2429449558 82187.2849054337
197850861.9774994850 83213.7032378316
198049677.2774595916 83596.5575799942
197742051.7335285842 82969.6237748861
197721473.2225383818 82953.0945105553
197747211.2600025833 83151.9576044083
197616282.5453783870 82519.0211420059
197581000.5772204697 82338.6536951065
