184215587.2183305919 30745.6676703840
186279615.0927566886 59295.6588027626
186365302.3798276782 59498.5048665628
189819066.5263154209 75917.9307283312
198567772.0783081651 97464.5989685059
198211251.9591196179 96608.2941932678
199533379.3314074278 98351.6051940918
184873338.3260858059 43458.8595411256
189848899.9345095158 75922.2331882864
190875411.2740367949 79773.1719488436
198345290.3738670945 96894.2554321289
198240013.4050369859 96642.6191940308
200891599.8285256326 98602.3283996582
205951554.2714658082 99072.5740051270
185067736.8838480711 45162.5154962465
198510168.2854397893 97255.9111022949
206231291.4992240369 99076.6803283691
186172131.2427638173 58381.1233324632
184357027.4994405210 34117.9903877899
185075406.1621873975 45841.9300921485
186258133.4930181801 59292.2486398369
186217467.0096126199 58392.4651347324
189686291.7338614762 75871.4114412218
192361485.7559202611 83453.0159861827
184221521.0579927862 30775.5150367171
186297076.9214766920 59299.0091185570
190969036.5401276350 80458.8955969149
191941480.1737599671 82411.8656844432
198341300.1683474779 96894.0500183105
185261863.7129179537 45992.8540939018
191996818.9829052389 82565.3725051219
192014432.4830058813 82571.2114486033
184281996.9582733214 31627.1619115665
184324538.9805018902 33965.4148042724
191980515.1574625373 82426.4915084178
185141705.3474901021 45963.6235424951
186531348.7227396965 60905.6126229912
190618099.8888247609 79262.7076096470
198278970.9032902122 96766.2560272217
206270472.1802715361 99097.2050476074
192481192.1751421094 84055.8087107921
199472534.3923704028 98206.4277648926
192588943.9644532800 84110.1078109080
201172548.3558625877 98623.5169982910
205178156.1988777518 99027.4143371582
184604062.5653467774 39928.6950241377
192642683.9022444487 84138.5546078021
205122301.5231522024 99012.5099792480
186435102.1751425862 60210.0038278252
186278777.9106782377 59292.3795676827
198269322.4735353291 96765.9429626465
198334560.1999644041 96767.0682373047
186375229.6443164647 60121.4534738213
192384157.1655875146 83504.2519420916
205590760.3381606936 99070.2384338379
187443865.8846156299 65763.1146744862
190707127.0848385394 79542.0561623508
192300503.7390764058 83448.4343795115
205295309.7740932703 99029.4795837402
186961637.0326697826 63209.7809791118
199356865.2013399005 98098.2113952637
200680898.2495407462 98576.1000061035
205487791.2790611386 99046.7436218262
205776056.8829001188 99072.4224548340
190205837.2600890994 77685.4620002657
190399305.3336362839 78372.7317451388
191332500.9632714689 81370.8251623446
184565701.8123898804 39091.4975047311
184916490.3796612620 44190.6670367792
190436918.2603492737 78407.5832010657
192406239.5658914447 83794.1785506541
200410845.9641129375 98541.7759704590
184252023.5030638874 30775.6876436621
184413721.2092179656 35700.3603802100
185004180.9503441453 45067.8442365602
186157358.2964405417 57977.5114801079
200191996.1386577487 98489.6429138184
184517986.1912950277 38244.1969546130
184930261.3047457337 44227.7790895179
185045279.9058239162 45102.6306219921
191423331.6137178540 81458.4356979709
192469456.3121721148 84032.6672252947
201401730.4286421239 98646.5943298340
184901873.4653148353 44179.9973604158
191462847.0018789470 81553.4971413547
201213493.6988752782 98625.1377258301
184960216.8739789724 45023.1957175210
200652319.8054536283 98573.4199523926
192055400.2590884864 83198.1782454783
184558309.5909049511 39054.8346105640
187562273.5878695846 66393.6619004756
191192060.5955111384 80780.5340065891
201344188.4518123567 98627.9191589355
200259701.0669137836 98523.1195373535
184882712.7845221162 44155.9146711305
186252485.4348406196 59035.2536752373
187412095.9414719939 65728.1618394405
203627794.4509863555 98873.5436096191
184832559.4034370780 43354.2221156433
191989607.6135854721 82491.9589617103
191325687.6751049161 81112.4829966361
192046706.8053048849 82885.1397959525
187479000.3425069153 65864.1420411617
191701104.6752151549 82289.1394907767
198174714.8554808795 96496.6081085205
198182466.7469501793 96512.0817794800
205303421.2501814365 99030.5005798340
184847024.2374387383 43454.4149027020
199044040.8383134604 97749.1643981934
203566854.2451578975 98864.0147399902
184635409.6648163199 40052.6100483438
200082128.1958286166 98482.1575622559
191575158.8885418475 81897.3429055149
190234837.1604999304 77772.6798941046
198194082.2137248218 96563.4928741455
184473603.2357129157 37329.4944651153
191507930.3942783177 81602.7391583854
197813023.2665140331 95542.6382675171
197736823.0615610778 95428.8207130432
190469717.8499110341 78603.4923790842
191693075.1311312914 81967.1082863742
203235309.1600159705 98861.2497253418
191398954.9271253943 81405.9616799289
198037665.7934286296 96070.4455566406
184286312.5208581984 32551.0864865631
191342128.6365032792 81371.1079811985
201519127.5775742233 98659.4405822754
198909185.3010860384 97692.3902282715
199259252.9868838191 98038.6496887207
199950169.6860548854 98445.2090759277
184780243.8869445622 42552.3160442378
191069565.3576649427 80531.8189186985
200836419.9645854533 98599.9396057129
204644276.0691037178 98947.2193298340
190723100.6907554567 79544.4839125257
203425775.4710876048 98863.9855651855
184297804.2662391663 32572.5924893469
200989843.9688419700 98608.4335021973
191271585.5729908049 81049.9860329563
186251884.9535360634 59033.9409921318
198444507.6516781151 96921.6392059326
200782381.2847483456 98588.5495300293
184569441.8337515295 39204.8738650953
200538606.0013610721 98562.6996765137
184321960.9374888837 32626.4565424174
190766731.3997429311 79609.3476509983
190162779.7189389765 77682.5323110968
203216144.6010271013 98858.4273986816
198452827.5708433688 97016.6957092285
190218852.8261546493 77726.3202145929
191810208.2717243731 82385.1768867308
184214331.0590821505 27380.4549788982
191129952.2122370005 80730.6550698215
184551219.8861413300 39043.5245957201
184499697.0716207325 38131.5950302904
186143786.9284951389 57191.5748024657
190292782.9974408150 77955.0928967828
190449508.2481436133 78556.2387402887
184448504.7503272593 36613.4952308238
205081361.2742055655 99001.2872619629
190012529.3951283693 77086.4415390398
187533255.8179849088 66064.9671372920
189930661.6008342505 76809.7721969988
198491026.4958229959 97022.9307861328
184938907.1717810035 44262.2196414620
198936401.7354832888 97738.1617736816
203718043.0491980314 98877.8899841309
184252098.0745235085 30820.1632631421
190694537.3491008878 79278.8401240641
198734111.8316577375 97562.8572082520
198803387.4397275746 97648.0141906738
184465594.3558231294 37291.3942056745
184928286.1014668643 44214.9974030703
189893339.9704852998 76222.5872509386
189950252.6782113016 76834.0432598498
184880927.0548485518 43524.3970846385
204915397.9411700666 98967.0859680176
187375364.7432442009 65639.6114854366
184834067.0466246605 43354.6889313906
190520445.3092549741 78653.3493685061
203791518.9770106077 98882.7411193848
184417543.0779348910 35716.5829332843
184428447.4028878510 35817.0764387622
184252411.2713122070 31625.5253681690
199408261.1877195239 98106.7809753418
203218604.4995304048 98859.8453063965
184776752.0803446472 41858.6352997944
199190006.7858746946 97868.7431945801
203053523.8505462110 98837.3038024902
199835018.2160476148 98377.3630065918
189360477.3776254952 73667.7530212682
184755912.8329126835 41803.6501771137
186076727.7388496399 55874.8135490194
189249923.7583006322 73511.2475204747
187293488.8322393596 65066.0439157039
199892664.9342235327 98412.6611022949
189440659.3173568249 74345.5771942418
194409205.6444631815 87453.5951121747
184371170.2658898532 34916.3682995811
186124132.4496306181 56713.7134514526
187114704.1810166538 64208.1801642925
186965114.5319295526 63389.8250159770
187195419.5837148726 64715.1519078463
199763647.5232369900 98375.4436950684
194496974.4135631919 87822.2895033548
184493328.0007179976 37443.0307516828
184437322.0984656811 36604.2791517749
204215348.0292519033 98915.6702575684
184462869.3011428118 36623.8311461583
184382870.2183082402 34971.9925303534
184740954.1379415095 41009.8260084465
184396939.6678459644 35692.3495863453
204448944.1202486753 98936.0055236816
189450263.1725401282 74452.3575744908
203982100.2197804749 98887.6712951660
184753918.8853473961 41096.6572424546
186784112.1239035428 62348.7540046349
184363539.5377995372 34883.2608166710
194638140.0870192647 88016.3221934736
204282459.8311268091 98925.7996520996
204205286.5533187687 98914.0082702637
184716542.8988018036 40875.8250611946
184755543.4560994506 41782.2938867733
189682423.7052518129 75262.7242279332
189634844.3895448446 75243.4771347875
194810990.3784783781 88443.1015323102
187196593.3757651448 64719.4788251370
202707852.7448066771 98790.0668640137
194729225.4767076671 88314.7716771066
186626284.4467621148 61562.4191269353
189495676.5817326009 74485.3801727574
189221151.9058529735 73428.8342465665
189406669.7260894179 74340.7465668004
194025705.0966001153 86845.7700694501
202539090.7126384974 98779.6061096191
189619585.9271575809 75177.9023464005
186616082.7984630764 61521.9254523888
189612017.6888817251 75175.0016784947
193772341.4590403736 86178.0676158369
184827757.5587901771 42650.1731648371
189626505.5491013527 75184.9074631566
193649032.4499275982 85871.4227784574
194186592.4456431568 87007.8164065778
194438968.2516460121 87639.8417399824
202852251.6212606430 98797.2246398926
194119331.5752532482 86871.8471492231
202934222.5252721310 98810.0822448730
193855952.1206559539 86202.5371440351
187067205.0772412717 63930.5913723178
202966318.7688743472 98817.4794616699
193553644.9976821244 85542.5139201581
187024385.8182418346 63888.9460486919
193133222.7332909107 84573.8571609557
202534850.5870740712 98778.2389831543
194164426.7426117063 86918.9704020917
202939438.7204519510 98811.5265197754
202383178.5762068033 98746.7898864746
202249270.7408533990 98716.0859680176
202072812.2222803235 98662.7626647949
193039177.8470470309 84318.0600655079
186741240.4429526031 61776.4437604398
193646057.4703714848 85586.7178996503
187013891.2064386308 63750.0874747783
193410636.4232940674 85305.2215816081
193758850.1080320179 86124.7039531171
186512079.9447723925 60783.4787971154
193055272.9995947778 84414.5356241465
192941723.2280153930 84295.4131683409
193363287.1239190698 85204.4530250132
186600063.8314357996 61021.7132453471
186641352.6971916258 61592.0186347514
186847601.6614640951 62586.0186776668
186665283.3274599016 61635.7699164897
188326050.1925832927 68437.7199399248
188277675.4426750243 68406.2436826006
188625479.8372800648 69407.5964200273
188415466.9055760503 68658.1701657549
188367699.3188398778 68472.8150704354
188187908.7418748438 67495.5953915725
188103399.5783869922 66737.3361508623
188161445.5275331140 67433.5093076006
187997190.5372129381 66652.8326718584
188161180.5430589914 67431.5495908037
188144489.6931112111 66808.0433194414
188003487.2003223002 66675.2057762221
188167419.4920352995 67494.8815610185
188952453.3352170885 70324.3559526727
189086067.5338891447 70441.6997637078
189108708.9795517623 70985.6269335076
189038461.5116187632 70352.9143327996
189123839.3077943325 71126.6614031121
189063215.2915897071 70429.5609526411
188905348.0638738871 70214.7736296430
185973382.5155249536 46558.7283130959
185999428.0359972119 46593.9057554156
185865411.5373891890 46461.7471537739
185865408.3075678051 46448.3261556774
185849873.2180729508 46271.1874778420
185964199.3440077007 46493.3303873250
