185051739.9136063755 44190.0219787806
189950252.6782113016 76834.0432598498
199095828.2040143907 97807.1527404785
198897198.3526166975 97670.8416442871
198512960.6707719266 96882.4214477539
199047850.5571652949 97738.1617736816
200435309.5816153884 98485.9664611816
198530367.4229700863 96948.8853912354
198940386.2830982804 97672.8063049316
198746922.3709596694 97063.2070770264
198993782.0116130114 97683.3645324707
198686477.3337018192 97024.7569580078
198471886.2754453719 96679.5781955719
184520687.7095316350 37594.6581787243
184880927.0548485518 43524.3970846385
184965772.1154847145 44095.0662592053
186183339.5125226080 57403.7673226073
187853065.0608306527 66551.5410508662
187477371.0899160504 65729.4548679029
198786299.9233292043 97066.6879882812
198796779.8563600183 97470.6197204590
198813391.2395696938 97648.0141906738
199692988.2751402855 98334.1397399902
200270687.5850173831 98467.5453796387
192779044.8701008856 83960.0981492475
184290555.2293322980 31753.0639849901
184336733.6017101705 33278.6009249166
192653660.2762040198 83930.4346147627
204915397.9411700666 98967.0859680176
187375364.7432442009 65639.6114854366
190168032.7018441558 77670.1301282281
190389639.0710984468 77892.2219905192
184834067.0466246605 43354.6889313906
190402176.3827421665 77983.7829815680
190294494.1051919460 77749.2675532633
190749044.0139677525 79173.3545226390
190824563.6297864020 79425.4068687363
190477778.8722692430 78519.6150264079
190520445.3092549741 78653.3493685061
200530335.7642136216 98537.0014343262
201063590.3560388088 98594.9675598145
203791518.9770106077 98882.7411193848
205301580.1319804490 99006.0047302246
184417543.0779348910 35716.5829332843
186166949.3700588048 57209.1228409484
190846040.7452178895 79425.4135493571
192394767.0932495594 83110.6105791181
184312130.1817262471 31785.1811027080
198396624.3994658291 96019.5564975739
200445499.3153589368 98495.8039245605
184539645.0694269836 37753.7714029849
184428447.4028878510 35817.0764387622
184785954.8947621882 42442.7593659610
184237268.0051026642 29042.7317735702
184314309.3522346318 32561.5907375962
184252411.2713122070 31625.5253681690
191010243.6878878474 79427.9647064889
184474594.5218196213 36706.8234102800
190450514.6443509161 78513.4839839274
190197392.0925680101 77671.4343623454
199408261.1877195239 98106.7809753418
192352862.5779429376 83082.8513322920
203218604.4995304048 98859.8453063965
190230829.2962669134 77724.3351485068
205544902.5640634596 99024.8898620605
205620055.9607106447 99033.5331726074
190111009.5364296734 76957.6477375431
184776752.0803446472 41858.6352997944
190130972.6888991892 77047.8277767831
190027535.8928254545 76894.8525265390
199190006.7858746946 97868.7431945801
203053523.8505462110 98837.3038024902
192506366.9546070993 83392.4485612959
186837189.6787441373 62433.8550178185
190250849.1027468145 77732.5725495154
200070257.8671322167 98444.2218933105
199726944.1648712456 98336.7882385254
205340936.1814499199 99015.7001647949
186912533.1827906370 63044.3748588115
192423253.0080755949 83147.8297563642
199835018.2160476148 98377.3630065918
186224791.2755803168 58279.7756531313
200006944.9869354963 98419.2081604004
186814692.6412358284 62433.4119586125
189360477.3776254952 73667.7530212682
190111089.2044180334 77015.1703888709
192401903.5503709614 83145.4944892973
192434660.0586223304 83285.1652055830
198412082.0083986819 96120.2465248108
199173663.1062990129 97813.9459533691
199185397.9532389939 97822.2687072754
200914736.4993654490 98566.1783752441
200656231.3873509765 98538.2438049316
205677759.6238302588 99035.7033996582
205188593.8519426584 98996.9420471191
184755912.8329126835 41803.6501771137
186076727.7388496399 55874.8135490194
189249923.7583006322 73511.2475204747
200610903.8381809592 98537.0171813965
192752927.5400822461 83955.2802101225
184288045.3252774775 31645.2931960076
186719241.2754721940 61759.8708287850
187603653.7617773414 65845.5797345489
189497668.8142112792 74617.4159088414
190238304.6716936529 77729.9156281287
200388677.0040743351 98480.3376770020
187293488.8322393596 65066.0439157039
200657582.0693280101 98538.2594909668
198411093.6113525331 96060.7749137878
200091611.7277945280 98462.3679504395
199892664.9342235327 98412.6611022949
184236281.6755135953 28922.8927411288
189440659.3173568249 74345.5771942418
194409205.6444631815 87453.5951121747
204676136.8725904524 98937.9553527832
198108863.7500874698 95634.0798988342
184371170.2658898532 34916.3682995811
199280691.1531502903 97879.3119201660
192078692.3364524543 82370.8666907698
186124132.4496306181 56713.7134514526
187114704.1810166538 64208.1801642925
186965114.5319295526 63389.8250159770
187195419.5837148726 64715.1519078463
186311762.2521097064 58944.0734649673
199763647.5232369900 98375.4436950684
198390849.5745468438 95816.4932441711
199518857.1855040491 98129.2709655762
184216323.9463707507 28098.7145795077
184335267.3270338178 32608.4688249081
184513151.7101916075 37450.0354121253
184513198.5451796353 37516.2087172046
199939208.9277765751 98414.9291687012
186319223.4040035307 58996.8873542920
198219119.5874287784 95657.5753364563
191928352.3536179066 82123.8249403164
191968346.1226513088 82256.3801766485
190397515.1184132993 77968.5334297400
186187001.6478572190 58103.5043678954
190321112.3821429014 77854.0850922400
198366059.7371692955 95737.2874183655
198415357.5427621901 96308.0847358704
186319036.3675878048 58971.7821744159
184459291.0570195317 36605.6855493560
194496974.4135631919 87822.2895033548
184493328.0007179976 37443.0307516828
184235871.2133974433 28873.0262785703
184437322.0984656811 36604.2791517749
191625044.1866855621 81303.1201392561
204215348.0292519033 98915.6702575684
198245881.5200029314 95703.9176673889
184240634.0041909516 29827.8643508703
184462869.3011428118 36623.8311461583
199669945.2793468535 98312.8168640137
199602837.6200447679 98274.8341979980
191840056.8544921875 82028.8855935484
184382870.2183082402 34971.9925303534
184740954.1379415095 41009.8260084465
189450090.2359946072 74445.4612732213
192173232.8716385663 82540.3683380038
184396939.6678459644 35692.3495863453
186271488.2736281157 58939.6578102782
204448944.1202486753 98936.0055236816
184219689.9454590380 28792.9756170362
189450263.1725401282 74452.3575744908
190160264.0324532092 77051.1647965247
203982100.2197804749 98887.6712951660
184753918.8853473961 41096.6572424546
186784112.1239035428 62348.7540046349
191931089.1501345634 82184.1962195784
184363539.5377995372 34883.2608166710
189829421.1592935622 75943.8949536616
191684644.0928070545 81388.9403115660
194638140.0870192647 88016.3221934736
204282459.8311268091 98925.7996520996
191786246.7822033167 81725.6425897032
204205286.5533187687 98914.0082702637
186413343.8638250828 59968.6257499829
192278278.2406021357 83019.9598532766
184716542.8988018036 40875.8250611946
192290658.5713049173 83023.0775332153
191568297.7879699171 81225.0076917559
184755543.4560994506 41782.2938867733
189682423.7052518129 75262.7242279332
203724140.9513362050 98877.0367736816
189634844.3895448446 75243.4771347875
191870407.7852891684 82108.3159705549
191501621.3386475444 81125.7811292559
199324630.2440784574 97935.2759704590
184955511.9559511244 43596.8891156986
203475976.5769294202 98860.6094665527
194810990.3784783781 88443.1015323102
191348145.7925325930 80575.6437238604
187196593.3757651448 64719.4788251370
191728137.7156493664 81483.9999734312
202707852.7448066771 98790.0668640137
194729225.4767076671 88314.7716771066
186626284.4467621148 61562.4191269353
189495676.5817326009 74485.3801727574
184956062.5390383303 43725.8596906587
189221151.9058529735 73428.8342465665
189715454.4849554598 75327.9769287389
186349808.9342979789 59523.3438036591
193981777.1158345044 86774.0679210126
189406669.7260894179 74340.7465668004
194025705.0966001153 86845.7700694501
202539090.7126384974 98779.6061096191
189619585.9271575809 75177.9023464005
191456005.7689125240 80855.5123292357
184347193.9062592685 33947.3642233619
191205226.0588393509 80315.9794618040
186616082.7984630764 61521.9254523888
189612017.6888817251 75175.0016784947
193772341.4590403736 86178.0676158369
187265039.2556830049 64839.1948098689
184827757.5587901771 42650.1731648371
189626505.5491013527 75184.9074631566
193649032.4499275982 85871.4227784574
191163033.2450740635 79789.8908361644
194186592.4456431568 87007.8164065778
186251921.2026517093 58379.5538215935
194438968.2516460121 87639.8417399824
202852251.6212606430 98797.2246398926
194119331.5752532482 86871.8471492231
191412924.1641072929 80591.8740960807
202934222.5252721310 98810.0822448730
191187106.3308757246 79874.6125640124
193855952.1206559539 86202.5371440351
187067205.0772412717 63930.5913723178
191320474.3326945007 80450.1418256015
202966318.7688743472 98817.4794616699
189707313.1091859937 75305.0640070466
193553644.9976821244 85542.5139201581
187024385.8182418346 63888.9460486919
193133222.7332909107 84573.8571609557
202534850.5870740712 98778.2389831543
194164426.7426117063 86918.9704020917
202939438.7204519510 98811.5265197754
202383178.5762068033 98746.7898864746
202249270.7408533990 98716.0859680176
202072812.2222803235 98662.7626647949
193039177.8470470309 84318.0600655079
186741240.4429526031 61776.4437604398
193646057.4703714848 85586.7178996503
186392259.2558341622 59938.9728591591
187013891.2064386308 63750.0874747783
186507312.8151052594 60183.4260604531
193410636.4232940674 85305.2215816081
193758850.1080320179 86124.7039531171
186512079.9447723925 60783.4787971154
193055272.9995947778 84414.5356241465
192941723.2280153930 84295.4131683409
202001680.3227785230 98609.8149719238
193363287.1239190698 85204.4530250132
190713826.6330958903 78701.9108657092
186445481.3576496542 59973.3330905801
186600063.8314357996 61021.7132453471
186562320.0005843341 60905.4632911235
186547457.4289846718 60878.8799476177
186429272.4521685243 59973.3194280639
186641352.6971916258 61592.0186347514
186847601.6614640951 62586.0186776668
186665283.3274599016 61635.7699164897
198068115.3472222686 92568.2393951416
185232246.5060277581 44582.4284104745
185113852.3882184327 44481.5701637268
185242528.3831127882 45153.7834318690
185170177.3808384538 44505.7396804970
185371880.9232275486 45386.6553801112
185091233.5510716140 44434.1223057881
188326050.1925832927 68437.7199399248
188277675.4426750243 68406.2436826006
188625479.8372800648 69407.5964200273
188415466.9055760503 68658.1701657549
188204477.8000790775 67625.4649197832
188367699.3188398778 68472.8150704354
188187908.7418748438 67495.5953915725
188103399.5783869922 66737.3361508623
188161445.5275331140 67433.5093076006
187997190.5372129381 66652.8326718584
188161180.5430589914 67431.5495908037
185453545.9933475554 45463.6186653972
188144489.6931112111 66808.0433194414
188003487.2003223002 66675.2057762221
188167419.4920352995 67494.8815610185
188952453.3352170885 70324.3559526727
189086067.5338891447 70441.6997637078
189108708.9795517623 70985.6269335076
189038461.5116187632 70352.9143327996
189123839.3077943325 71126.6614031121
189063215.2915897071 70429.5609526411
188905348.0638738871 70214.7736296430
185700768.4369609952 45646.5655476186
185769266.2084565759 45650.5899983960
185812368.6842225194 45698.6824729592
185973382.5155249536 46558.7283130959
185999428.0359972119 46593.9057554156
185865411.5373891890 46461.7471537739
185865408.3075678051 46448.3261556774
185849873.2180729508 46271.1874778420
185964199.3440077007 46493.3303873250
