205411263.1117167771 98887.1487121582
186608317.5463744998 60739.5690106899
186955532.5442596376 62460.3197795898
187243150.6428833008 63367.7642881868
190385815.3746715188 76539.2485389244
192312371.2611268163 81768.6308892500
193315349.7976371050 83896.2524844240
199040066.6677530408 95738.4227218628
207749280.4392087758 98990.2375183105
184560186.8487449884 34206.6265202295
190757007.6738835275 77971.1599168908
190563225.4772472382 76957.0957915913
193120490.3115558624 83208.2485650312
193137611.4412202239 83422.4630425703
192868879.7504217029 83153.5651260614
199126185.8411396444 96010.2980499268
200412180.5474522710 97812.8738098145
201267742.5777919888 98459.7347717285
201021577.1053757668 98396.1897888184
205221378.7441832423 98875.0283508301
186785474.1197176576 61646.2503385097
199097487.9508817494 95771.4359588623
199117484.9636702836 95829.9349517822
201049393.5381955504 98424.9129333496
207539336.0808185637 98965.7323303223
188272568.4665080607 67694.3082120195
190272407.3551662266 76094.9884728920
192693459.2182128429 82972.8596795332
200760787.0355246663 98176.3746032715
186632779.5972931683 60780.0035223514
188388607.6363356113 68500.4157232121
188326050.1925832927 68437.7199399248
200906507.6983199120 98391.8029479980
198735923.1908586025 95098.1102523804
199358341.5819346011 96536.7920989990
200736358.2504764199 98156.2116394043
186418218.7549543083 58976.0864854082
191925418.6133119762 81190.5095118182
198529955.9940444529 94893.0399017334
199347072.9188015759 96274.4275360107
200809207.9780171514 98377.1344909668
207696374.9148954153 98988.0524597168
207984089.6655134261 98996.4869079590
185230448.6567055583 43788.0338307510
186875763.3123123348 61817.9136085063
187321839.3558281660 64094.8547728059
187074307.2085795105 63182.9252073762
200771414.3578920662 98183.3525085449
202757455.2138420939 98596.8679504395
186530844.5297822654 60030.6932382137
187232880.0942616463 63353.6850563735
198772584.7004289925 95137.0108261108
198478955.4939182997 94865.3916816711
188543991.1161662340 69084.3252501264
198876950.2733032703 95678.2293014526
186524949.2033914328 59987.7852582484
202352984.3528729677 98594.9411926270
188277675.4426750243 68406.2436826006
192185988.0069426298 81537.8488000166
198619470.8699195385 95005.8995742798
186560339.9171768725 60063.7097583264
198899941.2480734289 95735.5201950073
190218390.1400719881 76054.3076905739
193018162.8353298903 83176.3891971242
186569145.7666802108 60091.5559625179
186646491.4044107199 60901.4794654027
199437785.4551455379 96582.3323822021
184621637.6061850190 35140.2349547483
191297642.7361189425 79481.3657207070
192656592.4381518364 82664.8394425642
199863040.7701416910 97225.2374572754
186423065.5889899433 59152.6181211025
188505416.5558479130 69005.5311276689
192544512.7709958553 82404.1513207685
192353023.8040128350 82213.9053643476
200740584.1709198654 98158.9372863770
185012763.0176696479 42880.8946349102
200468725.2827434242 98045.7441711426
201302846.9050644338 98473.4139709473
184938903.1205148101 41884.8127959858
199274354.1995806098 96178.9320373535
207588266.2554000914 98982.5387268066
190306413.1177312732 76294.2027602177
205855083.9646358192 98899.4925842285
186446291.2373622954 59248.6874188930
186480269.6984558105 59897.5201215297
191601604.3193373978 80299.7921789289
184591368.5672990382 34845.9854077529
185053566.5691595972 43624.2472559887
199594062.7452344596 96858.7353363037
199924122.3558318019 97309.8037261963
192141026.5535828769 81435.8995812666
200503370.1052919030 98053.1632995605
204789743.9560914040 98762.7804260254
186829202.8315590024 61771.6555413753
192131753.0008010268 81404.0469717514
186958899.1429660320 62555.3161201030
184591744.1036903858 34977.6807557773
184551256.6022482216 34151.0819576718
192067477.0259004235 81371.2784780990
191843727.4446230531 80707.7297261357
199477495.3122102916 96607.6741180420
187313863.8938562572 63379.6677263826
190411712.1424660981 76799.0878049266
188625479.8372800648 69407.5964200273
190293536.1854367256 76246.7430124367
204935674.3996223211 98800.8678283691
186940218.2315742373 62458.9714545757
184983796.2185520232 42789.8349024132
186515316.7104820907 59943.5825471431
190441739.1777255535 76951.0768403541
200571072.9988101423 98085.6871643066
201847012.7085434794 98535.0718688965
201621983.6843068004 98504.8406677246
191046575.3856780231 78696.6458978080
198571157.8962781727 94894.6900711060
200564951.6775056124 98056.1010437012
184976500.2022062838 42712.3176905590
190939999.5118774474 78100.3200997137
186692143.4538431168 61014.2894391567
190992178.4057819247 78559.2720681452
191682576.7842717171 80468.6938933060
191655862.8587364554 80459.3489126693
201980684.7208966017 98538.6686096191
185085978.3452745080 43753.1586476456
186726680.9391516149 61043.1438997454
190952507.0885251462 78543.3878639960
204812050.5535463691 98795.6324157715
184976436.7468088269 42677.4425074536
205084272.5569909811 98869.3329772949
186751787.7000197768 61643.3865546733
191280115.6722957790 79442.6743047442
199794729.4986339211 96956.5953674316
204924647.9973685741 98799.6738586426
204600038.9078917503 98733.3144836426
184930587.9935557842 41261.8636352758
184950085.8617960811 41953.7767798382
186806361.5444601774 61720.5620307475
186611877.0700443685 60762.9303998500
205039384.7776004374 98868.6339416504
199553839.3547634482 96668.2227325439
192042476.5887290537 81226.9322693478
199948075.9389687777 97324.9128112793
191749789.3802344501 80551.0772192013
191351302.3454838991 79624.4675483238
205071204.0291592479 98868.6395568848
201423538.0304549932 98482.8508605957
191135220.1948612034 78851.0224914681
201728352.3719861209 98527.4072570801
184895562.3055191338 40316.8528152633
184783523.8025320470 37533.6453096140
200134233.7670910954 97562.5667419434
202053727.4146756828 98560.9813537598
184712086.3068925738 35937.0909029003
184715013.4257414639 35957.2384942751
186859745.9409734607 61806.9839751273
206214586.5074332356 98910.7064514160
186640785.7108970881 60868.1189543754
205594735.8194556534 98896.6901550293
187162275.2604752481 63353.6339978687
205443377.5507831275 98891.9922790527
186745710.1509789228 61593.5989653617
187118038.6513961256 63261.7265621535
191120571.2106187344 78833.4589064717
198431442.5836097300 94400.1601333618
199856189.1028578579 97139.7443542480
187025700.2569268644 62757.9608150832
191471796.5429923236 79730.4777373075
202021104.9978171587 98547.9086608887
200047800.5203311145 97415.0603942871
201684382.7484335303 98524.4817810059
184693345.5617224276 35916.6790913269
198787177.0937536955 95259.8455963135
206612190.7836507857 98929.8581848145
190878744.6103291810 78021.7674789559
199229832.8159557879 96151.3444061279
190849719.6332197487 78006.8521881234
191053863.6783126891 78815.7231750619
198841804.2575823963 95335.0517044067
200641035.5018727481 98104.1399230957
191184392.2259261310 78916.5191473495
191116128.6191715896 78827.9687933456
206257164.3065406978 98922.4988098145
184673959.0872667432 35358.7813100200
186737832.9480120838 61544.4220244437
186913010.1822599471 62358.3949248344
186877544.0009009838 61892.5505367629
189881707.7581521571 74164.8446064978
206468535.6354240477 98923.2709655762
207306024.0299493670 98957.8382263184
186918396.8656522334 62442.0315548293
190034732.6577431262 74419.7207661658
184877547.7688213587 39336.9808844200
207258488.8464198709 98951.4153747559
206838948.9637571573 98942.1402893066
200191602.3855997324 97619.9883728027
184919685.6303897500 40446.4896207268
184762621.3288868666 37503.3771655131
206911228.5375275016 98943.4180603027
184709757.1139882505 35934.9323136378
184717655.8526482582 36689.0275437403
184788212.9224331081 37998.9814245924
184739710.1199917495 37121.1812251583
188415466.9055760503 68658.1701657549
188204477.8000790775 67625.4649197832
207094913.4036827087 98947.0462341309
206615466.6001613438 98936.5959167480
188367699.3188398778 68472.8150704354
200129194.5684704483 97560.9393615723
199840386.7422303259 96975.4210510254
184872315.6145074666 39208.1255472079
184881885.5369705856 39478.6993850693
189635330.0098441839 73341.2909470587
190058689.4929423332 74443.1730935054
189715143.1961801648 73590.7490597754
189441640.1721305847 72617.1119156866
189679664.1869112253 73528.3826962500
189880776.0029194951 73946.6046722173
189812305.0188633800 73855.4169395207
188187908.7418748438 67495.5953915725
204958655.8382733464 98809.9427185059
185279091.4201517701 44263.2246060285
190206544.5950001776 74900.5046508550
190169808.9678055942 74807.2741248845
184861302.3943203688 38639.3876953144
190185680.3372784555 74873.5341613530
190138701.3738090098 74806.2221229314
188103399.5783869922 66737.3361508623
189571241.8568432629 73003.2598750829
190096222.5413108468 74776.4625404119
184850539.1854265928 38617.0104888033
190091900.8443972170 74697.2121742009
189791764.9074323773 73844.1759765386
189772609.2644871473 73700.9261010163
189745200.9745554030 73690.6756923436
188161445.5275331140 67433.5093076006
184829884.6325074434 38566.2369635504
184875388.1157884300 39294.3796484869
187997190.5372129381 66652.8326718584
188161180.5430589914 67431.5495908037
189525978.0627308190 72868.1507899999
184826871.0540455580 38382.4500830572
185385244.4205094576 45285.4923827935
185453545.9933475554 45463.6186653972
204397198.4527941644 98639.6117858887
188144489.6931112111 66808.0433194414
188900403.9621598423 70073.7391600385
189149210.9811520576 71156.0447840020
188847700.4008383751 69763.6211091315
189215074.1045648456 71231.8889588341
204356431.6579924226 98625.4004211426
188003487.2003223002 66675.2057762221
203777049.6901080608 98601.0019226074
189176647.0016345680 71226.1610540673
188167419.4920352995 67494.8815610185
203940373.3518862128 98622.7189025879
185308982.0657464862 44494.2125291738
204425430.3943545520 98698.2173156738
188952453.3352170885 70324.3559526727
185374822.1758356392 45274.4049913350
189300272.2573799491 71369.6501565799
204402087.8827801347 98690.3102111816
189086067.5338891447 70441.6997637078
203804118.6449379623 98604.9180603027
189108708.9795517623 70985.6269335076
189038461.5116187632 70352.9143327996
189227382.5145347416 71343.7247030539
189261072.7479729652 71355.2761396738
189123839.3077943325 71126.6614031121
189063215.2915897071 70429.5609526411
188804811.1303580105 69446.8138975874
188905348.0638738871 70214.7736296430
188614635.1172727644 69213.9883360639
185299267.8016189635 44370.9712698373
187614085.2300665081 64151.9710250841
185287141.6277802885 44370.3214688215
198430861.9743317366 92571.4919774532
185348268.5940978229 44568.7124502498
185255819.3822392225 43847.9846704081
187835968.4695657194 64989.9930215823
187941329.8623872101 65202.7591644274
187724999.7057291865 64409.3541055666
187705606.7482894957 64278.1690498339
187692525.3005207777 64220.8117805468
187795122.3216521144 64841.1849129992
187755399.0777223408 64823.2281318652
185700768.4369609952 45646.5655476186
185769266.2084565759 45650.5899983960
187974615.4702540636 65270.4945054157
185812368.6842225194 45698.6824729592
185973382.5155249536 46558.7283130959
185999428.0359972119 46593.9057554156
185865411.5373891890 46461.7471537739
185865408.3075678051 46448.3261556774
185849873.2180729508 46271.1874778420
185964199.3440077007 46493.3303873250
198258941.0437529683 87812.3354873657
198375792.7540044785 87965.2412567139
198198832.6009629071 87585.0434608459
186334190.3073388040 46943.2921502669
