188529600.7521097660 68674.2052520548
188381065.3656330705 68416.4414000288
190556665.8493851721 76672.1312434729
191581892.8905459046 78722.3212395543
191557165.2520366907 78592.8905738285
199338467.2820704281 96151.3444061279
200077194.3163533509 97260.9209289551
200018850.9279642105 97107.5779113770
201094612.6471695304 98343.2782287598
201042246.1337327659 98340.8833923340
205351878.0882169306 98851.6724548340
186684848.0203083158 60549.4217716232
186911454.8411068320 61662.1060784906
186864933.3789693117 61472.2175754383
188427937.0147269070 68553.3845517412
191756734.7712948620 79434.8119982546
200321159.6535356641 97568.8595886230
201702977.0194257200 98422.9864807129
184908645.2662564516 40260.0184892829
191110181.6703625321 77799.9143073615
191032920.7438122630 77736.9586585453
200004236.1780740619 96981.2130432129
200520337.5872339904 97651.0869445801
199724491.7228348553 96858.7353363037
200391619.4278221130 97606.7753601074
201519613.7549438477 98382.1411437988
199814874.2438585758 96942.4477996826
186982250.5228899717 62101.0527966842
186817519.0898016393 61398.3573911861
186771367.1678284109 61394.1988407150
190950236.6386868656 77706.7734750044
191297583.5305517316 78588.8978980472
199240223.9626370668 95475.5397148132
199108401.3010205925 95446.7397575378
200613525.0074036419 97677.4745178223
200129194.5684704483 97560.9393615723
184943721.5133625269 40865.5457177575
189991370.4902665019 74263.8935032873
190629360.9263504744 76685.6594006799
191593365.9559314549 78730.4861548832
191643018.8075150847 79364.4069168856
201833250.7218805254 98426.3346862793
206556438.1306032240 98895.3487243652
187157602.6246498823 62386.9596281797
186896943.4456545413 61639.6400256902
199484181.2709714174 96174.9422569275
199305704.7089678645 95637.7086448669
185042639.5830045640 41907.1367103796
186824380.3499218524 61399.3694151118
190874479.6035431027 77633.4244697150
191242595.0567986071 78519.5365860248
199422663.0420124531 96173.7811851501
201914151.3457501233 98427.1822814941
187082817.7338630557 62312.4363377839
187392349.7810073793 63292.8821154684
184977221.5814621150 41068.9396662824
185017282.8152796626 41194.3913438696
185097583.6527427733 41968.5334901105
187020041.2387286723 62311.2315810472
191264896.6789273024 78521.2687023655
191564460.7877592444 78639.3920101809
199682339.1338908672 96437.6741027832
201362584.2481492460 98380.1830749512
184958157.8640393019 41050.9279351647
191200481.5179277956 78511.0647071293
190937630.4514326453 77666.5595158115
199537702.7874553204 96327.3290710449
201464493.1058238447 98381.4802551270
191130005.1865827739 78228.2921912726
190687841.6719974279 76905.5763251837
186875514.2621593773 61487.9197691157
190960831.9926271141 77721.7897818973
190364758.4316983819 75834.2475192538
190841868.2792389989 77598.4213111456
199840386.7422303259 96975.4210510254
201332848.6862073243 98366.9893493652
205987748.0759999454 98887.6469421387
202206913.0763775408 98440.5983581543
201589235.9230588973 98416.8059997559
187135527.1001558900 62326.2468570843
201340894.7960272431 98367.3908386230
201249417.7449700236 98362.4781188965
201561876.0534201860 98383.7368469238
201220717.8224365711 98357.5107727051
184896535.0713825822 40138.9983697350
186643929.6720077395 58384.4160672501
188598101.8934811652 68797.8148495927
200345690.9324599802 97587.7798156738
190637702.2577192485 76688.9567058077
184872315.6145074666 39208.1255472079
188332459.2806121409 68406.8111264482
189489851.0602271855 72627.7965323934
186875165.5782263875 61475.0437252661
205303795.4768753052 98828.4435119629
189774962.8395351171 73803.4926949530
184804541.8016255498 36991.9309962940
186979888.3600735366 61720.5280149654
189717575.1980176568 73657.2654362707
200865466.3524311185 98037.7131042480
200637903.4401364625 97765.9930114746
186678834.3338903785 59652.0745007470
187038405.4364702106 62311.2989805415
186753391.2982109487 60564.0714656711
190520255.0164243579 76069.2815501355
184881885.5369705856 39478.6993850693
186846957.4434598684 61421.2512548640
200880497.3256496191 98049.9798889160
200353862.6795921624 97590.5301208496
200802715.0874027312 97929.6581726074
201034423.2828276157 98116.5059509277
190555697.0413443744 76351.2109324597
205506917.0831821263 98860.2590637207
189635330.0098441839 73341.2909470587
190058689.4929423332 74443.1730935054
189715143.1961801648 73590.7490597754
190232863.8212583065 74968.0814746036
189441640.1721305847 72617.1119156866
184808643.1115742922 37033.4230489089
186760888.6269112825 60581.9228642657
189679664.1869112253 73528.3826962500
189880776.0029194951 73946.6046722173
189812305.0188633800 73855.4169395207
198795462.5905283391 94004.8279647827
198869318.5921815336 94296.5704498291
188187908.7418748438 67495.5953915725
204633045.3696631789 98699.3756408691
204958655.8382733464 98809.9427185059
198885426.2782621682 94532.5149765015
205632990.4537926912 98860.3327331543
184819531.5232982337 37903.3111995410
185279091.4201517701 44263.2246060285
190206544.5950001776 74900.5046508550
190169808.9678055942 74807.2741248845
198591438.5391311646 93113.7366180420
200622701.6020383537 97747.4925231934
184783766.0713593960 36991.3816341113
187388409.2187630832 63220.6689347439
187259206.0639617145 63020.7690683194
200859814.1180480123 98037.2555847168
200925681.8923253417 98053.6539611816
184812423.9679300785 37531.8761574179
184861302.3943203688 38639.3876953144
185312332.8313269317 44501.7657819573
187559400.8950028718 64018.5723332949
190185680.3372784555 74873.5341613530
190138701.3738090098 74806.2221229314
200806594.7125617266 97933.0958557129
187521150.6615037918 63794.9915109463
189902048.3613396287 74001.0528953313
187161944.8346723318 62883.0619455166
188103399.5783869922 66737.3361508623
189571241.8568432629 73003.2598750829
190096222.5413108468 74776.4625404119
198618973.9404990971 93729.8564262390
205323441.3211539090 98840.4072570801
184850539.1854265928 38617.0104888033
190233233.0772197843 75012.7145145223
190091900.8443972170 74697.2121742009
189791764.9074323773 73844.1759765386
189772609.2644871473 73700.9261010163
189745200.9745554030 73690.6756923436
188161445.5275331140 67433.5093076006
184829884.6325074434 38566.2369635504
184875388.1157884300 39294.3796484869
187359929.3064994216 63197.8357330449
187997190.5372129381 66652.8326718584
184818972.3153855503 37628.3548529547
188161180.5430589914 67431.5495908037
185359879.8375611603 44574.4174790296
198601731.0431952178 93151.6416244507
200492403.3285643458 97619.8612365723
188189382.0821415782 67510.8522264063
198661725.3342680335 93779.2315483093
189308652.5466876030 72025.5241801976
189525978.0627308190 72868.1507899999
184826871.0540455580 38382.4500830572
185385244.4205094576 45285.4923827935
187239229.6538964510 62982.9809041359
189400319.4658830762 72132.4962869510
199034486.1949565411 94640.7509384155
184811369.2343672514 37519.7250736605
188262303.0189902186 67578.9933697954
199018241.7789295018 94605.9839706421
185453545.9933475554 45463.6186653972
187304955.3994987309 63024.9533781186
198678591.0708822906 93936.5657424927
204397198.4527941644 98639.6117858887
184818573.4467099607 37582.9677216392
198942986.7323903441 94601.2593002319
204882750.7192769051 98758.2334289551
187019743.5787064433 62110.4861157946
188286047.8532305062 67709.6688840166
188144489.6931112111 66808.0433194414
188900403.9621598423 70073.7391600385
189149210.9811520576 71156.0447840020
188847700.4008383751 69763.6211091315
189215074.1045648456 71231.8889588341
203616609.2407865524 98514.9513854980
204356431.6579924226 98625.4004211426
188003487.2003223002 66675.2057762221
203777049.6901080608 98601.0019226074
188224245.7826574147 67523.6568906084
188320662.5528007746 68077.6521514689
189176647.0016345680 71226.1610540673
203751791.5230542719 98578.3063049316
188167419.4920352995 67494.8815610185
203940373.3518862128 98622.7189025879
185308982.0657464862 44494.2125291738
204425430.3943545520 98698.2173156738
185233058.0933490694 43599.1383848104
188630212.2983558178 69270.1907362714
188952453.3352170885 70324.3559526727
185374822.1758356392 45274.4049913350
188241091.2455562949 67549.7240538374
188742670.8614121377 69375.7602316216
189300272.2573799491 71369.6501565799
188674655.7802464962 69302.8440642133
198536509.5620675683 92785.8164875507
204402087.8827801347 98690.3102111816
189086067.5338891447 70441.6997637078
203804118.6449379623 98604.9180603027
189108708.9795517623 70985.6269335076
189038461.5116187632 70352.9143327996
189227382.5145347416 71343.7247030539
189261072.7479729652 71355.2761396738
189123839.3077943325 71126.6614031121
189063215.2915897071 70429.5609526411
188804811.1303580105 69446.8138975874
188905348.0638738871 70214.7736296430
188614635.1172727644 69213.9883360639
188746099.6349171102 69384.4052168205
188721801.5125129223 69358.9120260552
185299267.8016189635 44370.9712698373
187614085.2300665081 64151.9710250841
198524757.1866724491 92723.1690495014
198445030.7296350598 92583.7483011782
203593907.1714245379 98496.5002136230
185287141.6277802885 44370.3214688215
198430861.9743317366 92571.4919774532
198587793.3927720785 92840.2636616230
198487299.7937426567 92607.8870995045
187545938.5161357522 63962.8211089075
185348268.5940978229 44568.7124502498
185190790.0809949636 42305.7242896367
185240303.7537371814 43599.9691514883
185204068.1650180221 42972.4724633768
185255819.3822392225 43847.9846704081
187835968.4695657194 64989.9930215823
187941329.8623872101 65202.7591644274
187724999.7057291865 64409.3541055666
204856866.4573292434 98705.6681823730
185185168.2703166902 42176.3940595016
185201904.0692604184 42329.5710805431
187705606.7482894957 64278.1690498339
187544234.5004160106 63923.2167047492
187692525.3005207777 64220.8117805468
203507573.4088646472 98476.6496887207
185226197.3991288543 42981.8833041117
187795122.3216521144 64841.1849129992
185209885.7247597873 42978.1068284586
187755399.0777223408 64823.2281318652
187600568.5215049684 64083.8721328722
187533768.8089430630 63911.2985664355
203493099.4153901041 98442.9894714355
185700768.4369609952 45646.5655476186
185769266.2084565759 45650.5899983960
187974615.4702540636 65270.4945054157
185812368.6842225194 45698.6824729592
185973382.5155249536 46558.7283130959
185999428.0359972119 46593.9057554156
185865411.5373891890 46461.7471537739
185865408.3075678051 46448.3261556774
185849873.2180729508 46271.1874778420
185964199.3440077007 46493.3303873250
198258941.0437529683 87812.3354873657
198375792.7540044785 87965.2412567139
198198832.6009629071 87585.0434608459
186528802.3249251842 47836.8249986251
186334190.3073388040 46943.2921502669
186493709.0762943327 47089.0004041274
186577027.3908396959 47924.8890760024
186621263.7594976425 48756.2573545058
197948035.9685735106 83525.4987421036
197407064.2429449558 82187.2849054337
197850861.9774994850 83213.7032378316
198049677.2774595916 83596.5575799942
197742051.7335285842 82969.6237748861
197721473.2225383818 82953.0945105553
197747211.2600025833 83151.9576044083
197616282.5453783870 82519.0211420059
197581000.5772204697 82338.6536951065
