42974706.4002106935 494334.1494140625
40977799.6626909375 351450.5122070312
41478505.0674949512 399797.4550781250
42206443.4632724300 451863.7802734375
40865568.7449968383 341501.2846679688
43335576.9530762658 512047.2343750000
44858311.0955779180 547672.8515625000
41537735.0010458454 406481.6000976562
43985362.2132545486 531062.7324218750
43857327.6871387511 525093.2197265625
41515587.9877451360 402642.2675781250
41580428.7756803781 407234.0712890625
41670582.4414155483 416475.6386718750
41591405.6734747514 408248.8173828125
41374491.0824482441 397398.4287109375
42505640.1040036529 465597.0507812500
43010560.0761595368 498610.4570312500
41501443.9459526762 402566.0395507812
44256673.9802983701 534415.5078125000
42600890.2530288622 475474.1455078125
42673918.7178402990 478643.1162109375
42978340.1773010045 495367.1337890625
45493882.7016857043 554463.2460937500
48278456.1540055722 557662.1914062500
40618711.5118092895 298938.7622070312
41652368.7405293286 413758.0434570312
42430165.5842329264 461085.9853515625
40747893.5933085904 323458.5341796875
40979487.5233762935 353047.4936523438
42379369.8993646652 460696.3046875000
44624414.0541582778 542933.2597656250
41997034.7728787959 438426.2451171875
43090893.7491701245 502463.2792968750
43714393.2642316893 522721.2363281250
40907261.1867549121 344602.7963867188
43949531.1501202807 529620.0419921875
44352460.0691988170 536412.1113281250
41318608.0274879932 389186.9335937500
43716698.2202151492 523753.9990234375
42209883.1446738020 451982.6083984375
42543293.5611517429 466442.7607421875
40913404.9617599398 344891.4257812500
43773873.1989302337 524299.9384765625
40697687.4053331837 317149.4350585938
41038443.4165770635 360861.7978515625
42937328.9152961895 493283.5634765625
43897551.0888374150 528907.5830078125
44390696.3034970835 540241.4316406250
40564473.8536428511 283612.5253906250
41861051.9350144267 429326.5498046875
44568238.7776841372 540556.1015625000
40769826.0811447650 327997.6225585938
40643890.3208079785 302681.0546875000
42598867.3685650229 469169.3554687500
42690832.6085615307 480136.5263671875
44750386.1215467378 544668.2070312500
45104644.6632217318 549583.1914062500
44965948.4790808633 548123.1132812500
41190933.7290943861 377370.7998046875
42327691.1547037363 454432.4882812500
44726346.3271138221 544581.0156250000
40989717.3292798400 355607.2314453125
41164679.7851835787 375997.1254882812
42316925.8816956356 452968.0810546875
41029796.0957135335 360135.4311523438
42378681.3464484066 459162.8222656250
43984813.0357938781 529806.6894531250
44473664.0270821750 540346.6699218750
44204767.4509177208 533940.7988281250
45461591.1919229627 554268.4082031250
45570152.3029397801 554536.0742187500
40733657.6390839890 318517.0703125000
42769133.7062447667 485938.0556640625
45265179.2645998597 553949.0371093750
40705952.3236106485 317963.8022460938
40894868.1698102504 343171.3989257812
40915919.1020109132 346978.7182617188
41210780.7476086542 380916.9228515625
41449384.4845017120 398019.6484375000
43234943.1493553817 505969.9472656250
40854288.4351824597 341425.8837890625
43356360.2148399279 512708.0039062500
41234776.4493726268 381202.4062500000
42823347.3207224682 487792.5644531250
40697139.9507700726 316727.8452148438
41027053.5544971228 359250.4516601562
44599477.6186745837 540840.0351562500
42353179.2316771001 456114.1855468750
43596103.8500129059 521723.6708984375
43464324.2605522648 514841.3535156250
41007733.4318663031 358382.9868164062
43421632.0289742276 514183.6191406250
44338877.2667694911 535501.8398437500
43533014.5409958065 516689.8642578125
42904668.3282810226 492586.3740234375
43299516.0754594803 511102.5078125000
40792379.0050417259 330801.4726562500
43202277.1904860735 505676.4316406250
45367332.1872916520 554078.7226562500
40915557.0683018938 345186.8320312500
43139674.1617876664 502991.4277343750
42947927.4063760191 494333.8076171875
42071643.0938694775 443976.8759765625
43246764.2596053854 506450.0292968750
40938724.8840066195 347958.2680664062
41162254.6545183659 370290.8881835938
43280266.6688588783 507364.9257812500
43194549.8521784768 504274.8193359375
42318446.4423270896 454107.2021484375
41314053.9398549423 385428.9619140625
45045026.8485756889 549209.4453125000
43165187.4005908594 503084.7304687500
42886117.0217185467 490562.1835937500
40966558.7899296358 349323.7509765625
42995593.5745042711 495683.8642578125
40969390.5254242048 349932.9125976562
41103707.2356877923 367879.2211914062
42356800.1391718984 457670.5644531250
42853334.9847094193 489743.2177734375
40970571.8861370310 351138.1704101562
45230913.5965751037 551449.4082031250
41267441.5815033987 381596.6201171875
45215492.7884019092 549808.0488281250
45230882.0956157073 549994.0039062500
41356812.9312789589 389854.7548828125
41054593.2097084001 363604.0209960938
42175858.1478309259 447603.7578125000
42121319.0564298332 446083.8291015625
40851545.8939660490 340564.8779296875
42443290.1241239980 463011.0722656250
42105184.0478415862 445319.7597656250
41898808.7742085755 430748.8525390625
45588827.8421480656 556671.9785156250
41163714.5842351764 370661.6538085938
42024288.6222952306 439233.4648437500
44285944.1641563922 535413.8437500000
40672718.2277472615 309109.2641601562
41756840.5653795898 421706.3564453125
41135139.0217404440 368014.9477539062
41955937.5651608184 434556.4404296875
44712667.8327591047 543604.7402343750
40822293.1296292916 335465.3886718750
41008492.2472833246 358962.5590820312
42470789.7211561203 463916.5419921875
41908897.8337295577 431802.9501953125
44768552.7491242066 546542.0644531250
40690958.9153001159 313167.9741210938
42598354.2243430987 466639.8310546875
45670696.4199129194 556770.5507812500
40756306.8396943957 326255.4462890625
40734182.4136399925 318586.2705078125
44349164.2155053765 536388.6093750000
40637709.2853380144 299121.1835937500
45837119.6535861194 556884.0273437500
41725052.3764911816 418349.7363281250
41936068.0270520300 433255.1650390625
41598585.2737136856 408991.7900390625
45579142.1975264475 556640.8652343750
41626318.1740325466 412732.4335937500
42165847.7219995186 447537.5546875000
42384276.0156115592 460822.2597656250
42299301.2653589398 452710.7714843750
45886220.0691253766 557155.0742187500
40606332.8090356365 291492.0800781250
40764183.9452805594 327126.1591796875
44088770.9936768264 532810.0117187500
41152521.2457433268 370131.3100585938
42047277.5608255193 439430.6093750000
42140226.6146802530 446533.1904296875
40664060.3124912605 305988.3896484375
41825196.3186636120 426408.6445312500
42070305.6708560213 440058.9013671875
41963368.2397785112 434580.7695312500
40946194.0676914603 348526.4316406250
40552869.2367888615 281020.3549804688
44103418.3397638872 532915.2500000000
40734232.7759868205 323215.2109375000
42047998.6086409390 439769.1289062500
41094978.5762871206 364032.4477539062
40891216.9288219437 341752.9331054688
41885041.0656447262 430491.2138671875
41950823.6486475766 434428.4189453125
41864836.0790144578 429813.3017578125
41856740.3950214311 426716.4580078125
40609487.4024626911 295811.9707031250
40987395.3485492244 354049.9667968750
40836033.6806856915 336781.1186523438
41665272.9250178933 414055.6796875000
41779495.0818287730 422597.9970703125
41438969.8640408516 397591.0742187500
41604000.5651008859 410559.4101562500
40605327.3424611539 287005.6513671875
40553435.4308794588 281326.5253906250
40561672.6668171957 281362.2246093750
44580526.5644968376 540579.6660156250
40552321.7822257504 280899.9863281250
40749606.9992545992 323943.4482421875
41688340.5782108307 417071.9736328125
41786844.8099155128 424229.1855468750
44359531.6096477583 537583.3847656250
40544211.3215328604 278361.5668945312
40561700.3491569161 282206.3183593750
40578614.2398781478 284648.7553710938
40618164.0572461784 298517.1723632812
40680226.0600488484 312590.7998046875
41598632.2210600600 409352.5097656250
41729659.3707148656 418678.5546875000
41630388.1520745680 413115.7246093750
40569810.8098498061 284470.3818359375
40626967.4872745126 299036.9428710938
40604779.8878980428 286810.1240234375
40598063.5798862576 285411.2431640625
40663905.8549066931 303185.3090820312
