45290306.4796422794 553969.3496093750
45709931.4831961319 557208.0078125000
45203115.3186659813 552580.5937500000
42545141.3153310567 482050.5712890625
42061596.3131717518 454192.7968750000
42766763.4256840795 496163.1464843750
43118307.4612373561 508583.3193359375
45212421.9532719254 553654.0175781250
42210633.4254292026 459024.9648437500
42738324.8028458804 491977.0068359375
43794335.9895308763 528082.5859375000
43535833.9232074246 522166.8808593750
42394331.5445315540 477095.8535156250
42582780.7223081142 485557.5234375000
45344985.0178201944 556665.3125000000
43000560.8468438685 502203.7939453125
44086250.3170157447 536646.2089843750
42326051.2350996658 468659.9150390625
42527114.2452644259 481278.1748046875
40589037.6788496450 284985.5737304688
42235473.9577791989 468276.3818359375
41835255.9074200168 433385.2592773438
44176443.1577162445 537776.9960937500
40963129.1097967178 353213.1245117188
41522389.7905494794 408707.4833984375
40972788.5486995578 355846.5161132812
41491395.2688641325 407907.5322265625
43149088.7212788835 508829.6240234375
41115370.4245578721 372431.6630859375
41256455.1733369976 388952.4663085938
42759250.7116187066 493889.8623046875
45324969.0163372904 554587.9394531250
45223867.6938305125 553793.6738281250
43401634.1925538555 517638.5332031250
44889919.7410803661 550340.2324218750
41348989.3182245418 396586.3994140625
45505918.5986500978 556770.5507812500
41923582.3649299592 439515.6274414062
42547901.2345441282 484545.5869140625
44144421.9682010934 536896.1591796875
41429260.9128396660 402521.9379882812
43507555.1311572418 520120.3710937500
42224745.5507492125 465245.7871093750
42996721.2977536917 501996.8076171875
40734205.0936471000 319012.7153320312
42891993.0830658227 501589.1718750000
45563256.0618136972 557155.0742187500
40934083.8705474660 352702.8500976562
41318996.3017072380 394566.8974609375
41410156.9751015082 401548.8139648438
41394021.9665132537 400600.6455078125
41342253.8987333924 396386.6894531250
42536268.8507738933 481849.6240234375
42451242.9063343331 481174.0986328125
43702244.6230169535 526580.5898437500
43047651.0646677613 506734.8085937500
44532961.4822185189 544111.7929687500
43154721.4997284561 509036.6103515625
43286330.1393119767 512827.8193359375
41329906.0905847698 395458.2363281250
41265267.5461775661 390541.1274414062
42864066.3369389623 500108.9785156250
44634596.0317033455 547763.2695312500
44610082.8284855038 546661.7187500000
42341358.7929591015 471834.6689453125
44607225.6943147182 546441.2031250000
45160432.8790121302 550814.9414062500
42414847.5216743723 478367.6962890625
41474340.3745682091 405190.7709960938
45197279.6497306973 551239.7734375000
40561545.8915723488 283417.4541015625
40988739.0129680485 357943.3642578125
43323241.1470658034 513314.8242187500
44156123.4372437894 537137.0742187500
44383575.6743182838 543969.8906250000
41748924.1222222820 429988.6596679688
40839754.4749136269 337875.7587890625
44452012.6760749146 544077.6289062500
41945002.7300473079 443237.6474609375
42601297.0630583540 489281.0439453125
42586828.5291801170 488006.9150390625
44578494.0658637285 544591.6523437500
42768126.3468160331 496253.5087890625
42392600.3859352544 475011.5078125000
44628255.5683907494 546681.6152343750
41523975.1481280699 410591.7905273438
42829607.9696331322 497593.6865234375
41653308.5289335474 422802.9907226562
44302344.8065132201 540248.3085937500
41104561.1004319414 371905.1025390625
41447495.8924421817 404252.2539062500
40915404.4561107457 351661.8061523438
43097342.7737952098 507684.3281250000
42761573.4854913205 496113.8603515625
43248528.0730882660 511102.7363281250
45454038.3673440665 556678.3457031250
42562120.9273719788 485200.5126953125
43404562.1546243578 518314.0585937500
44646195.3974787891 547783.1660156250
41250585.0449651480 386624.6362304688
42760480.7920485139 494019.0449218750
41221455.4320093989 385230.0307617188
44845884.4065539017 550290.4199218750
40877667.8433426842 342167.1157226562
40751694.1212711558 327319.9370117188
43015695.8834919855 502986.6982421875
44089671.3893694803 536730.5097656250
43819349.1431292072 529993.7636718750
40776696.1470492333 328838.7651367188
41016400.2820378691 359449.7089843750
44015455.2771393061 533519.9384765625
41735414.8169621378 428142.5078125000
41109666.7743044719 372139.3930664062
43996585.3081750050 533261.7998046875
42706120.1873695329 489843.7480468750
41612838.1233266741 418625.5385742188
42726529.1648440883 491768.5800781250
43834654.2333595678 530135.7402343750
44061226.8863469064 534687.5351562500
40906746.5408547446 348540.9316406250
42708658.0136144459 490519.2734375000
43577003.6578085795 523441.0097656250
41076968.8484030515 370186.6933593750
41553436.7033528611 410954.2163085938
43872692.8874094114 530193.2148437500
41088426.0918436870 371022.6093750000
41858988.8071434870 435831.1079101562
40626948.7477470264 299231.0278320312
44394543.5432548821 543989.7871093750
42046218.0311267152 449583.6767578125
43380026.5204689428 515306.8447265625
43906117.1516972780 530273.8261718750
41220892.3900576681 383836.1616210938
41161414.3592871875 377083.4121093750
41578887.7610356808 411590.7255859375
41888875.3850478008 438527.0708007812
43277837.9344896674 512412.9062500000
43469556.5352865532 519588.1875000000
41169759.2023958936 379027.6230468750
44287126.3741153330 540223.4277343750
41072989.1697262377 369547.6528320312
44048974.0825961009 534547.8398437500
41124790.2706359923 372697.4780273438
41588969.5287902653 411726.8002929688
41204441.3728543073 380546.4614257812
41203438.9878072739 380106.8745117188
41834108.0990625769 433016.4106445312
43954701.9038532600 531567.4648437500
44052699.6164177582 534606.6269531250
43264064.9096904770 511728.2470703125
43432060.5611533895 518561.0634765625
40874903.9813015684 341752.9331054688
40663117.1898078099 303196.2465820312
42193618.6079761088 458568.1289062500
43671167.7501124740 526421.0039062500
42210305.3283248395 458779.0048828125
40967627.3937740326 354163.8330078125
41060499.3457168341 369496.8486328125
41236734.4317231476 386172.7866210938
44250601.5161174089 540212.6230468750
41721658.7559982091 426097.4819335938
41132499.9495524392 375298.5273437500
41382960.6652722731 397809.8974609375
43574625.8875717446 522842.4062500000
41104460.6356803402 371774.9165039062
43209660.9562254474 510567.2529296875
41094472.0409109518 371551.2294921875
41131067.3727527186 374992.2211914062
41884517.0180673972 437732.5136718750
41595356.1027972847 415035.1132812500
41084870.7597018331 370979.9833984375
41167035.7438383251 377112.1264648438
43923808.2515963987 530974.8906250000
41859221.5802820399 436404.8310546875
41593327.0810664520 413628.6162109375
41023240.0928733796 365767.7529296875
40626976.4300867468 299753.1293945312
40969226.4415225536 355326.8730468750
43046361.2588864639 503698.2236328125
41845993.4149411470 435130.7021484375
41828813.8148890287 432340.8852539062
40635625.4025305212 301628.1269531250
42156534.7255716026 457690.6220703125
41685064.4599480554 425278.3139648438
40770373.5357078761 328360.9809570312
42151608.7386550829 455505.3310546875
41593079.5616520643 413511.0087890625
41508739.5485421196 407917.3984375000
43719610.3321740925 527256.1152343750
44352652.4997277409 541112.1640625000
40705952.3236106411 317963.8022460938
43324613.4386313632 514708.2412109375
43524676.3661023527 521681.4121093750
40883378.1692353263 343554.8608398438
40903184.4336777404 347958.2680664062
40597841.1088779792 285288.2861328125
41807563.2633645311 431354.9794921875
41193583.1618177891 379638.9287109375
41479878.4459295198 405349.6513671875
42036866.6194063574 443703.3984375000
41148439.1810672134 377048.7587890625
40898464.2238248438 344267.5590820312
44329990.0392418876 540687.3320312500
43795771.1872975156 528843.2695312500
40832060.5951954573 336501.5566406250
41734900.1710619703 426155.5200195312
40815190.6497068405 336182.0214843750
43434023.7098491564 518989.5839843750
41590899.3785123825 411770.6025390625
40786690.8816591054 330731.4467773438
41556926.6833182648 411219.0703125000
40814028.2113518268 334893.3652343750
48118003.6373595744 557252.6562500000
48194991.3462264836 557662.1914062500
45264619.0423855186 553949.0371093750
40689029.4900771827 313627.7363281250
41578414.2220613882 411250.6079101562
42044949.5899918675 445818.4824218750
44232058.1295255050 539081.8359375000
40795348.7969151065 333852.3212890625
40773768.1849787310 328557.8437500000
40978972.8774761260 357660.8076171875
43976600.3354476392 532336.8613281250
41004438.3316471204 358962.5590820312
40724631.7380473614 318251.0151367188
41607933.2036913335 415648.8466796875
40865568.7449968383 341501.2846679688
41374491.0824482441 397398.4287109375
40618711.5118092895 298938.7622070312
40747893.5933085904 323458.5341796875
40697687.4053331837 317149.4350585938
40564473.8536428511 283612.5253906250
40769826.0811447650 327997.6225585938
40643890.3208079785 302681.0546875000
40733657.6390839890 318517.0703125000
41210780.7476086542 380916.9228515625
40854288.4351824597 341425.8837890625
40697139.9507700726 316727.8452148438
40792379.0050417259 330801.4726562500
40851545.8939660490 340564.8779296875
40672718.2277472615 309109.2641601562
40734182.4136399925 318586.2705078125
40606332.8090356365 291492.0800781250
40664060.3124912605 305988.3896484375
40552869.2367888615 281020.3549804688
40734232.7759868205 323215.2109375000
40609487.4024626911 295811.9707031250
40836033.6806856915 336781.1186523438
40605327.3424611539 287005.6513671875
40553435.4308794588 281326.5253906250
40552321.7822257504 280899.9863281250
40749606.9992545992 323943.4482421875
40544211.3215328604 278361.5668945312
40578614.2398781478 284648.7553710938
40618164.0572461784 298517.1723632812
40680226.0600488484 312590.7998046875
40569810.8098498061 284470.3818359375
40604779.8878980428 286810.1240234375
40598063.5798862576 285411.2431640625
