42761573.4854913205 496113.8603515625
42441633.1162959710 474492.3916015625
43248528.0730882660 511102.7363281250
45454038.3673440665 556678.3457031250
42562120.9273719788 485200.5126953125
43404562.1546243578 518314.0585937500
44646195.3974787891 547783.1660156250
44635372.3078128397 546681.6152343750
41370423.2418107241 396034.8632812500
41250585.0449651480 386624.6362304688
42760480.7920485139 494019.0449218750
41221455.4320093989 385230.0307617188
45078072.6999678165 550340.2324218750
42549212.0738303065 482089.1357421875
44845884.4065539017 550290.4199218750
40877667.8433426842 342167.1157226562
40751694.1212711558 327319.9370117188
43015695.8834919855 502986.6982421875
44089671.3893694803 536730.5097656250
42875084.4268476889 499200.0000000000
43819349.1431292072 529993.7636718750
40776696.1470492333 328838.7651367188
41016400.2820378691 359449.7089843750
44015455.2771393061 533519.9384765625
41735414.8169621378 428142.5078125000
42503484.7267540321 478899.8798828125
44452187.1485977545 544005.3828125000
41109666.7743044719 372139.3930664062
42446998.3822288290 477093.5673828125
44214344.7200403064 537244.8125000000
43996585.3081750050 533261.7998046875
42380627.6083832905 469258.2197265625
42706120.1873695329 489843.7480468750
41612838.1233266741 418625.5385742188
42726529.1648440883 491768.5800781250
43834654.2333595678 530135.7402343750
44061226.8863469064 534687.5351562500
40906746.5408547446 348540.9316406250
42708658.0136144459 490519.2734375000
43577003.6578085795 523441.0097656250
41285196.4403669089 389136.0024414062
41506923.2433952987 406746.9521484375
42473091.1575001925 477769.0927734375
40948731.9638951123 352092.8789062500
41076968.8484030515 370186.6933593750
41553436.7033528611 410954.2163085938
43872692.8874094114 530193.2148437500
41088426.0918436870 371022.6093750000
41858988.8071434870 435831.1079101562
43048359.3989064768 504296.8271484375
45605175.0954106227 557035.9433593750
42536586.2633772418 479352.2998046875
40626948.7477470264 299231.0278320312
44394543.5432548821 543989.7871093750
42046218.0311267152 449583.6767578125
43380026.5204689428 515306.8447265625
43906117.1516972780 530273.8261718750
41951044.0869872943 440346.6582031250
45433634.9591133669 556640.8652343750
42417890.5180411264 473343.7763671875
41220892.3900576681 383836.1616210938
42349632.2100901753 465489.9326171875
41161414.3592871875 377083.4121093750
41578887.7610356808 411590.7255859375
41888875.3850478008 438527.0708007812
43277837.9344896674 512412.9062500000
43469556.5352865532 519588.1875000000
41298105.2885618955 390541.1274414062
41169759.2023958936 379027.6230468750
44287126.3741153330 540223.4277343750
41072989.1697262377 369547.6528320312
44048974.0825961009 534547.8398437500
41124790.2706359923 372697.4780273438
41588969.5287902653 411726.8002929688
43119057.8341445699 507875.4248046875
41204441.3728543073 380546.4614257812
41203438.9878072739 380106.8745117188
41834108.0990625769 433016.4106445312
41270861.6927137077 388224.7788085938
43954701.9038532600 531567.4648437500
44052699.6164177582 534606.6269531250
43264064.9096904770 511728.2470703125
43432060.5611533895 518561.0634765625
45409024.7836729810 554768.2851562500
40874903.9813015684 341752.9331054688
40663117.1898078099 303196.2465820312
42193618.6079761088 458568.1289062500
44164927.6853008643 536968.5566406250
43671167.7501124740 526421.0039062500
41954604.0112564266 440728.5107421875
42210305.3283248395 458779.0048828125
40967627.3937740326 354163.8330078125
41060499.3457168341 369496.8486328125
41236734.4317231476 386172.7866210938
44250601.5161174089 540212.6230468750
45400650.3040380776 554488.0136718750
41721658.7559982091 426097.4819335938
41132499.9495524392 375298.5273437500
45173322.4072888121 550814.9414062500
41382960.6652722731 397809.8974609375
43574625.8875717446 522842.4062500000
40843420.7397361845 336795.0673828125
41104460.6356803402 371774.9165039062
42382660.2311604545 471182.1240234375
43209660.9562254474 510567.2529296875
45700355.8487547785 557155.0742187500
41094472.0409109518 371551.2294921875
42107104.9024315476 451193.2138671875
41269685.7819982693 387999.3056640625
41131067.3727527186 374992.2211914062
41884517.0180673972 437732.5136718750
42132163.3115866035 454042.2768554688
41655078.8381178081 420062.0278320312
41595356.1027972847 415035.1132812500
42129489.9281058237 453174.7919921875
41084870.7597018331 370979.9833984375
42265794.5822506547 462630.0419921875
42243578.6271129921 460109.2490234375
41394726.4630243033 399680.7421875000
41167035.7438383251 377112.1264648438
42316055.6230815947 465366.3271484375
41999457.1692626551 443237.6474609375
41117343.4850972891 372213.8491210938
43923808.2515963987 530974.8906250000
41859221.5802820399 436404.8310546875
42362215.0037815422 468234.1992187500
43112366.9207746536 506558.9296875000
40948875.8689914197 352274.8520507812
41593327.0810664520 413628.6162109375
42957901.2211584672 499990.2080078125
41023240.0928733796 365767.7529296875
41425127.9925260469 400043.7978515625
40626976.4300867468 299753.1293945312
40969226.4415225536 355326.8730468750
45564235.1235950068 556770.5507812500
42274564.5009060800 464349.3076171875
43046361.2588864639 503698.2236328125
41845993.4149411470 435130.7021484375
41828813.8148890287 432340.8852539062
42265844.9445974901 463897.5439453125
41356524.2009007707 394350.6376953125
40635625.4025305212 301628.1269531250
42258541.9049075395 460232.3867187500
42156534.7255716026 457690.6220703125
41357001.2671290338 395135.0498046875
41496834.1838743091 406311.7441406250
41685064.4599480554 425278.3139648438
40770373.5357078761 328360.9809570312
42151608.7386550829 455505.3310546875
41296630.1147124469 389631.3623046875
41593079.5616520643 413511.0087890625
41508739.5485421196 407917.3984375000
41441537.2945920527 402175.0263671875
43719610.3321740925 527256.1152343750
41479480.8554683253 404047.4267578125
44352652.4997277409 541112.1640625000
45251536.0902020633 551621.1933593750
40705952.3236106411 317963.8022460938
42988004.5891462341 500629.5878906250
43117059.6941245571 507276.8212890625
43324613.4386313632 514708.2412109375
43524676.3661023527 521681.4121093750
40845097.8737679645 337208.0659179688
40965615.1345948428 352608.8037109375
40883378.1692353263 343554.8608398438
40903184.4336777404 347958.2680664062
40597841.1088779792 285288.2861328125
41807563.2633645311 431354.9794921875
41193583.1618177891 379638.9287109375
41479878.4459295198 405349.6513671875
42036866.6194063574 443703.3984375000
41326303.9476720989 394068.0810546875
41148439.1810672134 377048.7587890625
40946179.6874091104 349517.6455078125
45263480.6379310638 551964.7089843750
40898464.2238248438 344267.5590820312
44329990.0392418876 540687.3320312500
43795771.1872975156 528843.2695312500
40832060.5951954573 336501.5566406250
41734900.1710619703 426155.5200195312
41950861.5142408609 438892.0361328125
41966996.5228291079 442263.0351562500
40815190.6497068405 336182.0214843750
43434023.7098491564 518989.5839843750
41590899.3785123825 411770.6025390625
44612184.2138778418 546513.2558593750
40786690.8816591054 330731.4467773438
41556926.6833182648 411219.0703125000
40814028.2113518268 334893.3652343750
41460438.5939022079 403710.4399414062
41492335.7139064074 406252.5234375000
41492295.6557272449 405396.0590820312
48118003.6373595744 557252.6562500000
48194991.3462264836 557662.1914062500
45264619.0423855186 553949.0371093750
40689029.4900771827 313627.7363281250
41578414.2220613882 411250.6079101562
42044949.5899918675 445818.4824218750
41533231.1246141866 410431.4399414062
44232058.1295255050 539081.8359375000
40795348.7969151065 333852.3212890625
40773768.1849787310 328557.8437500000
40978972.8774761260 357660.8076171875
43976600.3354476392 532336.8613281250
45202259.2014539987 551101.8457031250
41004438.3316471204 358962.5590820312
40724631.7380473614 318251.0151367188
41607933.2036913335 415648.8466796875
41325021.2011290342 391454.6015625000
40865568.7449968383 341501.2846679688
41374491.0824482441 397398.4287109375
40618711.5118092895 298938.7622070312
40747893.5933085904 323458.5341796875
40697687.4053331837 317149.4350585938
40564473.8536428511 283612.5253906250
40769826.0811447650 327997.6225585938
40643890.3208079785 302681.0546875000
40733657.6390839890 318517.0703125000
41210780.7476086542 380916.9228515625
40854288.4351824597 341425.8837890625
40697139.9507700726 316727.8452148438
40792379.0050417259 330801.4726562500
45367332.1872916520 554078.7226562500
45230913.5965751037 551449.4082031250
40851545.8939660490 340564.8779296875
40672718.2277472615 309109.2641601562
40734182.4136399925 318586.2705078125
40606332.8090356365 291492.0800781250
40664060.3124912605 305988.3896484375
40552869.2367888615 281020.3549804688
40734232.7759868205 323215.2109375000
40609487.4024626911 295811.9707031250
40836033.6806856915 336781.1186523438
40605327.3424611539 287005.6513671875
40553435.4308794588 281326.5253906250
40561672.6668171957 281362.2246093750
40552321.7822257504 280899.9863281250
40749606.9992545992 323943.4482421875
40544211.3215328604 278361.5668945312
40561700.3491569161 282206.3183593750
40578614.2398781478 284648.7553710938
40618164.0572461784 298517.1723632812
40680226.0600488484 312590.7998046875
40569810.8098498061 284470.3818359375
40604779.8878980428 286810.1240234375
40598063.5798862576 285411.2431640625
