50761246.3941588104 1604206.0136718750
51379011.4620063379 1749097.3183593750
51669207.5376157239 1781300.1738281250
52684071.2067955285 1864380.2324218750
52567682.2076486349 1848378.7539062500
54078676.2485335097 1905350.9570312500
50645344.1629845724 1534187.8769531250
50783723.6630268544 1614019.3300781250
52587373.2477421612 1849320.8222656250
50601306.7929373160 1483112.0634765625
51156797.7443536595 1717660.4677734375
52700142.3475651741 1865602.3964843750
52966296.5196619183 1875977.2636718750
54095953.1215106696 1905456.8066406250
53407379.2573367730 1891179.2851562500
52900801.5099766701 1875336.6113281250
56454095.5123261437 1928626.3320312500
50629969.0722822621 1518681.9843750000
53058656.4943016768 1877882.1699218750
50824131.0574902743 1635832.6396484375
52860355.8885992169 1868003.5371093750
51215265.4678379670 1730448.6347656250
52891396.6148457527 1869808.2753906250
53091876.5306917727 1878677.1972656250
50574388.5703745484 1430326.8691406250
51217327.3736071512 1731600.9687500000
54109441.0400497168 1906496.3710937500
52789329.9256043658 1865705.0976562500
52824403.6083594412 1866860.1816406250
54127065.4258216470 1908556.2460937500
53057712.3480162919 1876747.2871093750
53133160.1207471490 1881028.1738281250
55855780.1567330360 1927190.0957031250
51679113.0572221503 1783137.1093750000
52892801.2209391594 1870357.0273437500
50584423.7276592553 1449055.7548828125
50577635.6829795614 1437091.3183593750
50594659.7539840862 1471521.4980468750
52646896.7138448060 1856004.5449218750
50581582.0627543181 1443769.8603515625
50582670.5063209683 1446751.7734375000
50579593.2625812963 1443229.2431640625
50798794.9865176231 1617492.8896484375
51298434.6874800846 1742717.2402343750
53283080.2802072763 1886365.7207031250
53984523.0850807354 1903494.1777343750
50956177.8299089596 1680081.7421875000
50783840.4213349670 1615670.3720703125
52326486.3031200394 1836050.3925781250
53356333.1032443643 1890150.4726562500
53147228.5741164684 1883686.1894531250
53822872.6353905052 1899775.7382812500
50959797.1382585242 1682125.4345703125
51771102.7372463867 1790564.4433593750
52304503.0988404080 1833758.5468750000
50925208.8063598350 1674048.6933593750
88087715.5928177536 1946422.5039062500
50890859.2457135692 1658940.1376953125
50629063.0192173421 1515545.1337890625
50875148.0899177045 1655026.8164062500
52681363.6258408427 1856677.7597656250
54601003.2544840574 1910964.1406250000
50769943.5845728070 1609629.3662109375
53857796.4230083674 1902866.9218750000
51184375.7019329146 1725845.1728515625
50633252.1990942657 1519468.4316406250
50633500.8533640280 1522788.6943359375
50666325.3296772540 1548042.0507812500
50835535.8704107702 1640851.3837890625
51256889.1397838965 1735375.9140625000
51249082.8977586553 1735202.5068359375
51356778.9243061617 1745691.4121093750
51158629.5465392992 1719339.4511718750
50637598.8214751557 1524929.7968750000
51681878.5671746060 1785456.6992187500
54165968.2715875953 1909563.0546875000
52199937.2666314617 1826703.2539062500
52809074.7818243206 1866094.3437500000
53655212.1179490015 1897453.4082031250
50609425.6160889193 1491838.6953125000
52389150.8507405594 1837430.5410156250
53731826.6371853799 1897494.9804687500
53599924.5336893499 1895516.9941406250
50781957.5625020564 1613056.1660156250
53522434.0884996206 1895365.7285156250
53786956.5331074595 1899223.9550781250
52604252.0384660661 1851514.1562500000
50908678.9093805626 1668914.0361328125
51755899.7513872162 1789392.5253906250
53833162.9466686249 1902836.1054687500
50760780.6227272823 1602013.9697265625
56825150.7499630228 1928652.4531250000
54021476.4196401909 1903622.9316406250
53532420.1437704861 1895382.6367187500
50976433.5848832205 1685980.7607421875
52086213.2941479906 1816928.9589843750
50860339.4591945112 1645240.1064453125
50832970.7327336669 1639305.8886718750
50947582.1829384044 1678675.2412109375
52614440.7370824963 1853022.0664062500
50799967.1266509295 1619393.8730468750
50845016.6958234459 1643911.2900390625
51211318.0978702232 1728751.4677734375
51502021.6537969038 1766724.3437500000
52243032.5235178843 1829129.6582031250
50793305.1139267534 1617195.3974609375
50893850.2063147500 1660261.4335937500
50713198.3923008740 1574741.0302734375
50858854.3309286982 1644947.1123046875
56334595.6768125370 1928618.8457031250
56189462.9838638455 1928604.8457031250
50577066.2740080506 1436356.7226562500
50692033.7860075980 1562834.3125000000
50801548.3531318009 1622238.2167968750
52119693.8542523906 1820640.4062500000
51188860.2747144029 1726771.2607421875
51471798.7662810013 1763174.6347656250
55962617.6722533703 1927553.0273437500
52147516.9431515262 1824868.1191406250
50650773.3075831383 1537476.4599609375
50775606.7573595941 1612369.9648437500
51015828.8140960857 1693520.3994140625
51398497.6645334587 1749721.8750000000
51274230.4954639003 1737415.0273437500
52490044.6623264030 1841577.3964843750
52438615.2640031502 1841526.0195312500
50640104.9875091091 1527813.4902343750
50816827.7510742396 1630669.5048828125
50697864.5621437058 1566998.8427734375
50903730.3265884295 1667520.2226562500
51797003.1848910972 1793545.8398437500
52249667.8830532506 1831086.4003906250
50811282.4405408353 1629279.3496093750
51425106.8881582841 1757074.0996093750
50692699.2566727847 1564319.8603515625
50685345.4036311954 1556139.4082031250
51710485.3846798614 1787791.5859375000
50816945.6133276224 1633039.2539062500
52145310.4059986845 1823521.3984375000
50579189.7003965229 1438832.8271484375
50836143.1561596245 1641252.6201171875
56718989.8591240048 1928651.8886718750
51480415.1399161294 1765105.8613281250
51842191.3865633979 1799191.2871093750
51727034.0873768851 1787946.1484375000
50643945.9501858726 1531504.0146484375
87905682.3502610624 1946412.6875000000
50891563.3496163860 1659680.1767578125
50712769.5869381800 1574422.1005859375
50672865.6333597004 1550124.9980468750
50664046.7115646303 1547050.2275390625
50708607.2642026544 1570673.9863281250
50908013.0753889307 1667719.2685546875
87284059.3991003036 1946391.3925781250
51084414.7136156484 1705674.7021484375
51173375.2768441662 1722831.5654296875
85752898.3893177509 1946362.9824218750
51976960.1338511035 1809967.3945312500
50574822.4224205092 1430768.8945312500
50658012.6507086307 1543277.7011718750
50685547.5000071153 1561249.7197265625
50680781.4486646727 1555631.6953125000
86430686.9239475429 1946369.2070312500
51437118.9868276343 1758380.6875000000
50657053.6090259179 1541344.3154296875
51001069.6401875392 1690154.0117187500
50681020.6023763865 1555756.8486328125
51052785.9784974232 1701261.8994140625
50626251.1483667791 1508987.5527343750
51873286.0772900954 1801840.1621093750
50860941.8764940053 1649276.2617187500
51940096.1419694051 1805265.1015625000
50657720.3679717705 1541966.2216796875
51899124.1110275611 1802568.1269531250
50663276.6937905103 1544265.7402343750
50726481.6107530743 1580508.9003906250
51095133.6091926917 1706554.1630859375
86267089.2091969550 1946367.6835937500
50644124.8213415071 1532232.1113281250
50636072.4118890613 1523529.7626953125
51557334.9588417634 1772054.5410156250
51045562.1859155372 1699266.5068359375
51022726.0221894160 1694193.2177734375
52056960.3895325586 1815730.8027343750
50725670.7284566388 1578202.7968750000
85262614.3717152774 1946332.8828125000
87225917.8113753796 1946390.3496093750
51459552.2261553034 1760715.5585937500
51033703.2674752548 1698362.8056640625
52032519.2095679119 1812949.3105468750
51979455.1326361671 1811467.1601562500
52097026.5902818069 1818908.3417968750
54841422.3581912667 1914458.5488281250
85402275.0384337902 1946337.5136718750
50597452.3753576800 1475582.3417968750
50725680.0341482535 1578507.6816406250
50895429.0493597761 1664094.7167968750
51817399.3921812996 1794771.5488281250
54909912.4829200059 1915467.1347656250
55301574.1781121492 1920669.7734375000
50605583.9490778223 1485417.4033203125
86851977.9420884252 1946387.4765625000
50893330.2290916964 1660012.1435546875
50976031.8894479051 1683149.7509765625
51968594.3321573362 1807669.6796875000
55171803.9133575931 1919948.4511718750
51632787.4460097030 1781182.1953125000
51587603.2930712625 1775723.3750000000
50623681.7774505541 1506833.5859375000
51461041.2741091028 1761397.1992187500
54937492.4468329847 1917351.3183593750
51581519.5486148521 1773085.1503906250
51804335.2101126835 1794511.2636718750
51793495.0247525349 1792330.0937500000
51634196.9888718501 1781246.9648437500
51621440.5747452304 1779611.1230468750
51053423.1031810120 1701459.7431640625
50591538.3178736940 1462641.3906250000
50599211.4656820893 1477608.6435546875
51547761.1257700250 1770629.2226562500
50601095.9209778085 1480848.4199218750
50573345.4486495182 1423817.2617187500
51099587.9237489775 1708036.1513671875
50594471.9487428144 1470609.2773437500
54913716.9837279692 1917324.6660156250
51120448.3037784025 1712838.5732421875
50593169.8648983613 1469514.6269531250
51099666.0805375353 1709001.7666015625
50586652.1609176621 1454606.7177734375
50732006.3777411133 1584275.8632812500
50588741.4306360558 1459752.5488281250
51081797.3385674432 1704731.7060546875
50912309.6954010203 1669307.1884765625
51403962.8899359629 1752387.4101562500
52530314.7742041722 1843082.5390625000
55357061.9764385745 1922013.9687500000
50618204.2998696193 1501126.9501953125
50744788.2856900543 1590481.5820312500
50622794.4742053524 1505811.5556640625
50576779.9263482988 1432126.7519531250
50595405.5717914477 1474470.6308593750
55829409.0100455657 1927061.9199218750
50598066.9178277701 1475814.2089843750
50622422.0578738824 1503637.3642578125
85212407.1148628891 1946155.5722656250
55025733.4581465870 1919310.8281250000
50738664.7940821424 1586747.0898437500
50624714.3069360033 1507151.0468750000
50589227.6433247626 1460414.7919921875
54969765.0184687003 1918400.8945312500
50615004.2322271690 1498131.8535156250
85134302.7035424262 1946131.7832031250
85018300.2336152941 1946106.9375000000
50612688.3084651679 1496067.3906250000
50620300.1507774740 1501693.1865234375
50618387.9633431435 1501621.3388671875
50608811.1292955354 1489569.3798828125
50591646.1373425871 1465872.8798828125
50741807.5937548950 1589202.4687500000
50756307.3662092388 1595907.6826171875
54742658.1318918988 1911538.3242187500
50593564.8317909986 1470113.7373046875
50587217.7030802816 1455981.6337890625
84310636.3116371334 1945943.7480468750
84274644.7497744262 1945916.0957031250
50750766.3855963424 1591199.2597656250
50743319.1501155198 1589448.9111328125
84978156.2383760512 1945969.3574218750
55324797.0436509177 1921238.3984375000
50736135.0155839920 1586037.0507812500
83375263.7711138427 1945827.5585937500
83214736.2061434388 1945825.7617187500
83195947.3994898796 1945812.3730468750
84178877.4179579318 1945867.9863281250
83869395.4923245013 1945859.0800781250
83382572.0157538056 1945852.5664062500
82885478.8133400083 1945800.2246093750
82999657.4860120118 1945805.1601562500
82765122.7775878012 1944449.7832031250
81822097.7660863847 1944378.0351562500
80536925.5937797576 1944297.1503906250
80230040.1846291721 1944276.9179687500
80872695.7810345739 1944335.2910156250
81479532.5872562528 1944358.5683593750
81284939.9289833456 1944342.7265625000
80083843.3160157353 1944209.5585937500
79877800.8708131611 1942501.0683593750
78575982.5865460485 1942410.0585937500
77996349.5327961892 1941896.6835937500
77638883.2295899987 1940829.1503906250
76530258.4066326022 1938863.9277343750
78177289.8618564606 1942187.3417968750
75988477.6957190782 1938242.9257812500
76709020.2753659636 1939325.2363281250
74991554.4371593744 1937019.5234375000
75757073.4699669331 1937571.5312500000
76186022.6599530876 1938591.2656250000
74935563.8770479858 1936994.4765625000
74521360.8090900630 1934910.7304687500
73804785.8788154721 1933743.4433593750
