52022546.3672600463 1819402.0644531250
52801203.4038085490 1867344.2871093750
52271377.7516385987 1832435.7519531250
50734175.7358313501 1593671.4638671875
50783521.0129882321 1615074.4531250000
51286046.5891637281 1743701.4843750000
51796884.3363606855 1799796.3769531250
53957947.4574721083 1910477.4667968750
50820142.1950632781 1634254.0576171875
52338068.3405650258 1842200.2011718750
52159314.1285536960 1827831.7617187500
52095217.6344906613 1822883.7734375000
50578782.5733889714 1439589.7255859375
50823416.2110883147 1638298.9804687500
52226649.0339124724 1832028.1191406250
51721773.7856774554 1793846.0878906250
54022635.5101988986 1911541.7832031250
55442214.7563097700 1923725.6718750000
50794548.1964299977 1619241.9052734375
51650727.3547796831 1787760.2382812500
50805147.0053467080 1628090.2636718750
87162687.4633977562 1946420.2597656250
50712508.3446228430 1580820.9726562500
52047080.9126755372 1822221.1484375000
54408866.3477093652 1916751.5625000000
50639171.4651645869 1526614.3583984375
51638033.2090282962 1783849.8007812500
53318710.6787429452 1889496.5703125000
50648414.2193777263 1534622.1289062500
51072542.0090539381 1704837.4912109375
87293051.8157650679 1946422.5039062500
50942931.9798213318 1679403.9462890625
51671142.9744768962 1788715.9062500000
55446496.2116006836 1923734.5878906250
50657627.9298130199 1542676.7724609375
51679578.7567244843 1791194.6152343750
50608023.1607645452 1488309.0683593750
51126328.1583559737 1715206.0986328125
86211811.2532877326 1946378.1035156250
50635786.8106419668 1525034.0615234375
54376563.3916343823 1914793.1503906250
54724147.3774773106 1920168.4238281250
86244962.8832220733 1946391.2207031250
53680329.6309519783 1901318.3437500000
51911954.9833003059 1810391.6269531250
52721643.1360076517 1865968.9433593750
50769824.1256036758 1613119.1464843750
50711674.1815347299 1578541.6542968750
53903531.7182053402 1910328.6503906250
50576334.1071161404 1435630.1230468750
53235287.2426255196 1888934.2109375000
51087321.2959011719 1708401.2431640625
50582149.9218503088 1445021.0644531250
50786240.4298643395 1618892.9853515625
55094712.3795184419 1923713.3320312500
50887877.3336150646 1658303.3203125000
86834263.6634306014 1946417.0937500000
50599071.0860442296 1477858.2675781250
50643065.2570765242 1533061.3369140625
50952937.6133837625 1682344.4794921875
51677929.1263493523 1789152.3691406250
50694177.0493090674 1569968.9951171875
51565341.2192259356 1777590.7675781250
50815320.3937163800 1631126.2636718750
51116648.0771986693 1712041.6718750000
52458984.4324190319 1851020.7851562500
51083421.9575888291 1706180.4541015625
50794992.9927528650 1624951.6679687500
51090648.8046733215 1710939.2099609375
52004749.7664599195 1815356.8632812500
53063374.4497401267 1879085.3476562500
50872882.6433680058 1649282.9941406250
51236225.2890961096 1733736.6777343750
50639178.7722152770 1528820.9794921875
51930576.1485273913 1812202.6816406250
50713358.0680849627 1581658.9716796875
52296760.6513528079 1836163.5136718750
50800193.6842882037 1625076.8925781250
50844437.7433641851 1643809.2871093750
50809488.1087327003 1628176.6074218750
51526114.7967695668 1768910.8203125000
51773084.4659660831 1798405.1210937500
51575337.6036645547 1779139.8964843750
53182412.5119474232 1885351.3964843750
54576118.4884837195 1919209.3378906250
51540033.1094971821 1775670.3652343750
52926447.6491314471 1876235.2792968750
54102525.7313743755 1913303.3085937500
50979829.8854005858 1688042.3115234375
52991111.5135494918 1876741.5253906250
50627472.1908703297 1511746.9179687500
51297976.9053518996 1744290.1191406250
51609557.7340898588 1781234.5097656250
52595589.0706348568 1857364.7031250000
50974085.3786631450 1686313.2490234375
52368520.8032657951 1842406.6308593750
54077050.6443765536 1912298.0078125000
50577359.6964792684 1436628.6416015625
51996459.5299255475 1814226.3906250000
50686193.1235003248 1565179.5761718750
53063561.9708926827 1879347.5273437500
50833877.0730278492 1642026.0839843750
50631244.9589163437 1520081.1552734375
51531403.6717903540 1772762.3242187500
50689539.1552623138 1566198.4052734375
50766410.7560821325 1610806.1171875000
53781615.8650905862 1906843.1464843750
50693495.1202852353 1567195.9433593750
50573019.3889649212 1424191.4316406250
50591088.2176268324 1464412.0136718750
50992391.3404220864 1690001.8603515625
50957924.7788168415 1683165.7666015625
51146360.3254243061 1720214.3359375000
54526073.0678759143 1918522.0117187500
50577849.7952856496 1438221.5615234375
51014563.2246112004 1694260.8447265625
50605270.0622746125 1487770.9531250000
50761240.5392975137 1605156.4375000000
50590740.0842776746 1464298.1904296875
53082491.1492153704 1883740.6894531250
50729820.7787226588 1586802.6181640625
50748372.1351513043 1600139.9433593750
50931275.5781650618 1674701.4023437500
51536538.7158913985 1773977.7265625000
50918061.5074083284 1672638.6699218750
50890395.5060599297 1660129.8896484375
51527819.5217454359 1772615.2089843750
53037687.5574558824 1879081.3476562500
54246810.3415358439 1914589.9316406250
52863791.6415768266 1872002.2011718750
50752444.1348168775 1602153.5537109375
50724438.7979573905 1583091.9160156250
53770861.6584211364 1906443.5566406250
55608711.4422081336 1925246.5605468750
55992649.7540364340 1928621.0917968750
50702336.0573373660 1573241.4775390625
50625118.8213370368 1510533.7880859375
50677419.0255077034 1555180.7265625000
50682159.0289695784 1562953.7568359375
50740635.0913387164 1595823.4316406250
52453975.8644666523 1851020.3515625000
50575434.7183679119 1432249.7675781250
51822777.3864708170 1800786.9824218750
52394921.9317500293 1843694.7753906250
50743516.4437359124 1598250.0205078125
50736441.8189631328 1595527.3574218750
50853812.0280090868 1646204.6279296875
50676285.2165006250 1553064.8564453125
50731636.3592927977 1591336.1357421875
50680183.9315060526 1560056.0087890625
50725701.5335437059 1585482.7597656250
53550841.5499555543 1898869.8300781250
52523003.9059851319 1855039.8066406250
86178543.0621896237 1946377.0878906250
51199405.3322151378 1729517.5781250000
52562995.9990627915 1856571.5605468750
53320427.2079122812 1891460.0351562500
51198202.8452354893 1729229.9003906250
52704001.2403503507 1865605.3710937500
55633377.6320841685 1925450.4472656250
53747152.3069341779 1902696.3007812500
50583752.2129145935 1449496.8867187500
53711899.9575838447 1902323.4433593750
52643678.0191344619 1861657.4609375000
50583441.6933609620 1447382.3476562500
51867264.2412856594 1804229.1972656250
50670038.4087240249 1552739.6396484375
50651905.4409932047 1539638.6044921875
51886023.2551809326 1808186.2167968750
52137584.2790197954 1825553.3183593750
53525363.0264104456 1896476.3496093750
51330685.3602504507 1746674.8398437500
56027075.7033893093 1928622.7792968750
51460126.5114569291 1763156.9023437500
52275801.6819346473 1833951.6542968750
53035118.9935843572 1878134.8574218750
85621319.8476264626 1946348.7578125000
85661703.5723710209 1946370.1328125000
53431409.7676166147 1894342.7460937500
51339803.8713589385 1750021.9687500000
52130465.3282888308 1824988.2265625000
85579389.1724840850 1946347.4765625000
50586592.8240685314 1452516.8007812500
50946821.0329622701 1680454.2490234375
52767192.2317419872 1866888.1992187500
51366357.7680114582 1751649.9726562500
51750942.8416301981 1794007.9550781250
50597904.9903809726 1476405.1142578125
51283662.4988292530 1739864.4726562500
52815912.5548220873 1871587.7441406250
55788065.7720183209 1927266.9687500000
51395146.5004888251 1755147.2402343750
51449609.6925021783 1761835.2988281250
50792556.6490324810 1619189.7773437500
52684071.2067955285 1864380.2324218750
50645344.1629845724 1534187.8769531250
50601306.7929373160 1483112.0634765625
52700142.3475651741 1865602.3964843750
52900801.5099766701 1875336.6113281250
50629969.0722822621 1518681.9843750000
51215265.4678379670 1730448.6347656250
50574388.5703745484 1430326.8691406250
51217327.3736071512 1731600.9687500000
50594659.7539840862 1471521.4980468750
50581582.0627543181 1443769.8603515625
50579593.2625812963 1443229.2431640625
50783840.4213349670 1615670.3720703125
50925208.8063598350 1674048.6933593750
50629063.0192173421 1515545.1337890625
50875148.0899177045 1655026.8164062500
51184375.7019329146 1725845.1728515625
50633500.8533640280 1522788.6943359375
50666325.3296772540 1548042.0507812500
51256889.1397838965 1735375.9140625000
51249082.8977586553 1735202.5068359375
50609425.6160889193 1491838.6953125000
53522434.0884996206 1895365.7285156250
50908678.9093805626 1668914.0361328125
56825150.7499630228 1928652.4531250000
50832970.7327336669 1639305.8886718750
50845016.6958234459 1643911.2900390625
51502021.6537969038 1766724.3437500000
50893850.2063147500 1660261.4335937500
50577066.2740080506 1436356.7226562500
51188860.2747144029 1726771.2607421875
55962617.6722533703 1927553.0273437500
50903730.3265884295 1667520.2226562500
50811282.4405408353 1629279.3496093750
51425106.8881582841 1757074.0996093750
50816945.6133276224 1633039.2539062500
56718989.8591240048 1928651.8886718750
51480415.1399161294 1765105.8613281250
50664046.7115646303 1547050.2275390625
50908013.0753889307 1667719.2685546875
50658012.6507086307 1543277.7011718750
51437118.9868276343 1758380.6875000000
50657053.6090259179 1541344.3154296875
51001069.6401875392 1690154.0117187500
51052785.9784974232 1701261.8994140625
50860941.8764940053 1649276.2617187500
85262614.3717152774 1946332.8828125000
51033703.2674752548 1698362.8056640625
85402275.0384337902 1946337.5136718750
50597452.3753576800 1475582.3417968750
50895429.0493597761 1664094.7167968750
50623681.7774505541 1506833.5859375000
51053423.1031810120 1701459.7431640625
50601095.9209778085 1480848.4199218750
51120448.3037784025 1712838.5732421875
50593169.8648983613 1469514.6269531250
50586652.1609176621 1454606.7177734375
50588741.4306360558 1459752.5488281250
50618204.2998696193 1501126.9501953125
50595405.5717914477 1474470.6308593750
85212407.1148628891 1946155.5722656250
50624714.3069360033 1507151.0468750000
50589227.6433247626 1460414.7919921875
50615004.2322271690 1498131.8535156250
85134302.7035424262 1946131.7832031250
85018300.2336152941 1946106.9375000000
50612688.3084651679 1496067.3906250000
50620300.1507774740 1501693.1865234375
50618387.9633431435 1501621.3388671875
50608811.1292955354 1489569.3798828125
50591646.1373425871 1465872.8798828125
50593564.8317909986 1470113.7373046875
50587217.7030802816 1455981.6337890625
84310636.3116371334 1945943.7480468750
84274644.7497744262 1945916.0957031250
84978156.2383760512 1945969.3574218750
83375263.7711138427 1945827.5585937500
83214736.2061434388 1945825.7617187500
83195947.3994898796 1945812.3730468750
84178877.4179579318 1945867.9863281250
83869395.4923245013 1945859.0800781250
83382572.0157538056 1945852.5664062500
82885478.8133400083 1945800.2246093750
82999657.4860120118 1945805.1601562500
82765122.7775878012 1944449.7832031250
81822097.7660863847 1944378.0351562500
80536925.5937797576 1944297.1503906250
80230040.1846291721 1944276.9179687500
80872695.7810345739 1944335.2910156250
81479532.5872562528 1944358.5683593750
81284939.9289833456 1944342.7265625000
80083843.3160157353 1944209.5585937500
79877800.8708131611 1942501.0683593750
78575982.5865460485 1942410.0585937500
77996349.5327961892 1941896.6835937500
77638883.2295899987 1940829.1503906250
76530258.4066326022 1938863.9277343750
78177289.8618564606 1942187.3417968750
75988477.6957190782 1938242.9257812500
76709020.2753659636 1939325.2363281250
74991554.4371593744 1937019.5234375000
75757073.4699669331 1937571.5312500000
76186022.6599530876 1938591.2656250000
74935563.8770479858 1936994.4765625000
74521360.8090900630 1934910.7304687500
73804785.8788154721 1933743.4433593750
