52621497.5385307074 1863630.3476562500
51102934.6978218928 1712250.9853515625
51369021.6803188846 1754175.1035156250
87319477.9552463144 1946433.4960937500
55060352.8885706589 1926722.1914062500
50935007.6598844752 1676385.2587890625
52500450.4384547770 1854702.4199218750
54684865.7804562524 1924438.7792968750
54651737.6595861688 1921326.5390625000
50713470.9517022669 1582598.4082031250
50688539.6262022182 1567585.4667968750
52549883.6947723031 1855952.8105468750
54345739.3193986788 1919939.6386718750
50622442.8647113964 1505936.8701171875
50999912.0682907924 1692144.9775390625
52987814.1152620167 1879684.9902343750
50809541.7236319631 1633516.9804687500
52447388.5950873792 1852826.0273437500
53776905.1948804632 1908003.0683593750
53768219.6745449305 1904957.1503906250
54556608.0285565704 1920901.6289062500
88824552.9552693814 1946484.3847656250
50692164.4088450074 1571736.4072265625
50712983.2682636678 1581721.0292968750
51066538.4172347113 1707901.7939453125
51105847.6404372528 1712661.4541015625
51957797.3262041733 1815629.2597656250
87738655.7512300462 1946443.7675781250
51171546.2657652125 1724132.9394531250
54658931.3179498985 1921959.6796875000
88855147.5838757604 1946484.8457031250
88320368.3406273872 1946483.3203125000
51104407.3356464133 1712465.3115234375
51499620.1058028117 1765451.0800781250
51423159.1479006186 1759683.4257812500
88183938.8178338259 1946451.9863281250
51070691.0471454784 1709549.7138671875
51008460.5129650310 1695238.8603515625
50720666.2393938527 1586364.6162109375
51253154.5544342920 1739262.4687500000
50991056.7648384646 1691292.9228515625
51200391.6237423792 1729880.6787109375
51055531.2570927963 1701773.0439453125
51005403.2200855389 1693649.6689453125
54140123.1364358589 1914889.2851562500
51333822.4202730879 1751230.7187500000
50585579.4831234589 1454768.0722656250
50775084.5318166167 1615267.0869140625
51036398.8656889722 1701514.3955078125
50924422.5362875536 1675898.4365234375
51022124.9243309870 1698390.3349609375
50575548.3527988270 1433038.9716796875
51269518.6542692408 1740342.9277343750
51404397.2576255128 1758955.6718750000
50855316.6646870896 1650448.3300781250
51725161.2239189222 1794040.5000000000
53034497.0292604566 1879688.4179687500
50591482.4743027017 1468813.5966796875
50965606.5118452087 1686552.8388671875
50706634.3423810974 1580127.4599609375
87616664.4564612657 1946438.3925781250
50578591.4146643355 1438564.3154296875
50684430.4445395172 1566174.0039062500
51319930.5591539815 1749900.7363281250
50668005.8070818856 1549349.2734375000
52616357.9623564035 1863524.7753906250
50594489.3364691213 1472060.9394531250
50852909.5073413774 1650086.4697265625
51213864.8134632781 1731981.0585937500
51626040.8995805010 1784659.4414062500
50810349.7480285913 1634799.1748046875
51446015.4560243413 1764396.4140625000
52800710.5814774781 1869014.0214843750
54208856.3402672783 1916272.1035156250
50858125.0737748072 1651110.2978515625
50573940.6568705514 1426429.0283203125
54059815.4758133963 1913632.3242187500
50668701.0328056291 1550237.3925781250
50873139.8319936469 1658244.7353515625
50866351.9021084234 1657485.7509765625
50898303.2310751006 1667981.6552734375
50762148.2286121398 1608295.5566406250
52652117.3200263083 1864386.6074218750
54085234.7168035284 1914214.1035156250
52699730.5770297498 1865617.8144531250
52014502.1544860080 1816214.8281250000
50596790.4606537148 1475519.4638671875
52816919.6927880272 1873203.5898437500
50661163.2746572644 1548163.7080078125
50725441.4095815942 1587651.4199218750
50673755.6735679731 1555894.3867187500
50894318.6397276595 1664338.8291015625
50882887.0581207499 1663180.7431640625
50861051.1960385665 1655093.8212890625
50649482.8232200444 1537283.2578125000
50769202.6668257415 1613245.8789062500
50796018.5590712726 1628775.1289062500
50626482.4309285060 1513754.7021484375
87040344.5430156589 1946428.9316406250
50851634.5786300227 1649878.3916015625
50940128.8305139169 1678314.6630859375
50801133.1718882173 1631320.3417968750
51563070.1854917929 1778031.3769531250
51282295.1524106190 1742538.8535156250
50651720.6066157147 1540374.3281250000
50648972.8827890828 1536210.8310546875
50757405.5022203326 1605197.1728515625
52580628.6510668844 1858648.1328125000
54005735.9606748447 1912658.0000000000
50655829.9519307613 1544766.0537109375
51829714.5662471578 1801973.5312500000
50790730.0654170811 1625179.1601562500
50781112.2740175724 1617070.1494140625
50792348.6854298711 1627036.2949218750
52596630.9669206291 1861022.6855468750
53972237.2849940062 1910600.9277343750
51378201.9724766836 1756185.9277343750
50904080.0697302446 1669416.7822265625
50571870.8917325810 1419644.1289062500
51309696.2652437910 1745941.5898437500
50626805.7116691470 1514116.2470703125
51342522.6187940314 1751921.6699218750
50678697.0195104331 1560615.8583984375
51293841.9583517089 1745287.5996093750
52382669.7013144344 1842682.7832031250
50836247.8651739210 1642811.8828125000
54164003.1249233112 1915127.6035156250
50817828.0256057233 1636492.4306640625
51870153.7093912438 1803946.6835937500
52080040.0200127736 1822322.7187500000
50571958.7897538692 1424365.3183593750
50629715.8971643224 1517807.4306640625
52959188.5350755006 1877802.9062500000
51750084.3910243586 1795560.3281250000
51908656.0479635522 1810975.9140625000
50730229.4136187434 1591624.3935546875
50645552.4545194060 1534869.3691406250
50705968.8717159107 1578096.7373046875
86775294.6048039049 1946399.8769531250
88295886.0358254910 1946459.0996093750
86256484.8407325894 1946376.7285156250
50781962.7653845027 1617755.6054687500
50701647.1769480109 1577478.8427734375
86401807.3167188615 1946391.9472656250
50600560.9751299471 1481008.7148437500
50583383.6955169588 1447764.4638671875
52128677.6489211395 1826609.0449218750
51284750.5812598839 1744071.7480468750
51239457.5315518305 1737032.2402343750
51771472.7438931689 1796523.6835937500
52243150.5713390559 1833548.1484375000
52288977.2194001228 1839715.1855468750
50832666.9120247215 1641473.3417968750
50750315.7141269967 1601825.5322265625
50576563.0051853657 1437465.5654296875
51182708.8079352453 1726526.3808593750
53311715.0196255893 1891162.1796875000
51796453.4531034157 1800881.9921875000
52084011.0119977072 1822929.4707031250
52718155.5691588968 1866541.5488281250
50677327.4302816465 1557431.7304687500
51799703.5678764954 1801532.2558593750
52022546.3672600463 1819402.0644531250
50734175.7358313501 1593671.4638671875
53957947.4574721083 1910477.4667968750
52338068.3405650258 1842200.2011718750
52159314.1285536960 1827831.7617187500
51721773.7856774554 1793846.0878906250
51650727.3547796831 1787760.2382812500
50712508.3446228430 1580820.9726562500
52047080.9126755372 1822221.1484375000
50639171.4651645869 1526614.3583984375
50942931.9798213318 1679403.9462890625
51671142.9744768962 1788715.9062500000
51679578.7567244843 1791194.6152343750
50635786.8106419668 1525034.0615234375
53903531.7182053402 1910328.6503906250
50576334.1071161404 1435630.1230468750
53235287.2426255196 1888934.2109375000
50582149.9218503088 1445021.0644531250
50786240.4298643395 1618892.9853515625
86834263.6634306014 1946417.0937500000
50643065.2570765242 1533061.3369140625
50952937.6133837625 1682344.4794921875
51090648.8046733215 1710939.2099609375
51236225.2890961096 1733736.6777343750
50639178.7722152770 1528820.9794921875
51773084.4659660831 1798405.1210937500
51575337.6036645547 1779139.8964843750
53182412.5119474232 1885351.3964843750
51540033.1094971821 1775670.3652343750
52926447.6491314471 1876235.2792968750
50979829.8854005858 1688042.3115234375
52368520.8032657951 1842406.6308593750
50833877.0730278492 1642026.0839843750
50631244.9589163437 1520081.1552734375
51531403.6717903540 1772762.3242187500
50766410.7560821325 1610806.1171875000
50591088.2176268324 1464412.0136718750
50957924.7788168415 1683165.7666015625
51146360.3254243061 1720214.3359375000
50577849.7952856496 1438221.5615234375
50605270.0622746125 1487770.9531250000
50590740.0842776746 1464298.1904296875
53082491.1492153704 1883740.6894531250
50748372.1351513043 1600139.9433593750
51536538.7158913985 1773977.7265625000
51527819.5217454359 1772615.2089843750
50752444.1348168775 1602153.5537109375
53770861.6584211364 1906443.5566406250
55992649.7540364340 1928621.0917968750
50625118.8213370368 1510533.7880859375
50682159.0289695784 1562953.7568359375
50740635.0913387164 1595823.4316406250
50575434.7183679119 1432249.7675781250
52394921.9317500293 1843694.7753906250
50743516.4437359124 1598250.0205078125
50736441.8189631328 1595527.3574218750
53550841.5499555543 1898869.8300781250
52523003.9059851319 1855039.8066406250
51199405.3322151378 1729517.5781250000
53320427.2079122812 1891460.0351562500
51198202.8452354893 1729229.9003906250
50583752.2129145935 1449496.8867187500
50670038.4087240249 1552739.6396484375
51886023.2551809326 1808186.2167968750
53525363.0264104456 1896476.3496093750
56027075.7033893093 1928622.7792968750
52275801.6819346473 1833951.6542968750
85661703.5723710209 1946370.1328125000
53431409.7676166147 1894342.7460937500
50946821.0329622701 1680454.2490234375
50597904.9903809726 1476405.1142578125
55788065.7720183209 1927266.9687500000
50601306.7929373160 1483112.0634765625
52900801.5099766701 1875336.6113281250
50629969.0722822621 1518681.9843750000
50574388.5703745484 1430326.8691406250
50579593.2625812963 1443229.2431640625
50629063.0192173421 1515545.1337890625
50633500.8533640280 1522788.6943359375
50609425.6160889193 1491838.6953125000
53522434.0884996206 1895365.7285156250
56825150.7499630228 1928652.4531250000
51502021.6537969038 1766724.3437500000
51188860.2747144029 1726771.2607421875
55962617.6722533703 1927553.0273437500
56718989.8591240048 1928651.8886718750
85262614.3717152774 1946332.8828125000
85402275.0384337902 1946337.5136718750
50623681.7774505541 1506833.5859375000
50593169.8648983613 1469514.6269531250
50588741.4306360558 1459752.5488281250
50618204.2998696193 1501126.9501953125
50595405.5717914477 1474470.6308593750
85212407.1148628891 1946155.5722656250
50624714.3069360033 1507151.0468750000
50589227.6433247626 1460414.7919921875
50615004.2322271690 1498131.8535156250
85134302.7035424262 1946131.7832031250
85018300.2336152941 1946106.9375000000
50612688.3084651679 1496067.3906250000
50620300.1507774740 1501693.1865234375
50618387.9633431435 1501621.3388671875
50608811.1292955354 1489569.3798828125
50593564.8317909986 1470113.7373046875
50587217.7030802816 1455981.6337890625
84310636.3116371334 1945943.7480468750
84274644.7497744262 1945916.0957031250
84978156.2383760512 1945969.3574218750
83375263.7711138427 1945827.5585937500
83214736.2061434388 1945825.7617187500
83195947.3994898796 1945812.3730468750
84178877.4179579318 1945867.9863281250
83869395.4923245013 1945859.0800781250
83382572.0157538056 1945852.5664062500
82885478.8133400083 1945800.2246093750
82999657.4860120118 1945805.1601562500
82765122.7775878012 1944449.7832031250
81822097.7660863847 1944378.0351562500
80536925.5937797576 1944297.1503906250
80230040.1846291721 1944276.9179687500
80872695.7810345739 1944335.2910156250
81479532.5872562528 1944358.5683593750
81284939.9289833456 1944342.7265625000
80083843.3160157353 1944209.5585937500
79877800.8708131611 1942501.0683593750
78575982.5865460485 1942410.0585937500
77996349.5327961892 1941896.6835937500
77638883.2295899987 1940829.1503906250
76530258.4066326022 1938863.9277343750
78177289.8618564606 1942187.3417968750
75988477.6957190782 1938242.9257812500
76709020.2753659636 1939325.2363281250
74991554.4371593744 1937019.5234375000
75757073.4699669331 1937571.5312500000
76186022.6599530876 1938591.2656250000
74935563.8770479858 1936994.4765625000
74521360.8090900630 1934910.7304687500
73804785.8788154721 1933743.4433593750
