73163524.2964407653 5178.8032341003
73666465.6644214988 5207.6732749939
72211079.3379093707 5111.3685779572
50577116.3727019131 1874.6456669353
72245365.6513128728 5141.6496810913
73360138.0387945026 5186.1719856262
50581584.5103264451 1973.8375823660
72984092.2300993800 5155.6367301941
50590338.6871348247 2077.4615580974
50579601.5204756409 1964.9966102377
50573019.3889649138 1862.8796946988
50577935.9854790047 1961.5480426995
50579078.1825456396 1964.7509907112
50572427.3527244478 1856.9667432755
50598699.6587179452 2182.6404551180
50577226.9794965088 1875.7147683812
50575416.4692524150 1872.5223562418
50574725.3528625369 1866.6094048185
50574159.8749582246 1865.6418274925
50582107.8482564464 1974.0832018925
50576912.5619037598 1872.8042898909
50577305.5683523044 1877.0226033553
50591535.7318167165 2086.9748632715
72021840.2844338119 5108.4446563721
50575379.6748031154 1867.0727811218
50573004.9377472177 1857.0029235035
50582214.1119998172 1975.2872319221
50571958.7897538617 1854.9803963065
50583533.1548021287 1975.8434416519
50580027.9174534902 1972.6536665303
50584559.5193718299 1979.3239938840
50585139.9295698553 2065.4323049844
71292813.4510468245 5059.4352455139
69424129.0253339112 4982.6255283356
70455480.5025276840 5019.6206779480
70295589.8486043811 5019.1274223328
50585573.8682603538 2072.8501689372
69762232.7800918221 5014.4962348938
70994426.5757190734 5044.4813041687
68191792.5122553706 4866.9096517563
68529266.4662817419 4904.8717823029
69391405.9149251580 4940.4967079163
50642020.9545538649 2207.9775710639
68699890.3403038383 4935.7144508362
50633847.9748143628 2187.5968550593
50621601.6837553531 2183.6495076567
50628450.8584434763 2186.1108895270
50636562.5326611623 2191.2309096009
50754535.3950952813 2404.1882074657
50681747.2902093828 2305.6824644390
50674814.2483512461 2211.7623921516
50676694.9002665579 2221.0715334374
50691561.0697972998 2339.8508017128
50677305.9337133840 2230.3906576699
50678859.4498972818 2231.8323429930
50693658.6184950322 2342.9907906217
50681196.2551852316 2232.8635781904
50696275.1467185095 2343.4292975859
50700164.6063285023 2348.1004014061
50718782.4479915500 2377.2731657326
50830667.3792298734 2452.8582426012
50844574.9064503908 2456.9219067302
50973992.7245509997 2477.0258429583
51333976.2131675258 2594.8407844109
51093084.5994986296 2574.5546645448
51010438.4388912246 2558.9039866819
51047765.8024023697 2559.6941171461
51202233.3402846009 2578.3284749222
51365581.5738519132 2602.8443983440
51580655.7080703303 2744.0664954651
51466004.0588415489 2707.8376180772
51477961.6190635040 2742.8301906829
51380872.0550015718 2622.1751566176
51594568.4672245756 2764.0046955328
51458778.1762103438 2632.9325771575
51459400.5941727981 2648.4126956360
51600813.8306789324 2768.2133288160
51641730.7441091761 2843.9875757666
51610112.5184679255 2835.7299652174
51700418.9391910881 2963.8189882115
52111641.8648168221 2984.2037771877
52303230.5296534076 3010.5652107114
52469146.8312505484 3013.9820919151
52835969.0126420856 3107.6381776035
52835441.0294142962 3098.1829656065
52888492.3782595396 3113.4077417552
53187385.7358794510 3321.5860704780
53020788.3306431621 3229.6144809127
53106257.4139922634 3316.7957491279
53448605.0334201530 3414.9603199363
53098737.0091652647 3305.9903253913
53013113.5736412257 3215.2554125190
53304015.4907127395 3382.1230410933
53891077.7895877659 3521.6650924087
53560168.7958625257 3418.0560435653
53669238.3666456044 3463.5114974380
55297478.9800096676 3656.7747819424
56231004.7895835862 3677.0701863766
56833941.9126294181 3680.7538404465
57089475.1209171116 3717.0328440666
57217178.8599577695 3856.7485384941
57183552.3948015869 3750.0748934746
57178233.4717539996 3749.0385851860
58172443.6062977314 3903.1706933975
57810327.2278417349 3879.0633506775
57398936.0969022363 3863.0219211578
58531025.5762543380 3967.3546175957
59210147.2742707431 3968.6083645821
60297402.8899882734 4052.4595317841
61146663.5496594608 4123.3839941025
59601200.0817702115 4024.7959899902
67679581.7732097059 4329.9159069061
