54724283.1205924451 5023.4157676697
51409556.8387503475 3525.2679183651
52697047.8727948368 4443.6877112389
54960651.7251483873 5063.2152976990
54855099.3774181381 5043.6005439758
56263775.3109533489 5126.3917121887
50721786.1614494473 2635.2260405807
51537969.8705089614 3634.1635289788
55713764.2838743851 5102.9464073181
56863426.6854938790 5149.6074638367
57757672.8433093876 5172.7073707581
57922134.2864217237 5178.2702827454
58636611.9361553416 5199.5319328308
51058262.1888883561 3223.8940748142
54196471.2438921630 4927.2562408447
55464307.9190222621 5093.6920509338
59673079.6436754018 5219.1322364807
56891010.1273822933 5153.7100715637
50707397.0549038723 2627.9268181412
53143931.4935081974 4665.6965579987
53328332.4468887746 4720.3865203857
52825980.2435159609 4532.5993481278
58621471.9661239982 5193.5249061584
57652264.5299991071 5168.1211662292
51363194.8699864298 3508.9225859810
52308409.2493089139 4275.9960114956
54769345.9221609458 5036.3174285889
56032912.5102698579 5123.7010612488
50868783.9179970026 2911.2581761328
51078882.3765300512 3232.2290919423
54653874.9685479850 5016.4565811157
52819683.2489666492 4530.9155764878
53709357.3139064237 4824.1846160889
56270935.0241579935 5130.2006111145
52713757.0257984996 4452.7408919334
54920336.4523900598 5057.2083244324
54744713.1967471242 5026.2457580566
54612012.2926266566 5001.9244537354
52808481.8655364066 4503.7846179307
53571084.0845538229 4792.9916038513
54641150.6655175984 5005.3534622192
53420475.6849686429 4757.4456596375
51424743.6557532102 3525.3774135280
52830162.5001857877 4552.1890463829
53067295.3491687328 4640.9688072205
53372507.0880831331 4750.4350929260
58247221.2362530753 5182.7641258240
56972971.8990214169 5154.1804084778
50676623.7282957733 2509.5554273221
58402246.0319549367 5189.1232261658
54941155.7934252322 5061.2600746155
50706714.3681270853 2537.8506255802
50907985.3963654637 3020.1299562526
51173651.4107087702 3334.6380563080
57078064.3101508319 5154.6222343445
50683321.0204427540 2526.7376745399
50942081.0735254288 3092.2136407339
53793894.6207301170 4842.6550903320
54600391.5558152646 4999.4695663452
50706457.5740831420 2536.8479689224
52208141.2730746716 4206.9051756859
54429325.3197972029 4963.7620429993
50936266.0392305329 3021.2420009449
53830817.8786309138 4863.9360923767
56886372.8113308325 5152.7551155090
50946654.8656649068 3100.2052845562
52333453.8495332077 4294.7297329903
51059551.4057235420 3224.4328591989
56601048.7512465045 5142.6983604431
52325027.4624080732 4287.6032633781
52338820.0118115172 4305.1658997536
53362436.8195742592 4728.2895622253
50733005.7921788096 2640.4398394134
58032078.7173458934 5180.1151466370
52505757.5139641091 4347.6981358528
52601834.0687340647 4419.9427018166
51072397.3296113834 3226.5631975399
52717403.4713682532 4474.7300505638
54927496.8513737246 5059.2568550110
54929476.5518511310 5060.2118110657
53123857.7477858812 4655.6106419563
53037790.4323399737 4621.7751097679
58332659.2956037968 5187.0746955872
52344099.5219933018 4308.4427990913
50975109.2786260694 3117.0453668998
52537549.4253937677 4401.7367734909
53314604.0198097825 4718.7313690186
53426302.9235916063 4764.5787506104
52437591.9292862415 4338.5754914284
50725645.4561828822 2636.2782995007
52422511.3823611289 4335.2041668892
52368532.3348146677 4321.6819777489
54553558.5184835866 4988.2900123596
50991402.0580088720 3134.9677671657
52609361.1677518263 4425.6839799881
52905647.1691646725 4575.1444606781
55651283.2263622209 5095.6841621399
50853852.0524074957 2910.3976586310
52914090.8746883348 4580.1866292953
55873307.0218391493 5114.6352348328
50956521.8732265607 3111.7613310777
52694380.4136207700 4442.4037709832
52361828.4175362065 4315.8660964966
54181534.9982583821 4924.6783370972
52338264.3600999191 4303.4760494232
52983609.5310348421 4600.3710136414
52401663.0643761531 4322.5313901901
53268326.8328436911 4704.5571832657
53585648.6718251035 4797.7329092026
51475170.5583846346 3620.2155254055
54941221.9759539291 5061.3053855896
50972654.1381902546 3116.8884846733
50930049.0486033335 3020.6028557401
56011410.7457991019 5119.5666770935
58614926.8501910046 5190.9903450012
51643377.0787200332 3733.6358003784
52878827.1345844194 4566.3254809380
50957610.1485212371 3113.6136939095
55848020.1531273201 5112.8744010925
51637296.1141707152 3726.4381356835
50843340.6994348466 2898.0743965355
51320881.8525404185 3461.4368368983
55175625.3072609305 5076.0838584900
50938512.4430721104 3024.0368939023
50742661.9185377881 2644.9852944330
53249732.5837309137 4689.0931205750
54316121.3962083384 4947.0525150299
51445500.1376940459 3569.2307935385
51102871.1748936698 3241.9872113615
50983560.4927735552 3132.8664410859
51611735.7205264941 3721.8955609775
54314154.7439323664 4943.6620121002
53628958.0439793915 4817.9172935486
52186019.2832701281 4175.7039505243
50744141.3136621490 2654.4800596116
52203086.2134777382 4202.3104951382
55800918.9380015433 5109.4595909119
51485170.2786404043 3621.8563667834
52195101.9340903983 4186.2743525505
52570935.5294332728 4409.1383657455
50790515.3734177202 2765.7329345404
58889766.9320040792 5200.3672523499
51595079.2588934451 3720.0967010856
53547517.8991273716 4775.8087520599
58069432.6371777952 5180.7492866516
51243793.2036792636 3385.4141205344
53752325.1114280745 4832.3189849854
51465153.5055725724 3605.4881362487
53983332.1364526376 4890.2082099915
54633189.6550944597 5003.6336288452
50787233.8384627402 2755.3812071879
53930090.1321178079 4875.4520187378
54325089.4136038721 4950.4865531921
53184791.2314476520 4672.9833202362
54223702.2012138739 4927.7075500488
58850686.2931284308 5199.7423667908
51215049.5138278157 3373.4481885433
52096445.9964043200 4106.0738248825
52418299.9412951618 4323.2676887512
54153862.8281892166 4914.1043739319
54123759.8295838609 4906.2574882507
57174813.7929109409 5158.4691886902
50826593.9732285142 2856.4258192498
50778265.1959307715 2745.6908082235
51492301.8425225317 3623.5484578777
52257950.0168631673 4220.4233684540
50837389.8318392858 2890.0263561791
52357857.8190773055 4310.8776416779
52071053.9329451248 4088.1517469883
52177515.2267622799 4121.5429046154
50776699.6368867308 2739.3061275140
51568324.6989154741 3636.8043477535
56743835.2562512681 5143.8836784363
51219031.2245159298 3375.6679772392
51579302.1328650042 3647.4564855266
58907699.8341618106 5200.7777366638
55105422.5504300892 5070.0685462952
55355225.9867142513 5083.5948600769
53964621.0530365929 4883.9408874512
54277401.0487204865 4937.8492050171
51200827.2830182761 3351.9887314243
51497526.7451496273 3627.3570980430
52391413.4773433357 4322.3267116547
52582934.5042033568 4409.7629544735
54373140.0750409588 4960.5716056824
51207812.9954536632 3369.8414065242
50764477.2290944830 2683.5990176723
51237172.7345769927 3384.8992786407
51391446.4398525357 3516.8042676616
55999365.6335323453 5114.8745841980
56849928.3382281139 5147.3171730042
51467563.3974852785 3614.7405154873
54780208.0799240619 5038.6479454041
53926894.3755997643 4869.1846961975
56027620.8325806409 5120.3854026794
51451823.5592662990 3600.2663047481
52082457.7870771810 4096.4967441559
52769895.5252035633 4478.2263183594
50751353.5684520602 2655.1110269306
59260824.4709235728 5201.7614250183
52586449.2676786780 4416.8183507919
52200592.3089489564 4195.9245276451
52238047.9851011708 4212.5612099171
53560168.8582134917 4792.3454570770
53234768.4115973786 4678.6714725494
54902157.3204563409 5054.7943000793
52147794.4227170348 4116.1731567383
53107127.1527420282 4645.9950704575
53765647.3316562772 4841.3843765259
57435642.2397106960 5160.2824592590
53591692.5403217301 4805.8645477295
52803580.0853489339 4485.0205001831
54775449.2710215226 5036.5005607605
50884509.2369504720 2992.6700248022
50887036.6463474408 3001.9930890051
51166864.4273019731 3284.4772364795
53531814.9875920713 4772.8310108185
50895285.7446548417 3011.8238744454
53675575.2105811685 4819.4954414368
54520694.9293121845 4986.6483535767
53827638.2426545545 4849.3315620422
52088995.8129689097 4097.8509402275
53732072.8894247860 4827.5062751770
54233781.7592129782 4932.9469528198
54560188.7986403927 4994.7713203430
51331633.6190304235 3482.1437172592
52527254.0532620773 4374.6654024124
52559837.8124286905 4407.2601575851
50793401.0196534470 2767.1463325052
55009095.5332999453 5064.6748847961
52139072.6537773311 4112.8166675568
52251750.8478763700 4214.8113927841
54804374.6116171852 5040.6964759827
50812419.2396169454 2782.7206768915
54443925.9990907460 4973.7466926575
51007108.9845550805 3149.4486882538
51156141.6991859227 3272.0439399779
50798455.6400342882 2769.5382166058
51228337.7009669095 3383.9063815475
51106824.5754727051 3242.7730518281
53687389.1449695677 4820.4957084656
55296996.7476904094 5080.4577980042
55300036.0352772474 5080.8875465393
55345812.7113615870 5081.3035163879
58215394.5321649984 5181.8166313171
52677543.8663326278 4441.7216606140
50941546.2517121285 3033.6102512628
50801827.9454466924 2772.5143771814
52219164.7074240521 4208.2722220421
51222892.8302850649 3375.9214087427
51354666.4306787103 3485.1931049526
51340766.9491906762 3484.0024778545
52128823.5142517313 4106.7828621864
52172195.5686994493 4120.1108298302
54502298.4091328904 4981.8580322266
51048537.4319061637 3161.5458014756
54819377.0739280209 5042.6002769470
54050955.8880311623 4897.8741264343
59251732.1314432025 5201.1977653503
51005826.4661831707 3140.2651267243
51253126.9226175323 3396.6189992130
51212023.7998611033 3372.8917495906
51093179.6526682079 3239.9448971450
53516219.8488107994 4767.3687801361
55232010.3126963973 5077.0436592102
50809899.8463454247 2781.7345590023
51106868.5054444075 3257.8096108139
52650778.6060549021 4429.5526201725
50825010.4175706506 2792.8463542681
51036004.4019023255 3149.8596587265
55239636.0944427028 5077.9986152649
55655815.6326155514 5099.8345146179
56256849.6875683218 5123.7550315857
51287214.0421816856 3397.2908135578
55249936.0343336016 5078.9107780457
52484862.7996728495 4342.6115932465
55458598.4564104751 5087.4523658752
55262893.9599990398 5079.7825126648
51309106.9968744069 3402.9873995259
51314166.7741370425 3408.4297182024
51298726.1388673037 3402.9128082916
54035580.3178005666 4892.8075294495
54150660.3279609084 4909.6932067871
51165365.8652773798 3278.0382774621
51149541.6301320419 3269.4259430319
51155770.7924609780 3271.7854605764
51149002.9905781746 3268.1786785573
52058555.9108257964 3991.1261776686
51774263.3813434690 3736.4851895348
51933840.6887131706 3846.6928359582
51885640.9974406883 3813.3641521586
51925283.2557120770 3841.8879387034
51830501.5520699248 3751.8535781391
52024556.9609887078 3864.9977613389
52023521.5511802956 3856.8823947757
52045385.8685099334 3868.1550778151
