51381972.5882273465 3525.1276750625
54474378.7268653065 4975.3484382629
54931975.1511769593 5063.2152976990
55370542.9570269436 5085.5755958557
52942401.4698311388 4599.2803318501
58720185.9745730534 5201.0039939880
51439307.2983866036 3537.6243669540
52253449.8871276230 4229.4407753944
53027685.9802677035 4606.3785619736
50631586.2859935388 2112.1720822094
50710481.6325556189 2640.8534509850
54467595.3799362406 4972.6057949066
56804135.6821934655 5153.7100715637
59478082.3414718360 5219.1322364807
50853671.3935274333 2989.8089370220
54685169.0836290941 5026.2457580566
53310730.5676264390 4742.3237533569
54571405.1021560133 4997.7379341125
53593223.2669596300 4820.6409072876
50697382.5495986119 2542.3167874528
53150839.8747948930 4682.3021860123
55112170.8507537022 5066.0356330872
50645442.0527573302 2412.7442343120
54636437.0722496286 5014.1930122375
52791258.4871839210 4527.6968078613
57640319.1850104108 5170.4778785706
51020864.9328730777 3210.6019369407
52591483.9091619924 4423.9971938133
54426693.1747445241 4963.6517715454
54495163.7278029621 4982.8531932831
52348031.5948125944 4317.4541010857
53643026.8921829909 4829.5032157898
50722206.5409908518 2740.0089677572
51360441.4032280371 3521.6432986427
50682043.5156177282 2531.0888325655
50733781.8192350045 2749.7711961232
51041531.1005603150 3214.9493204057
57100993.9247988313 5161.0100746155
54000770.6234190986 4900.9347038269
58047797.9257119596 5182.7641258240
52173946.7432834432 4195.4487669468
53884692.1195495427 4868.3477897644
56528886.1935697868 5133.4665184021
53295882.5602209195 4725.4141597748
55451794.3152681813 5093.3207206726
51349511.2540994138 3510.9839704353
53581801.8550972268 4811.4561538696
50934148.1955540553 3109.8865372872
53418503.8675168008 4762.1127357483
55228905.9470057711 5078.2517890930
53557035.7239698172 4801.9176330566
54030860.6582259834 4903.6381492615
54755517.6785610542 5038.5376739502
52175882.0403343812 4202.3956197500
50862400.8823476955 2999.2182910446
52140900.4641269967 4115.6927598715
52844895.3373552337 4557.6676042080
53286898.4768334106 4714.0484714508
55672058.3610109910 5100.0058403015
53031037.4252080694 4636.9541397095
57667194.6481855363 5172.2617759705
50769912.4245092273 2757.3147624203
52045349.0100376457 4095.2231963873
52121853.5123167634 4114.2342275381
52202927.1498464718 4207.6773114204
53692503.9615636617 4842.4048767090
53665568.7881410643 4837.6145553589
51024713.6018477082 3212.7592918804
58421805.9966643825 5191.8620796204
52159704.8156867623 4180.3525878638
50922127.4180266187 3093.9512148982
51389480.7589923739 3530.8391777575
53404854.4144603088 4759.6578483582
58826303.0864294022 5201.6428184509
58558284.9067215919 5197.8863868713
55991149.9305688813 5117.8708000183
50925638.5138122514 3103.3002818710
51426483.1440343484 3535.2822902370
55807529.2458697110 5111.0628623962
51065624.9754671529 3224.6518355906
52226669.6580226421 4215.9185862541
53129718.0364715010 4666.8079738617
56256960.6073855609 5132.0624732971
50970665.6881819367 3140.2028333755
50955221.2538692281 3125.9373133263
50946232.8753605783 3124.1222935995
52156959.4621640295 4117.6570848227
58733918.2376152277 5201.2173500061
56173696.1959662139 5125.0305671692
57505911.1815021560 5161.5182762146
50647215.5922312886 2423.2389232280
53100781.9141558632 4659.9510784149
58590186.4169127792 5199.5319328308
55267766.9878570065 5081.4748420715
56915005.6420758367 5154.2632789612
55145159.6926267892 5072.9373970032
50891197.2644804195 3023.8653519650
52522280.9364260957 4374.8586421013
53267145.2561401725 4701.3987236023
56003450.3673012704 5118.4490242004
50702908.9075903520 2631.4300675355
50650318.7076310217 2424.6425866215
50662807.4753470719 2434.5762960309
50678017.3106898889 2520.4955353229
52296164.6734547690 4233.1373090744
56242042.9037490115 5131.8641700745
52404679.9706172869 4330.0199203491
52669209.7978240401 4439.1528096199
51095500.9754822627 3247.2817618847
52504296.1740696058 4342.9659218788
52179361.8904410526 4202.7491302490
51087817.9276586473 3244.6885685027
51277334.7403530255 3414.4172265697
52377476.7919989899 4323.9022369385
57584684.2068872899 5165.2222557068
58312336.5046205297 5188.1229591370
54905869.0143315271 5056.7495231628
52300704.8743522391 4279.5037398338
52218566.0561145619 4208.7227315903
53098327.5751171857 4650.5284919739
56112666.6917466074 5125.0299415588
52862086.7528298870 4561.4118018150
57580035.2450183779 5162.7413902283
53178214.0388917625 4686.5818719864
56226346.7750309184 5131.5092658997
56564985.8643463701 5142.6983604431
52320629.9191718996 4301.4642082453
58394930.5334892496 5190.0781822205
50702755.7557271421 2629.3247120469
51153711.3174958527 3332.1627872586
54901786.6184284538 5047.7590675354
51187058.8976656497 3359.0246898532
52549250.1536446661 4412.4400343895
50654655.1170307100 2430.2643034824
50647464.2465010509 2423.2775129445
50903445.0369429514 3029.6445798912
52250029.8822592720 4222.8572716713
50886978.6302625388 3021.3883752078
54840419.2969868407 5046.3638992310
53789186.6240431368 4850.6429481506
50716702.2954802290 2645.2948149727
50878356.3241326958 3018.0961877188
51355607.1965048611 3516.2212342918
50829400.7644803599 2905.5413792809
51324741.0894831941 3490.7776359487
53512347.6584833264 4786.2437057495
51190717.3248866200 3365.0866589546
51174305.6790441722 3353.8872389793
50876585.7645983920 3014.7137270314
53355986.1351858377 4751.5465087891
50875307.2801047117 3014.6621495565
57588986.8040095195 5167.4743919373
57809729.6524531916 5174.8802757263
53906710.8643895537 4872.0419311523
50643470.7230131626 2216.9545784398
50644424.7249035016 2301.8999915802
54656125.7195109874 5016.4565811157
50707481.2118448019 2636.8634609412
52583151.7032061890 4415.8972663879
57852418.3588991761 5179.6745796204
52317768.0883363187 4290.4259826839
50672153.6365678012 2520.2039417713
51303073.4097193927 3464.4681679755
53905923.1402849033 4870.4296455383
51341814.6471014172 3509.5647542644
51632419.9628176242 3723.1125490833
59368252.1449000165 5202.9613151550
58359443.7243577167 5189.1232261658
50682881.1984213740 2537.7585005890
52065191.3482251987 4107.6498198137
53484860.7330308259 4775.7852840424
56378985.7670820132 5132.4642219543
54321625.9229921624 4947.0525150299
50670458.4102085978 2508.6492263209
54923687.5368360654 5059.2568550110
52703070.0850435346 4445.8177328110
54592985.5111747012 5000.8036384583
51315840.0811176300 3472.9703954160
51324704.9941567779 3477.7044631541
52797761.1618881002 4528.9236159325
55770777.8249077648 5104.5728950500
56067273.4025819525 5124.3952522278
54531103.8058854491 4988.4027938843
53215666.3537489772 4693.1050472260
57912588.8961500153 5180.4362602234
51189779.3564752936 3363.1708776057
54496240.5475156829 4984.9162673950
53058042.8764879405 4643.0542087555
52857097.6736083776 4558.4563689232
53818622.6279421076 4863.9360923767
52932816.8974108621 4581.5027027130
57842741.9428043067 5179.2375755310
50671965.1764460951 2509.3467573244
53795232.4449235871 4852.8693199158
55703738.9912509099 5104.2813301086
51198184.0873360634 3369.6772013307
52876435.5250137225 4569.5231413841
53050286.4194747880 4640.9688072205
52701657.4334566370 4445.7400994301
58978598.8814829513 5202.0154762268
51487444.9739149064 3622.8517501609
52783487.4267496243 4498.8539755344
52934944.8966362104 4586.2345790863
50680448.0411548689 2530.8846996824
51568552.0173662752 3639.9890676141
52697047.8727948368 4443.6877112389
51537969.8705089614 3634.1635289788
57757672.8433093876 5172.7073707581
55464307.9190222621 5093.6920509338
52825980.2435159609 4532.5993481278
56032912.5102698579 5123.7010612488
52713757.0257984996 4452.7408919334
54612012.2926266566 5001.9244537354
52830162.5001857877 4552.1890463829
51173651.4107087702 3334.6380563080
57078064.3101508319 5154.6222343445
52717403.4713682532 4474.7300505638
54929476.5518511310 5060.2118110657
52537549.4253937677 4401.7367734909
53426302.9235916063 4764.5787506104
52368532.3348146677 4321.6819777489
52609361.1677518263 4425.6839799881
52905647.1691646725 4575.1444606781
55651283.2263622209 5095.6841621399
52914090.8746883348 4580.1866292953
55873307.0218391493 5114.6352348328
53268326.8328436911 4704.5571832657
51475170.5583846346 3620.2155254055
56011410.7457991019 5119.5666770935
51643377.0787200332 3733.6358003784
55848020.1531273201 5112.8744010925
51637296.1141707152 3726.4381356835
55175625.3072609305 5076.0838584900
51445500.1376940459 3569.2307935385
51611735.7205264941 3721.8955609775
54314154.7439323664 4943.6620121002
55800918.9380015433 5109.4595909119
51485170.2786404043 3621.8563667834
50790515.3734177202 2765.7329345404
51595079.2588934451 3720.0967010856
51243793.2036792636 3385.4141205344
51465153.5055725724 3605.4881362487
53983332.1364526376 4890.2082099915
53930090.1321178079 4875.4520187378
54325089.4136038721 4950.4865531921
54223702.2012138739 4927.7075500488
51215049.5138278157 3373.4481885433
54153862.8281892166 4914.1043739319
54123759.8295838609 4906.2574882507
50826593.9732285142 2856.4258192498
51492301.8425225317 3623.5484578777
51568324.6989154741 3636.8043477535
56743835.2562512681 5143.8836784363
51219031.2245159298 3375.6679772392
51579302.1328650042 3647.4564855266
55355225.9867142513 5083.5948600769
53964621.0530365929 4883.9408874512
54277401.0487204865 4937.8492050171
51497526.7451496273 3627.3570980430
54373140.0750409588 4960.5716056824
51207812.9954536632 3369.8414065242
51237172.7345769927 3384.8992786407
51467563.3974852785 3614.7405154873
54780208.0799240619 5038.6479454041
56027620.8325806409 5120.3854026794
51451823.5592662990 3600.2663047481
52586449.2676786780 4416.8183507919
54902157.3204563409 5054.7943000793
52147794.4227170348 4116.1731567383
54520694.9293121845 4986.6483535767
54233781.7592129782 4932.9469528198
54560188.7986403927 4994.7713203430
50793401.0196534470 2767.1463325052
55009095.5332999453 5064.6748847961
54804374.6116171852 5040.6964759827
50812419.2396169454 2782.7206768915
51007108.9845550805 3149.4486882538
50798455.6400342882 2769.5382166058
51228337.7009669095 3383.9063815475
52677543.8663326278 4441.7216606140
50801827.9454466924 2772.5143771814
54819377.0739280209 5042.6002769470
51005826.4661831707 3140.2651267243
51253126.9226175323 3396.6189992130
51212023.7998611033 3372.8917495906
50809899.8463454247 2781.7345590023
51106868.5054444075 3257.8096108139
50825010.4175706506 2792.8463542681
55655815.6326155514 5099.8345146179
55249936.0343336016 5078.9107780457
52484862.7996728495 4342.6115932465
55262893.9599990398 5079.7825126648
54150660.3279609084 4909.6932067871
51774263.3813434690 3736.4851895348
51933840.6887131706 3846.6928359582
51885640.9974406883 3813.3641521586
51925283.2557120770 3841.8879387034
51830501.5520699248 3751.8535781391
52024556.9609887078 3864.9977613389
52023521.5511802956 3856.8823947757
