43907570.6389385611 142304.8551745415
43628021.3024987355 136993.5089831352
45462255.5439589545 165913.3400878906
40851801.0541120693 57614.7174882330
41638322.0628842115 94664.2441238165
43659416.4583520964 138714.7657775879
41969449.7116625085 98198.9385342598
43863780.5935655087 142265.0452270508
40903692.9656937644 58137.4252910614
43581283.8047847897 136128.7894466519
45632029.1371721998 170854.5258789062
41138615.8370859772 73093.3414522409
43788310.9229559973 142006.4173769951
41559809.1521746665 88166.2599929571
43729967.7209104076 141898.4482601285
43322850.4498173222 134507.4944458008
41399082.8292404562 81312.7300381660
41357225.8335775733 80707.5539461374
45430966.3232322931 164963.6628417969
41484917.3704792932 87676.3035774231
41362167.9341874048 81011.6288362741
43317995.6693419740 134066.5834102631
41166676.0885335580 73143.6279207468
41476292.7767872810 86921.5607999563
41595638.9663124457 88210.0060391426
41695484.4293946773 95267.1637483835
43149231.3038455918 128009.5103149414
45245209.9447026178 164661.2558593750
43102466.3084544092 127531.0564861298
42751847.5747777969 120115.7626094818
45836597.2144471183 171804.2031250000
41086700.6415954232 72323.7312173843
43135380.6906035841 127568.5992794037
40754471.2613513246 49116.0775769353
42920037.4342620969 125564.6438471116
43296939.4211090729 133044.0130939484
45761619.3029197678 171253.4794921875
43164079.0842021331 130989.6739215851
42632692.9306016266 118553.1258838177
41399201.1756097451 81617.6555007696
41544765.1484717131 87986.3318923712
40969761.2144208103 64905.2683925629
41033048.6524021253 66012.7567580938
42890307.9324982315 120418.1695919037
40822771.8293314129 56080.5033658743
41412281.6024514362 86906.6933425665
41175239.9257371724 73283.7020425797
41204035.9712564424 73483.1298049688
41368445.3343023583 81081.3574739695
41259107.1048606932 79941.2078768015
41230324.3498593345 79338.2882522345
41343440.7740832642 80408.7092117071
40838532.2245098576 56835.2461433411
45199078.2030256242 157748.3581542969
40715952.2240729555 42622.3237285614
40724628.8788564429 48372.3417724371
41322820.2130391598 80231.2242641449
41276081.2979761213 80081.2819986343
41204345.4068302587 79149.1425613165
45448646.1498315930 165543.1796875000
40915539.4695987403 63852.2881565094
42967469.0596553683 126749.9436645508
43262763.4459686503 132872.9335041046
45223211.3643654659 164056.9459228516
40679434.5357590392 42222.5163364410
43307906.6098209918 133590.8524055481
41037065.6593233645 71580.7374709845
41072717.9053879455 72182.1523177624
42902172.1746687517 125387.0321300030
40904259.1597843617 63823.1866897345
43143202.1415039003 127709.9144897461
41891262.2125129476 96621.8976510167
42075549.5669896156 104324.1767693162
41919071.0562878326 97489.3193842210
42922485.8704449162 125780.9063323140
40802929.9765396789 56065.6359084845
42933928.1056832597 126309.0326290131
42528465.3680464700 113004.4209467210
45435909.7754576057 165006.6231689453
45484305.7707755938 167810.7680664062
42665384.5206919461 118895.2839838304
42477943.3445195407 111431.2208448648
42591490.1746316031 113338.7764351964
41607402.8249862045 88474.3607883453
41521218.4631989449 87809.1805667877
42414257.9095706269 111372.8023210764
40903766.2476970181 58527.8863562420
42335726.0777164176 111177.0283883214
41918777.8789993674 96921.4934762120
42819558.1871066093 120162.9636726379
41107179.3932340816 72483.2246952057
41802664.2029886916 95850.7776565552
42733570.6174734905 118981.2944874763
41026288.0891856253 65760.1181963682
42180565.9730021134 104379.4484322667
42017473.9453854635 103419.4776070714
41010746.4585750252 65356.5510966778
41746272.4890346304 95661.9268258214
42281658.6660292894 105457.0801683664
40765846.0941351652 49980.0671176910
42493646.4889775962 112707.7743784189
44131913.2502363622 146154.7722663879
44140451.6077344418 146155.1802644730
44117498.0005704015 145584.9009675980
40760203.5704160854 49225.0407581329
44523157.1579619646 153868.3551330566
40953601.9588109329 64613.7472274303
44082393.0065703243 145284.5132722855
41878815.3760959283 96413.3046237417
44483213.6528226435 152848.2944564819
41513644.8171334565 87697.2538802624
44439805.3581929430 148186.1397371292
45436983.2346559837 165258.7231445312
44352899.7004460320 147675.0851135254
44400506.4604708254 147721.9425048828
44220161.9995703027 146802.3548889160
40748923.2606017068 49098.6456649303
40601395.5974020585 33600.9760144353
44319608.3036611453 147370.3710021973
40670622.1629184708 41433.0752608776
40552869.2367888615 27651.1484075226
40561700.3491569161 28401.2942973450
40561134.1550663188 27838.8451129831
40598218.0374708325 28790.4030073918
40609487.4024626911 35316.7188115753
40552321.7822257504 27581.4611383118
40661945.5081349835 41358.5267956853
40605327.3424611539 33692.9563916326
40606332.8090356365 34578.9070892334
40553435.4308794513 27835.4136287048
40677457.7214153484 42150.8512802720
40646571.2848671973 35483.6961039342
40604779.8878980428 33623.2691224217
40544211.3215328604 27559.1680303253
