41383633.8208206519 80408.7092117071
40899578.8006215915 57145.2744582891
43138296.9582638368 126979.6934089661
43496475.3235422149 134507.4944458008
41276081.2979761213 80081.2819986343
41459997.7124967501 85765.4159988165
41385630.4256118834 80761.3558181524
41155540.4655322656 72662.8191738129
43322446.1231100187 133759.0352458954
41204345.4068302587 79149.1425613165
43439326.5469215289 134066.5834102631
43212653.5740522891 127835.7705974579
45448646.1498315930 165543.1796875000
42646787.4178176522 118551.4818477631
40915539.4695987403 63852.2881565094
42967469.0596553683 126749.9436645508
40990736.8672351539 64778.6784499884
43262763.4459686503 132872.9335041046
45223211.3643654659 164056.9459228516
40679434.5357590392 42222.5163364410
40828886.0241716206 56080.5033658743
40742380.0658067539 48308.0851272345
40824077.7158050761 56067.5368993282
43307906.6098209918 133590.8524055481
41245919.8242108598 79338.2882522345
40998362.5520082638 64905.2683925629
41037065.6593233645 71580.7374709845
41072717.9053879455 72182.1523177624
42902172.1746687517 125387.0321300030
40886770.1321603060 57073.1676063538
40904259.1597843617 63823.1866897345
43419157.2214007080 133882.1410274506
43134707.6881215200 126756.2095317841
43143202.1415039003 127709.9144897461
41891262.2125129476 96621.8976510167
42075549.5669896156 104324.1767693162
41919071.0562878326 97489.3193842210
45920433.9711157084 171804.2031250000
42922485.8704449162 125780.9063323140
43188307.9540188164 127795.2230548859
42795238.9852533787 119140.5943965912
40881905.8700635731 57021.1276687384
40802929.9765396789 56065.6359084845
41598498.9584588632 88084.5540531278
43242472.8553755283 128108.6618728638
42933928.1056832597 126309.0326290131
42528465.3680464700 113004.4209467210
45687080.0935455337 170854.5258789062
45435909.7754576057 165006.6231689453
45845151.5027429760 170969.4726562500
41381401.6574168354 80364.2346866727
45484305.7707755938 167810.7680664062
42643811.1754142568 113606.2461420335
41586341.3062830269 87904.3760445714
42665384.5206919461 118895.2839838304
41556970.5392105728 87865.0808588304
42477943.3445195407 111431.2208448648
42591490.1746316031 113338.7764351964
41607402.8249862045 88474.3607883453
41521218.4631989449 87809.1805667877
41182691.9606624842 73114.1018779278
42414257.9095706269 111372.8023210764
40903766.2476970181 58527.8863562420
42335726.0777164176 111177.0283883214
45905003.8825868070 171093.7407226562
45317956.9532276988 164661.2558593750
45312767.0130349398 164356.5417480469
42898919.3338593468 120304.8101272583
41918777.8789993674 96921.4934762120
42819558.1871066093 120162.9636726379
41107179.3932340816 72483.2246952057
41802664.2029886916 95850.7776565552
42733570.6174734905 118981.2944874763
41026288.0891856253 65760.1181963682
42180565.9730021134 104379.4484322667
42017473.9453854635 103419.4776070714
40757160.4965394512 49116.0775769353
42004028.2765258551 97564.3191598058
45771679.0637614951 170895.2861328125
41010746.4585750252 65356.5510966778
41746272.4890346304 95661.9268258214
42281658.6660292894 105457.0801683664
40725066.4925168753 43034.9744070843
41331092.3139414787 80193.4458664656
40765846.0941351652 49980.0671176910
41733692.0173079297 92682.8154036999
42493646.4889775962 112707.7743784189
44131913.2502363622 146154.7722663879
44140451.6077344418 146155.1802644730
43977755.2404089868 139688.7105379105
44117498.0005704015 145584.9009675980
40760203.5704160854 49225.0407581329
41358415.9033379778 80240.7754764557
43894948.8984891549 138486.9333162308
44523157.1579619646 153868.3551330566
40953601.9588109329 64613.7472274303
43944589.7937227115 139091.2432527542
44082393.0065703243 145284.5132722855
41657444.5344212577 88769.1513919830
41878815.3760959283 96413.3046237417
44483213.6528226435 152848.2944564819
41694977.7968189418 89563.9416244030
41513644.8171334565 87697.2538802624
41657831.0256098732 88956.8205306530
44046725.8053712025 141688.1556062698
44439805.3581929430 148186.1397371292
43789699.2160292640 137751.0878267288
45436983.2346559837 165258.7231445312
44352899.7004460320 147675.0851135254
44400506.4604708254 147721.9425048828
44220161.9995703027 146802.3548889160
40852272.7755662575 56856.1964461803
40748923.2606017068 49098.6456649303
43788380.6678398773 137527.3699549139
40601395.5974020585 33600.9760144353
44319608.3036611453 147370.3710021973
40670622.1629184708 41433.0752608776
41450421.0475317612 81268.9983870983
40552869.2367888615 27651.1484075226
40561700.3491569161 28401.2942973450
40561134.1550663188 27838.8451129831
40598218.0374708325 28790.4030073918
40609487.4024626911 35316.7188115753
40552321.7822257504 27581.4611383118
40661945.5081349835 41358.5267956853
40605327.3424611539 33692.9563916326
40606332.8090356365 34578.9070892334
40553435.4308794513 27835.4136287048
40677457.7214153484 42150.8512802720
40646571.2848671973 35483.6961039342
40604779.8878980428 33623.2691224217
40544211.3215328604 27559.1680303253
