45576101.1679500043 167663.1308593750
41289838.3824431151 73511.4476058483
41930030.8905777261 97197.4425045848
42180565.9730021134 104379.4484322667
42017473.9453854635 103419.4776070714
42763468.8036485240 118199.2788988352
40757160.4965394512 49116.0775769353
42004028.2765258551 97564.3191598058
42630431.2338159904 113214.6309496164
42359851.8392009065 109911.6055589914
45771679.0637614951 170895.2861328125
41199771.7388596088 73114.1018779278
41898606.6187547073 96621.8976510167
41010746.4585750252 65356.5510966778
41627183.6729087755 87950.9966477156
41746272.4890346304 95661.9268258214
41624408.2084386647 87809.1805667877
41147042.5713322908 72483.2246952057
42281658.6660292894 105457.0801683664
40893963.3464268595 56968.1231327057
41421072.8916455209 80269.3413028717
40725066.4925168753 43034.9744070843
41031528.2856436968 65386.5661609173
41133746.3816758245 72411.8758258820
45289731.9002595469 164056.9459228516
41331092.3139414787 80193.4458664656
45747044.6265994683 170854.5258789062
42907806.9101636931 120326.9151580930
42394161.7005574331 111052.8829027414
42845019.0300490484 119610.3334856033
43344009.7325301170 126933.9816292524
43250701.5116038844 126376.4136981964
43223020.1035746485 124432.0821214914
41108258.3557168245 69142.4653060436
41233646.8603810370 73142.1231429577
43243806.8338710293 125538.2052620649
43152898.5791368261 123051.3363248371
40765846.0941351652 49980.0671176910
41297511.3017902151 79939.7030990124
41733692.0173079297 92682.8154036999
42774334.5365745872 118810.4336839914
45413370.4754076526 164661.2558593750
42392997.1807468832 110060.4592986628
41221186.9911189005 73137.6440780163
42493646.4889775962 112707.7743784189
41438697.7242081016 80381.5242691040
42401516.1572931036 111052.9378142878
42468830.6779497713 111081.8329105377
40950690.8786147237 58115.7630965710
44131913.2502363622 146154.7722663879
44140451.6077344418 146155.1802644730
43977755.2404089868 139688.7105379105
44117498.0005704015 145584.9009675980
40760203.5704160854 49225.0407581329
41162916.0528107285 72623.9734878540
41358415.9033379778 80240.7754764557
41239327.7247515768 73331.2688338757
43894948.8984891549 138486.9333162308
44523157.1579619646 153868.3551330566
41123068.2624020204 72371.2980086803
46023679.2890762314 171804.2031250000
40953601.9588109329 64613.7472274303
43944589.7937227115 139091.2432527542
44082393.0065703243 145284.5132722855
42098938.9838503897 103466.0982102156
41657444.5344212577 88769.1513919830
41878815.3760959283 96413.3046237417
41627098.3273956925 87904.8954794407
44483213.6528226435 152848.2944564819
41588197.2469553649 87733.0144320913
41093275.0760701895 65753.8968245983
41694977.7968189418 89563.9416244030
41513644.8171334565 87697.2538802624
41657831.0256098732 88956.8205306530
44046725.8053712025 141688.1556062698
44439805.3581929430 148186.1397371292
43789699.2160292640 137751.0878267288
45436983.2346559837 165258.7231445312
40906279.4915042222 57677.8491653204
41493260.7894672975 81551.9163558483
44352899.7004460320 147675.0851135254
41631487.2708214745 87992.5998528600
44400506.4604708254 147721.9425048828
44220161.9995703027 146802.3548889160
40852272.7755662575 56856.1964461803
40748923.2606017068 49098.6456649303
43788380.6678398773 137527.3699549139
40601395.5974020585 33600.9760144353
44319608.3036611453 147370.3710021973
40670622.1629184708 41433.0752608776
41450421.0475317612 81268.9983870983
45623155.1903443336 167810.7680664062
46009402.0140069053 171234.1245117188
41000385.8603883088 64631.1791394353
41081248.7264597490 65504.2400863171
43593772.3529926911 130496.6916503906
43516566.8921537176 129793.4721984863
43440100.2255416736 129536.7208251953
40835597.0784533694 50770.3355749920
40552869.2367888615 27651.1484075226
40561700.3491569161 28401.2942973450
43786282.4810337424 132664.6997680664
43644003.1238205209 131507.6576232910
43588526.0787110776 130212.6727266312
40561134.1550663188 27838.8451129831
40598218.0374708325 28790.4030073918
43753889.1536792889 131802.7179260254
43422786.4308746383 129420.6814422607
40609487.4024626911 35316.7188115753
43071860.7925325260 121789.6378639340
40552321.7822257504 27581.4611383118
42709908.1461771056 114199.6194405146
40661945.5081349835 41358.5267956853
40605327.3424611539 33692.9563916326
40606332.8090356365 34578.9070892334
40553435.4308794513 27835.4136287048
40677457.7214153484 42150.8512802720
40646571.2848671973 35483.6961039342
40604779.8878980428 33623.2691224217
40544211.3215328604 27559.1680303253
