40748923.2606017068 49098.6456649303
41214288.3706105724 73114.1018779278
42082080.7941129953 95708.5474289656
41949921.7895037457 95027.4866305776
41952813.1831926107 95209.0996773839
41525443.3195224255 87697.2538802624
44112460.4965811819 145284.5132722855
44453521.2308708504 148186.1397371292
42034222.1447229683 95661.9268258214
41949186.1798470169 94956.4941146374
41945860.0293638855 94904.0810286999
43788380.6678398773 137527.3699549139
44595812.2101613507 149087.1725158691
45509988.3945052177 164661.2558593750
41986741.5466572046 95495.3824787140
40601395.5974020585 33600.9760144353
44319608.3036611453 147370.3710021973
40899630.2731411308 56859.5688438416
40985198.3687590212 64613.7472274303
41867696.2238100842 94463.7276070714
45468204.1821480095 158321.4552001953
41751952.1220671386 89350.0449542999
40670622.1629184708 41433.0752608776
41094508.5877849087 65685.6447391510
41450421.0475317612 81268.9983870983
40767397.7622452304 49116.0775769353
44595299.7120106071 148847.1439514160
44064582.1428202391 140672.8631258011
41147578.1539090499 65983.6203327179
45623155.1903443336 167810.7680664062
45885894.0461682081 170854.5258789062
46379484.2290737331 171804.2031250000
41041668.8681166098 64866.4227066040
41679571.5181603357 87737.8316974640
43967846.5465732291 137868.0987215042
44312650.2108550742 146155.1802644730
43823026.7238136232 137583.2345361710
41195155.8820137680 72371.2983288214
46009402.0140069053 171234.1245117188
44106553.6161583364 141401.4888582230
41076763.4911222532 65380.0932967663
41380850.2271632925 79939.7030990124
44662382.8229550347 153868.3551330566
41000385.8603883088 64631.1791394353
41081248.7264597490 65504.2400863171
41180286.9125126302 72371.2980086803
44178048.0134553239 145564.5064363480
41178598.1658345610 69469.6715438366
41106711.2687667161 65753.8968245983
44621452.4763536155 153033.2886962891
44028621.4597400278 139448.5442781448
44002297.6057865992 139306.8667268753
41343175.3896365687 73449.4656955190
40746560.3748066649 42249.0196545720
43593772.3529926911 130496.6916503906
44109685.7174683660 141860.4273681641
45433993.1829688624 157907.1293334961
41152627.9299848378 66225.9604842663
43516566.8921537176 129793.4721984863
43973097.3593697399 138782.9207429886
43440100.2255416736 129536.7208251953
40835597.0784533694 50770.3355749920
45512847.4159848765 165258.7231445312
40552869.2367888615 27651.1484075226
41024078.5036131442 64662.5444812775
41163974.1890004650 66516.1395614147
40950708.8704971150 57816.1672713757
40885432.7895672843 56856.1964461803
40561700.3491569161 28401.2942973450
40861633.2994401753 50792.5251883343
43786282.4810337424 132664.6997680664
41730105.8201869875 87950.9966477156
43255619.1940756217 122623.1014862061
43644003.1238205209 131507.6576232910
43309619.6350355297 124615.9132194519
43588526.0787110776 130212.6727266312
41141934.3307995498 65873.3138778210
40561134.1550663188 27838.8451129831
40598218.0374708325 28790.4030073918
43753889.1536792889 131802.7179260254
43422786.4308746383 129420.6814422607
40609487.4024626911 35316.7188115753
42701344.3089734912 108325.9853685200
43071860.7925325260 121789.6378639340
42473297.1179657802 106442.0686592646
42817344.9453701526 115070.2864327021
42899593.3550822809 117104.8543037958
40552321.7822257504 27581.4611383118
42709908.1461771056 114199.6194405146
43217566.2456256747 122504.3788291384
40661945.5081349835 41358.5267956853
43160748.3471274525 122232.4665881991
43308212.4701524898 122849.3544130325
40785980.1189265847 49708.7964954376
40813172.4062640443 49908.4020615220
43037263.9260837212 117835.9841045737
40605327.3424611539 33692.9563916326
40606332.8090356365 34578.9070892334
42855213.8282015026 115381.7973480225
42659072.1635032892 107367.7878854871
42231822.7765154392 99612.2482140660
42525976.8084256724 107363.0037682652
42379102.9151433408 100648.3261954784
42173530.2211774141 95796.0102775097
40553435.4308794513 27835.4136287048
40677457.7214153484 42150.8512802720
40646571.2848671973 35483.6961039342
40604779.8878980428 33623.2691224217
40913525.2110218704 56873.6283581853
40544211.3215328604 27559.1680303253
