51247331.3510648981 29645.1406588554
51713498.3227339238 32654.7294197083
55979476.6838646308 42787.0157318115
51006090.6266345009 27409.1768688001
52698888.9756588265 37706.9022254944
53384385.0912996083 39686.9967498779
51189526.9533306062 28924.1273789406
52404515.3215585500 36510.1912384033
53246055.9534732476 39418.9218597412
54940821.0065631866 42198.1841888428
56668149.4312440455 42972.3060760498
51249008.3863689229 29648.2661760449
54342252.9111744538 41437.9738922119
51785108.7300133780 33301.4077574015
51923769.4460062310 34166.0657321401
53363760.5419958159 39495.2239379883
53595713.0449039713 40033.1451110840
50793938.1810648739 24677.4936513305
51285226.7127900720 29827.9586434364
50749449.0651562437 24486.2184333205
50824843.0461387858 25526.8203328028
54304437.3019319773 41295.3458709717
55379662.6510721818 42493.0223236084
58316049.1390709877 43405.0972137451
52560588.1836314872 37351.1661567688
56675023.6937460378 43032.6844329834
50908403.5907275528 26496.3524167053
52646135.1067367867 37634.9623908997
53202780.7819714546 39257.8309020996
54062688.9967881367 40858.3491363525
51501437.8184112459 31564.0206737518
54191403.8679592013 41133.0587463379
51816814.2351630479 33330.2080345154
51756062.9512746334 33199.7023830414
58064169.5648672432 43390.0370330811
54322919.8650949076 41418.5554351807
56240065.3847372755 42832.5928192139
53110744.1692153513 38975.4852294922
53206964.5596338809 39314.9255371094
55392384.0106829479 42529.6596527100
52109442.7456440181 35088.5690270849
52422124.5195142999 36571.8088874817
57820327.5829200819 43351.7341766357
51592740.1365739182 32277.6247138977
53456797.1440356001 39792.3994750977
50941429.0052133575 26631.2376960739
54236893.3085560203 41154.8922882080
54308663.1860697493 41392.0118560791
55231453.6103126556 42354.0483551025
50623847.6405698359 16902.6044634148
52601042.2582169697 37476.9235420227
53021321.2858312130 38778.8214912415
53082319.6462868676 38868.1810035706
53507938.9698892981 39898.5534210205
55841390.7164695784 42677.8367767334
50922727.8158905953 26601.9695940986
51371262.4910353199 30579.9075369835
53439864.1588112935 39771.1909179688
50775909.7829078659 24632.9159763828
53129218.8748822883 39024.8146820068
50831654.2262484133 25535.4971312061
51726540.3966415823 32686.3517941656
58837559.9070175290 43610.8223724365
53685157.0091552660 40135.8739929199
54258040.8878770694 41249.3838348389
50734938.3260475472 23603.5488792807
51774831.4610364959 33273.0091209412
54646868.9082961082 41853.9260711670
54226304.9396768883 41141.3725128174
58810589.1789688766 43595.7042083740
58110233.6994978264 43395.2270965576
52529392.4553912058 37065.7315940857
52545655.7680519447 37156.6041755676
54526429.4488015175 41731.0412750244
54733288.1803943738 42017.7003936768
58021816.7706474215 43379.1077117920
51638565.8547047302 32502.4457588196
52796788.0607943162 38115.5673942566
50988536.8121580854 26732.1281941142
52980639.0408274457 38691.4303741455
52960423.6832798347 38572.5487937927
53803477.5222003683 40381.3765869141
54369050.8052830473 41445.3578643799
50867870.1103657037 25653.9217164479
51826617.2325100824 33330.2710131928
53841956.0906736180 40407.9201660156
50775693.0516257584 24614.8907673731
56790831.1958085746 43074.2924041748
50763521.8264881447 24591.6828325443
53175370.4781102613 39049.6883125305
50791318.0335930064 24635.7464243062
52554746.7542090490 37336.2101249695
54534959.6647159383 41778.1017608643
50755913.7958971485 24515.3896696940
51609868.3148726001 32420.3451137543
51606357.2190869674 32385.7699069977
50900032.4200406000 26469.7099708542
56167165.3119929880 42831.2454071045
55778094.3609821424 42624.3005828857
55760704.0244531482 42617.1531829834
50902502.3695816845 26491.9907613993
51736640.7178254351 33089.3768019676
57780815.9219416976 43323.3789520264
50806780.4965758920 25251.9884584582
54690201.4849442095 41883.5577850342
59114240.4557974786 43643.1644744873
53749135.9694119468 40224.1516571045
54765603.5311716497 42030.7834014893
55810879.4043851793 42645.8928680420
52988662.8604375049 38724.8045387268
52933483.5125449672 38447.3627662659
51233320.7587326318 28962.2265181541
52721641.5684797466 37945.4472694397
55274657.9672086760 42372.1344757080
55039667.6635595560 42287.1378631592
51455370.4140593782 31168.1893191896
52456189.6711639613 36643.2599449158
56666652.1014617980 42966.2693328857
53698710.1877849922 40138.8547973633
55528909.0996861756 42592.2654876709
50618696.8928842247 16064.9081741087
50739290.4122993425 23655.4560918924
53480398.0219742730 39812.5658874512
50820571.0752338991 25426.3525460623
53704495.5831543580 40157.2808227539
54790105.8332509995 42042.3747100830
50743766.0066841021 23712.6550054667
54596984.5071471334 41849.1130523682
50812208.5272202715 25422.4915211573
50852498.3609418646 25581.6096854359
57747746.2386344075 43239.3950042725
55483297.4441341087 42566.9594573975
52465154.9272197112 36685.5557748266
54803464.4910166860 42094.6927032471
56658057.8739357963 42938.5056610107
51325460.0775028169 29913.1489796638
51747808.0683199465 33165.1271762848
52576069.8315163031 37393.6617851257
55335718.4250930473 42471.7344818115
50725229.7477537096 22620.5562271592
51307769.6958121359 29867.8255047798
52702243.5415114686 37802.0491371155
56643395.4793179259 42905.2128753662
52744176.1891611516 37967.7820892334
52717576.2124628648 37917.1869544983
56798020.6504445747 43083.6592864990
52323234.3044261113 36095.1953358650
53923585.6905195937 40603.4316406250
53848132.3322417587 40475.2184448242
55116649.5889771953 42327.8366546631
55825477.4558034763 42662.2824249268
58794150.7172519416 43570.2039031982
53594033.8383828104 39972.0863647461
50720071.6365502328 22604.8924389002
55857748.5470652431 42706.6144866943
58855954.1275926977 43617.8787689209
55306232.0294969454 42442.0202484131
56093219.5943766236 42795.7061614990
60121262.3531216979 43838.0317230225
52125305.7399743497 35147.4567262121
51243617.1445754617 29626.4291396141
56098550.2111974210 42816.8960418701
52142095.1359670386 35184.9012490697
52184913.4740646854 35270.2881661840
52218603.6503418013 35663.3161059804
58790526.0663632154 43529.5651702881
50639174.9393949509 17845.9132481809
52499681.2994503379 36790.7530028820
52061715.3480516002 34970.8531695791
52113375.6510738209 35101.3934326172
54963068.2137995809 42232.3707122803
52279250.4484945610 35990.2443237305
52251050.1285308823 35906.1985055394
57042383.4249595478 43129.0825042725
50620421.5340944082 16157.3945790790
52112748.0013298839 35097.7137336731
51238780.5015795603 29583.0515847206
51163415.1320743114 28812.2465577126
55857472.7247200683 42692.5998382568
50623515.7004605681 16188.5967894606
56627482.2186518237 42889.6585235596
56837014.5908447504 43088.6046600342
56701033.9671366885 43064.4575042725
57771979.1308304667 43270.6437225342
57076386.8272071704 43134.1000823975
56652727.2571149990 42917.3157806396
50629542.2875849232 17084.3517803904
51588068.3211806044 32269.9021348953
50730769.8582223058 22698.2385879871
57084460.4857315421 43138.9526214600
50619992.7287317216 16150.0546675734
52115125.7348346561 35131.7689604759
57014677.1386456564 43112.9631195068
54792348.9317441136 42056.4732818604
50877319.2133261710 25677.5974213630
51485434.1616529822 31374.1665816307
51589734.6306270212 32276.4130349159
52071300.7263972908 34999.0966540761
54187680.1876474619 41081.7317810059
50627901.0369337574 16974.4171942346
51487131.2403596565 31460.9776940346
51356427.8815159425 30427.4480652809
59011646.4955368638 43624.6247406006
50821657.6301807389 25448.2992593721
53349601.0270816684 39435.7865447998
52005463.0744933635 34365.6004632711
52187980.1827248484 35433.8137016296
56695703.3503158912 43043.2676239014
51461268.5299746618 31328.4053978920
51983161.4145146385 34331.0252565145
55291487.1789617911 42419.3787078857
51949390.4322839379 34205.5148099661
50965748.1043244898 26710.4809166901
51583863.8091349006 32240.3349633217
51889923.7913481519 33839.9689509347
54018102.5446181893 40794.3222961426
51895044.7315630019 34060.6526530981
51741661.9302852973 33155.8176617622
52377345.1026884317 36365.7884483337
51147561.7590097487 28674.2315902412
54869117.8619655445 42143.0389251709
57775485.3051209003 43302.1890716553
55021345.2550521567 42271.2728118896
57404806.9696405083 43157.6609344482
54991118.6928845644 42246.5180511475
55013049.4613075554 42262.7629852295
52398943.3903357089 36405.0802192688
52518000.6395368725 36826.4139366150
56573066.7957637161 42882.6760711670
55001383.6769286767 42257.6045989990
51148858.5780669004 28745.1206307411
52371683.7343653738 36338.3150749207
52186091.9118765220 35301.5914840698
57394953.6387341768 43147.9487762451
52330077.2006871253 36109.1922378540
55432343.0790802538 42532.0872039795
57595521.1499416530 43195.1362762451
54440483.2631677762 41564.9640960693
51542734.5965929627 31586.1402411461
55084828.5125856325 42296.6660003662
51473011.0833981484 31337.8679509163
58736750.0838997513 43418.5252532959
56256429.9635121673 42833.9038543701
51204949.9571344629 28927.3843750954
58761640.0570627153 43447.7903900146
51262525.7764508501 29723.0910987854
51477722.7960581779 31354.9986338615
52365250.6481973827 36122.7968196869
55648118.1781366244 42612.6766204834
51368764.4781131670 30565.3063464165
51401566.2331302613 30712.4153199196
51352698.0917310938 30308.6654915810
56360347.7870760709 42875.1669769287
53892412.8346303478 40528.8610992432
58552224.6146632880 43407.1118621826
51358606.4743192717 30499.2978005409
55592360.2275607586 42597.7252044678
54131383.4421364367 40924.8275299072
54154127.1144805029 41017.8798675537
51886067.8040372431 33612.4359436035
54094910.7712754235 40889.5425872803
52022707.1584688649 34467.0144195557
52017512.3350899443 34436.0996456146
51049824.0586328730 27628.4885407090
51848194.7618486211 33381.8957891464
51881046.9135543630 33489.7662582397
51860022.3796751648 33469.0378112793
51884513.9772136807 33506.5701198578
51829141.4965764508 33341.9574127197
52029437.6805568114 34471.0972728729
51000826.6395120993 26948.7345213890
50883591.4046185464 25767.4520442486
50674811.6030261815 19712.5199903039
50876813.2385347188 25654.9221892655
50680579.3664555624 20559.1238880263
50892726.7981575727 25846.1497867107
50647769.2851397172 17926.6146941516
51123746.6936786249 28061.6101331711
50699588.2474508658 20684.6219525834
51099445.4973498881 27947.9693837166
50880071.6868163943 25701.4503913373
51068717.2414833903 27843.4772973061
50682991.7593499422 20591.5295661812
50668755.0293609798 18118.9175496432
50995941.9746689275 26817.1212260425
50715585.4917305261 21321.3529254887
50995104.5078742951 26788.5804425925
51060618.1905766502 27703.4641020596
50672604.3958113417 19678.2113567678
50700159.6325818822 20694.4765603890
50663712.3026946709 18032.5679409765
50657370.3100107387 17951.4055278539
50651927.7624861822 17951.3134385063
50707387.5409945622 20774.2832323465
51140047.4784349203 28117.7594227791
51118032.6892706379 28028.8447422981
50668923.3246157989 18624.0657073613
50708502.1847736910 20824.2182469753
50698651.5510045812 20677.0604702722
