50641915.9752177149 20572.4549823415
51246762.6754065827 26474.5297894254
75482249.0402829200 43516.0930633545
51149478.2115674838 26438.8967634924
50950287.0537444502 25530.1717691198
50969735.2453437299 25582.1406599358
50682552.9288797677 21643.8894645906
51003694.3935606182 26429.9196076319
51002436.3343508244 25744.5217977092
50967834.9384777844 25549.1742386967
50907299.9911029935 25520.2858384624
50996421.8628754765 25622.9493926615
50574300.6723532602 15296.1264031207
50634426.4740257934 19789.1867374702
50901405.7735234946 25411.8074459285
50580650.3698605672 16109.4389454386
50986862.5805323124 25594.5405996367
50747098.4447083399 23242.5759850568
50572988.5330690071 15229.0334011558
50580775.7195005417 16109.4625724944
50575460.4547775313 15312.8667851326
50758241.4084034041 23343.4385659635
50733656.0499412790 23242.3451289511
50751749.0669065267 23320.1562713995
50610561.6677084044 18741.7620516102
50624379.3247993067 19744.7219963595
50616780.3174232244 19658.7898988536
50720385.3447988778 22474.5844414137
50670576.5238026306 21524.7995157650
50596911.9844134971 17824.5996210276
50619866.5699617267 19729.2624169289
50656249.8759882599 21413.8412888250
50649128.2300076261 21386.5695626474
50587398.0279951915 16960.9932060334
50660081.3651685044 21514.9126222878
50725497.3994754776 22527.4744373387
50641201.4589939117 20428.6900747007
50615682.7922993004 19629.5628510414
50671370.3131069392 21566.7504291065
50699583.5133613944 22408.2260983773
50592674.7638869658 17177.5948503910
50589456.2352426872 17102.9456046186
50629079.7279690951 19774.6915967184
50727313.9687588364 22549.2670246190
50847641.9875086620 24557.9269782640
50587437.0683206767 16962.6384742520
50587037.8275710344 16944.1198337338
50576173.5897464827 16023.6646186503
50694388.6899824739 22324.9826170257
50659268.7028722391 21493.3019798943
50859019.7568170875 24641.0047951713
50844680.3387948796 24494.2890496128
50650288.0124318972 21386.7896985388
50576060.0716094971 15331.3794058803
50855977.0451267064 24571.4749680236
50571870.8917325735 15159.9758293238
50615670.7494391501 19624.9365655108
75191374.1352681220 43456.9739837646
50586368.0186913162 16940.4984625336
50604537.0613142699 17907.3079867028
50646891.8476498574 21253.9092534332
50874339.3600879014 24827.6156273857
50575768.2003854439 15317.4115416960
50626449.4096151069 19758.7166128753
50840707.8667857647 24481.5437146202
50770192.0191470906 23621.2410170846
50834177.2148871198 24479.4770699516
50577861.7809331119 16036.4602366182
50783022.7369920388 23657.0227946861
50789753.1599843800 23781.4717889167
50770583.1977179646 23648.8345157243
73818635.7907338738 43413.9125213623
50693482.9571368843 21744.5610710605
50604718.1800663248 18616.3389659821
50615202.1864685640 19525.4579616486
50606255.3732746467 18679.5478006898
50611295.1615107059 18757.0229076165
50587130.5181917399 16953.4788596890
50605393.9403648376 18657.2058216183
72817595.5413249582 43095.0846405029
50572914.0134576112 15207.2520525698
50581375.4071624056 16162.2481051609
72230665.9971954823 42999.2991790771
73058031.9511193037 43106.7112274170
71852879.4336639792 42859.1446990967
73173426.7520621121 43170.8647918701
73409587.9676633924 43230.4391326904
50588060.7373710349 16998.3277885484
50594909.9339625984 17747.9984385668
50584040.9035386369 16912.5534617602
50583578.3637379631 16199.4028586820
50577994.8316517025 16044.0315144546
50582454.0944621935 16182.3806002084
50599597.4533964396 17904.3788338992
50587851.3879917786 16992.2880932632
50578870.6975514442 16109.3903538119
50580779.8339533806 16137.2912517189
72439859.6935042292 43021.6939544678
70372350.1135167181 42592.0923309326
70204962.3808117509 42510.0856781006
70869213.4346632659 42833.4566497803
70534717.6104818583 42602.6297454834
70627150.7159220278 42615.8229217529
70795166.6423751712 42693.3965301514
67881171.6535005271 42309.0773773193
69188929.5858203322 42368.7616424561
68826714.2467917651 42352.4178924561
68474138.2755741775 42313.1147918701
67825418.3954823464 40772.4430389404
67002132.6708295867 40248.4454498291
67472068.9567006230 40456.2524261475
67804330.0909661353 40761.4951019287
66745444.1059375629 39932.4053802490
66663786.3659173548 38566.3258361816
66329162.2292226627 38397.2904663086
65471827.5631786734 35407.0684165955
65739441.2226871625 35726.3753776550
52537686.0321639851 26511.3162806034
52846804.3548392504 26903.4311917648
54458185.1860534325 27403.7630214691
54068811.6994503215 27014.9030790329
54126955.7052198574 27179.1766843796
54403454.0095117018 27365.8184561729
54365123.3611761183 27226.0078519583
54554441.8120232075 27627.4125432968
54709498.4605272189 27880.4883149862
54797709.7483822480 28072.5541814566
54396873.6875794083 27226.9511388540
55104954.5674823374 28247.1947307496
55741668.0108559132 28522.0894045739
56178907.1173313558 28719.9153613953
56157214.1032241285 28569.8996233849
56758168.6537658051 28867.4694710895
56970246.5739806965 29258.7380944416
57154080.5328012109 29765.2531700134
58169540.3336807862 30230.3473777771
57847394.5793071464 30031.5654182434
57909725.2435726672 30183.7759056091
59767053.7018407285 30574.9205398560
60195756.0641935840 30813.3727607727
60559843.8452519178 32533.9000892639
60414562.0057374164 31589.3836097717
60758350.1186259985 32544.6584434509
60421822.7907695100 31603.3539314270
61046220.4130699337 32830.1723976135
61319639.8407360762 33181.7084388733
62352891.0046042204 33503.6805763245
62152572.4711652696 33462.3636207581
63270121.4995601773 33758.5735054016
63402674.6773758978 33786.7067451477
64267990.7794320285 34185.1854286194
64090826.0015591979 33860.7524147034
64910157.4916204959 34751.5062332153
65384974.4517453462 34857.0669555664
