60077130.8726393282 43219.1875457764
63169910.4195347428 43749.3917694092
51121678.1374206617 25435.5518318601
51008490.7668963447 24682.7725307047
51127210.2125018239 25451.3515793271
51036095.0659706071 24788.4421955533
53312306.3783550560 37952.7674255371
50943607.2186394483 24543.8770710416
51914331.5258806273 31791.4604363702
53373862.6482631862 38301.7637481689
53503614.2689814270 38527.2705383301
53763434.7537348419 39238.1331329346
55603245.8930472359 41761.0478363037
58688362.0460746661 42946.9216766357
51683857.1781674922 31098.3495743126
51644781.4785136580 30889.1549644470
51795073.8790354803 31149.4713244438
51633913.5782799125 30865.1687243637
51653009.4252018034 31012.1031670831
53508298.3851654828 38582.6624603271
60364104.4120317325 43432.0857391357
62845173.3437754214 43686.6114349365
50908357.7331336290 23800.7872272916
52149086.0199000835 33022.1974396519
53572643.8196527213 38814.2007751465
53842050.8406250328 39426.7370986938
54404132.4383764863 40458.7362365723
55213553.0479093120 41431.3843841553
56713213.8706719801 42435.4173736572
58840586.3609400168 43147.8260955811
51037273.3107252195 24835.5560787991
51858488.4995678365 31293.3738270067
52204827.9351646677 33368.2844003155
52059150.0360497683 32916.6677411795
53370100.4524552971 38201.0727119446
53366670.5353148207 38012.9860229492
54112271.0077460706 40083.4869537354
55664145.1515721753 41839.4895477295
58164373.6767477244 42923.3297576904
61223240.4104105905 43478.7892303467
59494336.4265374392 43162.9906463623
60279445.6282122508 43426.7786712646
50738975.7021154612 19243.2310489295
50872294.2496013194 22982.1348218238
53480824.1499772966 38456.3296585083
53598401.9718118608 38974.7940368652
57093815.3250818104 42561.3393402100
58009929.1604639888 42873.5427093506
61484680.8986800537 43610.6556243896
59650410.4024372995 43209.3163299561
60393134.4815703630 43446.3968963623
50784032.3901943564 20290.6869714735
50882764.8463988751 22986.5001615649
51845463.0480295420 31235.1229291223
51592713.2169453502 30221.4099450372
52329549.3600059077 33772.3230438232
53533547.3482761681 38803.6792449951
54861989.1403533891 41118.6952667236
58727823.4910810441 43097.7604217529
57270423.7018250749 42668.7191009521
62870825.7146953940 43708.1247406006
62624841.6849494651 43648.7371673584
50764716.4112766534 20179.3230875013
50783458.4475467578 20213.8702656580
50847008.5130752549 22562.3717462122
51596085.9285651147 30319.6402306817
51917132.3075390831 32003.0947851948
52089296.0975586101 33017.2547076396
52260354.8259965107 33396.3939242177
52068173.6524180472 32954.3691857769
55875496.8664485589 42052.6884002686
55775311.9866813496 41933.6332244873
57427645.6201761663 42672.1274261475
57647484.3508407250 42847.1210784912
56792449.6102985516 42525.8489227295
62966413.1835090145 43714.3038177490
50863969.4000899643 22926.1192874378
52302204.9340676367 33663.3595461659
52039043.7918038592 32859.1125359349
52081617.6117420793 32994.7645134740
54543189.8392738998 40641.8274383545
54382328.6776103079 40434.5234527588
56580276.1264983341 42339.4557342529
62910459.9162409902 43711.2255096436
60153966.3566514179 43251.9796905518
50850560.4215600193 22911.0089487201
54570992.9529182911 40720.7637786865
57495649.5148951486 42679.1957855225
56611302.2716893628 42416.3575592041
54096808.6850643754 40003.9458007812
57675207.5660228878 42870.3843231201
50762938.7355064899 20179.0737441657
50934532.6160640270 23842.9999150112
53719123.3299261928 39112.3821640015
53834713.3713838905 39412.5246124268
55450802.6839548275 41732.2949066162
55836912.2690389827 42052.1790618896
56286255.6412644908 42216.2483367920
52021293.0122516602 32755.1498884968
53945910.0202455074 39732.4504547119
55342775.8010277078 41646.9220428467
56316140.4504534677 42280.0685882568
50780609.8239955902 20206.8292646930
51552682.9524973929 29571.8841424249
51590975.1751954556 30178.1073823236
52190256.3735524863 33244.3429737091
56099890.7674379423 42167.5002899170
51414675.1188090295 28330.4322009347
52032250.1281540692 32855.7587923817
52394382.8477372900 33930.8934153616
54372740.6130058765 40342.6361236572
54703411.2571481615 40898.6204986572
55261117.9801932797 41452.7108917236
50841690.7572140545 22559.0682210922
51580549.3343232423 29621.6033878587
51520400.7204926610 29343.6469650529
51427963.6593022272 28482.2779705785
51387992.3383239284 28247.7379794382
53662524.6291939914 39064.2102508545
55093753.8935976401 41288.7789459229
59038478.8884750977 43149.3368988037
53824161.9844541997 39338.6035308838
54668620.1698153615 40817.7843780518
55296022.5402294025 41494.3316497803
51523631.5027625784 29390.9596352838
55827613.9854911044 42023.4013519287
53461035.5916021466 38363.0544433594
55892290.3450934961 42078.1269378662
53785582.5465656072 39306.5758361816
53724595.8859948665 39153.7357025146
54420560.2748963386 40564.5983734131
55778700.5995454565 42008.8929901123
58365781.8113683686 42928.9838714600
55999616.2447060868 42078.5466156006
50832393.4393669218 22526.5890119885
53500106.8043725789 38484.8051834106
54311054.6915967166 40260.9300842285
50794746.7581861541 20305.8614201471
50805795.7513184473 20888.2040640712
50830657.9537079036 22515.3069849014
51869661.4186183810 31331.7443566136
54732710.5837989599 40914.0509490967
55021709.7753148004 41243.1844635010
55751260.6502088830 41909.5298004150
51486991.8680999801 28655.5306206010
55622272.7431083098 41785.3813323975
59349212.5631502718 43159.5484466553
55080542.9951381162 41258.4711151123
55129908.2977814898 41408.9608612061
55297272.3843771294 41572.8928070068
50811487.2743975446 21627.3698911667
51888689.5867764354 31334.5587831885
54660355.1580776945 40723.4346923828
55776877.3606319800 41991.4574432373
62386452.4399662092 43624.3003387451
62508405.7864290774 43628.5923919678
53840916.2458739281 39425.2564697266
53639821.9262392223 39014.2308807373
55014952.1536620483 41237.9960327148
53862305.8836895823 39427.5605239868
53180763.1737493426 36716.0047569275
53885757.8348600268 39678.4335021973
54481059.9312780201 40616.6661529541
53079970.2477414310 36525.1027183533
55572407.5560508296 41746.3865203857
55693900.9706328288 41902.1986541748
50819942.8092616349 21680.3265410140
50827991.7339036018 21682.4028548002
50807319.7807281241 20891.5414725691
51517283.1317297444 28670.5538177490
53250434.2716887295 36829.8962211609
54289017.0287247300 40155.4333038330
53158095.6995720193 36663.2563838959
53274702.1170946509 37441.6409912109
53871368.7283144593 39572.8787841797
54294422.3901691288 40202.7171783447
54026785.5947322547 39877.0749816895
53283870.0775038600 37551.1934776306
54003807.1461658478 39827.7021026611
54052805.7359759063 39928.6148529053
54012695.6895851195 39853.2263031006
54990518.6820433810 41138.7411041260
62478497.5865916237 43624.4073333740
58447754.3320868313 42932.6201019287
51215248.7886307240 25763.8758130074
51509221.7047710344 28670.3677825928
51220337.3458819538 25811.3663620949
51336622.2784834057 26758.0841412097
51361531.9654341117 27455.0275754929
51375534.3350622803 27562.2433288097
51359679.6331712008 27449.6175237894
51374068.7397167683 27549.6166350842
53268316.7601659447 37091.3806419373
51354246.5148557276 26848.7402596938
51105864.7690606043 24851.9462475777
51239541.9173931181 25897.3672900200
51310412.9393685609 26685.1950488091
51307237.6190856323 26654.6249651909
51237438.5616225451 25812.1790919304
51244694.7606401518 25949.2569599152
51216481.1328984350 25769.0807833672
51200806.8406556174 25707.7750163078
