177640527.8279175758 16072.9749049034
190183367.2147360742 67959.5458526611
189971850.7216304243 67637.2967224121
177628603.9441096485 15098.2204331337
177741315.7171348631 16921.4791868037
177634892.6745720804 16020.5674418297
177742987.4760374725 17619.3595460101
177789589.3163036704 17766.1401225819
178184727.9126461446 24634.8590926596
178913542.8109347820 30777.1451771702
178714877.5408535898 30013.5172802504
180308290.1760083139 40449.4780712798
186097008.6242201328 59983.8513172939
186334733.3205289841 60789.9441441372
190213948.2917096317 68573.4490509033
190696206.4090872705 69288.4211425781
178754976.7962833643 30164.4996083226
178793588.8270780146 30244.6658756705
182753613.2357260883 51630.8294920251
187167082.1524935365 61940.3609462231
192046310.1114908159 70365.1647338867
177630563.0648909509 15166.2344616923
178826093.5020316839 30744.7379855718
180645729.4119263291 41801.3878954044
182867871.5505005717 51889.6931106374
183355310.6376154721 53646.6258949004
183485739.9420720339 53898.3577134311
187358608.0050143898 62107.9500645474
192555450.6671133339 70498.8105468750
192311803.8569799662 70446.5511474609
183553176.0904069543 54208.7994857728
178087129.1969410479 23707.3969969706
178122604.5626018941 24436.6408324198
178693967.7998057306 30005.2233632054
178640701.7753257155 29424.9167915449
180439087.6426892877 40896.9389760717
180532071.4025934935 41237.6818772181
183300826.6498223841 53583.8621455953
191351663.5838375390 70087.6970825195
186059750.7134506106 59833.7396611050
178296379.7010721862 25441.8787879900
178151593.3040961325 24500.5812621073
180222129.2757530212 39496.8449926134
186179423.1481561661 60486.4720066860
190264422.6641114056 68596.2162017822
190813227.2585079968 69439.7808227539
191540828.6392984092 70123.7809448242
177773778.2033412457 17620.0707657977
182955660.8692453802 52276.9012233540
186995050.1862572730 61876.2859744057
191525583.7829594314 70105.6276855469
191299982.0633819997 70065.2456054688
182866011.0961647332 51724.9825357720
183187402.9697228074 53229.8895656392
183146488.6501775682 52897.1706401631
183471695.8301176727 53696.0394985005
192183265.3199021220 70395.9962158203
195379679.3230887949 71161.8576049805
180554959.3390414417 41390.6452587834
177810674.3503955007 18317.6476032330
183278258.0593604147 53512.3326045796
186405574.7538380027 60912.8871220425
190343253.8443876803 68766.0256500244
180463860.0051912665 41215.2905644401
180244680.5876966119 39808.0230281576
184289530.5867157578 55864.0085222796
186639717.8365826309 61169.7377708033
186571351.5273537338 61142.3688420132
190445229.7740446031 68908.3280487061
190211609.6909814775 68033.9618759155
192522518.2402190268 70490.3751831055
195497080.4615427554 71192.1429443359
178490278.3183759451 27803.7522472365
178630160.6990142167 28843.0720474800
192750679.9047236145 70520.6461181641
195285264.4578374922 71133.8504028320
186824889.4153518677 61701.1998563409
191089314.7789710760 69835.4117431641
177709504.1277229786 16817.6541398211
195220455.8849929571 71104.3166503906
177683934.8323563337 16195.8102814853
180225687.0634799302 39754.7967708334
183238838.4144086838 53349.9187484682
182965989.1337949038 52399.2153484151
184333011.9515562057 55970.5710833147
190572723.0023500025 69147.8753051758
183242968.7600954175 53401.0435420796
178793101.1084787846 30185.0852884395
180305107.3189554811 40374.1203106716
182887507.8887782693 52271.5705520436
183261525.4962139428 53448.4359981343
183029760.9014139175 52855.9815303609
190390429.1731093824 68807.9993133545
192917738.9084699154 70562.5889282227
180283690.7242507935 40323.8627193272
181054745.4543754160 43680.1127667651
183187054.0872124732 53147.9208156392
184302590.8387029767 55926.9298479632
186247515.2515523732 60602.5378788784
191070502.3652794361 69752.1245727539
195163977.6870529354 71100.5305786133
178793372.0196932852 30214.8429360246
178492602.6290172935 27902.2412924723
178566671.1060043275 28675.4288065514
180446405.8936236203 41126.3031042888
180369497.4376885891 40659.2384136989
181212256.0314154029 43840.1599441618
194857113.6428059042 71036.0662231445
180401827.2277541757 40739.2561172470
181019224.4077927768 43386.1080098320
191194817.2570680976 69964.9047851562
178559381.6709317565 28057.0592856363
186670404.9764415324 61381.1901364923
192338481.7762356400 70468.2728881836
178000765.6184538305 21884.1225909174
178509904.1173237562 27990.4820962744
191727621.2208751440 70194.4327392578
194642269.8556958735 70969.2482299805
195078513.5800796747 71077.0302124023
186452863.1224818528 61030.6896885708
186666189.8741391599 61217.4344471768
180837798.6817104518 42925.8013043627
181097236.8687067330 43814.2966784760
192457764.2352152169 70478.6332397461
186481718.7851309776 61121.5619572476
184205054.6555894613 55757.0595781878
183978841.2011690736 55010.3379061297
178072133.4978183210 22810.3395708979
178462092.8302286267 27779.4452109293
190660977.3227998316 69259.6971435547
190523329.2790901959 68968.1960144043
190625345.4874006808 69234.3906860352
190710599.0145951807 69375.6784057617
192014595.7794200778 70352.2416381836
194721418.2778574824 70990.4402770996
184093079.8131515682 55448.1146624163
192221293.8769542873 70409.7063598633
184463228.9440658391 55983.5749380868
190936136.3067937791 69607.0417480469
182557228.4280501604 49885.8447263315
182731454.1108211279 50989.2887117639
191926424.6494956017 70241.4887695312
186608347.4845967293 61143.2515446022
190787738.2717709839 69392.5300292969
184674745.8036100268 56321.6457010582
191945355.7613117397 70278.1854248047
178435608.4289000034 27135.1028169648
194615858.4035651684 70906.8332214355
194288133.0408689082 70751.5084533691
178232882.4978100955 25202.9929442362
178264581.1375010908 25391.8027756558
190856390.4717505276 69564.4540405273
194781725.4042234123 71006.2951354980
184188362.8890467882 55626.8347226456
190974312.9336307943 69681.9281005859
180965406.0002929866 43130.9405876324
184026830.6972807944 55401.3578875139
191887843.9184233248 70229.8994140625
182614428.0880905688 50703.3344724253
183837138.0487608314 54828.6601631716
184022520.0054477751 55207.2776758745
178290427.8362782598 25409.2985098318
180971463.5560649633 43174.5666331574
178040522.4246816337 22685.7523135126
180979384.6176297963 43190.9361705109
178220036.6883856058 24742.7389668927
194403506.7348346710 70785.1099548340
194385579.7409578264 70781.8339538574
178048370.6787740886 22698.5290770487
179623459.7128345370 35433.4980038218
179669854.5855948329 36059.4384684184
183876274.5975549519 54906.5577347353
191697236.3259709775 70131.0922851562
183716724.5539008975 54421.6266739443
177940829.8038983941 18508.0520980513
193690366.2251305580 70563.9318237305
179577003.4081166983 34603.1759076826
184187056.5281054676 55520.9018485025
194225295.4804323316 70740.5788269043
193813277.8238985240 70654.0682067871
183923453.6044050157 54959.7668387368
180827453.5478954017 42484.1930960938
180711140.2797806561 42127.7537955567
194197948.8752641380 70712.3313293457
194055165.1216259003 70706.6383972168
186119086.4304163754 60098.5919349939
185715253.1673254371 59066.4559580162
180135262.7061520517 39186.9295360073
194030231.4208371043 70672.4478454590
180174995.0795544684 39410.1692906245
185966651.1128547788 59630.7719940916
178037066.5435242951 22020.2741989338
186026630.7821760476 59762.6361062005
178229279.0097269416 25155.7466268048
180768832.5871268809 42266.1941504404
185592033.3265599012 58493.2773920372
185952987.7216837406 59534.7970072106
185683625.2763862312 58704.5463053063
185877925.1652143002 59384.8575235680
185818190.4681529999 59346.5624185875
178322040.3068023920 26067.6761922345
178317879.0308261812 25638.0468816266
180542928.6999826133 41254.2242207005
180127875.9806878269 39185.8437816128
180147037.5505753756 39199.1924524382
185568460.4229052663 58393.3724716827
179704227.5900787115 36065.8238011114
180107760.5252449512 39023.9995608404
185071805.5338208675 57295.3674394920
185500999.6402386129 58283.0106552765
185325134.5604985654 57692.7582433059
185359876.1740208566 57790.1456040069
185271201.6969064772 57676.4444454163
180106872.5396630764 39023.7266440466
179748735.8508961201 36179.1196952872
179661326.8065949082 36037.5880306773
184977824.1737032831 56906.1556423977
185233212.3096304834 57622.6759194061
185062416.7435325682 57093.2934911086
178362856.5978375971 26255.6286165819
178335551.3109031618 26131.9541997419
179841958.7612281442 36889.9361782335
179793132.8398254514 36863.8874121122
184826483.2915845513 56780.8286778762
184637833.9218695462 56279.5490984698
179944669.7672008872 37775.8169775419
184918195.1930733621 56826.2607555469
184745949.3362359107 56484.1019034372
182424284.6714043915 49153.6770063452
184614829.8864682317 56252.2165789385
182447303.8845850527 49525.3721204810
179779194.0630055070 36296.6830857061
182286338.8196135759 48542.1111106649
182268822.9278059304 48476.1310850196
179987214.4819448590 37786.4639199041
179765606.1860957742 36223.7046026029
179782476.9177551866 36333.9450180791
179900796.0559511781 37110.8899796270
179922225.9535977244 37186.3440201543
179842017.2237475514 37049.8822891973
178036840.6271731555 22018.4733762250
178375958.2257903516 26382.4096074174
178343951.8061144054 26138.5228071245
182352537.6793783307 49039.3218608908
182434840.3462867737 49249.7542736605
178248501.4959503710 25220.0246343122
179451791.7581619620 33136.6173922758
179530013.4402387142 33647.0444819563
182242413.4210698009 48318.8470197730
179521170.3652102351 33251.2583996885
179509524.5703178048 33225.1743800276
179537752.7031601071 33781.2136714094
179442718.3841079473 32917.7888315905
179355324.0812992454 32260.4789311279
179226389.4635414481 31475.2078739990
189286537.6843601167 64755.0326156616
179296852.0592733920 31800.6467244018
179372653.9530062675 32299.9949861325
179273184.1132821441 31594.3254929043
179247968.0474913120 31591.4910237182
189704736.4779816270 65182.6226921082
179294021.1093835235 31745.9329792846
179210642.2721840739 31026.5255819399
189263848.4324560463 64683.7968978882
189912964.7191520929 65415.6224937439
179174983.0530689359 30959.2765890200
189458461.7282940745 64869.1886520386
189094717.6158504188 64461.3938064575
188817210.2426299155 64017.7695579529
189787923.2281585634 65274.2676658630
189565932.6757242978 65104.4799919128
188602165.0552966893 63628.0406818390
188573500.2048269212 63401.7645645142
188916865.6009599268 64110.5713310242
188744804.0969411433 63838.0900535583
188805203.9332841933 63928.0265922546
188802864.7165823281 63874.4015960693
188821997.3627733886 64018.3565177917
189699785.6637410223 65148.8330650330
189928029.8530838788 65432.2744255066
189620170.0163954198 65114.0285911560
181661845.2634705603 43868.0362695456
188023571.7542631626 62179.7956732772
181958088.6197493970 45303.2374601215
188068823.5477519631 62292.8277205490
182022533.2451719940 45642.0078586191
181819690.6978791952 44779.2532011122
182009955.2144516706 45488.0691295869
181797988.7668731809 44288.6449376941
188321225.3465345800 62823.3142466545
181937399.2478518486 44960.5266609341
181897643.9251493216 44906.4136797786
182003431.6042599976 45342.9661903530
181832587.3739001155 44789.2819368243
188164857.3504981995 62418.6046384834
188237619.9710543752 62526.9934157394
188285470.4757797122 62778.2282041572
188167128.3035425544 62522.4776839279
188042186.0207924843 62267.2149809860
