177912132.0833184719 23077.2904103509
181851527.6961445212 49440.8993408233
190578718.9255943298 70288.5618057251
181899317.1882971227 49940.6173736602
189376043.2093936801 68649.9266624451
179051342.7344839871 35274.5719426174
182385420.1735374928 52000.8797195703
182296461.6221253872 51743.8615630509
183518125.4386676550 55456.8782690344
188944626.1461526752 68052.8733482361
189066085.0791021585 68059.4490928650
179010942.4839233160 34531.2009404201
190809949.2654736042 70476.9832458496
181957768.7217915356 50350.9135930687
183177986.0013062954 54403.9660879849
191351759.8677089810 70826.3463745117
179100597.5348062515 35394.0846379299
183741526.2483822703 56130.7216375647
181714031.2131239474 48840.2462722808
181959519.4145394564 50353.4438774139
183788649.3218023181 56319.1659213882
189496093.8300112486 68726.0988922119
183697265.9818471074 55939.1124230698
189498957.1648163795 68844.3912925720
189713316.5845120549 69113.9981079102
182545202.3616762161 52430.0625450164
181908517.9969338179 50195.3774636537
191236200.7350806594 70746.3226928711
191206540.4942554832 70701.8628540039
183460987.8957394958 55360.8087271033
178974356.1287484169 33788.5047796345
190368292.1186997890 69940.0680847168
183869298.4245638847 56449.2684594467
177478007.5692952275 17928.9251785498
179209528.8564125597 36151.2814385937
181987013.6479505002 50434.3512794524
190979914.2254543304 70677.8902587891
177952713.3019255400 23850.2162170904
188495517.4287021756 66992.6089439392
190764407.2090690732 70473.8246765137
183196861.5628986359 54736.9727110639
189412639.5963641405 68714.8190269470
183829074.7710785270 56365.8695947006
190856150.7373000383 70573.5609130859
192259927.7131300867 71195.8762207031
198114376.5185503662 72350.8470458984
190619459.4015747905 70296.1418762207
190750395.6225027442 70424.0572814941
183031384.7407496572 54176.2761761425
179112737.8964397013 35457.3871653576
192745086.4424185157 71414.1494140625
192986763.1830130219 71501.7823486328
179087904.6180360019 35305.6048548717
179351179.8105953038 36896.5412918825
179468092.1016682982 37715.0678467313
177636145.2708083391 20515.3590363748
190949529.9469615221 70628.6426391602
193069990.6156915128 71536.6392211914
182247311.5333996415 51707.2417934090
189411578.4867103696 68684.5794029236
182163761.3995323181 51218.9775154144
182457029.4257512689 52275.1222744563
183841650.3973690271 56407.7778051673
198709686.4529758692 72418.9663085938
183585198.1732760072 55815.9017065344
192906912.7686210871 71465.4426269531
198314043.4151844978 72352.8056640625
177332075.5250625312 14445.9991274302
188351050.7319703698 65949.9908256531
177513432.5734597147 18666.9051595252
177577035.8958379626 19538.7604478336
177415968.9586228430 16874.0055618506
192897673.8803391159 71462.7132568359
198045622.6541663110 72326.8352050781
178900549.0174135864 32755.4199843828
182191926.7588406205 51626.1083651930
183509946.4508113861 55369.8109879798
198410247.8224689066 72372.0670166016
191136684.9404392838 70689.7167968750
177404441.8289894760 16108.6532285635
177443295.1255391240 17785.9351272803
188568213.2288045287 67150.6333885193
189214290.2417503595 68603.1356773376
188581944.3760820031 67194.4507865906
192461702.6620057821 71290.4014892578
192827457.5605593026 71418.2307128906
177359499.4609179199 15270.7845836405
178950186.9016243815 33654.6081285525
179634505.6455978155 38482.6583441058
179589403.0750124156 38341.5996733606
182020071.5159627795 50854.1318885833
182732441.1749353409 53202.7173611401
189208319.8086370826 68470.2635154724
183537446.5029764175 55467.3562161205
177515021.0852414966 18807.6881180030
190323867.2959517837 69824.1699371338
179341070.0754555762 36796.9482850367
177344214.7310992181 14670.0487200890
188358612.7828233838 66105.1107635498
177578286.2348201871 19674.4632812511
177569548.8428700566 19508.6912050467
179396238.0928055942 37223.2178101102
179429768.7027370632 37476.2803101102
191998200.1353370249 71070.6246948242
179445370.9299346507 37545.7131286794
177760631.8531014919 21834.4028824455
188671824.6361646652 67482.3222465515
177409121.9950565398 16838.2113683832
179554713.7155933678 38114.9775432431
182689565.2668380141 52862.6468044994
182822996.2515003085 53632.7959133862
177347987.4883184731 15142.1811525349
188443825.6078448892 66821.5351982117
179419337.1952559948 37305.6719726109
189593974.8361265659 68887.6452941895
189316619.8359417319 68648.3902854919
198042859.7935317755 72313.0401611328
177804797.9103211462 22715.1478413231
178127479.4326009154 25663.2958989970
177973786.4422532916 24025.5178599852
182492105.7692735195 52405.4391269684
188479403.7414303422 66946.5335502625
177557390.5936906934 19505.5938218571
190679110.7233123183 70368.0563354492
188613921.0960925817 67261.5519218445
178068893.8317110538 24971.0148087707
188610417.6680490971 67256.3213996887
183013406.4476794600 54134.1017212644
183259701.0068406463 54752.9211727856
177312769.9213157594 13733.3212394391
183338900.0001203418 55010.0872952221
179303627.6850005984 36581.6069037699
190524455.9680913687 70126.8186035156
190526003.4752753377 70208.8637390137
183068150.5818290710 54336.3426892040
197880919.7900914252 72287.4297485352
179273679.0865326822 36549.6711557888
180767143.4123395681 44076.6352907056
177374191.4138725698 16031.8150327627
180851185.0886087418 44371.6417179675
188760715.8179520965 67604.7847557068
197804996.6485342979 72258.2384643555
177362030.8336341679 15357.9286928599
182697039.7724396586 52963.8123454228
192573546.2195822597 71332.6633300781
179268935.8423283696 36425.6037688304
182902807.1981257200 53842.0900977682
182584604.7947406173 52514.4426162988
192581586.1470598578 71377.4140014648
182693728.5122489929 52961.0349700664
182607157.2622120976 52567.3836866021
177872800.4690282047 23044.4745820645
178094251.3519199193 25487.1098409193
177725358.4446078241 21237.1427913081
197802619.6696955264 72244.8888549805
177548209.0085740685 18875.6111123298
179281527.3406251073 36566.8870642234
179322450.1756375432 36742.9967898660
180617416.6213545799 43453.7022205712
183104339.0985683203 54373.7372531667
182470794.9240818620 52401.0837802887
192152200.2508383393 71178.6091918945
188452692.8058736920 66832.6973457336
183443684.9489802718 55188.0612430349
179242560.4234224856 36321.5280112077
177500494.7855795026 18664.6980667334
189146565.2060434818 68433.3658103943
188457522.4632646441 66848.5967979431
190012985.1305877566 69395.5297241211
177332718.8867830038 14497.1476611377
192104718.2726829648 71145.7172241211
178109420.8653188348 25641.1242987561
178011824.5135717392 24751.2942424315
182801867.5886780024 53341.2711204123
191925478.4175059795 71059.5510864258
177856858.7014269233 23038.5865041054
191878209.5269335210 71024.4978027344
178000191.4086521268 24664.9460826414
177885932.4168663621 23067.5121800489
188370434.2570214272 66572.8286237717
189894984.9969213009 69263.7782897949
177932374.4425420165 23766.4420136365
179009823.2534550726 34298.7736370910
184148456.3620161712 56641.2023073360
177913044.0876095295 23733.7096527966
184539348.0415446758 57487.7536760494
192099819.5350457132 71100.4920654297
184300393.7906368375 57119.5390306637
191762759.4967838526 70895.3561401367
180779588.3233181238 44285.8132877918
184266856.3781827092 56794.3478990719
184165115.6988759339 56679.7884966061
184057365.6866028309 56506.0940843746
180591944.5552036762 43215.6147341309
180595793.9847843647 43240.0915943505
191645542.7729737461 70831.3814086914
197417216.0344981253 72146.1956787109
197682123.0782954693 72202.1290893555
177832686.7618471384 22821.7800873669
181713289.4402326345 48624.0241425931
184893061.3632224798 58079.6834408715
196540717.5797626376 71865.6928405762
184927615.8305510581 58164.4160511419
196856719.0934188664 72039.6289062500
184793718.3488996327 57928.3929340765
196893946.0945399404 72067.6539916992
177771775.4111242890 22126.6569386757
184748085.0766815841 57907.7084046826
178625195.4958522022 30478.0193445387
184811071.0140050054 57956.1671345159
180565044.7571655214 43159.5046540210
184816491.0573576689 58015.0909730420
184619383.4097400606 57734.0864307806
197333725.2369100749 72108.8380737305
197426102.0045139492 72149.5641479492
180727443.1874535084 44072.2837940575
179816038.6284060180 38500.0537068434
189979517.8851447999 69295.3131713867
177708480.6649528146 20822.6088930290
177743322.9764533043 21295.2559088875
189841778.3884333074 69167.2276916504
197130299.7386745214 72084.6278076172
178573444.0089101493 30174.8008234205
177396210.3557174206 16052.4614926911
181087536.4156805873 45483.0904901521
181636720.4531907737 48034.3318966329
181640116.4927483797 48177.6560328901
196763600.2962074876 71893.5149536133
196439199.1211954355 71808.4678344727
181120582.9390218854 45563.1940231668
181673183.7700140476 48198.6735285893
196295166.4488557875 71708.3449707031
196388182.6966243088 71757.4501647949
178511051.4260194898 29638.0278703870
178575116.7105666697 30267.7299005689
177436333.4869208932 16990.0658049769
178402967.5028183162 28152.1239854993
178388254.0743702054 27322.5372896827
180946102.0561052263 45071.5391275035
181041608.5720182061 45463.6784187900
180697460.0368005037 43809.0587180042
180866307.5488920808 44715.4951688396
178662293.4135169685 30541.0981595444
195996968.1146419048 71539.1653442383
178449015.7975738645 28959.0516898296
178749337.0923517048 31278.0532530325
178892623.7293567657 32564.4900299599
178735928.9473289549 31216.4216245673
181239744.7338240147 45627.4247342692
178841988.3576568365 32011.8522032278
196293288.8253306746 71550.5063476562
178784597.5979903638 31756.2448423879
178688254.9697324038 31099.9226377981
178552272.2113634646 29784.7300955913
178427017.9889166057 28698.6964409055
178830847.4320445061 31940.9074051640
178394191.5313644111 27439.1036059638
178443911.5901136100 28940.7928392591
179962486.9396006763 38561.2363585238
187073173.1059964001 62232.4093501344
187369951.4447290301 62292.1686427370
186632227.3886908293 61475.4017735124
180448276.8533312082 41654.2835891199
187386012.6759482324 62320.6468182206
186935781.1553923190 62219.3695316911
187171179.8794132769 62281.9156085383
186886583.6306155324 61944.6255894303
179986960.5217538178 39140.9282988314
186732906.4997293055 61797.6034031510
180484406.8107087910 41745.9800548776
178366153.2551535368 26260.4999690323
178380232.7598000169 27068.3944334940
180083613.9561865628 39543.8212431641
186847541.8933758438 61851.8364658952
178273401.3001349568 26260.4999632791
180054337.6398464739 39378.4476595744
180209821.7179862559 40286.2721532806
180153298.7961506546 39572.2928041443
180233744.9745834768 40334.7135241851
180108397.0333249271 39559.1828931793
180308290.1760083139 40449.4780712798
186334733.3205289841 60789.9441441372
186179423.1481561661 60486.4720066860
186405574.7538380027 60912.8871220425
186247515.2515523732 60602.5378788784
186452863.1224818528 61030.6896885708
186481718.7851309776 61121.5619572476
186119086.4304163754 60098.5919349939
185715253.1673254371 59066.4559580162
185966651.1128547788 59630.7719940916
185592033.3265599012 58493.2773920372
185683625.2763862312 58704.5463053063
185877925.1652143002 59384.8575235680
185818190.4681529999 59346.5624185875
185568460.4229052663 58393.3724716827
188321225.3465345800 62823.3142466545
188164857.3504981995 62418.6046384834
188237619.9710543752 62526.9934157394
188285470.4757797122 62778.2282041572
188167128.3035425544 62522.4776839279
