188921424.2942867279 67940.5082359314
189590718.3179652095 68800.2608299255
179146761.2758191824 35236.4563455630
192690864.1888271868 71382.2059326172
177355665.3711171448 14806.6991968577
178127479.4326009154 25663.2958989970
177973786.4422532916 24025.5178599852
182492105.7692735195 52405.4391269684
188479403.7414303422 66946.5335502625
190659980.2191953659 70275.3880004883
177646042.3337845206 20417.5233872868
177557390.5936906934 19505.5938218571
188598440.5840254426 67187.1790084839
189377925.0019360781 68758.8117332458
189325835.6164802313 68562.1012840271
190679110.7233123183 70368.0563354492
182158182.9953202605 50973.3106019646
183439923.3188335896 55088.9949642895
188613921.0960925817 67261.5519218445
189236988.9117119908 68458.0083274841
178068893.8317110538 24971.0148087707
188610417.6680490971 67256.3213996887
182346952.0908182859 51725.1865122691
183013406.4476794600 54134.1017212644
183259701.0068406463 54752.9211727856
177312769.9213157594 13733.3212394391
183338900.0001203418 55010.0872952221
190308324.7498883605 69542.6937427521
190324320.7105919719 69679.0984306335
190845510.5693458319 70383.5756530762
179303627.6850005984 36581.6069037699
190524455.9680913687 70126.8186035156
179153449.9802772701 35653.5501565982
190526003.4752753377 70208.8637390137
191005114.0642458200 70523.4408874512
190847486.2241901159 70427.2863464355
198121326.8238548338 72331.9581909180
179454868.3440282941 37366.2543502831
179196586.4814346135 35980.6046304751
182454595.9457352757 52104.6800453216
182349967.0971429348 51883.7478553802
183068150.5818290710 54336.3426892040
197880919.7900914252 72287.4297485352
198071506.1802609563 72325.8535766602
183210674.9398173690 54729.1544437185
179273679.0865326822 36549.6711557888
180767143.4123395681 44076.6352907056
193002730.4078413844 71424.3426513672
177374191.4138725698 16031.8150327627
188507967.0248944759 66984.4054756165
180851185.0886087418 44371.6417179675
188760715.8179520965 67604.7847557068
197804996.6485342979 72258.2384643555
177362030.8336341679 15357.9286928599
177767331.4130685329 21470.7404802830
182697039.7724396586 52963.8123454228
190616137.2723929882 70264.4555358887
192797519.0542943180 71404.3934326172
192573546.2195822597 71332.6633300781
179268935.8423283696 36425.6037688304
182692179.5747070909 52638.5564567726
182902807.1981257200 53842.0900977682
182584604.7947406173 52514.4426162988
188887200.4140889049 67805.0020828247
192581586.1470598578 71377.4140014648
182693728.5122489929 52961.0349700664
188678335.0067681670 67427.5638694763
191854947.2110156119 70964.6524047852
179073048.1330475211 35076.7720689822
181915008.3618762493 50061.2289344817
182607157.2622120976 52567.3836866021
177872800.4690282047 23044.4745820645
178094251.3519199193 25487.1098409193
183608201.3343092799 55545.0587378144
190942196.0454069376 70523.0245666504
177725358.4446078241 21237.1427913081
183238531.2918222547 54733.4049930349
197802619.6696955264 72244.8888549805
177548209.0085740685 18875.6111123298
198098564.7962799072 72326.5733642578
177542895.3610461950 18785.5836868506
179281527.3406251073 36566.8870642234
179322450.1756375432 36742.9967898660
192417710.2567238808 71260.8416137695
180617416.6213545799 43453.7022205712
183104339.0985683203 54373.7372531667
179165541.2806784213 35815.1563860376
177580485.5785044432 19578.5376790756
179419955.4991209507 37109.6168173600
182556445.5716876984 52422.7310989116
192203290.6908933818 71191.3788452148
182470794.9240818620 52401.0837802887
189249820.0628297329 68474.6496849060
192152200.2508383393 71178.6091918945
182271209.8748635650 51481.9347012192
183560337.2014558315 55458.7308673635
188452692.8058736920 66832.6973457336
183443684.9489802718 55188.0612430349
179242560.4234224856 36321.5280112077
177469534.6536225379 17752.7685013037
177793744.0332568586 22154.2968086637
182072604.1996171474 50869.9265663177
188590326.4822694063 67126.8549156189
189640756.1163258553 68861.2711486816
190900459.0560454726 70516.1309509277
177546285.4416159391 18787.3183972907
177500494.7855795026 18664.6980667334
179026779.1211912632 34364.6306499773
189341795.0006287694 68595.4480247498
189146565.2060434818 68433.3658103943
191073997.1710599661 70633.7029418945
198605171.7608431876 72334.2588500977
179433778.7028104067 37245.1048718739
188457522.4632646441 66848.5967979431
183835514.8247519135 55586.2425748557
179315984.9966356158 36672.5984546591
183401020.3864774108 55087.2227857113
189680179.1307194233 68931.2478485107
191118412.6661925912 70642.4920654297
190012985.1305877566 69395.5297241211
183159281.3008853793 54495.4949058127
177332718.8867830038 14497.1476611377
182787601.6728978157 53198.7409041952
192397517.0606967807 71251.1823120117
192104718.2726829648 71145.7172241211
178109420.8653188348 25641.1242987561
189035128.0929428339 68187.0388450623
178011824.5135717392 24751.2942424315
182868036.2917031646 53439.5861533713
179094771.7484269142 35086.3460118705
182801867.5886780024 53341.2711204123
191925478.4175059795 71059.5510864258
177856858.7014269233 23038.5865041054
191878209.5269335210 71024.4978027344
178000191.4086521268 24664.9460826414
177885932.4168663621 23067.5121800489
188370434.2570214272 66572.8286237717
189894984.9969213009 69263.7782897949
191504824.1850647926 70794.6873779297
177932374.4425420165 23766.4420136365
177354865.8175227642 14673.7917589079
184551904.4102415442 57648.6755548343
179009823.2534550726 34298.7736370910
177958301.6038774252 23845.9195425436
189784132.2661569715 69037.6374053955
191236497.2945927978 70670.4276733398
184148456.3620161712 56641.2023073360
177913044.0876095295 23733.7096527966
179104970.6460761726 35109.3809666682
184539348.0415446758 57487.7536760494
192099819.5350457132 71100.4920654297
177521994.4913629889 18726.2757667672
184300393.7906368375 57119.5390306637
181946397.5493988395 50236.6613990813
191762759.4967838526 70895.3561401367
180779588.3233181238 44285.8132877918
184266856.3781827092 56794.3478990719
184165115.6988759339 56679.7884966061
184057365.6866028309 56506.0940843746
181987608.3708301187 50402.3183815032
182061837.2229877114 50682.4381935149
179574192.4670566618 37849.1648629019
179359661.7051409483 36847.5402688318
180591944.5552036762 43215.6147341309
180595793.9847843647 43240.0915943505
177462711.8090231419 17089.0325550865
191323266.6482109725 70705.8494262695
191645542.7729737461 70831.3814086914
177407761.6351381838 16105.9043362326
177805311.9273800850 22345.3782078809
191442250.7613214850 70775.9017333984
197417216.0344981253 72146.1956787109
183960739.7910851240 56117.6763597652
179671048.4699233174 38316.8681655488
197682123.0782954693 72202.1290893555
183843663.6799523532 55935.7048631832
181718492.4778881371 48659.1668511294
177832686.7618471384 22821.7800873669
179605640.4384407103 38049.8438969216
181713289.4402326345 48624.0241425931
184893061.3632224798 58079.6834408715
196540717.5797626376 71865.6928405762
184927615.8305510581 58164.4160511419
196856719.0934188664 72039.6289062500
184793718.3488996327 57928.3929340765
179669262.3748311996 38198.5505996308
196893946.0945399404 72067.6539916992
177771775.4111242890 22126.6569386757
184748085.0766815841 57907.7084046826
178625195.4958522022 30478.0193445387
184811071.0140050054 57956.1671345159
177482453.6613519192 17755.8457527831
180565044.7571655214 43159.5046540210
184816491.0573576689 58015.0909730420
184619383.4097400606 57734.0864307806
197333725.2369100749 72108.8380737305
197426102.0045139492 72149.5641479492
179776193.7909497321 38346.4088101051
177657627.6880741715 20479.3903194402
180727443.1874535084 44072.2837940575
179816038.6284060180 38500.0537068434
189979517.8851447999 69295.3131713867
177708480.6649528146 20822.6088930290
177584209.8472644687 19613.8658741039
177415904.2429878712 16139.3813207335
177743322.9764533043 21295.2559088875
179728744.8300952911 38322.1959261260
179487044.5019940436 37507.6681533418
189841778.3884333074 69167.2276916504
197130299.7386745214 72084.6278076172
178573444.0089101493 30174.8008234205
177396210.3557174206 16052.4614926911
177641340.1676709056 20380.5758979839
181087536.4156805873 45483.0904901521
181636720.4531907737 48034.3318966329
181640116.4927483797 48177.6560328901
196763600.2962074876 71893.5149536133
181735124.9640340209 48832.6750300825
196439199.1211954355 71808.4678344727
181726789.4212763011 48740.1761988774
189794063.9095689356 69061.7161865234
181120582.9390218854 45563.1940231668
181673183.7700140476 48198.6735285893
196295166.4488557875 71708.3449707031
196388182.6966243088 71757.4501647949
181746231.1792393923 48835.4490145817
181770239.3420433998 48921.7899002209
178511051.4260194898 29638.0278703870
178575116.7105666697 30267.7299005689
177455288.2774431109 16996.5084515136
177436333.4869208932 16990.0658049769
178402967.5028183162 28152.1239854993
178388254.0743702054 27322.5372896827
180946102.0561052263 45071.5391275035
181041608.5720182061 45463.6784187900
177434946.2996454239 16831.9652791209
180697460.0368005037 43809.0587180042
180866307.5488920808 44715.4951688396
178662293.4135169685 30541.0981595444
195996968.1146419048 71539.1653442383
178963892.1022112370 33382.7261106259
178449015.7975738645 28959.0516898296
178749337.0923517048 31278.0532530325
178892623.7293567657 32564.4900299599
178735928.9473289549 31216.4216245673
181239744.7338240147 45627.4247342692
178927763.4148904085 32648.1993471750
178841988.3576568365 32011.8522032278
196293288.8253306746 71550.5063476562
178784597.5979903638 31756.2448423879
178688254.9697324038 31099.9226377981
178552272.2113634646 29784.7300955913
178427017.9889166057 28698.6964409055
178830847.4320445061 31940.9074051640
178394191.5313644111 27439.1036059638
178443911.5901136100 28940.7928392591
195733892.9319203496 71439.2526245117
179962486.9396006763 38561.2363585238
187073173.1059964001 62232.4093501344
187369951.4447290301 62292.1686427370
186632227.3886908293 61475.4017735124
180448276.8533312082 41654.2835891199
187386012.6759482324 62320.6468182206
186935781.1553923190 62219.3695316911
187171179.8794132769 62281.9156085383
186886583.6306155324 61944.6255894303
179986960.5217538178 39140.9282988314
186732906.4997293055 61797.6034031510
180484406.8107087910 41745.9800548776
178366153.2551535368 26260.4999690323
178380232.7598000169 27068.3944334940
180381464.8114232123 41163.6750563606
180083613.9561865628 39543.8212431641
186847541.8933758438 61851.8364658952
178273401.3001349568 26260.4999632791
180054337.6398464739 39378.4476595744
180209821.7179862559 40286.2721532806
180153298.7961506546 39572.2928041443
180233744.9745834768 40334.7135241851
180108397.0333249271 39559.1828931793
180308290.1760083139 40449.4780712798
186334733.3205289841 60789.9441441372
186179423.1481561661 60486.4720066860
186405574.7538380027 60912.8871220425
186247515.2515523732 60602.5378788784
186452863.1224818528 61030.6896885708
186481718.7851309776 61121.5619572476
186119086.4304163754 60098.5919349939
185715253.1673254371 59066.4559580162
185966651.1128547788 59630.7719940916
185592033.3265599012 58493.2773920372
185683625.2763862312 58704.5463053063
185877925.1652143002 59384.8575235680
185818190.4681529999 59346.5624185875
185568460.4229052663 58393.3724716827
188321225.3465345800 62823.3142466545
188164857.3504981995 62418.6046384834
188237619.9710543752 62526.9934157394
188285470.4757797122 62778.2282041572
188167128.3035425544 62522.4776839279
