186464234.7844258547 152581.1692012171
187387089.1576787829 169303.0003374927
187795626.4049276412 171990.9658564441
193345162.9484625757 211002.0903877504
194180311.5793726444 214771.2482933290
194089029.3719749451 214458.8245649822
184363782.4596613050 97335.3684361717
194625469.5579065979 216489.3398364782
197748959.8933675587 227208.3413085938
187814643.1701875031 172170.5841603391
184393525.7405802906 99615.3975976501
186098776.1197758019 150900.6134142202
187658679.5802093446 171958.2857569568
189476577.4086960256 187081.5122885667
198009269.3791708946 228130.8189239502
202669269.1458576322 232479.1835937500
197731164.7564059496 227070.9652404785
185085387.2075603306 130950.3896035994
189547343.7919163406 187086.3004965745
199395227.0647751391 230482.2696533203
198117138.1437093616 228678.6022949219
195021254.6920078695 217478.1829773188
199284040.0767139196 230439.4550781250
184901992.8202618957 123617.9521321575
186448864.7122959197 151714.7822274530
187258226.5059645772 166748.3390969187
197503770.4493157268 226165.0474014282
184769977.6760765910 119695.6922101001
186415265.2853344977 151581.8149616794
193912317.9105724394 214044.0639573820
194874066.0275171697 217365.8947092295
197754920.5201637745 227511.1533508301
184798597.5090443492 121725.6990145068
197544947.1822777390 226836.4364166260
202046390.7877224982 232342.7518310547
195026088.6447204053 217801.2208191156
198169936.4704506993 228963.9564208984
185880958.8266283572 148097.4094561913
193282605.0894812644 210683.8881782778
198087164.9191674292 228289.6109619141
199428910.0167075098 230564.6611328125
184406488.2024457157 100329.3940858315
194927089.8531318605 217392.3912020214
186356779.2785663903 151566.0241335551
186170353.6202794313 151564.6928218525
197854987.3372101486 227807.3423461914
187504907.3395204544 170027.4360368364
184773825.5775790811 121525.3924006443
198732638.0490707159 229991.0761718750
186021356.3654182851 150050.0344623250
185956266.2542573214 149531.5509761494
194355593.2924114168 215599.4855002649
195034987.6371508539 217978.7676919699
198658152.8477862179 229979.6463623047
193953634.8677467704 214358.7053910978
194762698.5684841573 216663.9837714434
191304729.6927856505 197029.9871106930
191355906.2510503232 199327.6092267819
191992709.8261502683 203993.6309568770
194006293.3837093413 214362.5404741056
187266508.3629106283 167032.8736360185
184368144.0566809177 98255.5764640640
198501439.8077157438 229240.2410888672
185116750.2273840904 132755.7793626632
185851562.9104263186 147691.6290889957
187592388.7051202953 170293.5636121146
194785013.3948862255 216684.5206107385
199222998.2881906629 230421.7019042969
199294387.3542424142 230441.7683105469
193627676.9417358041 212670.5625077970
194329670.7965832055 215245.9778672941
189722242.0091644526 188847.4507803880
191323376.8991538286 199109.2571416683
185845833.4501443505 147514.6136571147
208216169.3369209766 233590.1131591797
185822922.1103372574 147490.0765148379
187182003.0515682995 165129.9047143571
201586814.0496298671 232146.9348144531
187226223.9903703332 166171.0614685230
194129593.1551519632 214575.4298264980
197743972.4654638171 227116.6690902710
198410199.9634631276 229139.2655029297
198647635.7735345662 229719.5380859375
203283364.4426794648 232758.9945068359
207855916.8771736026 233338.3990478516
185100438.5530150235 132532.1951384572
198532532.8543521464 229676.4255371094
207809470.1029932201 233285.6680908203
184347226.3189530671 96704.6615971397
194805165.8589082062 216809.0710977316
199014403.6414742470 230151.2493896484
192404454.3719671667 205897.1648267508
207498789.5547400713 233027.8043212891
207967692.8920274973 233480.0543212891
194526425.3328513205 216444.8016763926
185043234.2383015454 130815.5837798147
185183482.3359294236 132915.8944273214
184999869.5937293470 128689.6891374467
194660812.5166226923 216527.5960642099
185031207.5900329053 130722.6430468587
185031101.3899028003 128970.1154894857
184938289.0274510086 126937.0460953740
194015774.3342308402 214418.1637651213
198784754.4025878310 230082.1643066406
185057245.4137782156 130924.5847573308
187338500.4329465032 168203.8687837236
194416899.3994432986 216142.7900010832
202953623.9417482913 232629.0825195312
185814809.7395688891 146018.2744489886
187107687.8098617196 164728.4120109193
193501459.7064608335 211694.0896705873
185777147.2427671254 145479.9620138385
184521030.4266680777 103052.7895201098
185001632.5103968382 128836.0079068984
185705389.7213070691 145254.9929586627
198116911.9270746708 228336.3347015381
184965176.5819634199 128689.5012011556
185385354.0748447180 138990.4283337067
193272686.9016372859 210438.8612922914
185545268.1082000434 141518.5798429172
185580525.1455560327 143022.3971751849
193415076.0041783154 211056.8102516420
207645924.3116954565 233143.7889404297
187227580.4543314278 166748.2812898271
187887724.8679318428 173149.3199703712
184709731.0907990336 117560.8662051181
193568945.2751154900 212468.2796119936
187314519.6658682823 167914.9247911088
189553245.0316447914 187455.0188202485
184902745.8300475776 125247.9892253308
184482561.5839492679 100977.5327342583
184864627.6654824913 123122.7184008984
193637144.6630227268 212718.3044511564
202737090.8737955689 232510.3518066406
191983594.7024755478 203840.0820282698
192215591.7196617723 204840.0288672447
184720432.9121971726 117809.2505816440
185459188.3040028214 141036.0238441150
191805059.8453906775 202613.4254071526
191817417.4657650590 202808.7363951094
184864653.4676967263 123177.3218631176
185539960.3019729257 141471.7277192543
189622629.6406175494 187869.2679907158
202005561.9063439369 232262.2249755859
202346585.9896978140 232427.7581787109
184736902.1381157935 119560.9975909214
185665071.9207274616 143651.9227205493
184527755.9943063557 104546.0057577475
191576674.7118717432 201163.4733292945
194236238.5580407977 214831.5101396330
185534911.5134320855 141463.3552839379
184507599.5899208486 102977.9369720055
193827984.3003036380 213672.8722612150
185640112.3503713310 143496.1566890399
185506851.7213900685 141419.3269370715
187185435.1702429354 165671.3075702116
184831507.3125159144 122798.0978526501
189824262.9577736259 189213.3208403550
189570941.9213843048 187516.1195578538
193450606.7474833429 211303.9777617939
185409715.0547362268 139404.3578828494
185397420.7917163372 139184.2433808963
184451277.8382322490 100968.8305905892
189668445.5860838890 188248.8275351487
193022312.2568846345 209121.7586446218
199021240.6954396069 230251.4401855469
193027858.2993473709 209521.0853230245
202342575.1952214241 232362.3116455078
187090188.1048963070 162633.5560816303
189765544.9304079115 188936.4545141533
193519560.2467520535 211928.4756865986
184495504.7854141891 101963.8226661666
191826624.7981336117 202980.2984678634
185301822.2948462069 136184.6637218813
192878290.2100567222 208020.1361958273
193506223.2728002965 211869.0173125751
202535816.7873772085 232429.0506591797
187883675.1011956334 173003.1266685724
189773020.4022482634 189175.0640142225
189450712.6623619795 187063.3661704026
189603180.5514232218 187538.6858916245
189460577.0034773946 187076.8741049729
191751840.7002796829 202561.9692118056
193504186.1871836483 211854.1976104267
184486631.0697893202 101263.1009885147
185287781.1000396013 136114.1823198642
187188874.9230746031 165686.6653693840
197165009.9996402264 224598.0088806152
184876962.1858389676 123483.3909978298
188888739.4031115174 181481.8225725479
192941863.8069453537 208679.8919331320
201341050.9781068265 231896.5208740234
196348919.7612283230 221974.0694122314
193257126.2867734730 210334.4815146417
185266156.9169284403 134424.2513465206
189373819.7572330534 185968.8834967576
193170771.2286268771 210260.2803913839
185324175.2934139967 136614.8710298049
202564674.7759177089 232436.5371093750
195827480.1439578533 219924.0669250488
191698989.1268332899 202361.4522440322
191533688.8532985747 201031.3898947127
185350560.5142431855 137739.5792731564
185341418.5977028608 137497.8656472485
185245137.3084688485 133606.1283599837
191717690.0921601057 202502.5108377822
207431416.0798171759 232972.2935791016
207788092.6527538896 233242.8673095703
196208324.4275671542 221529.4224090576
196390558.2904157043 222035.3530120850
196872195.1856194437 223753.6579742432
196986349.6545357406 223938.9519348145
201497802.9830807745 232040.6477050781
189380095.4567423463 186007.1558737718
185224254.5070265532 133339.2201930983
201526660.9716212749 232048.1341552734
192702700.2792130709 207285.6463576555
192586008.8652214706 206832.8516480215
192268975.4377635717 205312.1111542471
196118183.2275229096 220754.0334281921
192795044.0039077103 207725.8920579441
192625888.1810537577 207096.1957642324
196603738.7628936768 222952.9242477417
191533290.7619298398 200763.6894926317
192156870.4686984718 204702.7699133642
201047884.4010134935 231599.0764160156
189334208.6496927738 185722.0565085374
191919547.5227827132 203117.0160142668
192498241.0517477989 206368.3800904043
184663293.0342942774 105794.5958775883
192092706.2406426966 204477.9543113001
191397685.0480291545 199692.7323698290
189285257.7286307216 185259.7511877976
201269619.3908329606 231867.6918945312
201192373.6373354495 231831.0654296875
187848450.5151194632 172761.9067384005
196087858.3193212152 220411.5892257690
187846656.3814726770 172337.0565113798
201096164.9967050552 231714.0778808594
187996164.8813329935 173910.5812768899
188040905.3146454692 174413.9791650735
189064453.8149484992 183318.9827651121
196096210.1190507412 220452.2549209595
184670696.5822333694 106131.5496032317
200764522.9501911998 231469.2707519531
188974187.1934165359 182091.3606032468
196170601.1933859587 220907.3609390259
197223818.6666756570 224670.7476959229
188745046.8175580204 179857.0172533281
197458444.0406855643 225458.5587539673
196535081.9210561812 222506.7018966675
200718364.1737462878 231282.5451660156
189032415.8756699264 183118.4657973386
197141620.0356175601 224511.1528625488
197039796.0581001937 224348.6117935181
196989424.7321239412 223964.2153091431
200853690.3796051443 231502.6596679688
189122754.6006685793 183691.8788788449
188673815.8265303075 179713.6540435031
197077415.4627623558 224487.7856216431
188468137.5443692207 177752.5732277073
188523994.1295737624 178335.8316563405
200522853.4494343102 231175.6870117188
188437774.6843771935 177656.2473057546
189016451.1341022849 182773.8940505125
197014289.7526178062 224193.6735610962
188500123.8689239621 177856.8010268845
188314771.8459546566 176078.5850494541
188429747.0619040132 176507.4396609850
200435214.6699876487 231166.1617431641
186924533.6993233860 156091.3145954385
188469873.6574031115 177839.6003769077
188377470.0229554772 176482.4244932272
188332737.7276230454 176479.7688535787
200410859.5033465028 231139.6903076172
200262954.2270515859 231050.3205566406
197309697.0783501267 224956.2679138184
197453944.5675315857 225239.5725784302
199937668.9393648207 230656.5244140625
200164375.4887929261 230879.7591552734
200002126.5134186447 230839.2994384766
191039893.4058102965 195368.4708189853
200039797.7315513492 230850.2963867188
199977281.7091032565 230751.6274414062
188631228.1095947921 179251.0085562803
187014782.7761070430 156742.1400438212
186848073.7843627334 154447.6993873045
191171552.5424026847 196179.3341860659
191150731.0534151793 195657.7636599429
186933377.6890830696 156413.5833289549
186819964.7719926238 154422.4505996630
186792880.5870182514 154162.4980311319
186786528.7720202208 152792.6157285459
191032616.3682708442 192247.1189618893
190706208.1794007421 190640.3608458526
190605616.4640783072 189984.6279562600
190547404.0141716301 189243.3118088730
