194700465.9927729070 216618.2945815325
197766406.9745409489 227848.5956726074
184446059.1799708009 102145.2169047771
186275979.6034895480 154864.7265841509
186575891.6273691058 157455.7507677521
191652420.6131320894 202094.7549305018
198291300.0332360864 229754.2586669922
197938178.8654378653 228379.2507934570
184405449.1251089275 100383.4797391291
186285465.6816477776 155746.6253928388
187487375.3843860030 170141.7868653648
187675079.4247729480 173269.8105393760
187551733.0110800266 171538.6618468501
198908325.0709700584 230288.1263427734
189994878.2041987181 190248.0346032456
191902545.7339237034 203689.7353446372
187444513.6969508231 169576.9890967719
191886084.0310568810 203507.1563932784
198371085.9201332331 230055.9667968750
184459969.2675717771 103561.8664786699
186149419.7728304863 152586.6350123431
187597070.2109820843 171923.2940106504
199567164.3011631668 230779.1787109375
201438321.5893649161 232035.7155761719
187495594.8950429559 171521.7420655601
187780393.5722012818 173269.9155580215
191982402.7960474789 203888.5538922735
194845906.2530156374 217621.1527067423
187331570.7074275315 167820.1948336475
187307123.8063131869 167739.1477145068
198237028.9713418186 229549.9696044922
192705740.6146952212 207427.3215949424
184934078.1259909272 126656.6998111038
185416131.7342264652 140574.4154286413
186405915.1141459346 156493.5968310381
186282163.4076092243 154944.0135790850
208741818.8149048388 233727.6234130859
186359285.3560272455 155804.3586604143
187355006.4467336237 169427.2905978076
190017983.8731783330 190676.0713044479
194254035.0132430196 214739.1338950396
208975614.2100410461 233772.6850585938
184415784.4362287223 101961.4207475479
199023165.8781902194 230565.4453125000
198159793.0279461443 229528.1413574219
184407088.5935835540 101961.0803069468
185410566.3048285544 140496.4980855016
185425477.1410008669 140704.2477092589
190206439.4922804534 191014.5098823551
203382389.6093056798 232823.9111328125
184330593.1774637401 93201.9614585112
184389963.1800915897 100177.7253282364
185179235.7128517926 134718.2760653524
186573884.9725847542 156690.3322861381
184377005.9892775118 100153.3549532471
184355173.7056264877 99927.9439911423
198252096.0954265594 229664.8757324219
201509021.0242759287 232111.8637695312
184784419.5910540223 121540.4169501285
186489521.1682458818 156614.7258643652
186195089.8525586724 154507.1010348345
203815013.8536411822 232906.5792236328
185373048.6816925704 140260.2561602620
186130202.2876121700 152559.6867672945
189826923.7451972365 189242.3159409016
185618255.7186781168 143461.0117397155
186049289.6741145253 150754.5347270514
190027468.1322390735 190889.1538049057
186038201.7857738137 150723.1359498049
198042409.1211381555 228819.2340393066
185454621.4705967307 140711.0809373329
187989385.7354535460 175176.6354782693
185511710.7263556123 142468.3843927230
185560023.6621477902 142541.1754434290
186159041.2855610251 152972.0477816607
188003985.0317299068 175456.2432663552
198920387.1464793086 230370.0450439453
185651123.3193714619 144309.2391152228
184734751.9360956550 117958.0015620212
185497700.4017112851 142463.4290704574
198622442.8684540689 230129.7493896484
194316292.9539273679 215436.2978644855
198141906.6084129810 229049.9562988281
185298793.2251770794 136783.2817873983
188189434.7815723121 176995.7779854275
185175780.4828001857 134476.5624394445
189874579.9458526671 189524.4257775620
190173499.4629308283 191005.1256244704
192238000.4206985235 205594.2019255050
199437672.7504302859 230599.0975341797
208621525.8085980117 233669.3239746094
190369919.1354345679 191201.3186111897
187977290.6986171603 175131.1172993295
198622491.0422672927 230263.6414794922
207678326.6403715312 233183.4694824219
191801169.4910604060 202836.8254606612
191851933.4229373038 203447.6980192550
185397821.9074771106 140486.4241762008
186073285.0120013356 152473.9591891314
189741461.1625514627 189103.1616316624
187855454.7588696182 173902.9578340165
187916621.8576661944 174955.9825241677
199014112.5729030073 230529.0980224609
207706346.1926692426 233310.7269287109
184816233.1978370249 121851.8141811504
203381893.2299015820 232799.8854980469
189760847.0731121898 189111.2376727685
207903837.6765786111 233386.9528808594
185103025.9201716185 132894.9198632268
185746546.0857922137 145817.8715873935
188115867.6265923679 175955.2104070298
184702437.9828742743 117708.7430719207
184854225.4035619497 123697.6692170124
184934430.7018166482 126886.9315781621
187474452.3317424953 169803.2610796802
185312279.2701259255 138535.8093447713
185748481.0168781281 146365.2046470024
194542267.3885237277 216534.5234903097
197453344.8594780564 225984.6711273193
186009699.5914302468 150683.3571059252
185975288.7036100030 150505.3613192583
197596053.3235565424 227108.1049957275
184987874.6606045961 129374.7943463353
185831028.1688478589 147726.4695755221
201790068.6554768980 232171.7104492188
194049479.3977542222 214477.4484931231
184957930.9215753078 126952.7787413625
194897630.7902236581 217768.0597178936
184767768.1341117024 119926.8185309391
185205745.8156924248 134803.9250493078
187485906.8750956357 170098.3040255420
207954141.7201003134 233590.1131591797
187221247.7300469279 166479.6498984210
185703539.1522492170 145757.8717056491
194334452.2034417093 215863.7075059414
185265121.2757317126 136726.7816777257
187235922.7841097116 167517.6959933154
195022218.7444724143 217922.1551940441
208515625.5203534961 233627.8228759766
185235137.8913294673 136509.7042851476
185930604.0469957888 148918.1600288302
185812636.5425176919 147524.1305347659
194519075.1072232127 216524.4842724800
185248404.6711050570 136558.9744157819
187186711.9074098468 166249.3165987842
184932362.8658835590 126656.5472917436
191245632.8835681379 198648.1718488522
203258799.3018970788 232632.1319580078
184345039.5995902121 95162.0047012041
184342414.2693849802 95142.6652315925
194740013.1431424320 217310.7228158712
184735251.6989541352 119741.6969813327
194454628.1665170789 216438.5817636251
195229124.6945740879 218633.6408430338
195564600.2100748718 219018.3494687080
187839073.0168159306 173811.4777619950
194758723.9716937244 217515.0304328203
184817281.7470618784 121939.2000111560
197397366.8925102055 225744.2976837158
185081642.5952871442 132304.2856230764
185128908.0938766301 133553.2008898796
185578939.2653314769 143039.7930568377
187440895.0711337030 169527.4776743762
193345162.9484625757 211002.0903877504
189476577.4086960256 187081.5122885667
202669269.1458576322 232479.1835937500
197503770.4493157268 226165.0474014282
197754920.5201637745 227511.1533508301
184798597.5090443492 121725.6990145068
197544947.1822777390 226836.4364166260
202046390.7877224982 232342.7518310547
185880958.8266283572 148097.4094561913
193282605.0894812644 210683.8881782778
184773825.5775790811 121525.3924006443
185956266.2542573214 149531.5509761494
195034987.6371508539 217978.7676919699
193953634.8677467704 214358.7053910978
193627676.9417358041 212670.5625077970
201586814.0496298671 232146.9348144531
203283364.4426794648 232758.9945068359
207855916.8771736026 233338.3990478516
185100438.5530150235 132532.1951384572
184347226.3189530671 96704.6615971397
207498789.5547400713 233027.8043212891
185043234.2383015454 130815.5837798147
185031207.5900329053 130722.6430468587
184938289.0274510086 126937.0460953740
194015774.3342308402 214418.1637651213
185057245.4137782156 130924.5847573308
187338500.4329465032 168203.8687837236
194416899.3994432986 216142.7900010832
202953623.9417482913 232629.0825195312
187107687.8098617196 164728.4120109193
193501459.7064608335 211694.0896705873
184965176.5819634199 128689.5012011556
207645924.3116954565 233143.7889404297
187227580.4543314278 166748.2812898271
193568945.2751154900 212468.2796119936
189553245.0316447914 187455.0188202485
184902745.8300475776 125247.9892253308
193637144.6630227268 212718.3044511564
202737090.8737955689 232510.3518066406
192215591.7196617723 204840.0288672447
184720432.9121971726 117809.2505816440
185459188.3040028214 141036.0238441150
189622629.6406175494 187869.2679907158
202005561.9063439369 232262.2249755859
202346585.9896978140 232427.7581787109
184527755.9943063557 104546.0057577475
191576674.7118717432 201163.4733292945
193827984.3003036380 213672.8722612150
185640112.3503713310 143496.1566890399
184831507.3125159144 122798.0978526501
189824262.9577736259 189213.3208403550
189570941.9213843048 187516.1195578538
189668445.5860838890 188248.8275351487
193022312.2568846345 209121.7586446218
193027858.2993473709 209521.0853230245
202342575.1952214241 232362.3116455078
187090188.1048963070 162633.5560816303
193519560.2467520535 211928.4756865986
192878290.2100567222 208020.1361958273
193506223.2728002965 211869.0173125751
202535816.7873772085 232429.0506591797
189773020.4022482634 189175.0640142225
189450712.6623619795 187063.3661704026
189460577.0034773946 187076.8741049729
191751840.7002796829 202561.9692118056
193504186.1871836483 211854.1976104267
188888739.4031115174 181481.8225725479
192941863.8069453537 208679.8919331320
201341050.9781068265 231896.5208740234
189373819.7572330534 185968.8834967576
193170771.2286268771 210260.2803913839
202564674.7759177089 232436.5371093750
195827480.1439578533 219924.0669250488
191698989.1268332899 202361.4522440322
191533688.8532985747 201031.3898947127
191717690.0921601057 202502.5108377822
207431416.0798171759 232972.2935791016
196208324.4275671542 221529.4224090576
196390558.2904157043 222035.3530120850
196986349.6545357406 223938.9519348145
201497802.9830807745 232040.6477050781
189380095.4567423463 186007.1558737718
192702700.2792130709 207285.6463576555
192586008.8652214706 206832.8516480215
196118183.2275229096 220754.0334281921
192795044.0039077103 207725.8920579441
192625888.1810537577 207096.1957642324
196603738.7628936768 222952.9242477417
191533290.7619298398 200763.6894926317
192156870.4686984718 204702.7699133642
201047884.4010134935 231599.0764160156
192498241.0517477989 206368.3800904043
184663293.0342942774 105794.5958775883
192092706.2406426966 204477.9543113001
191397685.0480291545 199692.7323698290
189285257.7286307216 185259.7511877976
201269619.3908329606 231867.6918945312
201192373.6373354495 231831.0654296875
196087858.3193212152 220411.5892257690
201096164.9967050552 231714.0778808594
189064453.8149484992 183318.9827651121
196096210.1190507412 220452.2549209595
184670696.5822333694 106131.5496032317
200764522.9501911998 231469.2707519531
188974187.1934165359 182091.3606032468
196170601.1933859587 220907.3609390259
197223818.6666756570 224670.7476959229
188745046.8175580204 179857.0172533281
196535081.9210561812 222506.7018966675
200718364.1737462878 231282.5451660156
189032415.8756699264 183118.4657973386
197141620.0356175601 224511.1528625488
197039796.0581001937 224348.6117935181
196989424.7321239412 223964.2153091431
200853690.3796051443 231502.6596679688
189122754.6006685793 183691.8788788449
188673815.8265303075 179713.6540435031
197077415.4627623558 224487.7856216431
188468137.5443692207 177752.5732277073
188523994.1295737624 178335.8316563405
188437774.6843771935 177656.2473057546
189016451.1341022849 182773.8940505125
197014289.7526178062 224193.6735610962
188500123.8689239621 177856.8010268845
200435214.6699876487 231166.1617431641
188469873.6574031115 177839.6003769077
200410859.5033465028 231139.6903076172
200262954.2270515859 231050.3205566406
197309697.0783501267 224956.2679138184
200164375.4887929261 230879.7591552734
200002126.5134186447 230839.2994384766
191039893.4058102965 195368.4708189853
200039797.7315513492 230850.2963867188
188631228.1095947921 179251.0085562803
191171552.5424026847 196179.3341860659
191150731.0534151793 195657.7636599429
191032616.3682708442 192247.1189618893
