121486.0996288947 114891.3325042337
121804.2957532456 114406.6469685409
121486.0996288947 114245.0851233100
121645.1976910702 114891.3325042337
121804.2957532456 114729.7706590028
121645.1976910702 114406.6469685409
121327.0015667193 114729.7706590028
121327.0015667193 114891.3325042337
121486.0996288947 114568.2088137719
121645.1976910702 114568.2088137719
121804.2957532456 114568.2088137719
121645.1976910702 114245.0851233100
121804.2957532456 113921.9614328482
121486.0996288947 114729.7706590028
121804.2957532456 114245.0851233100
127054.5318050351 116668.5128017737
124668.0608724035 115376.0180399264
121804.2957532456 114891.3325042337
121645.1976910702 114729.7706590028
121804.2957532456 114083.5232780791

121486.0996288947 114891.3325042337
121804.2957532456 114406.6469685409
121486.0996288947 114245.0851233100
121645.1976910702 114891.3325042337
121804.2957532456 114729.7706590028
121645.1976910702 114406.6469685409
121327.0015667193 114729.7706590028
121327.0015667193 114891.3325042337
121486.0996288947 114406.6469685409
121645.1976910702 114568.2088137719
121804.2957532456 114568.2088137719
121645.1976910702 114245.0851233100
121804.2957532456 113921.9614328482
121486.0996288947 114729.7706590028
121804.2957532456 114245.0851233100
127054.5318050351 116668.5128017737
124668.0608724035 115376.0180399264
121804.2957532456 114891.3325042337
121645.1976910702 114729.7706590028
121486.0996288947 114568.2088137719

125940.8453698070 114729.7706590028
121327.0015667193 114729.7706590028
122440.6880019474 114245.0851233100
126418.1395563333 114245.0851233100
124986.2569967544 114891.3325042337
120531.5112558421 115537.5798851573
120690.6093180175 117476.3220279282
121963.3938154210 114406.6469685409
126577.2376185088 112952.5903614627
124508.9628102281 114568.2088137719
121804.2957532456 114568.2088137719
124349.8647480526 115860.7035756191
120372.4131936667 117476.3220279282
125463.5511832807 114406.6469685409
121645.1976910702 113437.2758971555
120531.5112558421 113921.9614328482
125145.3550589298 114406.6469685409
124668.0608724035 115860.7035756191
120531.5112558421 116183.8272660810
126577.2376185088 113760.3995876173

125940.8453698070 114729.7706590028
121327.0015667193 114729.7706590028
122440.6880019474 114245.0851233100
126418.1395563333 114245.0851233100
124986.2569967544 114891.3325042337
120531.5112558421 115537.5798851573
120690.6093180175 117476.3220279282
119099.6286962632 113921.9614328482
126577.2376185088 112952.5903614627
124508.9628102281 114568.2088137719
121804.2957532456 114568.2088137719
124349.8647480526 115860.7035756191
120372.4131936667 117476.3220279282
125463.5511832807 114406.6469685409
121645.1976910702 113437.2758971555
120531.5112558421 113921.9614328482
125145.3550589298 114406.6469685409
124668.0608724035 115860.7035756191
120531.5112558421 116183.8272660810
126577.2376185088 113760.3995876173

125940.8453698070 114729.7706590028
121327.0015667193 114729.7706590028
122440.6880019474 114245.0851233100
126418.1395563333 114245.0851233100
124986.2569967544 114891.3325042337
120531.5112558421 115537.5798851573
120690.6093180175 117476.3220279282
126099.9434319825 114245.0851233100
126577.2376185088 112952.5903614627
124508.9628102281 114568.2088137719
121804.2957532456 114568.2088137719
124349.8647480526 115860.7035756191
120372.4131936667 117476.3220279282
127372.7279293860 116506.9509565428
121645.1976910702 113437.2758971555
120531.5112558421 113921.9614328482
125145.3550589298 114406.6469685409
124668.0608724035 115860.7035756191
120531.5112558421 116183.8272660810
126577.2376185088 113760.3995876173

126577.2376185088 116345.3891113118
121327.0015667193 114729.7706590028
122440.6880019474 114245.0851233100
126418.1395563333 114245.0851233100
124986.2569967544 114891.3325042337
120531.5112558421 115537.5798851573
120690.6093180175 117476.3220279282
126099.9434319825 114245.0851233100
126577.2376185088 112952.5903614627
124508.9628102281 114568.2088137719
121804.2957532456 114568.2088137719
124349.8647480526 115860.7035756191
120372.4131936667 117476.3220279282
125463.5511832807 114406.6469685409
121645.1976910702 113437.2758971555
120531.5112558421 113921.9614328482
125145.3550589298 114406.6469685409
124668.0608724035 115860.7035756191
120531.5112558421 116183.8272660810
126577.2376185088 113760.3995876173

125940.8453698070 114729.7706590028
121327.0015667193 114729.7706590028
122440.6880019474 114245.0851233100
126418.1395563333 114245.0851233100
124986.2569967544 114891.3325042337
120531.5112558421 115537.5798851573
120690.6093180175 117476.3220279282
126099.9434319825 114245.0851233100
126577.2376185088 112952.5903614627
124508.9628102281 114568.2088137719
121804.2957532456 114568.2088137719
124349.8647480526 115860.7035756191
120372.4131936667 117476.3220279282
125463.5511832807 114406.6469685409
121645.1976910702 113437.2758971555
120531.5112558421 113921.9614328482
125145.3550589298 114406.6469685409
124668.0608724035 115860.7035756191
120531.5112558421 116183.8272660810
126577.2376185088 113760.3995876173

121486.0996288947 114891.3325042337
121804.2957532456 114406.6469685409
121486.0996288947 114245.0851233100
121645.1976910702 114891.3325042337
121804.2957532456 114729.7706590028
121645.1976910702 114406.6469685409
121327.0015667193 114729.7706590028
121327.0015667193 114891.3325042337
121486.0996288947 114406.6469685409
121645.1976910702 114568.2088137719
121804.2957532456 114568.2088137719
121645.1976910702 114245.0851233100
121804.2957532456 113921.9614328482
121963.3938154210 114083.5232780791
121804.2957532456 114245.0851233100
127054.5318050351 116668.5128017737
124668.0608724035 115376.0180399264
121804.2957532456 114891.3325042337
121645.1976910702 114729.7706590028
121804.2957532456 114083.5232780791

121486.0996288947 114891.3325042337
121804.2957532456 114406.6469685409
121486.0996288947 114245.0851233100
121645.1976910702 114891.3325042337
121804.2957532456 114729.7706590028
121645.1976910702 114406.6469685409
121327.0015667193 114729.7706590028
121804.2957532456 113760.3995876173
121486.0996288947 114406.6469685409
121645.1976910702 114568.2088137719
121804.2957532456 114568.2088137719
121645.1976910702 114245.0851233100
121804.2957532456 113921.9614328482
121486.0996288947 114729.7706590028
121804.2957532456 114245.0851233100
127054.5318050351 116668.5128017737
124668.0608724035 115376.0180399264
121804.2957532456 114891.3325042337
121645.1976910702 114729.7706590028
121804.2957532456 114083.5232780791

121486.0996288947 114891.3325042337
121804.2957532456 114406.6469685409
121486.0996288947 114245.0851233100
121645.1976910702 114891.3325042337
121804.2957532456 114729.7706590028
121645.1976910702 114406.6469685409
121327.0015667193 114729.7706590028
121327.0015667193 114891.3325042337
121486.0996288947 114406.6469685409
121645.1976910702 114568.2088137719
121804.2957532456 114568.2088137719
124349.8647480526 115537.5798851573
121804.2957532456 113921.9614328482
121486.0996288947 114729.7706590028
121804.2957532456 114245.0851233100
127054.5318050351 116668.5128017737
124668.0608724035 115376.0180399264
121804.2957532456 114891.3325042337
121645.1976910702 114729.7706590028
121804.2957532456 114083.5232780791

121486.0996288947 114891.3325042337
121804.2957532456 114406.6469685409
121486.0996288947 114245.0851233100
121645.1976910702 114891.3325042337
121804.2957532456 114729.7706590028
121645.1976910702 114406.6469685409
121327.0015667193 114729.7706590028
121327.0015667193 114891.3325042337
121486.0996288947 114406.6469685409
121645.1976910702 114568.2088137719
121804.2957532456 114568.2088137719
121645.1976910702 114245.0851233100
121804.2957532456 113760.3995876173
121486.0996288947 114729.7706590028
121804.2957532456 114245.0851233100
127054.5318050351 116668.5128017737
124668.0608724035 115376.0180399264
121804.2957532456 114891.3325042337
121645.1976910702 114729.7706590028
121804.2957532456 114083.5232780791

121486.0996288947 114891.3325042337
121804.2957532456 114406.6469685409
121486.0996288947 114245.0851233100
121645.1976910702 114891.3325042337
121804.2957532456 114729.7706590028
121645.1976910702 114406.6469685409
121327.0015667193 114729.7706590028
122122.4918775965 113921.9614328482
121486.0996288947 114406.6469685409
121645.1976910702 114568.2088137719
121804.2957532456 114568.2088137719
121645.1976910702 114245.0851233100
121804.2957532456 113921.9614328482
121486.0996288947 114729.7706590028
121804.2957532456 114245.0851233100
127054.5318050351 116668.5128017737
124668.0608724035 115376.0180399264
121804.2957532456 114891.3325042337
121645.1976910702 114729.7706590028
121804.2957532456 114083.5232780791

121486.0996288947 114891.3325042337
121804.2957532456 114406.6469685409
121486.0996288947 114245.0851233100
121645.1976910702 114891.3325042337
121804.2957532456 114729.7706590028
121645.1976910702 114406.6469685409
121327.0015667193 114729.7706590028
121327.0015667193 114891.3325042337
121486.0996288947 114406.6469685409
121645.1976910702 114568.2088137719
121804.2957532456 114568.2088137719
121645.1976910702 114245.0851233100
121804.2957532456 113921.9614328482
121486.0996288947 114729.7706590028
121804.2957532456 114245.0851233100
127054.5318050351 116668.5128017737
124668.0608724035 115376.0180399264
121804.2957532456 114891.3325042337
121645.1976910702 114729.7706590028
121804.2957532456 114083.5232780791

121486.0996288947 114891.3325042337
121804.2957532456 114406.6469685409
121486.0996288947 114245.0851233100
121645.1976910702 114891.3325042337
121804.2957532456 114729.7706590028
121645.1976910702 114406.6469685409
121327.0015667193 114729.7706590028
121327.0015667193 114891.3325042337
121486.0996288947 114406.6469685409
121645.1976910702 114568.2088137719
121804.2957532456 114568.2088137719
121963.3938154210 113760.3995876173
121804.2957532456 115052.8943494646
121486.0996288947 114729.7706590028
121804.2957532456 114245.0851233100
127054.5318050351 116668.5128017737
124668.0608724035 115376.0180399264
121804.2957532456 114891.3325042337
121645.1976910702 114729.7706590028
121804.2957532456 114083.5232780791

121486.0996288947 114891.3325042337
121804.2957532456 114406.6469685409
121486.0996288947 114245.0851233100
121645.1976910702 114891.3325042337
121804.2957532456 114729.7706590028
121645.1976910702 114406.6469685409
121327.0015667193 114729.7706590028
121327.0015667193 114891.3325042337
121486.0996288947 114406.6469685409
121645.1976910702 114568.2088137719
121804.2957532456 114568.2088137719
121963.3938154210 113921.9614328482
121804.2957532456 115052.8943494646
121486.0996288947 114729.7706590028
121804.2957532456 114245.0851233100
127054.5318050351 116668.5128017737
124668.0608724035 115376.0180399264
121804.2957532456 114891.3325042337
121645.1976910702 114729.7706590028
121804.2957532456 114083.5232780791

121486.0996288947 114891.3325042337
121804.2957532456 114406.6469685409
121486.0996288947 114245.0851233100
121645.1976910702 114891.3325042337
121804.2957532456 114729.7706590028
121645.1976910702 114406.6469685409
121327.0015667193 114729.7706590028
121327.0015667193 114891.3325042337
121486.0996288947 114406.6469685409
121645.1976910702 114568.2088137719
121804.2957532456 114568.2088137719
121804.2957532456 113760.3995876173
121804.2957532456 115052.8943494646
121486.0996288947 114729.7706590028
121804.2957532456 114245.0851233100
127054.5318050351 116668.5128017737
124668.0608724035 115376.0180399264
121804.2957532456 114891.3325042337
121645.1976910702 114729.7706590028
121804.2957532456 114083.5232780791

121486.0996288947 114891.3325042337
121804.2957532456 114406.6469685409
121486.0996288947 114245.0851233100
121645.1976910702 114891.3325042337
121804.2957532456 114729.7706590028
121645.1976910702 114406.6469685409
121327.0015667193 114729.7706590028
121327.0015667193 114891.3325042337
121486.0996288947 114406.6469685409
121645.1976910702 114568.2088137719
121804.2957532456 114568.2088137719
121645.1976910702 114245.0851233100
121486.0996288947 114568.2088137719
121486.0996288947 114729.7706590028
121804.2957532456 114245.0851233100
127054.5318050351 116668.5128017737
124668.0608724035 115376.0180399264
121804.2957532456 114891.3325042337
121645.1976910702 114729.7706590028
121804.2957532456 114083.5232780791

121486.0996288947 114891.3325042337
121804.2957532456 114406.6469685409
121486.0996288947 114245.0851233100
121645.1976910702 114891.3325042337
121804.2957532456 114729.7706590028
121645.1976910702 114406.6469685409
121327.0015667193 114729.7706590028
121327.0015667193 114891.3325042337
121486.0996288947 114406.6469685409
121645.1976910702 114568.2088137719
121804.2957532456 114568.2088137719
121645.1976910702 114245.0851233100
122122.4918775965 114083.5232780791
121486.0996288947 114729.7706590028
121804.2957532456 114245.0851233100
127054.5318050351 116668.5128017737
124668.0608724035 115376.0180399264
121804.2957532456 114891.3325042337
121645.1976910702 114729.7706590028
121804.2957532456 114083.5232780791

121486.0996288947 114891.3325042337
121804.2957532456 114406.6469685409
121486.0996288947 114245.0851233100
121645.1976910702 114891.3325042337
121804.2957532456 114729.7706590028
121645.1976910702 114406.6469685409
121327.0015667193 114729.7706590028
121327.0015667193 114891.3325042337
121327.0015667193 114568.2088137719
121645.1976910702 114568.2088137719
121804.2957532456 114568.2088137719
121645.1976910702 114245.0851233100
121804.2957532456 115052.8943494646
121486.0996288947 114729.7706590028
121804.2957532456 114245.0851233100
121804.2957532456 113921.9614328482
121486.0996288947 114568.2088137719
121804.2957532456 114891.3325042337
121645.1976910702 114729.7706590028
121804.2957532456 114083.5232780791

121486.0996288947 114891.3325042337
121804.2957532456 114406.6469685409
121486.0996288947 114245.0851233100
121645.1976910702 114891.3325042337
121804.2957532456 114729.7706590028
121645.1976910702 114406.6469685409
121327.0015667193 114729.7706590028
121327.0015667193 114891.3325042337
121486.0996288947 114406.6469685409
121645.1976910702 114568.2088137719
121804.2957532456 114568.2088137719
121645.1976910702 114245.0851233100
121804.2957532456 115052.8943494646
121804.2957532456 113921.9614328482
121804.2957532456 114245.0851233100
127054.5318050351 116668.5128017737
124668.0608724035 115376.0180399264
121804.2957532456 114891.3325042337
121645.1976910702 114729.7706590028
121804.2957532456 114083.5232780791

121486.0996288947 114891.3325042337
121804.2957532456 114406.6469685409
121486.0996288947 114245.0851233100
121645.1976910702 114891.3325042337
121804.2957532456 114729.7706590028
121645.1976910702 114406.6469685409
121327.0015667193 114729.7706590028
121327.0015667193 114891.3325042337
121486.0996288947 114406.6469685409
121645.1976910702 114568.2088137719
121804.2957532456 114568.2088137719
121645.1976910702 114245.0851233100
121804.2957532456 115052.8943494646
121486.0996288947 114729.7706590028
121804.2957532456 114245.0851233100
127054.5318050351 116668.5128017737
124668.0608724035 115376.0180399264
121804.2957532456 114891.3325042337
121645.1976910702 114729.7706590028
121804.2957532456 114083.5232780791

121486.0996288947 114891.3325042337
121804.2957532456 114406.6469685409
121486.0996288947 114245.0851233100
121645.1976910702 114891.3325042337
121804.2957532456 114729.7706590028
121645.1976910702 114406.6469685409
121327.0015667193 114729.7706590028
121327.0015667193 114891.3325042337
124668.0608724035 115376.0180399264
121645.1976910702 114568.2088137719
121804.2957532456 114568.2088137719
121645.1976910702 114245.0851233100
121804.2957532456 115052.8943494646
121486.0996288947 114729.7706590028
121804.2957532456 114245.0851233100
121804.2957532456 113921.9614328482
121486.0996288947 114568.2088137719
121804.2957532456 114891.3325042337
121645.1976910702 114729.7706590028
121804.2957532456 114083.5232780791

121486.0996288947 114891.3325042337
121804.2957532456 114406.6469685409
121486.0996288947 114245.0851233100
121645.1976910702 114891.3325042337
121804.2957532456 114729.7706590028
121645.1976910702 114406.6469685409
121327.0015667193 114568.2088137719
121327.0015667193 114891.3325042337
121486.0996288947 114406.6469685409
121645.1976910702 114568.2088137719
121804.2957532456 114568.2088137719
121645.1976910702 114245.0851233100
121804.2957532456 115052.8943494646
121486.0996288947 114729.7706590028
121804.2957532456 114245.0851233100
121804.2957532456 113921.9614328482
121486.0996288947 114568.2088137719
121804.2957532456 114891.3325042337
121645.1976910702 114729.7706590028
121804.2957532456 114083.5232780791

121486.0996288947 114891.3325042337
121804.2957532456 114406.6469685409
121486.0996288947 114245.0851233100
121645.1976910702 114891.3325042337
121804.2957532456 114729.7706590028
121645.1976910702 114406.6469685409
121327.0015667193 114729.7706590028
121327.0015667193 114891.3325042337
121486.0996288947 114406.6469685409
121645.1976910702 114568.2088137719
121804.2957532456 114568.2088137719
121645.1976910702 114245.0851233100
124668.0608724035 115376.0180399264
121486.0996288947 114729.7706590028
121804.2957532456 114245.0851233100
121804.2957532456 113921.9614328482
121486.0996288947 114568.2088137719
121804.2957532456 114891.3325042337
121645.1976910702 114729.7706590028
121804.2957532456 114083.5232780791

121486.0996288947 114891.3325042337
121804.2957532456 114406.6469685409
121486.0996288947 114245.0851233100
121645.1976910702 114891.3325042337
121804.2957532456 114729.7706590028
121645.1976910702 114406.6469685409
121327.0015667193 114729.7706590028
121327.0015667193 114891.3325042337
121486.0996288947 114406.6469685409
121645.1976910702 114568.2088137719
121804.2957532456 114568.2088137719
121645.1976910702 114245.0851233100
121804.2957532456 115052.8943494646
121486.0996288947 114729.7706590028
121804.2957532456 114245.0851233100
121804.2957532456 113760.3995876173
121486.0996288947 114568.2088137719
121804.2957532456 114891.3325042337
121645.1976910702 114729.7706590028
121804.2957532456 114083.5232780791

121486.0996288947 114891.3325042337
121804.2957532456 114406.6469685409
121486.0996288947 114245.0851233100
121645.1976910702 114891.3325042337
121804.2957532456 114729.7706590028
121645.1976910702 114406.6469685409
121327.0015667193 114729.7706590028
121327.0015667193 114891.3325042337
121486.0996288947 114406.6469685409
121645.1976910702 114568.2088137719
121804.2957532456 114568.2088137719
121645.1976910702 114245.0851233100
121804.2957532456 115052.8943494646
121486.0996288947 114729.7706590028
121804.2957532456 114245.0851233100
121804.2957532456 113921.9614328482
121486.0996288947 114568.2088137719
121804.2957532456 114891.3325042337
121645.1976910702 114729.7706590028
124668.0608724035 115376.0180399264

121486.0996288947 114891.3325042337
121804.2957532456 114406.6469685409
121486.0996288947 114245.0851233100
121645.1976910702 114891.3325042337
121804.2957532456 114729.7706590028
121645.1976910702 114406.6469685409
121327.0015667193 114729.7706590028
121327.0015667193 114891.3325042337
121486.0996288947 114406.6469685409
121645.1976910702 114568.2088137719
121804.2957532456 114568.2088137719
121645.1976910702 114245.0851233100
121963.3938154210 114245.0851233100
121486.0996288947 114729.7706590028
121804.2957532456 114245.0851233100
121804.2957532456 113921.9614328482
121486.0996288947 114568.2088137719
121804.2957532456 114891.3325042337
121645.1976910702 114729.7706590028
121804.2957532456 114083.5232780791

121486.0996288947 114891.3325042337
121804.2957532456 114406.6469685409
121486.0996288947 114245.0851233100
121645.1976910702 114891.3325042337
121804.2957532456 114729.7706590028
121645.1976910702 114406.6469685409
121327.0015667193 114729.7706590028
121327.0015667193 114891.3325042337
121486.0996288947 114406.6469685409
121645.1976910702 114568.2088137719
121804.2957532456 114568.2088137719
121645.1976910702 114245.0851233100
121804.2957532456 115052.8943494646
121486.0996288947 114729.7706590028
121804.2957532456 114245.0851233100
121804.2957532456 113921.9614328482
124668.0608724035 115376.0180399264
121804.2957532456 114891.3325042337
121645.1976910702 114729.7706590028
121804.2957532456 114083.5232780791

121486.0996288947 114891.3325042337
121804.2957532456 114406.6469685409
121486.0996288947 114245.0851233100
121645.1976910702 114891.3325042337
121804.2957532456 114729.7706590028
121645.1976910702 114406.6469685409
121327.0015667193 114729.7706590028
121327.0015667193 114891.3325042337
121486.0996288947 114406.6469685409
121645.1976910702 114568.2088137719
121804.2957532456 114568.2088137719
124668.0608724035 115376.0180399264
121804.2957532456 115052.8943494646
121486.0996288947 114729.7706590028
121804.2957532456 114245.0851233100
121804.2957532456 113921.9614328482
121486.0996288947 114568.2088137719
121804.2957532456 114891.3325042337
121645.1976910702 114729.7706590028
121804.2957532456 114083.5232780791

121486.0996288947 114891.3325042337
121804.2957532456 114406.6469685409
121486.0996288947 114245.0851233100
121645.1976910702 114891.3325042337
121804.2957532456 114729.7706590028
121645.1976910702 114406.6469685409
121327.0015667193 114729.7706590028
121327.0015667193 114891.3325042337
121486.0996288947 114406.6469685409
121645.1976910702 114568.2088137719
121804.2957532456 114568.2088137719
121645.1976910702 114245.0851233100
121963.3938154210 114083.5232780791
121486.0996288947 114729.7706590028
121804.2957532456 114245.0851233100
121804.2957532456 113921.9614328482
121486.0996288947 114568.2088137719
121804.2957532456 114891.3325042337
121645.1976910702 114729.7706590028
121804.2957532456 114083.5232780791

121486.0996288947 114891.3325042337
121804.2957532456 114406.6469685409
121486.0996288947 114245.0851233100
121645.1976910702 114891.3325042337
121804.2957532456 114729.7706590028
121645.1976910702 114406.6469685409
121327.0015667193 114729.7706590028
121327.0015667193 114891.3325042337
121486.0996288947 114406.6469685409
121645.1976910702 114568.2088137719
121804.2957532456 114568.2088137719
121645.1976910702 114245.0851233100
121804.2957532456 115052.8943494646
121486.0996288947 114729.7706590028
121804.2957532456 114245.0851233100
121804.2957532456 113921.9614328482
121486.0996288947 114568.2088137719
121804.2957532456 114891.3325042337
121645.1976910702 114729.7706590028
121804.2957532456 114083.5232780791

121486.0996288947 114891.3325042337
121804.2957532456 114406.6469685409
121486.0996288947 114245.0851233100
121645.1976910702 114891.3325042337
121804.2957532456 114729.7706590028
121645.1976910702 114406.6469685409
121327.0015667193 114729.7706590028
121645.1976910702 113921.9614328482
121486.0996288947 114406.6469685409
121645.1976910702 114568.2088137719
121804.2957532456 114568.2088137719
121645.1976910702 114245.0851233100
121327.0015667193 114891.3325042337
121486.0996288947 114729.7706590028
121804.2957532456 114245.0851233100
121804.2957532456 113921.9614328482
121486.0996288947 114568.2088137719
121804.2957532456 114891.3325042337
121645.1976910702 114729.7706590028
121804.2957532456 114083.5232780791

121486.0996288947 114891.3325042337
121804.2957532456 114406.6469685409
121486.0996288947 114245.0851233100
121645.1976910702 114891.3325042337
121804.2957532456 114729.7706590028
121645.1976910702 114406.6469685409
121327.0015667193 114729.7706590028
121645.1976910702 113921.9614328482
121486.0996288947 114406.6469685409
121645.1976910702 114568.2088137719
121804.2957532456 114568.2088137719
121645.1976910702 114245.0851233100
121963.3938154210 113921.9614328482
121486.0996288947 114729.7706590028
121804.2957532456 114245.0851233100
121804.2957532456 113921.9614328482
121486.0996288947 114568.2088137719
121804.2957532456 114891.3325042337
121645.1976910702 114729.7706590028
121804.2957532456 114083.5232780791

121486.0996288947 114891.3325042337
121804.2957532456 114406.6469685409
121486.0996288947 114245.0851233100
121645.1976910702 114891.3325042337
121804.2957532456 114729.7706590028
121645.1976910702 114406.6469685409
121327.0015667193 114729.7706590028
124668.0608724035 115376.0180399264
121486.0996288947 114406.6469685409
121645.1976910702 114568.2088137719
121804.2957532456 114568.2088137719
121645.1976910702 114245.0851233100
121804.2957532456 115052.8943494646
121486.0996288947 114729.7706590028
121804.2957532456 114245.0851233100
121804.2957532456 113921.9614328482
121486.0996288947 114568.2088137719
121804.2957532456 114891.3325042337
121645.1976910702 114729.7706590028
121804.2957532456 114083.5232780791

121486.0996288947 114891.3325042337
121804.2957532456 114406.6469685409
121486.0996288947 114245.0851233100
121645.1976910702 114891.3325042337
121804.2957532456 114729.7706590028
121645.1976910702 114406.6469685409
121327.0015667193 114729.7706590028
121963.3938154210 114245.0851233100
121486.0996288947 114406.6469685409
121645.1976910702 114568.2088137719
121804.2957532456 114568.2088137719
121645.1976910702 114245.0851233100
121804.2957532456 115052.8943494646
121486.0996288947 114729.7706590028
121804.2957532456 114245.0851233100
121804.2957532456 113921.9614328482
121486.0996288947 114568.2088137719
121804.2957532456 114891.3325042337
121645.1976910702 114729.7706590028
124668.0608724035 115376.0180399264

121486.0996288947 114891.3325042337
121804.2957532456 114406.6469685409
121486.0996288947 114245.0851233100
121645.1976910702 114891.3325042337
121804.2957532456 114729.7706590028
121645.1976910702 114406.6469685409
121327.0015667193 114729.7706590028
121963.3938154210 114245.0851233100
121486.0996288947 114406.6469685409
121645.1976910702 114568.2088137719
121804.2957532456 114568.2088137719
121645.1976910702 114245.0851233100
121963.3938154210 113921.9614328482
121486.0996288947 114729.7706590028
121804.2957532456 114245.0851233100
121645.1976910702 113921.9614328482
121486.0996288947 114568.2088137719
121804.2957532456 114891.3325042337
121645.1976910702 114729.7706590028
121804.2957532456 114083.5232780791

127054.5318050351 116506.9509565428
121804.2957532456 114406.6469685409
121804.2957532456 113921.9614328482
121645.1976910702 114891.3325042337
121804.2957532456 115052.8943494646
121645.1976910702 114406.6469685409
121963.3938154210 114406.6469685409
121963.3938154210 114729.7706590028
121486.0996288947 114406.6469685409
121645.1976910702 114568.2088137719
121804.2957532456 114568.2088137719
121963.3938154210 114245.0851233100
124508.9628102281 115376.0180399264
126736.3356806842 113760.3995876173
121804.2957532456 114245.0851233100
121327.0015667193 114245.0851233100
121486.0996288947 114568.2088137719
121804.2957532456 114891.3325042337
121645.1976910702 114729.7706590028
121327.0015667193 114891.3325042337

127054.5318050351 116506.9509565428
121804.2957532456 114406.6469685409
121645.1976910702 113760.3995876173
121645.1976910702 114891.3325042337
121804.2957532456 115052.8943494646
121645.1976910702 114406.6469685409
121963.3938154210 114406.6469685409
121963.3938154210 114729.7706590028
121486.0996288947 114406.6469685409
121645.1976910702 114568.2088137719
121804.2957532456 114568.2088137719
121963.3938154210 114245.0851233100
124508.9628102281 115376.0180399264
120531.5112558421 116991.6364922355
121804.2957532456 114245.0851233100
121327.0015667193 114245.0851233100
121486.0996288947 114568.2088137719
121804.2957532456 114891.3325042337
121645.1976910702 114729.7706590028
121327.0015667193 114891.3325042337

127054.5318050351 116506.9509565428
121804.2957532456 114406.6469685409
121645.1976910702 113760.3995876173
126895.4337428596 114568.2088137719
121804.2957532456 113437.2758971555
121645.1976910702 114406.6469685409
121963.3938154210 114406.6469685409
121963.3938154210 114729.7706590028
121486.0996288947 114406.6469685409
121645.1976910702 114568.2088137719
121804.2957532456 114568.2088137719
121963.3938154210 114245.0851233100
124508.9628102281 115376.0180399264
121486.0996288947 114729.7706590028
121804.2957532456 114245.0851233100
121327.0015667193 114245.0851233100
121486.0996288947 114568.2088137719
121804.2957532456 114891.3325042337
121645.1976910702 114729.7706590028
121327.0015667193 114891.3325042337

127054.5318050351 116506.9509565428
121804.2957532456 114406.6469685409
121645.1976910702 113760.3995876173
121645.1976910702 114891.3325042337
121804.2957532456 113437.2758971555
121645.1976910702 114406.6469685409
121963.3938154210 114406.6469685409
121963.3938154210 114729.7706590028
126577.2376185088 116506.9509565428
121645.1976910702 114568.2088137719
121804.2957532456 114568.2088137719
121963.3938154210 114245.0851233100
124508.9628102281 115376.0180399264
121486.0996288947 114729.7706590028
121804.2957532456 114245.0851233100
121327.0015667193 114245.0851233100
121486.0996288947 114568.2088137719
121804.2957532456 114891.3325042337
121645.1976910702 114729.7706590028
121327.0015667193 114891.3325042337

127054.5318050351 116506.9509565428
121804.2957532456 114406.6469685409
121645.1976910702 113760.3995876173
121645.1976910702 114891.3325042337
121804.2957532456 113437.2758971555
121645.1976910702 114406.6469685409
121963.3938154210 114406.6469685409
121963.3938154210 114729.7706590028
121486.0996288947 114406.6469685409
121645.1976910702 114568.2088137719
121804.2957532456 114568.2088137719
121963.3938154210 114245.0851233100
124508.9628102281 115376.0180399264
119417.8248206140 114083.5232780791
121804.2957532456 114245.0851233100
121327.0015667193 114245.0851233100
121486.0996288947 114568.2088137719
121804.2957532456 114891.3325042337
121645.1976910702 114729.7706590028
121327.0015667193 114891.3325042337

127054.5318050351 116506.9509565428
121804.2957532456 114406.6469685409
124668.0608724035 114729.7706590028
121645.1976910702 114245.0851233100
121327.0015667193 114406.6469685409
121645.1976910702 114406.6469685409
121963.3938154210 113921.9614328482
121963.3938154210 114729.7706590028
121963.3938154210 115052.8943494646
121645.1976910702 114568.2088137719
121804.2957532456 114568.2088137719
121963.3938154210 114245.0851233100
124508.9628102281 115376.0180399264
121486.0996288947 114729.7706590028
121804.2957532456 113114.1522066937
122122.4918775965 113921.9614328482
121486.0996288947 114568.2088137719
121804.2957532456 114891.3325042337
121645.1976910702 114729.7706590028
121645.1976910702 113921.9614328482

127054.5318050351 116506.9509565428
121804.2957532456 114406.6469685409
124668.0608724035 114729.7706590028
121645.1976910702 114245.0851233100
121327.0015667193 114406.6469685409
121645.1976910702 114406.6469685409
121963.3938154210 113921.9614328482
121963.3938154210 114729.7706590028
126418.1395563333 113921.9614328482
121645.1976910702 114568.2088137719
121804.2957532456 114568.2088137719
121963.3938154210 114245.0851233100
124508.9628102281 115376.0180399264
121486.0996288947 114729.7706590028
121963.3938154210 113598.8377423864
122122.4918775965 113921.9614328482
121486.0996288947 114568.2088137719
121804.2957532456 114891.3325042337
121645.1976910702 114729.7706590028
121645.1976910702 113921.9614328482

127054.5318050351 116506.9509565428
121804.2957532456 114406.6469685409
124668.0608724035 114729.7706590028
121645.1976910702 114245.0851233100
121327.0015667193 114406.6469685409
121645.1976910702 114406.6469685409
127531.8259915614 116668.5128017737
121963.3938154210 114729.7706590028
121963.3938154210 115052.8943494646
121645.1976910702 114568.2088137719
121804.2957532456 114568.2088137719
121963.3938154210 114245.0851233100
124508.9628102281 115376.0180399264
121486.0996288947 114729.7706590028
121963.3938154210 113598.8377423864
122122.4918775965 113921.9614328482
121486.0996288947 114568.2088137719
121804.2957532456 114891.3325042337
121645.1976910702 114729.7706590028
121645.1976910702 113921.9614328482

127054.5318050351 116506.9509565428
121804.2957532456 114406.6469685409
124668.0608724035 114729.7706590028
121645.1976910702 114245.0851233100
121327.0015667193 114406.6469685409
124508.9628102281 113598.8377423864
121963.3938154210 113921.9614328482
121963.3938154210 114729.7706590028
121963.3938154210 115052.8943494646
121645.1976910702 114568.2088137719
121804.2957532456 114568.2088137719
121963.3938154210 114245.0851233100
124508.9628102281 115376.0180399264
121486.0996288947 114729.7706590028
121963.3938154210 113598.8377423864
122122.4918775965 113921.9614328482
121486.0996288947 114568.2088137719
124827.1589345789 115052.8943494646
121645.1976910702 114729.7706590028
121645.1976910702 113921.9614328482

127054.5318050351 116506.9509565428
121804.2957532456 114406.6469685409
124668.0608724035 114729.7706590028
121645.1976910702 114245.0851233100
121327.0015667193 114406.6469685409
121645.1976910702 114406.6469685409
121963.3938154210 113921.9614328482
121963.3938154210 114729.7706590028
121963.3938154210 115052.8943494646
121645.1976910702 114568.2088137719
121804.2957532456 114568.2088137719
121963.3938154210 114245.0851233100
124508.9628102281 115376.0180399264
121486.0996288947 114729.7706590028
121963.3938154210 113598.8377423864
122122.4918775965 113921.9614328482
121486.0996288947 114568.2088137719
124827.1589345789 115052.8943494646
121645.1976910702 114729.7706590028
120849.7073801930 117961.0075636210

124508.9628102281 115699.1417303882
121167.9035045439 114729.7706590028
122281.5899397719 114245.0851233100
121645.1976910702 114245.0851233100
121327.0015667193 114406.6469685409
121645.1976910702 114406.6469685409
126895.4337428596 115860.7035756191
121963.3938154210 114729.7706590028
121963.3938154210 115052.8943494646
121645.1976910702 114568.2088137719
121804.2957532456 114568.2088137719
121963.3938154210 114245.0851233100
124508.9628102281 115376.0180399264
121486.0996288947 114729.7706590028
121963.3938154210 113598.8377423864
122122.4918775965 113921.9614328482
121963.3938154210 114568.2088137719
126577.2376185088 113275.7140519246
121645.1976910702 114729.7706590028
121645.1976910702 112952.5903614627

124508.9628102281 115699.1417303882
121167.9035045439 114729.7706590028
122281.5899397719 114245.0851233100
121645.1976910702 114245.0851233100
121327.0015667193 114406.6469685409
121645.1976910702 114406.6469685409
121963.3938154210 113921.9614328482
121963.3938154210 114729.7706590028
121963.3938154210 115052.8943494646
121645.1976910702 114568.2088137719
121804.2957532456 114568.2088137719
121963.3938154210 114245.0851233100
124508.9628102281 115376.0180399264
121486.0996288947 114729.7706590028
126895.4337428596 115860.7035756191
122122.4918775965 113921.9614328482
121963.3938154210 114568.2088137719
126577.2376185088 113275.7140519246
121645.1976910702 114729.7706590028
121645.1976910702 112952.5903614627

124508.9628102281 115699.1417303882
121167.9035045439 114729.7706590028
122122.4918775965 113760.3995876173
121645.1976910702 114245.0851233100
121327.0015667193 114406.6469685409
121645.1976910702 114406.6469685409
121963.3938154210 113921.9614328482
121963.3938154210 114729.7706590028
124190.7666858772 115537.5798851573
121645.1976910702 114568.2088137719
121804.2957532456 114568.2088137719
121963.3938154210 114245.0851233100
124508.9628102281 115376.0180399264
121486.0996288947 114729.7706590028
121963.3938154210 113598.8377423864
122122.4918775965 113921.9614328482
121963.3938154210 114568.2088137719
126577.2376185088 113275.7140519246
127054.5318050351 116668.5128017737
121645.1976910702 112952.5903614627

124508.9628102281 115699.1417303882
121167.9035045439 114729.7706590028
121327.0015667193 113437.2758971555
121645.1976910702 114245.0851233100
121327.0015667193 114406.6469685409
121645.1976910702 114406.6469685409
121963.3938154210 113921.9614328482
121963.3938154210 114729.7706590028
124190.7666858772 115537.5798851573
121645.1976910702 114568.2088137719
121804.2957532456 114568.2088137719
121963.3938154210 114245.0851233100
124508.9628102281 115376.0180399264
121486.0996288947 114729.7706590028
121963.3938154210 113598.8377423864
122122.4918775965 113921.9614328482
121963.3938154210 114568.2088137719
126577.2376185088 113275.7140519246
121645.1976910702 114729.7706590028
121645.1976910702 112952.5903614627

124508.9628102281 115699.1417303882
121167.9035045439 114729.7706590028
121327.0015667193 113437.2758971555
121645.1976910702 114245.0851233100
121327.0015667193 114406.6469685409
121645.1976910702 114406.6469685409
121963.3938154210 113921.9614328482
121963.3938154210 114729.7706590028
124190.7666858772 115537.5798851573
121645.1976910702 114568.2088137719
121804.2957532456 114568.2088137719
121963.3938154210 114245.0851233100
124508.9628102281 115376.0180399264
121486.0996288947 114729.7706590028
120213.3151314912 116668.5128017737
122122.4918775965 113921.9614328482
121963.3938154210 114568.2088137719
126577.2376185088 113275.7140519246
127054.5318050351 116668.5128017737
121645.1976910702 112952.5903614627

124508.9628102281 115699.1417303882
121167.9035045439 114729.7706590028
121327.0015667193 113437.2758971555
121645.1976910702 114245.0851233100
121327.0015667193 114406.6469685409
121645.1976910702 114406.6469685409
121963.3938154210 113921.9614328482
121963.3938154210 114729.7706590028
124190.7666858772 115537.5798851573
121645.1976910702 114568.2088137719
121804.2957532456 114568.2088137719
121963.3938154210 114245.0851233100
124508.9628102281 115376.0180399264
121486.0996288947 114729.7706590028
121963.3938154210 113598.8377423864
122122.4918775965 113921.9614328482
121963.3938154210 114568.2088137719
126577.2376185088 113275.7140519246
127054.5318050351 116668.5128017737
127372.7279293860 116506.9509565428

124508.9628102281 115699.1417303882
121167.9035045439 114729.7706590028
121327.0015667193 113437.2758971555
121645.1976910702 114245.0851233100
121327.0015667193 114406.6469685409
121645.1976910702 114406.6469685409
121963.3938154210 113921.9614328482
121963.3938154210 114729.7706590028
124190.7666858772 115537.5798851573
121645.1976910702 114568.2088137719
121804.2957532456 114568.2088137719
121963.3938154210 114245.0851233100
124508.9628102281 115376.0180399264
121486.0996288947 114729.7706590028
121963.3938154210 113598.8377423864
122122.4918775965 113921.9614328482
121963.3938154210 114568.2088137719
126577.2376185088 113275.7140519246
127054.5318050351 116668.5128017737
121645.1976910702 112952.5903614627

124508.9628102281 115699.1417303882
121167.9035045439 114729.7706590028
120054.2170693158 116506.9509565428
121645.1976910702 114245.0851233100
121327.0015667193 114406.6469685409
121645.1976910702 114406.6469685409
121963.3938154210 113921.9614328482
121963.3938154210 114729.7706590028
124190.7666858772 115537.5798851573
121645.1976910702 114568.2088137719
121804.2957532456 114568.2088137719
121963.3938154210 114245.0851233100
124668.0608724035 115052.8943494646
121486.0996288947 114729.7706590028
121963.3938154210 113598.8377423864
122122.4918775965 113921.9614328482
121645.1976910702 113760.3995876173
126577.2376185088 113275.7140519246
127054.5318050351 116668.5128017737
121645.1976910702 112952.5903614627

124508.9628102281 115699.1417303882
121167.9035045439 114729.7706590028
120531.5112558421 115537.5798851573
121645.1976910702 114245.0851233100
121327.0015667193 114406.6469685409
121645.1976910702 114406.6469685409
121963.3938154210 113921.9614328482
121963.3938154210 114729.7706590028
124190.7666858772 115537.5798851573
121645.1976910702 114568.2088137719
121804.2957532456 114568.2088137719
121963.3938154210 114245.0851233100
124668.0608724035 115052.8943494646
121486.0996288947 114729.7706590028
127531.8259915614 116668.5128017737
122122.4918775965 113921.9614328482
121645.1976910702 113760.3995876173
126577.2376185088 113275.7140519246
127054.5318050351 116668.5128017737
121645.1976910702 112952.5903614627

124508.9628102281 115699.1417303882
121167.9035045439 114729.7706590028
120531.5112558421 115537.5798851573
121645.1976910702 114245.0851233100
121327.0015667193 114406.6469685409
121645.1976910702 114406.6469685409
121327.0015667193 113760.3995876173
121963.3938154210 114729.7706590028
120213.3151314912 116830.0746470046
121645.1976910702 114568.2088137719
121804.2957532456 114568.2088137719
121963.3938154210 114245.0851233100
124668.0608724035 115052.8943494646
121486.0996288947 114729.7706590028
121963.3938154210 113598.8377423864
122122.4918775965 113921.9614328482
121645.1976910702 113760.3995876173
126577.2376185088 113275.7140519246
127054.5318050351 116668.5128017737
121645.1976910702 112952.5903614627

124508.9628102281 115699.1417303882
121167.9035045439 114729.7706590028
120531.5112558421 115537.5798851573
121645.1976910702 114245.0851233100
121327.0015667193 114406.6469685409
121645.1976910702 114406.6469685409
126418.1395563333 116506.9509565428
121963.3938154210 114729.7706590028
120213.3151314912 116830.0746470046
121645.1976910702 114568.2088137719
121804.2957532456 114568.2088137719
121963.3938154210 114245.0851233100
124668.0608724035 115052.8943494646
121486.0996288947 114729.7706590028
121963.3938154210 113598.8377423864
122122.4918775965 113921.9614328482
121645.1976910702 113760.3995876173
126577.2376185088 113275.7140519246
127054.5318050351 116668.5128017737
121645.1976910702 112952.5903614627

124508.9628102281 115699.1417303882
121167.9035045439 114729.7706590028
120531.5112558421 115537.5798851573
121645.1976910702 114245.0851233100
121327.0015667193 114406.6469685409
121645.1976910702 114406.6469685409
121486.0996288947 113598.8377423864
121963.3938154210 114729.7706590028
120213.3151314912 116830.0746470046
121645.1976910702 114568.2088137719
121804.2957532456 114568.2088137719
121963.3938154210 114245.0851233100
124668.0608724035 115052.8943494646
121486.0996288947 114729.7706590028
121963.3938154210 113598.8377423864
122122.4918775965 113921.9614328482
121645.1976910702 113760.3995876173
126577.2376185088 113275.7140519246
127054.5318050351 116668.5128017737
121645.1976910702 112952.5903614627

124508.9628102281 115699.1417303882
121167.9035045439 114729.7706590028
120531.5112558421 115537.5798851573
121645.1976910702 114245.0851233100
121327.0015667193 114406.6469685409
121645.1976910702 114406.6469685409
121486.0996288947 113598.8377423864
121963.3938154210 114729.7706590028
120213.3151314912 116830.0746470046
121645.1976910702 114568.2088137719
121804.2957532456 114568.2088137719
124668.0608724035 114406.6469685409
124668.0608724035 115052.8943494646
121486.0996288947 114729.7706590028
124668.0608724035 113598.8377423864
122122.4918775965 113921.9614328482
121645.1976910702 113760.3995876173
126577.2376185088 113275.7140519246
127054.5318050351 116668.5128017737
121645.1976910702 112952.5903614627

124508.9628102281 115699.1417303882
121167.9035045439 114729.7706590028
120531.5112558421 115537.5798851573
121963.3938154210 113921.9614328482
121327.0015667193 114406.6469685409
121645.1976910702 114406.6469685409
121486.0996288947 113598.8377423864
121963.3938154210 114729.7706590028
120213.3151314912 116830.0746470046
121645.1976910702 114568.2088137719
121804.2957532456 114568.2088137719
124668.0608724035 114406.6469685409
124668.0608724035 115052.8943494646
121486.0996288947 114729.7706590028
121963.3938154210 113598.8377423864
122122.4918775965 113921.9614328482
121645.1976910702 113760.3995876173
126577.2376185088 113275.7140519246
127054.5318050351 116668.5128017737
121645.1976910702 112952.5903614627

124508.9628102281 115699.1417303882
121167.9035045439 114729.7706590028
120531.5112558421 115537.5798851573
126736.3356806842 114245.0851233100
121327.0015667193 114406.6469685409
121645.1976910702 114406.6469685409
121486.0996288947 113598.8377423864
121963.3938154210 114729.7706590028
125145.3550589298 114406.6469685409
121645.1976910702 114568.2088137719
121804.2957532456 114568.2088137719
120531.5112558421 116991.6364922355
124668.0608724035 115052.8943494646
121486.0996288947 114729.7706590028
121963.3938154210 113598.8377423864
122122.4918775965 113921.9614328482
124668.0608724035 115376.0180399264
126577.2376185088 113275.7140519246
127054.5318050351 116668.5128017737
121645.1976910702 112952.5903614627

124508.9628102281 115699.1417303882
121167.9035045439 114729.7706590028
120531.5112558421 115537.5798851573
124508.9628102281 114729.7706590028
124986.2569967544 115860.7035756191
121645.1976910702 114406.6469685409
121486.0996288947 113598.8377423864
121963.3938154210 114729.7706590028
125145.3550589298 114406.6469685409
122440.6880019474 113275.7140519246
121804.2957532456 114568.2088137719
120531.5112558421 116991.6364922355
124668.0608724035 115052.8943494646
121486.0996288947 114729.7706590028
121963.3938154210 113598.8377423864
126418.1395563333 113760.3995876173
124668.0608724035 115376.0180399264
126577.2376185088 113275.7140519246
127054.5318050351 116668.5128017737
121645.1976910702 112952.5903614627

124508.9628102281 115699.1417303882
121167.9035045439 114729.7706590028
120531.5112558421 115537.5798851573
124508.9628102281 114729.7706590028
124986.2569967544 115860.7035756191
121645.1976910702 114406.6469685409
121486.0996288947 113598.8377423864
121963.3938154210 114729.7706590028
125145.3550589298 114406.6469685409
121645.1976910702 114568.2088137719
121804.2957532456 114568.2088137719
120531.5112558421 116991.6364922355
124668.0608724035 115052.8943494646
121486.0996288947 114729.7706590028
121963.3938154210 113598.8377423864
126418.1395563333 113760.3995876173
126099.9434319825 113760.3995876173
126577.2376185088 113275.7140519246
127054.5318050351 116668.5128017737
121645.1976910702 112952.5903614627

124508.9628102281 115699.1417303882
121167.9035045439 114729.7706590028
120531.5112558421 115537.5798851573
124508.9628102281 114729.7706590028
124986.2569967544 115860.7035756191
121645.1976910702 114406.6469685409
121486.0996288947 113598.8377423864
121963.3938154210 114729.7706590028
125145.3550589298 114406.6469685409
120372.4131936667 115699.1417303882
121804.2957532456 114568.2088137719
120531.5112558421 116991.6364922355
127690.9240537368 116506.9509565428
121486.0996288947 114729.7706590028
121963.3938154210 113598.8377423864
126418.1395563333 113760.3995876173
124668.0608724035 115376.0180399264
126577.2376185088 113275.7140519246
127054.5318050351 116668.5128017737
121645.1976910702 112952.5903614627

121167.9035045439 113598.8377423864
126895.4337428596 113921.9614328482
120531.5112558421 115537.5798851573
122758.8841262982 113760.3995876173
124986.2569967544 115860.7035756191
121645.1976910702 114406.6469685409
121486.0996288947 113598.8377423864
121963.3938154210 114729.7706590028
125145.3550589298 114406.6469685409
127054.5318050351 116022.2654208500
121804.2957532456 114568.2088137719
120531.5112558421 116991.6364922355
127690.9240537368 116506.9509565428
121486.0996288947 114729.7706590028
121963.3938154210 113598.8377423864
126418.1395563333 113760.3995876173
124668.0608724035 115376.0180399264
125304.4531211053 114083.5232780791
120054.2170693158 116830.0746470046
121645.1976910702 112952.5903614627

121167.9035045439 113598.8377423864
126895.4337428596 113921.9614328482
120531.5112558421 115537.5798851573
124508.9628102281 114729.7706590028
121327.0015667193 113114.1522066937
121645.1976910702 114406.6469685409
121486.0996288947 113598.8377423864
121963.3938154210 114729.7706590028
125145.3550589298 114406.6469685409
127054.5318050351 116022.2654208500
121804.2957532456 114568.2088137719
120531.5112558421 116991.6364922355
127690.9240537368 116506.9509565428
121486.0996288947 114729.7706590028
121963.3938154210 113598.8377423864
126418.1395563333 113760.3995876173
124668.0608724035 115376.0180399264
125304.4531211053 114083.5232780791
120054.2170693158 116830.0746470046
121645.1976910702 112952.5903614627

127372.7279293860 116668.5128017737
126895.4337428596 113921.9614328482
120531.5112558421 115537.5798851573
124508.9628102281 114729.7706590028
124986.2569967544 115860.7035756191
121645.1976910702 114406.6469685409
121486.0996288947 113598.8377423864
121963.3938154210 114729.7706590028
125145.3550589298 114406.6469685409
127054.5318050351 116022.2654208500
121804.2957532456 114568.2088137719
120531.5112558421 116991.6364922355
127690.9240537368 116506.9509565428
121486.0996288947 114729.7706590028
121963.3938154210 113598.8377423864
126418.1395563333 113760.3995876173
124668.0608724035 115376.0180399264
125304.4531211053 114083.5232780791
120054.2170693158 116830.0746470046
121645.1976910702 112952.5903614627

121167.9035045439 113598.8377423864
126895.4337428596 113921.9614328482
120531.5112558421 115537.5798851573
124508.9628102281 114729.7706590028
119258.7267584386 112952.5903614627
121645.1976910702 114406.6469685409
121486.0996288947 113598.8377423864
121963.3938154210 114729.7706590028
125145.3550589298 114406.6469685409
127054.5318050351 116022.2654208500
121804.2957532456 114568.2088137719
120531.5112558421 116991.6364922355
127690.9240537368 116506.9509565428
121486.0996288947 114729.7706590028
121963.3938154210 113598.8377423864
126418.1395563333 113760.3995876173
124668.0608724035 115376.0180399264
125304.4531211053 114083.5232780791
120054.2170693158 116830.0746470046
121645.1976910702 112952.5903614627

121167.9035045439 113598.8377423864
126895.4337428596 113921.9614328482
120531.5112558421 115537.5798851573
124508.9628102281 114729.7706590028
124827.1589345789 113275.7140519246
121645.1976910702 114406.6469685409
121486.0996288947 113598.8377423864
121008.8054423684 114406.6469685409
125145.3550589298 114406.6469685409
127054.5318050351 116022.2654208500
121804.2957532456 114568.2088137719
120531.5112558421 116991.6364922355
127690.9240537368 116506.9509565428
121486.0996288947 114729.7706590028
121963.3938154210 113598.8377423864
126418.1395563333 113760.3995876173
124668.0608724035 115376.0180399264
125304.4531211053 114083.5232780791
120054.2170693158 116830.0746470046
121645.1976910702 112952.5903614627

