49216071.4145969599 19685.4877624512
40610053.5965532959 5037.8827358237
40583644.4680872336 4162.5263527385
49605370.3588639200 20224.5665893555
40847377.2807045802 6824.2885759920
40793751.6726445109 6734.5629679910
48913056.0542337820 19514.9599761963
49480697.1673389971 19871.8471679688
40593960.3983857259 4226.3885355941
40638088.7400501519 5039.0777462474
49266763.3761523068 19721.0647888184
40555815.9383868575 4130.3289299957
40668501.5109751374 5821.4383921376
40662460.1540351585 5128.7533540726
40565925.2548888624 4147.2578459582
40653471.1782119274 5046.1122536659
40544211.3215328678 4125.9531703941
40549503.6858203709 4126.4271979406
40742039.3169459030 5886.8628080986
40594794.8154007420 4889.2214611992
40591832.2837028950 4190.3210277632
40606332.8090356439 5013.2790294639
40770653.6568860039 6616.2658890388
40598726.5604598299 4891.5973620415
40779566.7194558978 6708.8931213520
49155941.4237893745 19660.9078369141
40748751.5087742135 5925.2085948936
40645972.5693864897 5045.7038963786
49384305.5049115419 19842.5517578125
40602870.7064662874 4910.9967801869
40762239.1607211456 5925.6850457191
41054243.5295900926 6837.1381603233
41091158.8452858254 7038.1304292679
41091470.4274171665 7730.8154673330
41078074.6137415022 6946.4003582001
41059476.9839226231 6853.3535417072
41250003.6361052319 7767.9732850268
41470465.8992205858 7820.3419127464
41620935.4616402909 7945.2609753907
41484307.5637190789 7889.3649531491
41797099.1258630604 8732.2714781761
41728496.6484268829 8689.0302773416
41833789.9158801660 8811.1963139474
41845170.4238543659 8913.9492112100
42381814.5169004351 9031.4959692731
42159634.5583570898 8992.2133711725
42589726.2394002527 9950.4594655335
42503576.6377441958 9209.3041844666
42555192.1919213161 9942.4907563031
42492677.6533908173 9190.6776969731
42799231.8788389489 11043.0511710942
42666747.9921506345 10862.0202243626
42649403.8806100935 10102.6072624028
42740117.3289020434 11011.3540248871
42892474.6641974673 11800.4899349213
43050703.0329466239 12698.3944412470
43172579.4101723060 12878.5157604218
42994317.9872859940 11877.6712136269
43560616.3991940394 13591.3995280517
43361188.0036493465 13403.8341212273
43659312.5156633332 14390.4490709305
44649489.1832324937 14983.4427146912
44360674.8396793604 14637.5098714828
44741809.2667033672 15215.9460334778
45530961.6111007184 15781.5538015366
45231340.8332116753 15389.5313396454
45053482.2556435093 15324.1843147278
45373511.3943711296 15773.3356008530
45631944.5294407830 16384.0029678345
