47832966.9362414107 19383.3343200684
48062813.2293479070 19832.6326293945
47960544.2241679206 19487.1064758301
48433147.4984175786 19913.1324462891
48495032.0496418700 20224.5665893555
40844055.0508174896 6855.8524293057
40593223.2386308834 4895.6008095741
40941948.7514125407 7706.7628352642
40907625.6321616247 7552.6702906839
40804621.9042631313 6819.2792469612
40780478.5391875654 6735.1885799072
40868325.8805826455 7528.1954544685
40738673.9744706973 6640.7407252542
40646520.9225203767 5046.1122536659
40558812.1131315827 4131.1504600844
40610053.5965532959 5037.8827358237
40583644.4680872336 4162.5263527385
40638088.7400501519 5039.0777462474
40555815.9383868575 4130.3289299957
40668501.5109751374 5821.4383921376
40662460.1540351585 5128.7533540726
40565925.2548888624 4147.2578459582
40544211.3215328678 4125.9531703941
40549503.6858203709 4126.4271979406
40591832.2837028950 4190.3210277632
40606332.8090356439 5013.2790294639
40779566.7194558978 6708.8931213520
40645972.5693864897 5045.7038963786
40602870.7064662874 4910.9967801869
41091470.4274171665 7730.8154673330
41250003.6361052319 7767.9732850268
41470465.8992205858 7820.3419127464
41620935.4616402909 7945.2609753907
41484307.5637190789 7889.3649531491
41797099.1258630604 8732.2714781761
41728496.6484268829 8689.0302773416
41833789.9158801660 8811.1963139474
41845170.4238543659 8913.9492112100
42381814.5169004351 9031.4959692731
42159634.5583570898 8992.2133711725
42589726.2394002527 9950.4594655335
42503576.6377441958 9209.3041844666
42555192.1919213161 9942.4907563031
42492677.6533908173 9190.6776969731
42799231.8788389489 11043.0511710942
42666747.9921506345 10862.0202243626
42649403.8806100935 10102.6072624028
42740117.3289020434 11011.3540248871
42892474.6641974673 11800.4899349213
43050703.0329466239 12698.3944412470
43172579.4101723060 12878.5157604218
42994317.9872859940 11877.6712136269
43560616.3991940394 13591.3995280517
43361188.0036493465 13403.8341212273
43659312.5156633332 14390.4490709305
44649489.1832324937 14983.4427146912
44360674.8396793604 14637.5098714828
44741809.2667033672 15215.9460334778
45530961.6111007184 15781.5538015366
45231340.8332116753 15389.5313396454
45053482.2556435093 15324.1843147278
45373511.3943711296 15773.3356008530
45631944.5294407830 16384.0029678345
