41275030.9478146210 19233.8411474694
48162628.2754570991 43320.4223175049
41361580.4458089396 21078.9562466666
41336824.6823839247 21074.0975569785
40740794.6264140382 12965.0850829184
41380163.8905800059 21091.0115701258
48275047.9910279959 43643.5272827148
48361675.2150477543 43913.8433837891
48387177.6928785965 45104.8627929688
40908610.6880944371 15028.2174615860
41537710.8354737535 23058.4895400107
41469739.0141669810 21433.3559340537
40877724.2515462860 15003.9365587234
41297751.0556131601 19412.7652358115
40768286.4136913270 13140.5326404572
41403329.7772886530 21324.8279784620
40671169.6174815819 10990.0560131073
40741342.0809771419 13023.1978588104
40839400.0006044358 14974.6720198691
41235952.0472054258 19073.8735332489
41516281.1299617961 21551.1741838455
41466397.6729201674 21353.5917128623
41262896.3799196035 19191.2083148956
41540795.2381787971 23087.7540788651
41578835.8161228672 23112.0980923697
41508981.4322319999 21512.5564040244
40795225.2940913811 13171.4434957504
41328895.2221878991 19488.7677992880
41478221.5589840263 21462.6204729080
41179775.4274539798 18996.7126334235
41290835.6512101293 19400.2140883505
41597419.2608939335 23124.1534158289
40732684.1657211408 12941.5301741660
41224671.7373910472 19040.9557112753
41276223.9587428942 19240.9072188437
40916834.5803724229 15168.7233990729
40821482.7582629398 13221.0243300498
41276677.6515502557 19273.3748854697
41330643.6469139680 21025.3476943076
40839363.1985944659 13222.6992110312
41154033.9852619022 17219.4011774063
41075779.4897417724 17158.0664691925
40605327.3424611539 8903.3081763312
40687176.3157403916 11349.9803802408
41031373.8117432520 16959.0640029013
40598218.0374708250 7615.3134645913
40606332.8090356365 9134.3227558136
40552321.7822257578 7299.3202105928
40561700.3491569161 7513.6100104190
40609487.4024626911 9326.8562871385
40971890.9977277741 15272.4146498740
40677457.7214153409 11119.6181640625
40661945.5081349835 10912.8951132819
40646571.2848671973 9370.6344460938
40553435.4308794588 7365.3643734790
40601395.5974020585 8879.7532675788
40604779.8878980428 8885.3590367362
40552869.2367888615 7317.2693501879
40561134.1550663263 7366.2560772579
40544211.3215328604 7293.7144414354
40620220.2577139661 9326.8827325273
43357322.7064710855 24174.0793941021
43422226.9373129606 24416.1356914043
43715202.6430931911 28130.5292994976
43645481.1238509789 27305.3622462749
43594524.9637504518 26624.0602443218
43578226.0801642388 24691.9071376324
43966309.4935934842 30034.2167217731
43919034.2337113395 28535.0247492790
43784854.8719300106 28519.0287373066
44258236.5197236463 31450.7419276237
44248023.7986709028 30774.4043579102
44243599.8398760855 30614.9530863762
44673730.1052888408 32047.9845352173
46155741.8840576708 33288.2029113770
46472798.0539628863 35032.4391479492
46403559.3489116579 33651.9488525391
46272541.8103412837 33573.4769287109
46908829.7103126347 36922.9556884766
46733311.2430838346 35487.8282165527
46528662.8656284213 35195.0246887207
46779511.0156975985 36010.2891235352
47302718.9888023734 37416.0078125000
47834535.5351578593 38204.3840332031
