178563231.8414255083 70255.9278368950
178662556.9298237264 72077.9309802055
181206367.2220253348 108782.4920322001
188470071.8526078463 166960.0630302429
178498212.5965484679 68124.0138792992
180027573.8606166840 93960.5642319918
183556536.4863566756 130312.5182482451
181341087.0215995908 110868.3823825419
183535596.4345719218 129935.9869743064
191757627.7020753324 181641.4755859375
177470313.3865374327 38138.4982362986
177713097.0998600721 46365.2820065836
179772414.1045476496 89901.1204316616
181627276.0793697238 113957.1285821497
183375784.2811042070 129508.8440701216
184340530.0083048940 135491.6833570004
188967218.7280757725 170350.7803459167
191511479.0099922419 181504.0797119141
193747335.3258927763 183602.4837646484
194446709.8639223278 184017.4765625000
178491787.6632629931 67903.1127060652
181748792.7565065622 114174.8420077860
183023709.3268802166 126124.0042831153
183148677.5194558501 127399.1218063086
183923949.6112645864 133707.8989026546
189760979.6129110157 175078.2014465332
192007193.7420744896 181976.7663574219
181304685.1573174596 110679.9031784534
183065621.9490624070 126308.1423751563
188835054.0019895136 169508.4800529480
191297848.1444829702 181295.6733398438
190612316.2373024225 179481.9619140625
191901944.3619387150 181956.3815917969
183248013.3957671523 127740.4675781727
184069894.9092112184 134330.2543436587
192502288.4555193186 182376.0148925781
181591567.1950167418 113354.3425876200
181561287.2625008225 112626.8041965067
182960064.6824991107 125317.7410897464
190391563.4178251624 178351.6241455078
190458614.6945820451 179022.3146972656
191005906.7803664804 180820.8988037109
192273602.8123196065 182185.9398193359
194204516.5715678334 183738.1440429688
188833326.7756970525 169435.5531120300
179958800.4259725511 93240.0888307095
181690201.8113899231 113961.2160051614
183684457.9685149193 131005.9808118343
188695364.3002955317 168802.7425346375
194365299.1408065856 183946.2092285156
194818396.5895218551 184100.4283447266
195434109.7885617614 184174.3177490234
188752104.0213532448 169261.2978630066
191784015.6795620918 181943.0118408203
181537234.8075948358 112538.9707452357
181769045.0590339899 114370.0063468665
193091273.0718786120 183039.2866210938
193858428.2259482443 183613.4570312500
189070093.6150826812 170810.8567810059
177684702.7275681794 45885.7484010081
178705208.9202921093 72314.7764334679
178711234.8270842731 73861.7154345512
181414843.2047989964 112141.7001620829
178431412.6604379117 67850.9753302336
178554838.7552628517 69923.6395602226
190121327.7180890143 177031.9622497559
179059898.2899548709 79708.6960455924
181029751.4003386497 107174.4268466532
180239163.9835471511 94262.2932212353
180968402.3653308749 106917.8890441954
190236641.4123639762 177551.4704284668
190241807.1965670884 177713.3919372559
192940776.5621092021 182993.5367431641
178416184.3509833515 66247.4446269125
184124872.3455847502 134405.7051808834
189051213.5378732681 170587.8359985352
191164894.5017159581 180875.2354736328
191552622.8489209414 181636.2546386719
189931589.3910345137 176107.2796096802
193183851.8499230146 183180.9511718750
191409760.7429803610 181336.0341796875
177759049.3109014630 47964.1391356210
178701257.4433529079 72247.7412219048
188889429.5620261431 169581.1568717957
191202064.9455046058 181121.1192626953
192824676.3355757296 182786.6735839844
177558535.1159634590 41907.4976400435
178379015.7393185794 65872.9990714639
177443405.5430619717 36216.8170781583
179443917.0110362172 85969.8265391588
179937320.8065947890 92393.8449037075
177423728.3285368085 34128.8986846004
178382704.7091814280 66011.6979838461
192623531.9844105542 182617.9252929688
183233415.9008180499 127668.8886520118
181177610.1356097460 108727.3250076771
181096526.8304405212 108722.4646579325
181462518.9146759510 112199.8155185282
193704234.3808119297 183507.5369873047
179232198.4352598786 83421.5798608661
190060089.1412062943 176555.3963928223
190309694.1257003844 178261.3598327637
182971158.2275225520 125658.3033248633
177485794.6429539323 38154.4851785898
181408520.3169907629 111873.2430087626
179292466.9311273694 84439.4335051030
188404259.2006598115 166424.4358215332
179777607.6533862352 90895.2130677700
178488049.4090628922 67888.5621217638
190694024.9677567184 179836.7379150391
177598210.8578953147 41924.3648838550
183854524.8602614999 132717.2891010791
190544959.8438771963 179122.8137207031
188414481.6329745948 166827.0610313416
190925883.9696594477 180529.7690429688
188277012.1972777843 165762.2622680664
192919158.2729357183 182962.6995849609
194734210.8719792664 184082.9183349609
190573072.8769108653 179260.7337646484
191097062.9131555557 180829.9895019531
188332070.3247081041 166116.5636291504
188236703.4349054098 165158.3139038086
188361495.5742398500 166131.2770385742
195215122.1884188652 184146.2067871094
193120067.6416547298 183155.1379394531
178598912.8370407522 70860.4413695335
181289784.5742904544 110630.9010612220
181361674.1999710798 111526.7161532938
178501057.2811312973 69696.6596312523
179247496.9168414176 83718.1756665409
181380814.3777177930 111551.8615390360
190392807.6122663617 178429.9470214844
190854505.4196132720 180131.3996582031
179774180.6329302490 90293.3627769471
179654306.9171485901 89798.7389466763
179635134.5920053124 89335.3401453197
189141597.3623782992 171298.3103942871
181208408.0659328103 110108.5583163798
194241304.4055274725 183868.9122314453
190767809.7509415150 180085.0426025391
193266774.3231667280 183223.7702636719
188944964.5334877670 170349.2369384766
188926319.8803271055 170141.2929382324
193336656.4526342154 183312.5528564453
183874124.3158205152 133051.5992200375
193271035.5748804808 183271.4697265625
183740541.5035284758 132236.7211682796
188400956.8456564546 166374.5011558533
193286161.4186991453 183293.8598632812
179788294.0288561285 90966.3490732014
177437595.0450268090 36106.7126470208
177731329.7213909328 47918.8902467112
190712650.9696004689 179901.1247558594
183324935.7503170371 128596.4576194286
190722138.2834136188 179909.8752441406
190728761.4048785865 179924.8878173828
184391661.7232070565 135959.8850313500
178517759.9031923711 69766.3983911127
178337061.6815263927 65817.8334845304
189668367.7900947034 173884.2749938965
178272530.4932559133 63784.6916388273
179774560.7009250522 90353.0349849164
177630686.4373359978 43901.8426182489
193629968.7851653993 183336.3049316406
179544997.9022200108 87706.7102439702
184227690.7010564804 134807.3923026919
179802099.0279325545 91119.1245996654
189619592.1102249324 173317.4844360352
189468294.0841657817 172543.0208740234
194025501.5170736313 183668.7225341797
179366772.3989440799 85672.7497474849
184170157.0878171921 134584.6213676333
189351775.8576463163 172247.2438964844
179188330.7259508371 82220.8855186701
179122312.7008329034 79874.8294472545
193962066.7431169748 183622.7214355469
179617339.6922636330 89085.9827539623
177601411.3661241829 43852.6065553049
183830296.3804601431 132499.0058891177
183294709.5151426792 128380.8879272938
177522709.2519970536 40076.3178551416
177556340.5015073121 41822.7765552918
178252678.7992273569 61938.7406194210
189270614.0221217573 171580.2374572754
179474268.8720096052 87059.9258205593
183125937.0867502689 127206.4014388770
189546061.4442510903 173097.7290954590
189741521.5612286627 174040.6884155273
179123683.4070439637 81413.3483071178
177552363.8645247817 41819.4647096018
179138539.7793648839 81422.4348461628
183277045.5123507977 128323.3438736647
180764728.8161429465 102138.4789630473
179080133.1132552326 79842.0604796261
180801530.6393741667 103935.9436236918
179053309.1916364133 78990.3119444698
177528141.7896720171 40185.2050575614
177495403.9650626481 39835.5589268426
178985804.2046923041 76984.7020811886
180862536.5414333642 104182.2317096293
177469320.3942369819 38043.1760094384
177729354.0779026449 47506.8745558709
179005075.7305459380 77122.6200300455
183315103.5724958181 128550.8562640399
180944494.9292055070 104469.6395770609
183070766.0108630657 126602.1323959082
177816391.1852183342 49888.1843479127
177865530.8542482853 51445.5356164426
177929971.7723334432 51824.9708404690
178770209.0545839071 73882.0231846273
182755953.4640882611 121548.6811700240
178779319.6125810146 73884.8816548735
180885268.3010248244 104297.7054597735
180884279.4237770438 104228.2356807292
180945868.0687193274 104689.8275687844
177877298.5927263200 51573.1582472771
182774130.8734322190 123741.9534478560
178814523.4986357987 74924.0282530636
177792315.4169912934 49540.0164015740
178913342.7570250928 75775.7767882198
182916647.5215310454 125146.1784844771
178248897.1907365322 61692.9772320638
178270591.2405187488 62033.1854822460
178500468.3130092621 68270.2559564114
187574222.6481137276 155794.5978698730
178315525.1124149859 64105.2001531124
178399710.5019730330 66237.1141107082
188034254.5256777406 160184.9069404602
178134295.7764761746 59574.7145069689
187707538.1424714029 157961.3522949219
178129806.1729515791 57963.1959298524
178023106.0771205127 55508.4308155626
182543076.9879548848 120413.4023696631
182443816.7035632432 120083.7827407569
178027074.0040414035 55835.6092213243
182762166.8558828533 122822.4481980056
182611683.4677112997 121223.0142380446
178066454.7862401009 55973.8209599108
182599254.9292921722 121069.5824233741
178108615.9669907391 57790.9300526232
182612145.2371117771 121541.3187514991
177975479.6304442883 53722.5107678026
182360496.1216228902 119457.5208999366
181940651.7959164679 115594.4208785743
182107144.5167607367 116792.4039490223
182216218.7012446225 117678.2581588477
182054665.4798997641 116144.8335370123
181993700.2183666825 115826.3197764456
181878823.9746451378 114953.6606189311
187728435.7377759516 158207.0908813477
178125227.7531884313 57905.2560852533
182073628.6755653918 116223.6985847056
181824579.7860527337 114517.1605025977
185634936.5724942684 143271.7027775645
178072342.7084474862 57541.5726612657
185571335.3078035414 142657.7139622569
188222679.3031878173 161613.4930534363
187923041.7848076522 159474.4501762390
188178618.3678294420 161577.9149589539
185900108.3807903230 145138.6680485606
187948789.9103528261 159849.7975273132
188039571.5154851079 160642.9477958679
188110524.4451864958 160999.7824516296
187834623.0812375844 159290.6806144714
186218188.1743109226 146974.2891221344
185853963.4623053372 144894.9821354747
178017884.7648192942 53795.2203005403
185999914.3492590189 145734.0007206798
186234291.7491489053 147127.4535080791
186515754.9970614910 148638.2272505611
186699554.0649461150 148697.7556456625
186644399.8047372401 148694.5519429743
186774318.2465370893 148857.8548619002
186463528.7295188010 148591.6706577986
186112391.7686257362 146566.0953005850
185378832.8946125805 140796.8701745570
185628976.8205903471 142858.1808511317
185053942.3058305085 137577.3510727882
185137217.0992888808 138945.0615754128
185187112.1563872695 139150.3958477974
185096774.3301581442 138581.7936997414
185346909.4676117897 140219.1794204712
184936333.8834593594 136921.0756301880
185199953.3097235858 139209.2962417603
180717443.3837658465 100179.1376854181
180665107.0713452399 99720.9809757471
180739303.2536087930 100317.1212619543
187516783.2657665908 153856.5650012493
187512484.5132530034 153848.8384387493
187473109.7376033068 153313.3812854290
180372085.1514363587 95812.8825285435
180372968.2005969584 95974.7335664034
180332910.8432693779 95493.1205656528
180556191.1023950875 98306.0321161747
180280648.8682319224 94665.1362822056
180432656.8723794520 96723.8560907841
180502319.8914541304 97659.6136591434
187081599.8807422221 150124.8459567055
186963025.8455738425 149749.8640231118
186942273.7747811973 149169.6108798012
