193178946.2695004046 179233.0853271484
195134055.8727811873 181470.9742431641
194948054.2367211878 181402.8489990234
194905462.9882625043 181276.0852050781
196820975.6055628657 182265.5900878906
187178013.1938807070 149247.8246951103
186881422.7454204559 148142.4259061813
186578449.8214380443 146238.8291838430
186931694.4428782165 148444.8433287404
187188324.1299110055 149437.5589945577
186759258.7014468014 147829.2995054983
192307921.3229521513 176293.0145263672
192474319.6170306206 177564.4251708984
178794114.4788803160 58516.3758693039
178958923.6135617197 64793.8915691674
179034816.5991952121 65106.5171227753
179234095.8854392171 66835.5624717176
178874037.9773950875 62760.7497234643
180049809.8590230644 83472.1671006009
180884017.6531568468 96136.4089151998
180762303.2735278308 95390.9167887350
181321122.2222985923 99807.4538050555
181184817.9101659358 99596.9243589714
183962845.1981751025 127893.8403193206
185965295.2479135394 142577.1836109669
185691374.2894272804 140503.0395707637
185728914.6209910810 140707.9371308833
186271336.8649604321 144758.8163747340
186431054.6428504288 145928.6543791555
187114057.0217541754 148984.3830033225
186686669.5987308919 146745.5026967525
186865291.3526126444 147845.5045697689
187047215.8567327261 148717.6895864010
192437752.3878451884 177232.6180419922
192485579.1566222608 177690.0281982422
192382598.1120346785 176859.3990478516
192885129.6990323961 178990.0396728516
193081261.3299157321 179172.9349365234
192684903.5130034983 178319.8233642578
194910413.2814030647 181330.8341064453
196767453.5856131613 181779.1180419922
197014772.2187307179 182391.8148193359
178841185.7548736036 60356.7624869943
179111457.5882562399 66817.9490715861
179087923.5256293416 66732.8894805847
179067841.0012920499 66186.6541772187
186230547.7139229476 144241.9830750511
186160723.2436518073 143929.6011018306
185908014.5645245314 142323.8418092281
178760380.1572879851 58391.0547328293
178834970.4835591614 59465.8195569813
178977315.3432335556 64945.3134074062
178948806.5470999181 64779.3387170136
179367381.4503231347 68687.8294544518
181407421.8432597816 99823.4264904410
181242884.4429724514 99752.2616764456
184019050.0994967520 128272.5439631194
183933421.5916508734 127367.5357233733
184480683.4186045527 131712.4319788665
185744075.6327612102 141002.0376557857
185807688.1736404598 142060.1999787837
186752604.9091265798 147421.4613149166
186615992.8056664467 146394.6556727886
186721889.7340840697 147400.6273305416
192338244.9982986748 176447.8395996094
192714526.7039435804 178403.7614746094
192613783.0982958972 177835.2430419922
192526328.1281158924 177832.9748535156
193152698.6566802859 179182.9542236328
192792361.1859839261 178597.0065917969
194654163.4177699983 180782.0445556641
196777996.4579014480 182130.8699951172
197069922.1741118133 182421.4053955078
179245663.9590216279 67055.2480567098
179091549.9329195917 66812.4805627167
179911510.8656749427 81378.0194455907
180744466.8723283708 94293.7043863912
181160556.7368369997 98438.5464817435
181260427.9180344045 99807.4409981638
184292775.2347739041 130185.5773188323
184564299.5086847842 132389.4785758704
184591255.8798170388 132827.7300026356
184384119.3217863142 130835.6362227146
186029453.3358330131 143284.7710968107
193124295.4569173455 179178.0000000000
192963050.6576451957 179026.3770751953
192795593.6372697055 178863.1907958984
193727656.2043152153 179771.6467285156
195126918.0763106048 181440.2319335938
193443265.8719768226 179539.9481201172
194553200.2010889947 180646.6965332031
180140364.3913915455 84211.2238632962
180063792.6226153076 83861.9578282163
180857279.8037896454 95658.5990855624
180979977.5882237852 97425.9062137753
181425412.3026098311 99943.2817150503
183800436.9280133843 125258.1425891614
185557523.0846427977 140163.0042223930
186113464.4855971932 143881.2280943654
186657524.2126271129 146568.6280138493
192253301.9539810717 175918.0089111328
192628415.3966728747 177845.0544433594
193486938.2196815908 179726.9801025391
193310813.9770242572 179440.3673095703
194836565.0165931880 181157.6971435547
194641492.9775262177 180687.4859619141
186696435.0006663799 146786.9149587154
198097113.9863121808 182434.9714355469
178758776.0660138428 57157.9998662770
180801925.5619788468 95470.3113338132
180981836.1354311407 97774.2977024466
180696255.4665403664 93607.1323343893
180967992.6118261516 96991.3129068990
180880481.6432733834 95758.7848347654
180919434.5373274982 96723.1944733751
183661495.4306353033 122871.3503650909
192665040.2188114822 177935.2606811523
196732142.2585013211 181674.6762695312
183765613.9082979262 123287.4923511243
186628129.6943930686 146495.9199330807
178729154.3270939887 55196.3635137379
180704344.7850023210 93790.8323465963
183816010.9206798673 126292.0273547864
184155053.4207082093 129436.0345637053
185277524.3724870086 138116.9557437003
185025756.8135061860 136218.9821507931
192066194.0962353945 175051.0277099609
191909463.2880654931 173455.6290893555
192005592.2721508741 174680.6169433594
192363205.0143206120 176710.5374755859
192401931.1236009896 176889.8909912109
192341135.0707615018 176556.3702392578
194531567.0258186460 180618.7341308594
179886798.7734012306 81135.3277004752
179968863.8567078412 83267.7281228776
180639480.4595422447 93357.7749430318
180551004.8880713284 91739.9354061713
180688280.5942930877 93517.0437435736
185983334.7779092789 142797.2378077321
186054178.9448817968 143383.3859047256
185684380.9519078135 140474.2583259903
186374368.5096051991 145207.2046010494
192171610.5775572062 175908.4852294922
192786300.1806265116 178413.3575439453
185899207.4249976575 142272.7400154434
185786955.9613099694 141663.1222175919
185793993.3840298951 141889.8786873184
180205456.0317925513 84943.3448349759
180444024.4938732088 89866.2129101385
184152874.0454386175 129247.2044855803
184415939.1642303467 131144.8399657309
186389970.6281375885 145371.5151479244
184464961.5727125108 131535.1082312316
184396575.4819393754 131046.0809199065
194700223.8811179698 180803.5159912109
179821184.8750298321 81034.8540975377
180452441.4744677246 89987.6752133002
184296321.4396600723 130766.3895441741
184059152.4072700739 128703.0494562835
185126807.4715671241 136513.9430577755
194766567.6040501893 181046.7036132812
194184191.8310225606 180388.2252197266
179771848.3495183289 78021.8465956822
180625273.1067034900 92237.4304012884
193334224.5369694829 179507.4169921875
194423373.0189161599 180439.9440917969
184208235.1590182483 129834.6709772795
184273670.5049306452 130107.9731623381
184173029.4917733371 129677.6247736663
185452240.0674844980 138662.0648116171
185876128.1814612150 142159.9992940426
186095045.6171664298 143486.0655782223
193752206.4666356742 179927.3251953125
179778758.9056986272 78107.6390761510
183901906.1916154623 126900.6669718474
185400654.1292432547 138522.7665633261
185767529.2350418866 141211.7132241726
185362150.1881150901 138236.3781432211
193215809.2124302685 179246.2369384766
194276138.8882684708 180424.1352539062
185468163.5094005764 139351.5008162558
185607335.2646031976 140267.5688551962
185262353.7015202045 138054.7027623653
179622552.3495032489 75888.4332877460
180422035.3201782703 89398.7965511908
185002940.2095867693 135608.3339032233
184893677.4047240317 134728.2093915045
194000190.3769960701 180163.8502197266
194083584.7914191484 180273.2541503906
193461162.3331800699 179657.6402587891
180597519.8219827712 91967.2847433500
193248965.9242471457 179396.1577148438
193880288.6977258921 180093.3128662109
196653050.6757786274 181632.1738281250
184991821.2364801168 135169.3256024420
193964280.9627626836 180130.1270751953
193736325.1095780730 179915.5383300781
193586590.6535403430 179767.0061035156
193301765.9932429194 179402.8465576172
184557911.7600866556 132242.5051678717
184981139.4625728726 134897.3895864469
184835450.4454693794 134204.1203717291
184813806.1957177520 134029.5273846686
185259483.1515123844 136676.7244824469
179706395.5523859560 76187.8179657522
179647892.2573182285 76086.0726502005
180432891.2007646859 89675.0684933295
184093822.5914081931 128874.0860773772
184684577.8471208513 133244.5881146491
184731398.9495571256 133924.6706952155
179800364.9367913902 78330.0522186819
179784713.8669542372 78327.9487992600
184491641.2500551939 131712.8684186041
184569279.8132496178 132451.0610455573
184422582.4885870814 131265.0819195807
184141063.0268678665 129205.1881207526
179713903.3906188309 77052.8783600393
179718055.6094183624 77915.7727997366
179552019.4238283634 69465.3831299245
180522363.0320297182 91458.8529476752
179530492.4051188231 69292.6917923987
180122095.1478062570 83862.9348743697
179563478.7110184431 69640.5920608342
179577809.8089032769 71561.6681182683
180107258.2466813624 83862.7123941984
179591891.1755309701 71664.0496032536
179934302.1242842972 81824.2635371748
188688305.8862769902 155497.5716934204
183251174.3940444887 118257.0925608247
188549502.2526238859 154605.5285286903
188633667.7101266980 155389.1930489540
189274566.9085055590 158191.3431682587
188450966.9068448544 154022.8728280067
188853491.8250846863 156373.5957869291
183502114.2617799342 120457.7883310883
183647312.9722446799 121502.4392410684
189236630.0750740469 157981.7921733856
189375330.5311140120 159028.4872188568
189105656.1175831854 157673.6407833099
189040345.7653943300 157489.9683589935
183652040.0070781112 121693.7585489620
183223391.9003296793 117594.5994368165
183452810.8019078374 119756.4952173799
183399959.6328167617 119609.5229502290
189214936.0094082654 157956.9991817474
180367484.2405719161 86509.8332614060
188712179.9812190831 155855.5234298706
189214177.8205939531 157916.9395675659
183582359.5010342002 121010.5123557150
183493560.3461458385 120217.6343039572
183457622.5388800800 119867.2418021262
183581597.3811857998 120466.7513262331
183325637.7579655349 118435.5862235129
183154433.8911589980 115854.9427395463
183102626.7016619444 114174.8396542668
183190610.8892029524 116332.6271269917
183042068.8085590899 113916.1500039697
183110977.1087973714 115788.8138669133
188858752.0241141021 156450.4473190308
188989164.3612307608 156989.2456245422
189337831.1681343317 158862.7747707367
188383517.9104532003 153928.5810799599
188802922.1586992145 155983.4036507607
188888814.9097509682 156833.4884567261
188639505.7990787625 155457.0949349403
188359499.0488831699 153511.1301164031
188834842.2334455252 156200.2238106728
189016532.0539065599 157083.8331856728
188834546.8092891276 156191.8576302528
188179581.3954476118 152621.7502335906
188492252.6842196584 154425.6375626922
188232733.8317466974 153028.6238908172
187996657.3019111753 151292.0759840012
188130204.8310656548 151861.3705396652
187902026.2154499590 150802.8741811434
188095624.7297085524 151438.0975345215
187718356.1315059960 149641.6964063644
187688468.1284220219 149615.0057071289
188138617.7189054489 151906.4192457199
187943976.9376713336 151279.3119459152
188155667.2373841405 152396.6584413573
187899242.4351900220 150584.0266421875
187861219.8411090374 150576.0192213058
187768609.1540953815 150277.1549380859
188121831.5270867348 151523.3520511230
187764794.1485864222 149791.8809512695
187807943.9123729467 150373.8609317383
182552693.4607058465 104235.3165582590
182872593.3542008996 107907.9706784966
182427530.2383320630 103671.7739638262
182785921.3700275421 106935.0597609454
182614204.2245104909 105613.4484328204
182707373.3848466873 106120.6968273096
182413984.2750183046 102837.2508467608
182578530.8826144934 104466.8381093912
182475815.3910644650 104007.2516402178
182934047.6123523712 108335.9030349934
182922668.4946746230 108199.7473002160
182866052.3775064647 107353.7618265832
182388254.4223746359 101356.6026996761
