190741431.4028992653 180116.0758056641
177407014.6244911253 32350.8124379764
183480694.9507392645 130123.8280789107
189520951.1712428927 174087.4755249023
190808541.0932512879 180708.1223144531
190671166.3094090521 179573.5634765625
190560038.6434901059 179311.1086425781
194070363.0116159022 183719.7270507812
189162503.0285145342 171829.3429870605
180109061.8631996512 95967.8527035713
183633112.4175809026 131465.3489706516
189245113.4143390954 173018.0674133301
193237890.4557596147 183315.7229003906
194953834.4334719479 184134.6629638672
190762383.8934296668 180328.0570068359
190693531.6617148817 180037.4317626953
183639615.0334560275 131501.4064377397
179140452.6215836108 81761.8315637750
180104883.1255758107 95709.7533078194
181431887.1864660382 112198.9160387516
183643697.1699357033 131726.5938914102
183615381.8324651122 131412.5614336580
189364562.8553349376 173287.9094238281
190545378.3160511255 179234.7036132812
194384677.8835336268 184031.1488037109
183545494.4495869875 130864.9036404341
189395087.6880663037 173482.1730346680
190152148.7955270410 177738.3949279785
190093915.8261023462 177737.2682800293
194183359.0163397491 183720.1396484375
191776904.5460968614 182034.1228027344
194427769.0895598829 184046.2312011719
177422300.3496403098 34417.9330202341
181196387.6083567142 110107.6588366032
194321254.4515857697 183961.6953125000
181138499.6889760494 109121.9766513407
181435272.8943116665 112336.8645011634
190017533.6106649041 177442.4674987793
192188866.6796779931 182348.6212158203
190368157.9652089477 178893.8286132812
181256964.0862474442 110185.4183932841
190400164.0580392480 179189.6789550781
179127001.7317807972 81606.4660560787
189552428.6912162304 174677.9003906250
190578763.0508049726 179408.9639892578
181371736.4571259022 111666.8653556556
181690757.0537160635 114572.1125909388
188064885.0957760513 164622.0185661316
177416416.7080942094 34072.2145448923
179186533.5051080585 82313.5416176021
191127126.7591966689 180842.4470214844
187909172.7160367668 163598.3885917664
194342871.4053232968 183993.1464843750
189636338.2222651541 174899.6133728027
189792538.6182798147 176304.6386413574
190620515.7484977245 179496.4361572266
190713106.5210077465 180087.8383789062
191139982.5381267965 181144.8898925781
192298028.9348298013 182387.6000976562
181175911.6791068316 109623.4542819560
191583674.7062500417 181941.2135009766
178505952.1243729889 69757.9906620979
189621619.3139090538 174845.6456604004
191318404.8019993603 181577.4155273438
178338180.0074362755 66004.7586450875
177440517.4913697541 36502.7438630164
181275561.5544166565 110780.5671969950
177510529.5230011940 40167.5531946272
177537314.4585532546 40297.4631830454
179875783.0187411010 92592.3221187592
181622141.4568452239 114053.1803778708
188185132.9710434377 165292.5382194519
177547537.3035082519 42049.5225702524
180235025.1335977018 96614.4806780815
181365340.0876724720 111656.5961276591
193799129.3568157554 183656.2153320312
193978928.0922533572 183686.2485351562
177533443.5424409807 40209.2268735319
177487417.5042098761 40016.3807245493
183787828.1742334962 132936.5267050266
191510264.8903875351 181735.8222656250
188042984.8230995238 164222.1686668396
190578988.7888931632 179474.9641113281
177519331.5358477533 40185.4892692268
180074407.4907915890 95197.0667843819
181408584.8132568002 112141.7001620829
187974073.5544469655 164026.4675598145
180090372.3348208368 95266.9742856026
180168961.0245627165 96241.6595294476
192358246.6086276472 182635.4141845703
183944079.1824581623 133793.2693301886
187981327.9177601039 164219.3145561218
187878892.8023264706 163506.3993644714
188089924.8330953419 165212.3628044128
191679439.7585731447 181961.1480712891
178429601.4161165357 67795.4824381918
183654752.0517886281 131857.2510158271
188450441.0272852182 167158.4998168945
190329618.0982141495 178782.5500488281
189670440.1726264060 175146.7695312500
178656932.6342649758 72230.0356225371
181527452.5134520531 113167.1421481669
189437093.1530719101 174027.2153625488
183853779.9099489450 133457.5736016482
189835303.3465000987 176333.4158935547
179229876.3771310151 83742.2682563961
193716145.2804063857 183633.7181396484
183211006.2223333120 127776.5026089400
188354568.4746650755 166835.6894645691
189041934.1494728327 170354.3453063965
189917176.0457235575 176837.3733825684
191948527.4940210283 182286.6799316406
189043418.8739766479 170883.0687866211
193671799.6309568584 183529.6000976562
195304547.7451981902 184154.3118896484
183137916.3226411641 127420.3551785201
189775168.0651108623 175885.6791992188
190178250.5031886101 177863.6126708984
178554404.0247307122 70039.0731205940
193087037.8389777243 183177.0009765625
194805822.7205588520 184103.5324707031
177721561.4370178282 47770.2869235645
189705765.9543999135 175653.9536132812
189720915.6364009380 175727.7535705566
179845832.9455323815 91927.4223862886
178538442.9098947346 69795.4317431450
191280886.6724805236 181314.5588378906
188649601.1337789297 168566.9958915710
183351435.7471864223 129508.8440701216
181320360.6514343023 111014.9301120341
188316507.0894379020 166504.9444694519
191939474.1417265236 182206.8216552734
192591630.9759814441 182657.2445068359
191134107.6492578983 180881.5697021484
192834088.9528738558 182970.9486083984
177466093.8754912913 38329.6936194599
178301246.7287125587 64191.0952337980
188905320.5219359398 170147.6403312683
183322134.8050640821 128870.2995406836
193460217.4092236161 183341.3718261719
177449074.6087058783 38138.4982362986
183286234.3554353118 128389.2870632857
177670517.4129158556 45885.7484010081
188815246.3728927374 169345.6953239441
195342282.8813462257 184162.2551269531
177427618.2783457339 36142.9431821257
181203877.9873033762 110108.5583163798
188960603.8313218355 170350.7803459167
188518653.9572405815 167520.1863517761
188403613.3111063838 167122.5859489441
191019655.6419396698 180836.4854736328
178563231.8414255083 70255.9278368950
179772414.1045476496 89901.1204316616
184340530.0083048940 135491.6833570004
183023709.3268802166 126124.0042831153
183065621.9490624070 126308.1423751563
188835054.0019895136 169508.4800529480
184069894.9092112184 134330.2543436587
182960064.6824991107 125317.7410897464
191005906.7803664804 180820.8988037109
194204516.5715678334 183738.1440429688
188833326.7756970525 169435.5531120300
179958800.4259725511 93240.0888307095
188695364.3002955317 168802.7425346375
195434109.7885617614 184174.3177490234
188752104.0213532448 169261.2978630066
178711234.8270842731 73861.7154345512
178431412.6604379117 67850.9753302336
179059898.2899548709 79708.6960455924
181029751.4003386497 107174.4268466532
180968402.3653308749 106917.8890441954
192940776.5621092021 182993.5367431641
184124872.3455847502 134405.7051808834
193183851.8499230146 183180.9511718750
177759049.3109014630 47964.1391356210
188889429.5620261431 169581.1568717957
192824676.3355757296 182786.6735839844
179443917.0110362172 85969.8265391588
181096526.8304405212 108722.4646579325
182971158.2275225520 125658.3033248633
179292466.9311273694 84439.4335051030
179777607.6533862352 90895.2130677700
194734210.8719792664 184082.9183349609
195215122.1884188652 184146.2067871094
178598912.8370407522 70860.4413695335
181361674.1999710798 111526.7161532938
178501057.2811312973 69696.6596312523
179774180.6329302490 90293.3627769471
179654306.9171485901 89798.7389466763
179635134.5920053124 89335.3401453197
194241304.4055274725 183868.9122314453
188944964.5334877670 170349.2369384766
183740541.5035284758 132236.7211682796
179788294.0288561285 90966.3490732014
177731329.7213909328 47918.8902467112
184391661.7232070565 135959.8850313500
178517759.9031923711 69766.3983911127
178337061.6815263927 65817.8334845304
178272530.4932559133 63784.6916388273
179774560.7009250522 90353.0349849164
177630686.4373359978 43901.8426182489
179544997.9022200108 87706.7102439702
184227690.7010564804 134807.3923026919
179802099.0279325545 91119.1245996654
184170157.0878171921 134584.6213676333
179122312.7008329034 79874.8294472545
179617339.6922636330 89085.9827539623
177601411.3661241829 43852.6065553049
179474268.8720096052 87059.9258205593
183125937.0867502689 127206.4014388770
179123683.4070439637 81413.3483071178
183277045.5123507977 128323.3438736647
180764728.8161429465 102138.4789630473
179080133.1132552326 79842.0604796261
180801530.6393741667 103935.9436236918
179053309.1916364133 78990.3119444698
178985804.2046923041 76984.7020811886
180862536.5414333642 104182.2317096293
179005075.7305459380 77122.6200300455
180944494.9292055070 104469.6395770609
183070766.0108630657 126602.1323959082
177816391.1852183342 49888.1843479127
177865530.8542482853 51445.5356164426
177929971.7723334432 51824.9708404690
178770209.0545839071 73882.0231846273
182755953.4640882611 121548.6811700240
178779319.6125810146 73884.8816548735
180885268.3010248244 104297.7054597735
180884279.4237770438 104228.2356807292
180945868.0687193274 104689.8275687844
177877298.5927263200 51573.1582472771
182774130.8734322190 123741.9534478560
178814523.4986357987 74924.0282530636
177792315.4169912934 49540.0164015740
178913342.7570250928 75775.7767882198
182916647.5215310454 125146.1784844771
178248897.1907365322 61692.9772320638
178270591.2405187488 62033.1854822460
178500468.3130092621 68270.2559564114
187574222.6481137276 155794.5978698730
178134295.7764761746 59574.7145069689
187707538.1424714029 157961.3522949219
178129806.1729515791 57963.1959298524
178023106.0771205127 55508.4308155626
182543076.9879548848 120413.4023696631
182443816.7035632432 120083.7827407569
178027074.0040414035 55835.6092213243
182762166.8558828533 122822.4481980056
182611683.4677112997 121223.0142380446
178066454.7862401009 55973.8209599108
182599254.9292921722 121069.5824233741
178108615.9669907391 57790.9300526232
182612145.2371117771 121541.3187514991
177975479.6304442883 53722.5107678026
182360496.1216228902 119457.5208999366
181940651.7959164679 115594.4208785743
182107144.5167607367 116792.4039490223
182216218.7012446225 117678.2581588477
182054665.4798997641 116144.8335370123
181993700.2183666825 115826.3197764456
181878823.9746451378 114953.6606189311
187728435.7377759516 158207.0908813477
178125227.7531884313 57905.2560852533
182073628.6755653918 116223.6985847056
185634936.5724942684 143271.7027775645
178072342.7084474862 57541.5726612657
185571335.3078035414 142657.7139622569
185900108.3807903230 145138.6680485606
186218188.1743109226 146974.2891221344
185853963.4623053372 144894.9821354747
178017884.7648192942 53795.2203005403
185999914.3492590189 145734.0007206798
186234291.7491489053 147127.4535080791
186515754.9970614910 148638.2272505611
186699554.0649461150 148697.7556456625
186644399.8047372401 148694.5519429743
186774318.2465370893 148857.8548619002
186463528.7295188010 148591.6706577986
186112391.7686257362 146566.0953005850
185378832.8946125805 140796.8701745570
185628976.8205903471 142858.1808511317
185053942.3058305085 137577.3510727882
185137217.0992888808 138945.0615754128
185187112.1563872695 139150.3958477974
185096774.3301581442 138581.7936997414
185346909.4676117897 140219.1794204712
184936333.8834593594 136921.0756301880
185199953.3097235858 139209.2962417603
180717443.3837658465 100179.1376854181
180665107.0713452399 99720.9809757471
180739303.2536087930 100317.1212619543
187516783.2657665908 153856.5650012493
187512484.5132530034 153848.8384387493
187473109.7376033068 153313.3812854290
180556191.1023950875 98306.0321161747
180432656.8723794520 96723.8560907841
180502319.8914541304 97659.6136591434
187081599.8807422221 150124.8459567055
186963025.8455738425 149749.8640231118
186942273.7747811973 149169.6108798012
