190129401.0663192272 174196.5390625000
189987805.1758864522 173565.9372863770
191915938.6472992599 180740.0534667969
178136549.0384754539 59574.7145069689
181400031.3403300643 110488.5360019207
182835527.4650675952 123354.3264095038
189764980.8950460851 172028.7110290527
179817340.8658178449 88419.0569829792
182867077.6775574386 123980.5882503241
182966732.6666851342 124291.5143672675
183352306.0332888067 127193.5407974255
182968271.3220828474 124902.3642207831
190067489.6469234228 173888.5362243652
191687505.1783396304 180176.8715820312
191745034.5438927114 180479.6038818359
193753113.1479378045 182612.4024658203
178129806.1729515791 57963.1959298524
178670800.9145264328 67593.2689659446
179645517.4732922316 86612.4367394596
181206348.4383891225 108483.3569643497
182937176.2153734863 124134.1033565253
183312908.2880230248 126991.0754024237
183037548.2449353635 124985.4225246161
189996490.3155629337 173686.1040954590
190185214.5209121704 174290.4086608887
192164530.0682961047 181223.9437255859
181270638.5354026556 108826.5906211585
181145509.3054701090 108076.9533693790
181318552.2846282125 110110.0952150822
178023106.0771205127 55508.4308155626
179748081.9362051487 88150.9533232674
182543076.9879548848 120413.4023696631
183235293.7849284112 126508.4914180487
183092176.3333187997 125528.6260616034
190249296.3760548532 174826.4649047852
190227591.7590002418 174699.8135375977
190859652.6199330389 177150.8410949707
191695746.5461043417 180459.1282958984
195485331.3846342266 183559.0825195312
177580836.1940772533 36560.7327142874
179431104.2554959655 84084.6719079167
179494337.4253564477 84411.8503136784
179536030.3777291179 86117.8137536198
181763572.3152377605 114100.8296920508
181634576.7366159558 112473.8591090888
182443816.7035632432 120083.7827407569
189536286.6576482952 170649.7252197266
194488739.2423106730 183337.9124755859
178205136.5332490206 59879.5154503435
187703149.3424549997 157677.0798568726
189687623.7683310807 171341.5149841309
178230132.2434559166 61607.8086424544
183184910.2802250683 126115.0066463202
190407787.8009177744 175435.8939819336
178392391.6438556015 63918.3323897272
190288834.5830720067 175326.8026733398
177687025.5513876379 43489.3700316767
178411820.3755611777 65702.3738325983
189770375.9826633632 172197.7630310059
178409084.0872076154 64139.3270452023
178369655.2150866091 63915.6213172078
179319074.7077562809 81944.4269851595
183225473.4613908231 126382.8802119941
190693659.8284023404 176503.7738342285
183052560.1556034982 125087.4656612128
194898304.8151669204 183526.3842773438
194816569.8396668136 183492.7705078125
177568795.1810887456 36473.1707233707
178530521.4064311683 67531.5502045155
189680675.7559876144 171016.3249015808
191464742.9036866724 179448.8822021484
191600702.1358072460 180164.2886962891
193765987.3509802520 182616.9443359375
178452043.5878005922 65905.8455955833
181273660.9770189524 108906.0437185764
190426784.1115798950 175671.5769653320
177584774.6572519541 39550.7089780294
178183411.5099327266 59812.1195203364
177663981.8543361425 41665.2658352127
178302646.6748642325 63644.7040593624
177619186.9035033882 41583.8508168081
178215842.8470705152 60053.9909417778
178230879.8633882105 61607.8563526720
181302368.7195189595 109127.8308737278
190118903.4542516470 173956.5680541992
178248931.9758393168 61681.4774488658
178027074.0040414035 55835.6092213243
182762166.8558828533 122822.4481980056
182611683.4677112997 121223.0142380446
192580104.3297623098 181398.5318603516
191846942.8617863953 180734.4399414062
194666189.2875092328 183357.1158447266
178066454.7862401009 55973.8209599108
181111969.3743751049 106914.4300405979
191319477.4687468112 179016.7058105469
193779914.4988332093 182793.5068359375
193912364.9393405616 182824.6536865234
181241647.6807519794 108698.2144949436
192295109.4111908972 181258.1879882812
194348662.9948447049 183155.9141845703
181191552.1963041425 108304.5182955265
191229430.1923106611 178859.9879150391
196559974.0034753382 183725.3833007812
178170362.2007828951 59578.4203679562
191411904.1768646538 179192.6499023438
182599254.9292921722 121069.5824233741
178108615.9669907391 57790.9300526232
182612145.2371117771 121541.3187514991
177975479.6304442883 53722.5107678026
189632386.3385654390 170661.7470359802
190408555.9177497029 175542.0535278320
189943020.1214945018 172873.6458396912
191020275.6199043393 177902.9078369141
191074936.1079565287 178335.8969726562
194289357.9631042182 183138.3347167969
177698783.2184691727 43821.1082265996
190352802.4413778782 175353.5817260742
191216474.1531687379 178797.6933593750
194475903.5655867159 183194.0040283203
177670425.8389686942 41693.1164074265
179225704.5840538740 80567.5720586628
188075860.4543727934 160863.1135864258
193485808.9141933024 182510.5599365234
197268007.6614091396 183779.0708007812
179050311.0803293586 76434.9019367993
182360496.1216228902 119457.5208999366
182131423.6954133809 117424.3790542334
189882008.7501513660 172685.1740379333
194076774.0105201304 182990.8640136719
179080902.3064644337 78316.6548202783
181181603.7699413896 108198.9681570530
181640315.4365141988 113053.6565944403
181940651.7959164679 115594.4208785743
182107144.5167607367 116792.4039490223
182216218.7012446225 117678.2581588477
182054665.4798997641 116144.8335370123
181993700.2183666825 115826.3197764456
192362102.2871880233 181296.9138183594
193781742.3887049258 182800.8742675781
181878823.9746451378 114953.6606189311
187728435.7377759516 158207.0908813477
181076965.1160880923 106415.1837027073
181744180.7585945725 113836.0827380717
178125227.7531884313 57905.2560852533
191073080.4984288514 178152.6884765625
179144686.5043326914 78470.3504052311
179486489.4569725692 84396.7364639193
182073628.6755653918 116223.6985847056
181824579.7860527337 114517.1605025977
185634936.5724942684 143271.7027775645
187624160.1448606551 157314.6400604248
191987754.5944105685 180940.2828369141
178072342.7084474862 57541.5726612657
181540983.6251963377 111803.0486842841
185571335.3078035414 142657.7139622569
188378031.8864270747 161890.8949394226
191482500.8300842345 179502.2752685547
194002767.0979533494 182903.6245117188
179161318.0104133189 80018.3882165104
188469634.7541237175 162856.0319023132
196963017.3817158937 183752.9143066406
196981282.2909536958 183772.1641845703
181506190.2984683514 111131.4288112372
177797068.8166299760 45556.5022892654
191177399.6469126046 178479.2609863281
188222679.3031878173 161613.4930534363
188605665.6122931242 163224.9820556641
179333471.6742146313 82239.2032026649
179419812.4389674962 83948.3941520602
187923041.7848076522 159474.4501762390
188178618.3678294420 161577.9149589539
193400445.6338340342 182095.3172607422
178957119.6818961501 75988.7367570698
178947390.5250162184 75162.2191065848
193145699.8363464475 181767.7479248047
181058995.0224946737 105772.9917480201
181047078.3439137638 105037.1467773169
185900108.3807903230 145138.6680485606
179524104.1163763106 85344.4173920453
187948789.9103528261 159849.7975273132
187783963.2080449164 158638.6946105957
196336566.9941255450 183609.5777587891
181316568.4169811606 109189.6670366973
196444442.6919477582 183621.6340332031
179420130.1482912600 83977.5688308626
186273376.6632665396 147188.0154404938
193249772.2045294940 182012.1616210938
196501494.5459477305 183664.3759765625
196454552.6854842305 183624.9659423828
179287803.9437596202 81368.8069170862
190755106.9601558149 176820.0177001953
193415690.4818192422 182334.5184326172
178872834.9252549410 74367.7943476737
188319756.7201026380 161763.1054801941
188039571.5154851079 160642.9477958679
190901352.1498262584 177388.2056884766
178778137.6173223555 72283.1759653240
188110524.4451864958 160999.7824516296
178882475.2191489637 74476.9790241122
187834623.0812375844 159290.6806144714
190847029.8071260750 176961.5324096680
178923974.1995212734 74911.5976004452
180968512.3325575590 104766.4725639075
191388834.5599588156 179178.9997558594
177786860.5483733416 43983.8565373123
186218188.1743109226 146974.2891221344
183861758.4994842708 129083.0101490021
183600028.4926638305 127719.6091907173
183712881.1676391661 128287.8729037642
185853963.4623053372 144894.9821354747
177868922.3890657723 47589.6441349685
178979755.5227857828 76349.4596567303
178017884.7648192942 53795.2203005403
179054558.6585761011 77985.2463708073
180967421.2710742950 104301.7100822181
185999914.3492590189 145734.0007206798
191440156.5998749137 179338.7330322266
177927004.1708468795 49883.3983165920
191360474.6623451710 179174.4578857422
177911568.6938697994 47946.1336464733
178838730.9004865885 72702.3435983807
183783471.6239013374 128580.8453959823
178862327.6590279639 74316.3178110272
177876698.3441751897 47593.4132784456
180059653.3964882195 91117.3485882133
177850043.8686005771 46041.3988024890
189055706.5103740692 165012.5934867859
188778822.1881928146 163481.7914543152
186234291.7491489053 147127.4535080791
186515754.9970614910 148638.2272505611
186699554.0649461150 148697.7556456625
186644399.8047372401 148694.5519429743
183730782.3908404410 128479.4487857223
186774318.2465370893 148857.8548619002
186463528.7295188010 148591.6706577986
186112391.7686257362 146566.0953005850
178711138.0089326501 70233.9329948574
188663310.4581272602 163353.8343009949
188685791.5593675375 163381.4005088806
192986098.4686281383 181623.9746093750
177963256.1856542230 51762.0784548372
185494335.3530165553 141381.4987222254
180008227.7673908174 90626.4477926344
185378832.8946125805 140796.8701745570
177959371.6934999824 50271.6364954561
185628976.8205903471 142858.1808511317
185053942.3058305085 137577.3510727882
185137217.0992888808 138945.0615754128
180824329.4609253109 102117.7234627008
180871728.5770647228 102720.9409099817
185187112.1563872695 139150.3958477974
185096774.3301581442 138581.7936997414
178815595.0284926593 72455.0524930574
188837674.1225045025 163825.8969688416
188803865.8067418635 163709.7461509705
185346909.4676117897 140219.1794204712
180822657.9867697060 101930.0425382853
184936333.8834593594 136921.0756301880
185199953.3097235858 139209.2962417603
189437158.3919933736 165744.4784588814
178708820.4429083169 68638.1261924356
178752396.4979556799 70421.9106467813
189236568.4702074528 165394.8342065811
189232533.7077633142 165131.9046063423
180135119.5652266443 92937.7472287416
180623336.6705525815 98986.6179386377
179997753.0124805868 90505.1803295463
180717443.3837658465 100179.1376854181
180777085.2134502232 100955.8569890261
184649755.4302690625 135156.8328843117
180665107.0713452399 99720.9809757471
184560250.2088432014 134526.5982937524
184523392.9497197866 134258.0476059914
184567418.7380859256 134612.6778550148
184529195.0722528398 134276.4854693413
184695028.2268590629 135202.9929184914
180189253.6410763562 93217.3361170739
184334583.1119316816 132357.5587019920
179989056.1942586601 90481.2204143852
180070112.2619823515 92029.2582256645
180739303.2536087930 100317.1212619543
180100159.3092077672 92514.3622600883
187516783.2657665908 153856.5650012493
187512484.5132530034 153848.8384387493
187473109.7376033068 153313.3812854290
180372085.1514363587 95812.8825285435
180372968.2005969584 95974.7335664034
180332910.8432693779 95493.1205656528
180556191.1023950875 98306.0321161747
180280648.8682319224 94665.1362822056
180432656.8723794520 96723.8560907841
180502319.8914541304 97659.6136591434
184273732.2886244655 131457.8246941566
184192725.8957163990 130549.4064812660
184259451.8469586670 131373.8709588051
184233612.9220229387 130655.9664912224
184147020.1611186862 130494.4006648064
187081599.8807422221 150124.8459567055
186963025.8455738425 149749.8640231118
186942273.7747811973 149169.6108798012
