177616849.3268491328 45706.7451190650
180170238.7162776887 96385.1606098413
177434707.4497677982 37955.6835638881
188594567.8227896094 170490.2918701172
191197909.5703304708 181059.9627685547
180219428.4378186166 96972.4628741741
181412975.9258898795 113110.0422202945
189369872.2926033735 174655.0466308594
178621109.4986199439 71729.8014769554
181940907.3929643929 117858.3154410720
181876459.6946054995 117332.0777122378
188299930.7934240401 168463.2732849121
181408518.8460112810 112535.2801496387
181913993.6918502748 117591.8757163882
187925661.2667895555 165072.5676403046
194848574.3506121933 184135.5478515625
182018482.2448503077 118092.4263145328
181779044.6220584214 116276.7713763714
181662310.4841528237 115784.0399009585
187949410.6648852229 165927.6354064941
188094497.9861533642 167288.9848022461
189246059.7803383768 174585.1018676758
188943075.4781744778 172457.8583068848
188628894.9284189045 171171.5537109375
194271146.2405141592 184031.1488037109
179390183.9617562890 86049.0517283678
190195577.3736759424 178614.0537109375
177693437.4438282251 47744.1619568169
179218205.7872218788 83779.2618674426
181204163.9770361781 110454.3639060855
188284432.1051970720 168199.4636230469
188297238.9602362216 168348.1387634277
188373536.3875009716 169536.7460632324
188676105.9751442373 171474.8052978516
188989100.7488041222 172832.1556701660
181574171.9229985178 114808.4875327945
179299912.2452413142 84272.8169448376
179470408.5634888709 86649.1377784908
181485568.1186528504 114172.3593589664
183493052.3738258481 130050.7532169819
187943598.4326340556 165644.8014526367
187968943.7780681849 166259.9266662598
190116848.7921915352 178145.5575256348
194019902.2035392523 183764.6387939453
180112248.2153921127 96317.5569798946
187940217.5530729890 165576.1477355957
188065851.1881769896 167027.5340270996
190256301.4629661739 179147.0970458984
187876817.9815872908 163456.1490402222
179523199.0553029776 87705.8915931880
181721959.5286483765 116001.7788717151
183418694.2666404247 129917.8043645471
188027739.8700324297 166902.2140197754
188322147.2273201644 168753.5906677246
189796673.0895881951 176744.6153259277
189209928.4803737104 173805.6273498535
181236290.9055463076 111205.0732261539
193193900.0225862563 183311.2492675781
179101686.4822631776 81645.7636987567
183731237.3753325939 131943.7352011204
188511227.3175121844 169794.3338623047
189108682.1962298155 173724.8248901367
183243785.9853427410 127866.8762838840
190872696.3495704532 180760.4193115234
192231936.4712896347 182499.1506347656
181556580.9908049703 114290.9266082644
188538837.9979992807 170328.9687500000
192456292.4354932308 182789.0981445312
180118342.8843999803 96322.5498492718
188595501.3736900389 170711.9856872559
181432069.9405398965 113193.8659507632
177423806.4325745106 35906.4746569395
181464086.9863632917 113629.1399680972
184280485.1162134409 136532.6828336269
192342198.8001207709 182516.0952148438
184459341.2678237259 136870.0306112766
188577833.3505593240 170412.4741516113
189211721.9512911141 173944.2749328613
178605622.8204042614 71722.7165646553
184305015.5550400019 136803.7209958285
193299431.4908955991 183345.0246582031
191512361.6040726006 181852.2247314453
180187047.8644368947 96638.6743066311
184814918.9717216492 136923.4747205339
180078008.1995341480 95995.3714435101
189695010.5581758916 176223.3793640137
181273841.0461375117 111460.9445793033
181270582.2778158188 111246.6280357242
180423762.3172286749 99365.9544868767
180396142.6689465344 99307.7696368694
181282198.2484926581 112081.1021568179
184065631.6210818589 134942.7738974094
190759371.7687118649 180728.0568847656
179046054.4390675426 79822.6816017330
180342957.4458731413 98364.3601645231
180444506.3726366758 100157.1967288256
183978604.7123418450 133948.0378134251
189023705.2238234580 173323.8092613220
193057897.6554231346 183181.7258300781
192122143.5708377957 182498.4729003906
180518624.9113656878 100458.9257180691
180229922.0549509227 98028.5132892132
184212929.6395312548 135614.2450420856
189656956.6739483178 176123.7877197266
193135843.6247884929 183215.3823242188
180369584.9083178043 98457.9757487774
184038779.3082395196 134800.7736989707
191254047.6473923624 181354.2740478516
179018593.1581643224 79620.4984510881
189860327.9382308424 177459.9007263184
177525980.2907704413 41927.4348214815
179333640.2185057700 85672.7497474849
180279535.8439092636 98040.9325672388
183937312.8255997896 133830.4605877399
189523424.0674088299 175107.5937156677
190656485.2873594165 180173.4942626953
193854619.3536572754 183700.2397460938
181088484.4539302588 108306.1576769352
181178405.1374713778 110096.6212389469
184183748.1493119597 135352.8166258335
189714917.0775019228 176475.4498291016
179973981.6698207259 94183.8112607002
194669256.8015324175 184114.3833007812
189539998.9736569226 175355.3077087402
183525882.1489941478 130757.7028524876
189554682.9299531877 175832.2597351074
191468739.6689690053 181839.9945068359
183783703.3786801696 133183.8326132298
192835568.6901853979 183004.4920654297
189989900.7975450456 177893.7817077637
177536759.9662917852 42192.2774295509
191770890.0827201605 182149.7386474609
178935135.8755529225 77636.2565572113
190048363.5318551362 177983.3266296387
190414652.8962576985 179380.5323486328
190412483.6698834896 179280.7907714844
191574268.8098680675 181941.2135009766
183605638.1663897038 131358.2904989719
192449426.8784805238 182670.3612060547
195101239.2615053356 184138.3853759766
194644206.3070571125 184091.5200195312
193650457.9616612196 183511.4470214844
187738114.1333515942 162776.0458259583
190544611.9368393421 179996.0761718750
179044203.1044487357 79692.1967460811
177764007.8460248113 48120.7595844418
178972623.8969830573 77787.4041626155
190438946.9206618369 179381.5837402344
177737156.8790617287 48047.5669847131
178428643.9732708931 68059.5700046669
177603800.3001078367 44024.2110839784
179441819.0817920864 86111.1883604228
179160112.3070428371 82092.3887412846
177583154.2289174199 43946.5031004101
190542435.6153485477 179948.1649169922
194424730.6439137757 184046.2312011719
179132984.4190626144 81809.6364662349
178536182.6069600284 69939.0776838511
179084679.8152025938 81606.4660560787
190992174.8866701722 180913.6323242188
190680569.2382760048 180349.9475097656
195430062.4339884520 184174.3177490234
177519211.2404844463 40362.8354651630
179998031.1052156091 94419.8148922920
178314372.6826461852 64298.7952051461
192790205.9933827221 182988.5291748047
177500545.5786176920 40171.6400820017
191328816.3841351569 181585.3847656250
193928062.0742483437 183708.8526611328
183607990.0167966485 131465.3489706516
193041065.6423108280 183021.5654296875
177523544.7493474483 41917.4481420815
192941138.9547426403 183012.1573486328
193237890.4557596147 183315.7229003906
183639615.0334560275 131501.4064377397
183643697.1699357033 131726.5938914102
187909172.7160367668 163598.3885917664
181175911.6791068316 109623.4542819560
191318404.8019993603 181577.4155273438
178338180.0074362755 66004.7586450875
193799129.3568157554 183656.2153320312
177487417.5042098761 40016.3807245493
180074407.4907915890 95197.0667843819
192358246.6086276472 182635.4141845703
191679439.7585731447 181961.1480712891
183654752.0517886281 131857.2510158271
178656932.6342649758 72230.0356225371
183853779.9099489450 133457.5736016482
193716145.2804063857 183633.7181396484
191948527.4940210283 182286.6799316406
193671799.6309568584 183529.6000976562
195304547.7451981902 184154.3118896484
183137916.3226411641 127420.3551785201
178554404.0247307122 70039.0731205940
177721561.4370178282 47770.2869235645
183351435.7471864223 129508.8440701216
191939474.1417265236 182206.8216552734
177466093.8754912913 38329.6936194599
178301246.7287125587 64191.0952337980
177449074.6087058783 38138.4982362986
183286234.3554353118 128389.2870632857
195342282.8813462257 184162.2551269531
178563231.8414255083 70255.9278368950
179772414.1045476496 89901.1204316616
183023709.3268802166 126124.0042831153
183065621.9490624070 126308.1423751563
182960064.6824991107 125317.7410897464
179958800.4259725511 93240.0888307095
178711234.8270842731 73861.7154345512
180968402.3653308749 106917.8890441954
181096526.8304405212 108722.4646579325
182971158.2275225520 125658.3033248633
179777607.6533862352 90895.2130677700
195215122.1884188652 184146.2067871094
178598912.8370407522 70860.4413695335
178501057.2811312973 69696.6596312523
179774180.6329302490 90293.3627769471
179654306.9171485901 89798.7389466763
179635134.5920053124 89335.3401453197
194241304.4055274725 183868.9122314453
183740541.5035284758 132236.7211682796
179788294.0288561285 90966.3490732014
177731329.7213909328 47918.8902467112
178517759.9031923711 69766.3983911127
178272530.4932559133 63784.6916388273
179774560.7009250522 90353.0349849164
179544997.9022200108 87706.7102439702
179802099.0279325545 91119.1245996654
179617339.6922636330 89085.9827539623
179474268.8720096052 87059.9258205593
183125937.0867502689 127206.4014388770
180764728.8161429465 102138.4789630473
180801530.6393741667 103935.9436236918
180862536.5414333642 104182.2317096293
180944494.9292055070 104469.6395770609
183070766.0108630657 126602.1323959082
177816391.1852183342 49888.1843479127
177865530.8542482853 51445.5356164426
177929971.7723334432 51824.9708404690
178770209.0545839071 73882.0231846273
182755953.4640882611 121548.6811700240
178779319.6125810146 73884.8816548735
180885268.3010248244 104297.7054597735
180884279.4237770438 104228.2356807292
180945868.0687193274 104689.8275687844
177877298.5927263200 51573.1582472771
182774130.8734322190 123741.9534478560
178814523.4986357987 74924.0282530636
177792315.4169912934 49540.0164015740
178913342.7570250928 75775.7767882198
182916647.5215310454 125146.1784844771
178248897.1907365322 61692.9772320638
178270591.2405187488 62033.1854822460
178500468.3130092621 68270.2559564114
187574222.6481137276 155794.5978698730
187707538.1424714029 157961.3522949219
178129806.1729515791 57963.1959298524
178023106.0771205127 55508.4308155626
182543076.9879548848 120413.4023696631
182443816.7035632432 120083.7827407569
178027074.0040414035 55835.6092213243
182762166.8558828533 122822.4481980056
182611683.4677112997 121223.0142380446
178066454.7862401009 55973.8209599108
182599254.9292921722 121069.5824233741
178108615.9669907391 57790.9300526232
182612145.2371117771 121541.3187514991
177975479.6304442883 53722.5107678026
182360496.1216228902 119457.5208999366
187728435.7377759516 158207.0908813477
178125227.7531884313 57905.2560852533
185634936.5724942684 143271.7027775645
178072342.7084474862 57541.5726612657
185571335.3078035414 142657.7139622569
185900108.3807903230 145138.6680485606
186218188.1743109226 146974.2891221344
185853963.4623053372 144894.9821354747
178017884.7648192942 53795.2203005403
185999914.3492590189 145734.0007206798
186234291.7491489053 147127.4535080791
186515754.9970614910 148638.2272505611
186699554.0649461150 148697.7556456625
186644399.8047372401 148694.5519429743
186774318.2465370893 148857.8548619002
186463528.7295188010 148591.6706577986
186112391.7686257362 146566.0953005850
185378832.8946125805 140796.8701745570
185628976.8205903471 142858.1808511317
185053942.3058305085 137577.3510727882
185137217.0992888808 138945.0615754128
185187112.1563872695 139150.3958477974
185096774.3301581442 138581.7936997414
185346909.4676117897 140219.1794204712
185199953.3097235858 139209.2962417603
187516783.2657665908 153856.5650012493
187512484.5132530034 153848.8384387493
187473109.7376033068 153313.3812854290
187081599.8807422221 150124.8459567055
186963025.8455738425 149749.8640231118
186942273.7747811973 149169.6108798012
