184158110.6264805198 134132.2744263709
177694986.7220323980 45940.9139879415
178435624.0243492424 67828.5978678465
183123494.4183825254 127086.5150863379
184008020.2598179579 133827.0919655785
190203364.2050914466 176318.5562133789
177585419.5674406290 42218.3469032645
188997122.0603436828 169820.3859558105
190213830.4140495956 176999.5371704102
190855482.3190098107 179988.5156250000
190317282.3985131681 177747.8443908691
190480207.8734455407 178638.3533935547
191310054.9602767229 181023.5239257812
179321670.7174699605 83963.1144936979
194222691.9958552718 183704.4207763672
178539413.0866279900 69766.3983911127
180009788.9323471189 91516.3951828182
192115268.8062120080 181723.3826904297
178337061.6815263927 65817.8334845304
189046127.7253618240 170463.4594421387
189668367.7900947034 173884.2749938965
181387226.0215463936 110641.4746295512
178272530.4932559133 63784.6916388273
179339737.2816455662 83966.7863075435
190433045.7165752351 178241.4343566895
190625835.3018221557 179031.6581420898
190873832.4775633514 180217.0742187500
193779446.2979586720 183497.1481933594
188901005.5380558968 168931.8165283203
190641287.2487947643 179343.5665283203
190719352.5008940995 179901.1247558594
191743647.9093244076 181374.0147705078
177715291.0582500398 46235.3945317268
181360107.5795449317 110335.4081393778
183545103.7643693686 130118.0223534107
183900467.7523331046 132926.6745328903
179774560.7009250522 90353.0349849164
183338896.5473443270 128557.6928207129
177630686.4373359978 43901.8426182489
177680674.3653646410 45911.2615793566
178145656.0886545479 60038.9164617062
183505264.0746582150 130004.5249338150
193448854.2493217587 183123.1763916016
194692421.7309780419 183733.2086181641
180002974.9786387682 91377.4927446544
183242863.5904501677 128170.3404581547
194239691.5020703673 183705.8944091797
193745407.7540845871 183470.7961425781
191997362.8850558400 181675.7193603516
191565169.7402675748 181330.2529296875
179790075.1035749316 90965.5304224193
184448539.1164968014 134929.4183179736
191096497.7036969662 180815.1175537109
193629968.7851653993 183336.3049316406
195093014.4613408446 184033.4180908203
179544997.9022200108 87706.7102439702
184227690.7010564804 134807.3923026919
188503782.1466256976 164874.4963378906
190948922.2167342901 180491.4689941406
191195244.0931882262 180832.6740722656
195955407.9789025486 184161.2703857422
193506928.5541587472 183248.0711669922
194996594.6607456207 183952.4252929688
195224978.7394620776 184042.4974365234
179802099.0279325545 91119.1245996654
191828264.3703320026 181436.0810546875
179308332.5010958910 83724.7049433887
189619592.1102249324 173317.4844360352
189468294.0841657817 172543.0208740234
191201001.2069213986 180847.6823730469
194025501.5170736313 183668.7225341797
195797247.5055793524 184153.6545410156
177457163.8531354368 36173.8304046015
179366772.3989440799 85672.7497474849
184170157.0878171921 134584.6213676333
188742612.2542103529 168378.6151123047
189143613.6881416142 170591.1170959473
189351775.8576463163 172247.2438964844
193432191.7467737496 183073.5562744141
193811929.5487238765 183519.9537353516
183887400.7402317524 132673.3782379106
193877881.0255743861 183608.8968505859
177761233.3877506256 47801.1714618872
179188330.7259508371 82220.8855186701
179122312.7008329034 79874.8294472545
191389627.1151772738 181106.3031005859
191464087.1180445552 181145.7545166016
179259053.0592483580 83472.0852992600
179560805.6291964948 87771.8796779811
179740328.3473989964 89431.7012293041
190592426.6143163741 178856.2727050781
193962066.7431169748 183622.7214355469
184161675.3836460114 134266.6335831881
192803292.2565681636 182521.2541503906
181253703.7295679152 108752.7424823344
181293123.6563024819 109969.1727572978
179848360.8963719904 91357.6967501342
183950485.7308604121 133090.4591209292
179702182.5220604539 89404.5756621659
189201961.3837346733 171284.4604797363
179617339.6922636330 89085.9827539623
184004926.7113646865 133423.1241180375
193205461.2561531961 182775.6313476562
192945514.7297598720 182660.0903320312
192970130.9802776873 182699.6417236328
193214741.9044512212 182964.2430419922
177601411.3661241829 43852.6065553049
183830296.3804601431 132499.0058891177
183407206.9770769477 129327.1775151938
183884335.4842976332 132577.1547384486
190121558.8825729191 175648.2967224121
179310377.2448880374 83797.4008557498
179601811.2561025023 88007.3204345405
181263444.6319928467 109664.6521197855
183294709.5151426792 128380.8879272938
188710181.0381119847 167931.2689819336
188653884.3278259635 167274.1316604614
177522709.2519970536 40076.3178551416
188896481.9509843886 168763.6740722656
182987507.9380187988 125619.0384933203
188944749.7471129000 169637.2324218750
192420050.2017214894 181874.1672363281
177516055.5444199145 39865.2410949469
177556340.5015073121 41822.7765552918
178252678.7992273569 61938.7406194210
189270614.0221217573 171580.2374572754
181443165.2446627915 111333.5533114970
189978670.7689767778 174849.4286499023
183689843.0496274233 130749.3670132533
192537288.1955063343 182100.7354736328
179474268.8720096052 87059.9258205593
183125937.0867502689 127206.4014388770
189546061.4442510903 173097.7290954590
177573864.8991502523 41906.2875640760
189741521.5612286627 174040.6884155273
192707145.9497771263 182324.2685546875
189835421.3286698759 174724.4673461914
192705897.2051428556 182270.1604003906
179234306.4298429191 83390.9972607791
181385949.0614561141 110547.0267373621
179123683.4070439637 81413.3483071178
181473190.3853360116 111690.9685565531
181764173.9188041091 113764.3267319202
194981141.1793474853 183761.2037353516
192463573.1372244358 182034.6490478516
179076542.7910633981 79707.3848671764
181436888.5513229370 111324.8045618534
181783126.9025608301 113954.5052974224
190011584.2759085596 175234.2783813477
192469051.5650258660 182059.6672363281
177552363.8645247817 41819.4647096018
177516338.3383076489 39927.6317191939
181686587.2219472528 113153.3861658573
193184806.1700095832 182747.6691894531
179138539.7793648839 81422.4348461628
183277045.5123507977 128323.3438736647
180915589.4983849227 104366.4796039164
180764728.8161429465 102138.4789630473
179080133.1132552326 79842.0604796261
180801530.6393741667 103935.9436236918
179053309.1916364133 78990.3119444698
190063788.7096597254 175515.2035522461
177528141.7896720171 40185.2050575614
177495403.9650626481 39835.5589268426
183616476.0505065918 130651.0680935755
181312619.5336915553 110149.7561542094
183800471.7547512054 132072.0279019251
178985804.2046923041 76984.7020811886
183172138.7740952373 127294.2269894332
180862536.5414333642 104182.2317096293
183557708.1978317499 130445.2896511927
177469320.3942369819 38043.1760094384
177729354.0779026449 47506.8745558709
179005075.7305459380 77122.6200300455
183315103.5724958181 128550.8562640399
180944494.9292055070 104469.6395770609
183070766.0108630657 126602.1323959082
177816391.1852183342 49888.1843479127
178718292.0964293778 72319.8402186781
183029075.7163820863 126097.3638412207
177865530.8542482853 51445.5356164426
177929971.7723334432 51824.9708404690
178770209.0545839071 73882.0231846273
182755953.4640882611 121548.6811700240
178779319.6125810146 73884.8816548735
180885268.3010248244 104297.7054597735
182982022.0829608440 125191.3689904585
180884279.4237770438 104228.2356807292
178752639.8706133366 73807.4276594967
178710504.2956102192 72062.3234051764
181518482.3728929758 112133.9826624393
178495350.1886775494 67930.8002719879
178701592.1739089787 72057.5697643310
180969991.8078518510 106106.0420733988
180945868.0687193274 104689.8275687844
177877298.5927263200 51573.1582472771
182774130.8734322190 123741.9534478560
178814523.4986357987 74924.0282530636
177792315.4169912934 49540.0164015740
178913342.7570250928 75775.7767882198
182916647.5215310454 125146.1784844771
178650488.9127323627 71827.2118816376
178560524.2857823670 69915.2196102142
178608912.9192248583 70199.1157064438
178248897.1907365322 61692.9772320638
178596787.4459098876 69915.6208028793
178270591.2405187488 62033.1854822460
178467182.9587596357 67882.0777645111
178500468.3130092621 68270.2559564114
187574222.6481137276 155794.5978698730
187644175.7627062201 157280.3289794922
181165388.6763786674 108277.3364064842
187775270.8147361875 158988.9292602539
187702059.4312037528 157735.5371704102
178315525.1124149859 64105.2001531124
178399710.5019730330 66237.1141107082
181620058.0427693129 112628.4162043780
188034254.5256777406 160184.9069404602
181197934.8471021056 108576.1997072697
178134295.7764761746 59574.7145069689
187707538.1424714029 157961.3522949219
178129806.1729515791 57963.1959298524
178023106.0771205127 55508.4308155626
182543076.9879548848 120413.4023696631
182443816.7035632432 120083.7827407569
178027074.0040414035 55835.6092213243
182762166.8558828533 122822.4481980056
182611683.4677112997 121223.0142380446
178066454.7862401009 55973.8209599108
182599254.9292921722 121069.5824233741
178108615.9669907391 57790.9300526232
182612145.2371117771 121541.3187514991
177975479.6304442883 53722.5107678026
182360496.1216228902 119457.5208999366
181640315.4365141988 113053.6565944403
181940651.7959164679 115594.4208785743
182107144.5167607367 116792.4039490223
182216218.7012446225 117678.2581588477
182054665.4798997641 116144.8335370123
181993700.2183666825 115826.3197764456
181878823.9746451378 114953.6606189311
187728435.7377759516 158207.0908813477
178125227.7531884313 57905.2560852533
182073628.6755653918 116223.6985847056
181824579.7860527337 114517.1605025977
185634936.5724942684 143271.7027775645
178072342.7084474862 57541.5726612657
185571335.3078035414 142657.7139622569
188222679.3031878173 161613.4930534363
187923041.7848076522 159474.4501762390
188178618.3678294420 161577.9149589539
185900108.3807903230 145138.6680485606
187948789.9103528261 159849.7975273132
188319756.7201026380 161763.1054801941
188039571.5154851079 160642.9477958679
188110524.4451864958 160999.7824516296
187834623.0812375844 159290.6806144714
186218188.1743109226 146974.2891221344
185853963.4623053372 144894.9821354747
178017884.7648192942 53795.2203005403
185999914.3492590189 145734.0007206798
186234291.7491489053 147127.4535080791
186515754.9970614910 148638.2272505611
186699554.0649461150 148697.7556456625
186644399.8047372401 148694.5519429743
186774318.2465370893 148857.8548619002
186463528.7295188010 148591.6706577986
186112391.7686257362 146566.0953005850
185494335.3530165553 141381.4987222254
185378832.8946125805 140796.8701745570
185628976.8205903471 142858.1808511317
185053942.3058305085 137577.3510727882
185137217.0992888808 138945.0615754128
185187112.1563872695 139150.3958477974
185096774.3301581442 138581.7936997414
185346909.4676117897 140219.1794204712
184936333.8834593594 136921.0756301880
185199953.3097235858 139209.2962417603
180623336.6705525815 98986.6179386377
180717443.3837658465 100179.1376854181
184649755.4302690625 135156.8328843117
180665107.0713452399 99720.9809757471
184695028.2268590629 135202.9929184914
180189253.6410763562 93217.3361170739
180070112.2619823515 92029.2582256645
180739303.2536087930 100317.1212619543
180100159.3092077672 92514.3622600883
187516783.2657665908 153856.5650012493
187512484.5132530034 153848.8384387493
187473109.7376033068 153313.3812854290
180372085.1514363587 95812.8825285435
180372968.2005969584 95974.7335664034
180332910.8432693779 95493.1205656528
180556191.1023950875 98306.0321161747
180280648.8682319224 94665.1362822056
180432656.8723794520 96723.8560907841
180502319.8914541304 97659.6136591434
187081599.8807422221 150124.8459567055
186963025.8455738425 149749.8640231118
186942273.7747811973 149169.6108798012
