192420696.5722959936 184648.1081922278
186269605.4772993624 111680.1368996496
186312892.3084806502 112676.1093724924
186304135.1741265655 111737.3078013505
191875310.2423658371 182138.1085919067
191945346.1909063458 182615.0867095515
191992820.1831103265 182714.4882799312
191803952.9317678809 181459.5025123637
191550944.9694975019 180220.9088006541
191435811.6779127717 178691.9697369263
192277913.9344552755 183676.7648101375
202441977.1050778627 227620.4605712891
204796191.5753187239 233657.4757080078
204719872.2517034113 233064.9812011719
186231548.6264545321 111534.1786539550
186445637.9838878214 114119.0826454754
186430691.7240342498 113745.1286138552
187564229.3957703114 136711.3568673804
187386170.3311393261 134792.0714086741
189788859.7136180401 164876.5630146861
191772413.4659962058 181389.1070802324
191528315.5613183379 179814.3064497635
191560577.0130670071 180664.4687603638
191883996.5854212344 182186.6052395329
192830752.3658181429 184954.1682461426
199331158.4316150546 215615.6823959351
202704252.1282988489 229297.9374389648
203002435.4772112668 229884.8388061523
202657908.4652066231 228951.9885864258
204751836.6305391490 233615.3707275391
210167098.9331562221 236343.8420410156
212009222.2963584960 236443.7645263672
192230487.2993216515 183138.4690533504
192099793.9089152515 182973.1779819950
191479342.3462764919 179126.0478480384
192329327.6036531329 183856.3087278828
187386733.4852650762 135618.7770620957
187271664.9187034965 133505.9237150401
189723180.8369349837 163913.4655273557
190038174.3559343815 166142.0053289235
192052841.4684466720 182921.1467634663
191661530.3492707908 181061.8057295308
191621285.1806229949 180888.0049177632
198808750.2748138011 213412.9507369995
203461313.6019754410 231191.7487792969
203097711.7766687572 230452.8316040039
203495920.1900756061 231268.5422363281
203749489.4008146822 232044.9320068359
205736421.2490799129 234605.4665527344
206150855.7052513063 234683.8168945312
191345812.7290110886 177595.5002382696
191309148.2394902706 177368.2896222100
191147580.5100494325 176268.4351300225
191327255.2609151006 177422.3520630822
186654759.2039043903 114394.9048721977
187364849.3980705440 134580.6236259192
187329153.4395516217 134527.8971445914
190030009.8726077676 165951.1930267662
189596456.3952204585 163001.5810322165
189786233.8686666191 164870.6527630687
189767791.3315241039 164845.5658516288
189624726.4827636182 163912.1698996425
199573831.4586187899 215949.7262665257
199211305.4589861333 215279.0197677612
202579802.0795146227 228517.3873901367
205798584.1423297524 234656.1485595703
210355640.6010117233 236367.2031250000
211080674.5596442819 236432.3472900391
186473887.3612133265 114142.5377472187
187684478.6047676504 136736.7082208842
187344950.3493450582 134540.1027301773
187515399.1534843445 136661.1238378733
187490558.1642005444 136541.1939214841
187856450.2667981982 136739.2482219795
203729913.0949351490 231813.8240966797
187291659.1832846701 134497.9866155833
187949733.5041745305 137061.3005252229
187365779.1347784102 134691.7915946571
189942731.4043090343 165784.8565514311
202283787.1978061497 227455.4201354980
203548414.1973852813 231768.7012939453
203386601.9531171620 230644.6454162598
205058902.1685178280 233986.0487060547
186845832.2780313194 121087.7253253592
189574058.9415951371 162189.3198198676
199002306.1191777885 213844.3243069649
202821361.5844287872 229389.9492797852
204009932.2034735978 232320.3856201172
187180511.7917461991 130839.8524193401
187208245.4946036041 131036.0125012035
189580391.1125626862 162890.8493151069
189742991.4716869295 164587.8457652926
202492126.2374474108 227969.9716033936
203941031.7281947732 232177.4237060547
206137420.2012690902 234662.1466064453
210596076.7667226195 236392.7766113281
186957844.3915193379 124492.2514628723
186984678.1733998060 125936.3647282255
202547872.3652190864 228224.1937255859
202665067.4932451546 228955.2998657227
203439032.3992961645 230830.8116455078
204031070.7051366866 232334.9772949219
205764997.5682591796 234641.1297607422
210737156.7290876210 236405.1219482422
186904613.6867595017 123978.8860900534
189552161.8736926019 162121.7510532439
198925604.5997970700 213696.5401744843
210815335.2459057570 236424.0006103516
210690224.4937766492 236402.4815673828
186978764.6932911277 124564.3816745413
191006283.1077004671 173814.7337006554
191132862.2064875364 174886.6568850502
186854038.8554330468 122814.2208774222
189274110.0080881417 158992.7765977979
189387308.5599088967 160376.2842025161
189845544.3800143600 165008.0062038302
202532484.0840487480 228171.3930358887
205372409.2025432289 234153.4809570312
189539334.5020337701 161909.2993582189
202883977.4450210631 229867.1773071289
189564793.7173250616 162157.5495822132
189473689.1811126769 161861.8408235908
206254079.8012096286 234693.3647460938
187255432.7268397212 131321.8157772655
190719025.4511236548 171348.6511880886
198783307.9096764326 212896.7345262561
199480644.3672525883 215817.9134466648
204285787.0274073780 232648.7847900391
203205517.9563987255 230525.8155212402
208853672.5568063855 235481.9197998047
187028686.4252381921 126044.6875286793
189917575.0029614866 165158.4164358675
190662277.6099684834 170692.7713825237
190648764.0014670193 170087.4405044671
198645308.8281413317 211804.1710101068
199326067.1736628711 215383.6460037231
203047945.1961012781 230064.7066040039
204038610.3548531830 232424.6857910156
203791138.1162140965 232084.6763916016
205494835.0963487029 234371.0400390625
205448417.3457935154 234222.5133056641
187097277.4130673409 126937.6430158364
203973823.5017150939 232222.2958984375
205182294.5661160946 234124.1124267578
204903439.7084826827 233676.6190185547
187157506.5601821542 128458.5174823152
187129492.0776406229 127173.5722246515
187061308.0817416310 126610.3987297015
190942742.7683442533 172492.6209727749
198744325.1697725952 212342.0596694946
205054835.5516656339 233826.4705810547
205323911.8447097540 234145.5092773438
198669610.6988886595 212169.3197402954
198662879.6996245384 211864.1714706421
203742185.2139277756 232033.0429687500
186762544.3681976497 117285.4596736464
186837712.8051826954 118950.9442827734
189729671.5344382823 164096.5035509467
190519573.0148670077 169894.0192694198
190437272.1523608565 168331.8314509299
190505579.0011142492 169784.3438604008
190739947.9373534322 171797.5954484474
198894083.5259262621 213683.2410659790
203809213.4963146150 232160.5920410156
190323631.1415334642 168218.5213138591
190653078.5990561843 170301.4127810430
190806840.4806059301 171871.8319381829
208570554.3520035446 235364.7855224609
209033059.5755274594 235694.3767089844
204531919.4552676380 232969.3748779297
186778485.3949462771 118631.8458430800
190561399.1658927798 170004.6478734910
199147202.4086158872 214247.6229214668
204085000.7911247909 232498.7243652344
204026156.8624165952 232323.2746582031
208683742.3350090683 235384.3234863281
189827239.6632936299 164973.1512455046
189831925.5973067880 164999.0616458952
190960466.2502599359 173058.8243530821
190893209.2763527632 172197.5496772733
190522798.2151528001 169952.6334012859
203915388.8445396125 232177.1518554688
204124050.5211757720 232505.3110351562
209103765.5402157307 235786.5039062500
190319699.0746430457 168074.6375209577
190208911.1658868194 167855.1063434612
203405541.2041653693 230732.9668579102
203825438.1552576125 232163.4810791016
190585581.4538524449 170042.1395183410
190449100.2366333008 169735.5926105510
190125220.9456158280 167038.3921369221
190208849.8352066278 167705.3116925862
190100127.6630587876 166730.8658224642
190023450.9370160997 165927.2938786224
189966024.4559732974 165825.0372165740
189918038.8272396326 165672.1529392302
209096263.7717932761 235781.0454101562
198797131.5217296183 213180.9000625610
198554580.7942808270 211767.2976455688
199191994.7697186470 214436.1331710815
209301257.0384865701 235792.5180664062
210019931.3454802930 235912.1072998047
186838732.5057387054 120796.7074619067
198749346.1703449488 212509.1255264282
198499911.6379022896 211404.9591296911
198989666.2281838357 213773.4927618504
186802030.5102004111 118841.6559736580
209030508.0422407687 235536.9940185547
198980722.0125569701 213754.3926467896
209790239.1948743463 235851.7424316406
209494395.6109142303 235831.8120117188
186897722.2095159292 122827.4821358455
209357391.5245912373 235812.2792968750
199657465.4492402673 216337.7196578979
199049873.4230687916 214143.1782616377
198327583.2547607720 209827.1155174971
202260315.1760949790 225136.6207275391
198338090.5508336425 209861.9474378824
198312154.0181775987 209581.9971054792
198315834.3038313687 209676.6214798689
198094865.4780202210 208643.3380399942
198398520.7795009613 210000.2038773298
197976077.4498243332 207881.6783415079
198096350.6508192420 208711.8402775526
188772061.8487607837 146134.5735548202
197801484.2981972992 206852.1379057169
198496391.7888974547 210847.0189446211
198414316.7301408350 210037.5912094116
188782943.8122430444 146367.1981247131
198247152.8520337045 209274.8364560604
198230257.1794224381 208725.8998650312
202218276.5789470971 225113.3342590332
197754806.0099259913 205148.7001615763
197869122.8191778064 207171.7740598917
198486463.6213310063 210804.2971733809
198447831.7266381979 210286.9116753340
188910693.7036545277 148077.2562033518
198047777.5415776968 208641.4265409708
202139349.0239291489 224398.0565490723
188758697.9450593889 146077.5877273742
188655628.6093590856 144265.5116689864
188719332.4954707921 146077.4366381748
188686856.9979202747 146043.6713302795
188838837.4361755550 147841.5705917541
189030431.3779562712 149556.8283218091
189060953.1028162241 150193.5449311930
201789235.9892512560 222891.3244590759
201944182.9777786136 223969.5617027283
188945582.3131488860 149267.5066087443
198422857.7036398053 210147.6814507246
188965723.0370404720 149462.7354174970
188925804.4418557882 148753.8567596792
189242823.2638986707 152681.0352736413
201716087.7104748487 221882.4890136719
201573535.3847159147 221404.4478530884
189067232.1190502942 150556.2537934207
189187217.6588113606 152283.3606380322
189090907.8781680167 150791.6473506787
189049852.2767458558 149734.0563513158
189177933.2261891067 151192.9909023187
188916937.5552772880 148690.3664752363
188818748.6166980863 146898.2449944599
188813169.6306822598 146708.8519099339
201897226.2978736758 223040.0769042969
188607995.8382941782 140614.8284873946
188496170.5244574547 138163.1274528487
200889819.6349381208 218443.9641113281
188642543.1651780009 140829.2925610526
188644163.1350107789 141638.8134603484
188572885.7219887078 139950.1001367553
188546517.3330759406 139947.7654685958
188488715.7362721860 137445.8897720682
200614876.3739054203 216972.8109741211
200357967.1528704464 216485.0337524414
200605201.5667995512 216654.1998901367
200341905.4433916211 216412.7102661133
200961571.4457469881 218846.3915710449
200677419.8360528946 217983.4071044922
200864430.2286603749 218349.3470916748
201694102.1566603184 221711.3311767578
201389648.4293715656 219958.8036193848
201193234.9637776911 219722.7099456787
201407785.8125227392 220471.5098114014
200847055.8521603346 218259.4333496094
201492289.8597656786 220498.9326629639
200938409.3093113005 218574.0635986328
201172270.5966368914 218975.5744171143
197721438.2222409248 197113.7911357880
197551582.2464268208 195335.7516822815
197592427.0906127095 195430.5706043243
197608226.0684511065 196780.9334163666
197542636.9387343228 195229.3762551546
197539906.2569561303 194539.9423255920
197492101.1970683932 192935.4398612976
197351490.3377508819 190964.3798046112
197253083.6322200298 189355.8193454742
197345241.8200882077 189921.8123645782
197353975.1799401641 190966.1749362946
197462981.1722507179 191156.5196342468
