199338943.4744638801 225511.7994384766
204917779.2084028125 237415.7152099609
187027422.3660821021 151332.4311624318
190555399.9113226235 181149.8794773068
191144813.6568295658 184383.7910297767
195781310.4975943863 210376.8978687210
202116069.5686941743 234290.4418945312
203679017.1711194515 236655.7623291016
194784605.6362379491 206114.6843982620
205074289.0075893998 237451.8582763672
206495453.7846511602 237970.7770996094
206262782.3570070863 237960.8448486328
187487749.6022996902 155636.9849775843
194254037.3200952411 202917.1326862259
201477273.1770627499 232437.1301269531
206212838.5777172446 237954.6342773438
203815258.9486314356 236913.1041259766
194983160.5950419009 206814.5365405960
200443901.2827372551 229492.1514892578
203486057.8530823886 236617.3200683594
203892842.3787755370 237236.5683593750
187215832.6353884339 153625.0263117254
190548197.9066946507 181011.8113792494
195742377.7097663581 209974.9301386825
185108733.6123955250 108347.7295804806
191196222.7734088302 185856.8845795051
184929333.9223256409 108004.6286291103
184582516.9891845882 99666.2797035002
187338716.7925990224 154534.1507185511
201037615.7799402475 231418.8331909180
184368846.2607497871 83351.6050141463
187144891.5755574405 152533.5968942195
187292651.1071832478 154387.6981153935
184836068.9561400712 107721.5809453498
186440890.9028459787 144312.1145089439
188587428.3812586665 165637.2449321896
190418595.6860655248 180738.8402284221
195904883.9164535701 211146.6134730331
205356195.7353400290 237623.0549316406
184513325.2160319090 96036.8037996280
186187165.4390666187 141280.7867773771
187396738.4081809521 155454.8472650945
205397100.3312653005 237696.5123291016
186061286.1956232488 139169.5189445615
205486246.9951287508 237868.3835449219
187248228.5723786652 154324.3336439580
205219333.4634523690 237468.5845947266
184495127.4716213644 96001.2168846838
201970654.8401418626 234270.5195312500
206171217.5404762924 237923.8457031250
206048554.7781320214 237914.9394531250
186212946.3475377560 141321.1350038350
201934025.4260562658 234230.7500000000
191568152.2830672860 188184.3123713091
195034538.7877940238 207346.7057300491
187073253.8885450661 152497.2824659795
195307252.2002947032 208493.1499842165
186578683.1354776025 144836.6577160656
195220398.3464290798 208149.3002226949
184529530.1045935452 97875.6015699529
184290649.5085415840 76262.8059444390
204369889.7389501929 237328.4790039062
184513790.9884066582 96040.4424186158
186336929.2046679556 143116.0254351795
204319945.9596603513 237322.2684326172
190686189.6053219438 182251.1342914954
186041117.6189524233 137441.4567252100
191150258.0166237354 185090.9362572089
201947819.3708494902 234265.7259521484
202837845.9974205494 235363.6958007812
186367402.7168152928 143315.7184335291
188326517.3939897120 163505.1406870931
194282307.4076384008 203689.8474079056
194662483.3335284889 205734.4181934280
195099872.6589552164 207812.5678211136
203681917.4203654528 236808.4635009766
203284587.9647589326 236237.4498291016
203349704.2558165193 236305.0139160156
195024503.0934554338 207205.4333301468
203378067.0299440324 236420.6173095703
190336982.0948168337 179594.7171510296
190855220.3973499537 182999.7556904212
194733974.7840463817 205956.3363605423
184300740.0142104328 78239.5220088921
200431299.4906642437 229462.4815673828
200555482.2701659799 229906.3291015625
201076076.4740815461 231724.9203491211
184352572.7224884331 81799.2660647645
190609443.8138243556 182088.8067542450
200785993.2545490265 231225.8612670898
202750474.7603072524 235179.5823974609
200692627.3742841184 230941.5343627930
190801519.4773941934 182869.2935474769
205637380.8765391409 237879.0318603516
201436910.9217071235 232361.5451660156
205448383.8199895918 237760.4765625000
184416025.0829110444 83595.8043191987
194572283.5170886219 204515.5336566849
201177338.8931185007 232228.0834350586
184563125.5230953991 99431.8628589634
186331218.8534349799 142958.1296541989
190194630.7407487035 178835.9609559612
195959957.9931263030 211809.2000945210
201173551.6513286233 232055.1383056641
205274668.9818639755 237544.6043701172
190713732.1892777085 182733.0652266101
203773681.9794452786 236912.8602294922
186900391.7770260274 149523.7004817575
205839985.5548551083 237901.3934326172
184344419.5028564036 81657.9669924988
186431436.2288683057 144005.6074269116
184334477.5679916739 79902.3700050781
186085619.4625100493 139364.2305594385
188540000.1778673828 165004.6731866486
201211739.6992156804 232346.7373046875
194167668.8232406080 202244.3537860794
199806411.8671719730 227667.6233215332
199594642.5933902562 226513.6811218262
186343109.0867219269 143298.8705740869
187200055.4486926794 153255.5795510560
190277759.5343999267 179132.6302419142
199804413.1630542874 227393.5877990723
201797798.3515057266 233715.9278564453
204587173.4084802866 237355.6682128906
184312152.6235853434 79818.4514757055
188694982.1420939267 165806.7824291140
194599422.0833801329 205250.2300693674
186217605.2265991867 141626.7716204822
195055728.4643169045 207801.3838916702
201690113.4355845153 233261.1406250000
196108722.3653006852 211810.9878207892
186168324.7166026831 141265.7287283838
190455473.8583918512 180807.0781129436
190531434.2790407836 180945.3921014206
190311909.0111030340 179198.3366161774
202766202.2502318025 235298.0240478516
201780201.1020349264 233709.8593750000
217597946.0615887642 238115.3927001953
201486999.1594967842 232897.1512451172
190409699.5203990638 180412.5961378650
184808262.2240393460 106371.0126653500
190414799.1803933680 180695.6976502971
190614193.4434662759 182101.3625898913
195469650.8297868669 209765.7826343460
204525640.2092853487 237335.3928222656
201524871.3259977102 233158.2095947266
184608849.7724597454 101022.4773550057
194846458.6705634892 206617.3032642288
202904224.8453021348 235398.0209960938
184727425.5159788430 104590.6516314517
198881588.6199162602 224088.8822708130
202964230.7742148936 235828.6199951172
199661490.6147677898 226818.4978027344
202434704.9384140968 234907.7149658203
216833265.3448006511 238109.4354248047
188608328.1456507146 165650.3207075298
195066907.6831744015 207803.2544971390
202187254.7270507812 234420.0274658203
201728301.4834715724 233708.6235351562
186416995.2410091460 143972.6171595752
195383518.9375269115 208646.2283603400
199720579.3930670619 226953.5405578613
184563672.3599041998 99620.1304228925
195148155.1512633860 208062.5347705765
199882611.4751861691 227982.3544311523
186475898.7560476363 144732.2615401447
186265781.8963384032 142698.3383839428
188513728.8434708416 164940.4694781750
200022662.5132067502 228055.1044311523
215318463.3963667154 238042.6820068359
199814110.3338147402 227825.1124572754
198951771.0971789360 224365.1745910645
202350886.7304817438 234434.3007812500
184626185.5022443235 101142.3397864320
201866562.0044778287 233803.9383544922
214994782.7626302242 237986.0668945312
188443189.0105464160 163896.8399592489
187159310.3772866726 153059.0325118601
188576703.2969163656 165424.9372381419
194334749.7149370015 203904.4184223099
194655699.8578484356 205699.1369434280
184549070.5244719982 97901.9972974516
216105469.5517655015 238077.9298095703
216758890.0273901820 238108.7487792969
195390154.4386764467 208934.9191523544
188812187.1313965917 166852.7769732624
184630944.6633939147 101539.0519821190
184769863.2218776345 105940.3770138393
184865182.7102518082 107996.9432047079
186125516.1428917050 139779.6595056951
188464821.4713025689 164775.9533678144
191540182.8740900457 187132.4405706741
186309491.4735216498 142872.9224727750
188744860.0836749971 165848.9606819302
200246062.9515305758 228682.4493713379
215872743.5269725323 238066.0454101562
184495000.8903740644 91116.9262088425
194436934.3739732802 204145.8971057816
187047897.2741826475 151403.1962284893
188415042.4269940555 163863.2242406160
193447921.2804367840 198043.1686266363
187000732.1132258177 151166.2917205095
187981811.0567449033 160119.6845408529
188339701.6575765908 163736.7453013510
188238841.8957622051 162834.1199376583
188090332.0599599183 161703.6034556478
215255528.3821350932 238022.2958984375
200205333.0964309573 228681.7768859863
200157641.4474610686 228674.4356994629
186958038.3764715195 151013.1443486065
194093571.9376021922 201999.3327729031
184762294.9836017787 105925.5471392642
191452082.9652718902 186994.6490066946
215004166.2213535905 237995.6641845703
215271963.7608918548 238037.0238037109
196868226.9049427509 213972.0296573639
196619933.9832726717 213921.0738220215
186057494.8562145829 137544.3839128911
186712863.0239094198 146947.3477610331
186719785.3164967299 147125.4161531609
196191187.5002436638 211873.9839119613
215571488.9340631962 238054.4831542969
184707833.5382098258 103931.3534456859
184698155.5090637803 103691.3614712725
194109683.3051275909 202122.3183673248
196459361.9755334258 213325.4651599808
188071828.6996548474 160810.4888723195
184696797.7352089584 102663.4390569231
184750772.2602325976 104623.7126122485
196406442.2359322309 212596.3925278783
196229984.8770649433 212098.5360153615
196574663.3708000779 213854.6098130345
186794975.9040924013 147947.5524001550
187709475.6838477254 157777.4570669662
187680389.4943481386 157687.6956074964
187555269.6806221604 156648.4875410330
191992183.5047495365 189185.5427166142
191558740.3576840162 187166.7339056351
191936729.3417686522 188674.6523016312
191942240.0941150486 188878.5609470226
184665741.3309437037 102404.6817841672
194061466.6283359230 201977.4249347076
196258390.4892333150 212397.7998126373
192015817.3200890124 189193.8728216507
186815183.2378672659 148792.4672239553
194181794.6061467230 202281.8854785843
192463394.1212989986 190282.5525093824
192114310.7426768839 190281.6010263779
188004574.4603479803 160503.4537404627
185803275.7849858701 130947.2313053049
185714425.0946585536 129402.2495156825
187859757.5285095572 158920.5463775247
187816394.6191080809 158720.4630413502
187809533.3589878678 158717.6199046224
194496096.6382931471 204157.6120124741
194222861.8112585247 202455.6951709671
186757088.2030345500 147690.3603739869
185713674.0153047740 129047.6600315012
186634457.2738563418 145992.8506999146
186014352.9408436418 136203.1028540595
198856408.9996903241 222809.1072845459
193835392.7825830281 200156.0170214996
186631342.0779021382 145360.8685769290
185752509.0632927418 129451.9268619455
185758371.2043166757 130829.8152896799
185811655.8520729840 131264.5982169863
185828975.6398210526 131546.2268571719
198479522.2221774161 221507.3417663574
198823496.7374312580 222213.7912750244
185848173.4581829011 131642.8252305849
185999846.2655955553 134978.7405387796
185866480.1736714840 132930.1552476748
198721422.6846317947 222210.2603912354
185982236.0830677748 134895.8500330336
198854858.5801280439 222807.7560501099
197932218.0563578010 217821.4888935089
197072386.3632530272 214573.7915726900
197937641.8891996443 217992.7680339813
197672417.1531896293 217304.7591228485
197114527.3591318429 214613.0017557144
197358971.9189287722 215613.8031444550
197133824.4348198473 214767.0717754364
197229219.4481566846 215227.2174358368
198231925.1203590333 219227.9511852264
197857621.6412957311 217321.1106853485
198145471.0824438632 219064.1966686249
197994064.2509639561 218421.2767467499
192507877.6092924178 190557.6578174978
192545645.9940224290 191235.1680830717
192605576.7905471325 191302.1166358590
185660071.1855216920 110912.6669693291
185639100.1251480281 110319.2859268486
185593411.5213244557 109351.5316849053
185634000.0541293323 109465.5895912945
193395659.7149211764 192472.5026636794
193440862.4202109873 193297.3444469461
193308613.1669991612 192331.8179256618
193133116.2911822200 191964.7556531915
193052559.2086028755 191343.5658586919
190125220.9456158280 167038.3921369221
