185999846.2655955553 134978.7405387796
186434248.4844406843 141620.0598400123
187511890.8420149386 151204.5177959660
191061030.1888999045 182815.9750127494
191157381.5950491428 183596.5282430351
191470070.4300402105 185664.7083518207
196047277.5096552074 209815.5657231435
201794823.8262803257 232296.0316467285
185789371.5397787690 129477.3096132888
185946767.8517548144 133209.9704980715
186190262.9221960306 138048.2687089052
198510276.1039638221 221487.5206756592
202510631.1008406579 234057.6528320312
204283880.4123948216 236233.3927001953
204124199.7905605435 236173.4008789062
195249699.4615246952 207781.1583057327
199189714.3980216682 223415.2214355469
204522728.1334057152 236521.1739501953
184593836.8701581061 85970.5705249119
184852397.7230495214 103477.9285236688
186576230.7887372971 141984.2949538715
191143278.5531087816 183447.2399811447
203894928.6780145466 235782.7414550781
204338920.7660287023 236317.6759033203
186297878.7934848368 139778.8498395868
198916322.4986552894 222838.9462432861
199742755.2428246737 225884.6285705566
201939405.2710217237 232493.9404907227
204712301.9825714231 236716.8673095703
204582388.4994457960 236661.7041015625
195174219.0164267123 207007.1624713822
194506235.4772121608 203906.2034967898
198631775.3928820789 221492.4557342529
200020753.0744855404 226650.2458190918
201913414.8401013315 232357.2767333984
203966912.6858136058 235809.2214355469
204585129.7406109571 236671.1881103516
185866480.1736714840 132930.1552476748
186937209.1618449092 146144.3764486499
194985239.1603818834 206277.0312006027
199730097.7992838025 225760.6538085938
204551236.0009404421 236523.8226318359
204345313.2717281580 236510.4674072266
184597778.8571147919 87816.3782383343
186281191.5281266272 138739.4359043874
191530040.0108258426 185907.7903642952
198721422.6846317947 222210.2603912354
200147965.6355466843 227581.6952209473
184780054.9309789836 102659.2578023197
185921384.8899219334 133055.1390768327
186489859.3265163898 141769.6606757715
186926350.3717658222 145336.8941658922
190720007.9239659607 180334.7238800377
199292119.7122606337 223835.5415649414
203170060.9698778987 234870.9399414062
199284330.4509674907 223498.4317169189
198918766.6565979421 223308.5620880127
202036407.7166413069 232689.7258911133
186754480.4894811213 144922.1670495458
186607876.6719635129 143468.4995125718
212271589.5917985439 237465.0924072266
212571114.7649698555 237482.1398925781
184546624.1814294755 84030.7103428650
185858402.4743832648 131282.8366498575
186133326.3573075831 136905.6178576536
200632289.4284278750 228645.9721984863
202335678.9526759386 233819.0950927734
186430221.9400650263 141465.7814643458
194673099.6088478267 204202.0988978744
194809442.5370334685 205677.0407520218
199356698.6705482900 224936.4336547852
202444786.8136579692 234026.3834228516
184744314.0684512854 99962.3453956822
190835569.4490496516 180935.4575490654
186858559.4146435857 145155.5015695877
187661024.6306357086 152913.4739860473
191127219.6317185163 183095.0074453056
202425714.0212777257 234015.0783691406
202378022.3723078370 234007.8618164062
202892953.2823700905 234696.2512207031
186665807.7571117282 143516.2404683717
187597970.4403143525 152432.4444145141
191445129.3123968542 185054.6833610237
202568060.6557759941 234116.1811523438
202956034.0253706872 234718.0515136719
210561673.3151884973 237334.0456542969
185982236.0830677748 134895.8500330336
190806537.0600912571 180528.4256505668
184576098.4526662529 84185.7970248004
184559938.4779657125 84049.8292011428
184855695.7339298427 104718.4114013212
186022773.7489533126 135097.5572858937
186584363.9935860634 143154.3515632227
191244078.8526514471 184474.6538457572
191090940.6275388300 182942.3402013481
195775665.1093913019 209159.2354161367
202719549.1152622402 234255.2370605469
186205712.1634823978 138170.0901876576
190847912.6542133093 181266.4625605047
184783062.3078721762 102674.4634813862
186306886.0290049016 139802.2092177048
194465059.9824406803 202902.4496619051
191159107.2320108116 183684.9748024642
184691869.7409243882 97753.5821685379
199666944.1977748871 225354.4310607910
200738615.3043410182 228775.2542724609
184597637.7060974836 87317.9802738088
184834687.2063149512 103445.1692204189
191184309.8653787971 184287.8777913749
190973939.8807877004 182697.9954671562
191647493.8399224281 186648.8954594135
201738020.7482705712 231670.9586029053
184588983.2805875540 85552.9276985633
187451148.3951846957 150696.3625744805
194728376.9508579075 204403.4673267288
212249633.3295150101 237453.1245117188
186421343.2192118168 141191.3601605073
200358543.8523738384 227973.6894836426
211312614.5656463206 237398.9998779297
212240504.4803922474 237451.3028564453
202073032.8440752625 232945.5285644531
184621653.9390187860 89116.8607307514
186051137.8386520147 135354.2447897084
184812236.8720242381 103251.2616848660
211606259.1858842671 237432.5054931641
186412295.7694021761 141176.6211802140
186107826.2790679336 136779.2230558097
202212019.2399075031 233586.1387939453
202253926.4117377996 233669.1965332031
184721494.6572622657 99579.2068819714
191620204.1690671146 186442.2609946430
191653837.1624838710 186724.7431682944
200518560.1185737848 228237.3697814941
186279008.5696981847 138739.3667214626
194928396.2676586211 205821.9341846390
198854858.5801280439 222807.7560501099
199353385.7884983718 224149.5312500000
199594361.9754604101 225217.6104736328
210198757.4501914978 236745.1871337891
195741272.6765281856 208604.9026922472
191710651.6006227732 186750.3216097355
184811130.3815253377 102890.5282969189
184755509.5219861269 101555.6327891064
185064001.4863357544 106635.4285374689
184975318.1960201263 106305.2217254373
186226224.3997324109 138538.6545595117
191305358.3379368484 184658.4382851124
186153512.9848846793 137136.9201731384
188192986.3013336062 156355.6730659157
187752300.4475846291 154322.5441298662
184929129.5910889804 105126.4064201447
185417319.1462221742 106836.2416812032
199476783.0504224002 225082.6477661133
187339606.8561006784 150253.3437691927
191548784.6737926304 186114.4607460499
202715480.7898833454 234223.4114990234
210451763.8930310607 237196.0721435547
195763072.6506337225 208659.3550997637
199876221.5011015534 226429.2141113281
200897050.0343813002 229375.3775634766
213306810.4196850061 237489.6959228516
202693214.5846304595 234193.9656982422
187434646.6605293155 150491.2602384416
195896632.8386854529 209636.7038653716
201086186.9897500277 230012.5866699219
201006330.9316658676 229429.7243652344
192059652.0665688217 188347.0287296772
195533397.2701036036 207796.3671087511
195559645.6772883236 208135.4991888292
200498137.1449591517 228216.0912170410
195867253.0560691059 209587.3321064375
187272949.6340230107 148853.9545896379
191571565.9831549525 186312.0959694386
184678297.9040003419 90889.7715897178
200084715.5373441279 226895.6920471191
210343171.9436060190 236926.8746337891
210555764.1136803627 237310.6282958984
187877483.8819955289 154601.9383654166
203855100.9259949028 235243.7038574219
187556531.5420093834 152289.4727323381
188187235.8919854462 155498.8715957701
188093646.3799440861 155486.1207661116
201055857.7143678069 229806.5843505859
188026244.1550810039 155312.2653805614
210726076.8254615068 237346.4735107422
194161880.6847870648 201197.2824538574
201026877.1721350849 229526.2578125000
193976024.7183639109 197640.2736671455
194056960.4403458834 199568.9365809076
200762707.2828307152 229214.4750976562
203646801.5097474158 235216.3288574219
187690528.1759549081 153452.9766921550
190416764.7102087140 174652.5798003753
211338466.6523989439 237407.2775878906
194009577.7619284093 199454.4467208870
194129237.5306020677 201098.0454261787
210947509.9984733760 237378.2956542969
187371127.8171695173 150451.5761258928
187288338.6049751043 149385.9678800432
195763201.6726250648 209025.2760374174
210970261.2968765497 237378.2965087891
200599534.9549992681 228362.8008117676
185768643.9081301391 123765.3624718115
197982981.9248122871 218256.9597454071
199929169.3143742085 226623.8995666504
187175510.9500648379 148305.8446978927
211979274.5143702030 237432.5740966797
185744711.6140301526 123421.6665607467
187176445.1446546614 148310.6183557808
212187788.8369325399 237436.2497558594
194375838.6816968024 202118.1996086128
197932218.0563578010 217821.4888935089
211422110.7382528186 237417.6451416016
190636203.5689482093 178129.8502366920
185691859.8367108107 121760.9289379418
187361159.0840662122 150329.2956636343
185688796.6661897898 121692.5016102493
185706324.3495284617 123335.9916233718
190638756.2314953208 178388.7775895973
194118879.7865255475 199928.3524428792
211478394.8453786969 237419.7127685547
192112431.5028254688 188617.1865194142
198332686.5626061857 219821.3082580566
197072386.3632530272 214573.7915726900
194120076.9005452394 200249.1758071370
211521423.9108822942 237426.9161376953
187064418.0575259626 146878.7537935171
197937641.8891996443 217992.7680339813
192308342.9456987083 189989.6862395406
197672417.1531896293 217304.7591228485
197114527.3591318429 214613.0017557144
197358971.9189287722 215613.8031444550
187049682.9177364409 146575.8185412083
197133824.4348198473 214767.0717754364
197229219.4481566846 215227.2174358368
198231925.1203590333 219227.9511852264
197857621.6412957311 217321.1106853485
198145471.0824438632 219064.1966686249
197994064.2509639561 218421.2767467499
190614738.2726922929 178029.6787164211
197041411.5665115416 213907.0567207336
190528539.1155991256 177077.8964745998
190714291.2908813655 179234.2126519680
190452234.2154510319 175566.9615356922
192322952.6952279508 190212.7486988455
191901160.2564204037 187955.5755537748
192507877.6092924178 190557.6578174978
192545645.9940224290 191235.1680830717
192605576.7905471325 191302.1166358590
192153586.2894363999 189210.2166060209
192216573.5694368780 189220.3653610945
196431182.5404338539 210708.1740150452
188430850.8128277361 156851.5815287530
188802144.2426463962 160509.2460071445
188472782.2750086784 157372.1550495923
188575182.5012956560 158669.9507953525
188916023.3356372416 160907.4310075641
188668487.8427898288 159344.5426709811
188826455.2747384608 160708.8994714618
196798279.2539953291 212584.0260200500
196394647.0628732741 210659.6337471008
196972916.5412088931 212989.0913276672
189447327.5451478958 165057.5199510455
196741486.9259794652 211553.0014381409
196394066.0641978085 210071.4042091370
189043986.6923587322 161491.1390764117
185541560.0887648463 107070.5161534548
189149637.4581358731 163016.0290147662
185660071.1855216920 110912.6669693291
185639100.1251480281 110319.2859268486
185593411.5213244557 109351.5316849053
185634000.0541293323 109465.5895912945
193503285.5073332787 193682.5224134461
193635149.7999363244 195482.9327375428
193921417.7028153539 196740.4778425233
193913173.2427933812 196430.2970806360
193395659.7149211764 192472.5026636794
193497653.9939523637 193308.4221702353
193440862.4202109873 193297.3444469461
193547588.3132561147 194064.9661813790
193308613.1669991612 192331.8179256618
193133116.2911822200 191964.7556531915
189531623.1920492053 165200.0591313541
189603646.3252513707 165661.4771420658
193052559.2086028755 191343.5658586919
189870379.8882566392 166716.5478856266
189547716.6872640848 165382.8744389713
189398229.3920932710 164607.9498784244
189292414.0509805679 163452.9067876041
190323631.1415334642 168218.5213138591
190319699.0746430457 168074.6375209577
190208911.1658868194 167855.1063434612
190125220.9456158280 167038.3921369221
190208849.8352066278 167705.3116925862
