186041521.0387378037 137326.3648859859
186462963.3821707368 144731.4802296460
187645275.8521112502 157797.0266035609
187590859.3790768683 157027.2260420136
187539851.8774615824 156434.5498494431
189920917.2464294136 176652.7871836261
191785409.8033727705 188761.9979369596
191797204.7156665921 188953.5743529752
200245085.4334938824 228963.1279449463
203149424.4589702785 235967.4528808594
205507114.5977411568 237871.8414306641
184559968.9684516490 99716.1438916349
186008013.9046419859 136820.3225112259
186048258.3219474852 138334.1856798530
186435746.4384140372 144467.3244107068
194999070.4431322515 207427.2985187454
199547362.2415359318 226279.7614746094
199085085.9541172087 224437.6293334961
218346714.0884867907 238137.5253906250
185361480.9965849817 110380.8714261837
191563806.2027335167 188324.1232747689
184571530.8767232895 100928.4208310270
185942934.1698207855 136074.5457407832
187610761.5715401769 157773.3215254359
186095229.2465431988 140026.0706988275
188589850.1027736068 165753.4571994096
184922426.5557472706 109924.2306142817
184953451.6710733175 109991.8308306704
207508765.5065188408 238081.8011474609
184921792.2582175136 108212.6274462710
185047375.9658160210 110016.3717075060
203287735.4422744513 236636.9842529297
207004774.1736092269 238032.8104248047
203982951.7766220570 237273.4949951172
184349425.0469392836 81876.6858904189
185969257.2250332534 136745.1721198559
186297847.1826656759 142915.0639207065
194992495.1528294981 207375.4926563187
196677901.6684332192 214399.5467462540
185361258.9651511014 110154.6176945451
196295270.9011711776 212702.3615985811
185291269.8943609595 110087.4339054744
201287397.2736540437 232862.1220703125
201447299.9423113465 232970.0646972656
201436297.0804732442 232892.4002685547
184818983.6525088549 107958.6889849673
196275056.4506893456 212608.1326913834
201033718.3528812528 231566.4368896484
207788663.0144493580 238092.5250244141
191590537.0323733091 188429.7663695768
201112517.5387341976 232420.0108642578
202505484.4256474078 234935.5937500000
203977331.3549788892 237261.1965332031
184293519.2989233434 76287.0902345292
202672646.4888321757 235577.3502197266
200779654.6299150586 231257.3858032227
198880747.4353156686 224359.8063354492
200332085.0574505031 229376.4518127441
190067149.4823125303 177244.5710214214
200642382.5234646499 230417.9426879883
184294067.7325944901 76776.1551460288
187281042.5846308470 154488.4000807256
190691222.7269437909 182385.9355333701
200512047.7887903154 229993.8209838867
189983065.7841295600 176890.0077503574
190913694.2947899401 184224.2439070300
203470068.2310019433 236857.1184082031
203919969.4447275102 237248.7358398438
205630589.0652197301 237884.6348876953
184455351.5324560702 92829.7896341528
202603344.9925876260 235382.5793457031
203795682.5666011274 237244.5786132812
203733736.4663129449 237236.5683593750
195848105.3004686534 211030.9415036142
187439855.6180924475 155690.2812655419
196038646.7182240188 212212.8470722139
207952408.7346678376 238097.8499755859
217730225.8427112103 238124.5881347656
185939395.0731994808 135859.5357487276
190049323.5387487710 177191.3304554413
190039392.7720268369 176983.3686024140
191953714.7894598544 190388.3182943761
196503635.2294464409 214260.2821718156
186472970.7106891274 144732.7116056662
205005712.0846248567 237586.6691894531
188847113.5576126277 167705.7785530239
184519615.0716937482 96687.7728454284
190966973.1848554611 184380.5192058170
188564952.6588128507 165729.3942424059
191653051.9698305726 188675.1502656594
207315795.7529784441 238076.2248535156
188400185.1366131604 163753.4805450588
188857110.2753663361 167789.0247049481
200103914.1834154427 228892.9569702148
184645828.4015879035 102576.3492688355
184590543.8036619723 101248.6726782140
188547205.1968024075 165699.1578706652
184389243.8294672966 83604.1095307479
189944367.4102488160 176747.0786827162
186189789.3610490561 141346.1446562707
184464209.2365216911 92848.7091840948
191716128.8227688968 188713.2771949426
184358756.6394655108 82280.2177228886
188653932.2189788818 166344.9194221646
202900089.7172112763 235866.0886230469
184465278.7969448566 94632.4046034063
190712577.4171060026 182405.5821195114
188531231.5908854902 165672.6367073208
195165206.9542045295 208406.5624272451
186063347.6808566153 139396.8899809718
191920805.9088787138 190140.7687616304
196490421.6667304337 214100.4842182100
184864989.5740774572 108210.2481351681
196345281.9752233922 213343.4797016084
191416797.1005521417 187102.7533996061
191539085.3137277961 187618.9223562861
200650084.8939246535 230973.8865356445
207235357.1361276507 238040.0483398438
206896227.1581770480 238021.7935791016
189968375.3349356949 176810.0355104046
191539830.9230510592 188321.8717162565
187365519.0530990958 154690.3624800257
187490607.6464294493 156381.7519647181
196101228.7211466730 212474.3556756973
186263297.0541491210 142650.6105441153
196458783.4484610260 214013.8709173203
184506986.2662097514 96004.8356759399
188281256.5151908100 162835.9365855306
184332804.8541995585 81627.3937752852
196016870.6890653074 212206.8441425264
205189102.0568149388 237678.2596435547
186506150.1876992881 144836.6577160656
191189459.5799464583 186079.2000043700
195074400.0234563053 208062.5347705765
195636676.1527356207 210111.8283599019
190788688.7144728601 182979.8457477943
195755151.8193000853 210982.5602527542
204480334.9674931169 237352.6258544922
185959838.9029789567 136254.7518992759
202279863.9036879539 234764.7850341797
206838644.3496321142 238002.6444091797
190052453.8335403800 177232.0744091462
217571529.3307032585 238115.3927001953
191505492.5994608104 187251.8049250201
204917779.2084028125 237415.7152099609
187027422.3660821021 151332.4311624318
202116069.5686941743 234290.4418945312
194784605.6362379491 206114.6843982620
206495453.7846511602 237970.7770996094
206262782.3570070863 237960.8448486328
206212838.5777172446 237954.6342773438
187215832.6353884339 153625.0263117254
184368846.2607497871 83351.6050141463
184513325.2160319090 96036.8037996280
186187165.4390666187 141280.7867773771
187396738.4081809521 155454.8472650945
205397100.3312653005 237696.5123291016
186061286.1956232488 139169.5189445615
187248228.5723786652 154324.3336439580
184495127.4716213644 96001.2168846838
201970654.8401418626 234270.5195312500
206171217.5404762924 237923.8457031250
206048554.7781320214 237914.9394531250
201934025.4260562658 234230.7500000000
187073253.8885450661 152497.2824659795
184529530.1045935452 97875.6015699529
184290649.5085415840 76262.8059444390
204369889.7389501929 237328.4790039062
184513790.9884066582 96040.4424186158
186336929.2046679556 143116.0254351795
204319945.9596603513 237322.2684326172
190686189.6053219438 182251.1342914954
191150258.0166237354 185090.9362572089
186367402.7168152928 143315.7184335291
188326517.3939897120 163505.1406870931
194662483.3335284889 205734.4181934280
190336982.0948168337 179594.7171510296
194733974.7840463817 205956.3363605423
184300740.0142104328 78239.5220088921
201076076.4740815461 231724.9203491211
190609443.8138243556 182088.8067542450
205448383.8199895918 237760.4765625000
186331218.8534349799 142958.1296541989
190194630.7407487035 178835.9609559612
195959957.9931263030 211809.2000945210
190713732.1892777085 182733.0652266101
186900391.7770260274 149523.7004817575
205839985.5548551083 237901.3934326172
184344419.5028564036 81657.9669924988
194167668.8232406080 202244.3537860794
199806411.8671719730 227667.6233215332
199594642.5933902562 226513.6811218262
186343109.0867219269 143298.8705740869
187200055.4486926794 153255.5795510560
190277759.5343999267 179132.6302419142
199804413.1630542874 227393.5877990723
201797798.3515057266 233715.9278564453
204587173.4084802866 237355.6682128906
184312152.6235853434 79818.4514757055
194599422.0833801329 205250.2300693674
186217605.2265991867 141626.7716204822
195055728.4643169045 207801.3838916702
186168324.7166026831 141265.7287283838
190531434.2790407836 180945.3921014206
190311909.0111030340 179198.3366161774
190409699.5203990638 180412.5961378650
184808262.2240393460 106371.0126653500
190414799.1803933680 180695.6976502971
190614193.4434662759 182101.3625898913
195469650.8297868669 209765.7826343460
201524871.3259977102 233158.2095947266
194846458.6705634892 206617.3032642288
184727425.5159788430 104590.6516314517
199661490.6147677898 226818.4978027344
216833265.3448006511 238109.4354248047
195066907.6831744015 207803.2544971390
202187254.7270507812 234420.0274658203
201728301.4834715724 233708.6235351562
186416995.2410091460 143972.6171595752
199720579.3930670619 226953.5405578613
199882611.4751861691 227982.3544311523
186265781.8963384032 142698.3383839428
188513728.8434708416 164940.4694781750
200022662.5132067502 228055.1044311523
199814110.3338147402 227825.1124572754
198951771.0971789360 224365.1745910645
201866562.0044778287 233803.9383544922
187159310.3772866726 153059.0325118601
194334749.7149370015 203904.4184223099
194655699.8578484356 205699.1369434280
184549070.5244719982 97901.9972974516
216758890.0273901820 238108.7487792969
188812187.1313965917 166852.7769732624
184769863.2218776345 105940.3770138393
188464821.4713025689 164775.9533678144
194436934.3739732802 204145.8971057816
187047897.2741826475 151403.1962284893
193447921.2804367840 198043.1686266363
188339701.6575765908 163736.7453013510
188238841.8957622051 162834.1199376583
188090332.0599599183 161703.6034556478
186958038.3764715195 151013.1443486065
194093571.9376021922 201999.3327729031
184762294.9836017787 105925.5471392642
186712863.0239094198 146947.3477610331
186719785.3164967299 147125.4161531609
184707833.5382098258 103931.3534456859
184698155.5090637803 103691.3614712725
194109683.3051275909 202122.3183673248
188071828.6996548474 160810.4888723195
184750772.2602325976 104623.7126122485
186794975.9040924013 147947.5524001550
187555269.6806221604 156648.4875410330
194061466.6283359230 201977.4249347076
186815183.2378672659 148792.4672239553
194181794.6061467230 202281.8854785843
188004574.4603479803 160503.4537404627
185803275.7849858701 130947.2313053049
185714425.0946585536 129402.2495156825
187859757.5285095572 158920.5463775247
187816394.6191080809 158720.4630413502
187809533.3589878678 158717.6199046224
194496096.6382931471 204157.6120124741
194222861.8112585247 202455.6951709671
186757088.2030345500 147690.3603739869
185713674.0153047740 129047.6600315012
186634457.2738563418 145992.8506999146
193835392.7825830281 200156.0170214996
186631342.0779021382 145360.8685769290
185752509.0632927418 129451.9268619455
185758371.2043166757 130829.8152896799
185811655.8520729840 131264.5982169863
185828975.6398210526 131546.2268571719
198479522.2221774161 221507.3417663574
198823496.7374312580 222213.7912750244
185848173.4581829011 131642.8252305849
185866480.1736714840 132930.1552476748
198721422.6846317947 222210.2603912354
198854858.5801280439 222807.7560501099
197932218.0563578010 217821.4888935089
197072386.3632530272 214573.7915726900
197937641.8891996443 217992.7680339813
197672417.1531896293 217304.7591228485
197114527.3591318429 214613.0017557144
197358971.9189287722 215613.8031444550
197133824.4348198473 214767.0717754364
197229219.4481566846 215227.2174358368
198231925.1203590333 219227.9511852264
197857621.6412957311 217321.1106853485
198145471.0824438632 219064.1966686249
197994064.2509639561 218421.2767467499
192507877.6092924178 190557.6578174978
192545645.9940224290 191235.1680830717
192605576.7905471325 191302.1166358590
185660071.1855216920 110912.6669693291
193395659.7149211764 192472.5026636794
193440862.4202109873 193297.3444469461
193308613.1669991612 192331.8179256618
193133116.2911822200 191964.7556531915
193052559.2086028755 191343.5658586919
