202433562.7797364593 234207.3010253906
188156006.4922931194 158735.1015405040
190693107.1594566405 180616.5501749218
194496096.6382931471 204157.6120124741
201542367.0111729503 231624.7899169922
184443649.8208192885 80348.4188769828
191071016.7996619642 183128.4672510326
199236788.6948791444 224355.2013244629
213246226.2795865834 237615.6777343750
214128206.6128187776 237760.7553710938
186095918.0392699838 138011.4000706952
187329675.9463682473 153581.0972383749
187438570.4574328363 154656.1368330251
194664737.4888781011 204474.8012958450
201586397.7073444128 231768.8158264160
213517997.4501354992 237739.5028076172
184756189.1791731417 103195.0857733630
184708931.7394011617 103128.5808479630
186066916.4174168706 136298.3403946324
195124502.7780226469 206712.2780872269
184633035.5665928423 99487.6152625226
204463178.7015580833 236661.7524414062
186826246.7152162790 148025.9925456177
191496581.6018741131 186251.9676463306
205006669.1196503043 236833.3514404297
184652585.0723591447 101100.3319306516
184598607.9885196388 99021.2445394772
190699184.7333460152 181020.1876184642
191443410.3484711051 185034.9572107494
205105945.4959587753 236895.9194335938
212974404.1501805484 237523.9362792969
184692167.9202443361 101494.8522818687
187876214.2304337323 158536.4095918667
184766011.2213303149 103201.2746031423
184635880.4118735790 101095.7568574094
186714463.1760268807 146046.2940135133
187269668.9275931120 153438.6654311810
194881665.8501813412 206036.3763538284
184535212.8952823877 83949.4958079825
187647601.7608797848 156721.0628584158
186519182.8056861162 142582.0193099659
187846413.4766066670 157370.9860078823
204271078.7737594247 236527.0998535156
184676476.5635501444 101123.6370965496
187817653.4994056523 157349.9659345876
191126856.0597346723 184432.7645837963
194222861.8112585247 202455.6951709671
201359705.9280275404 230818.6953659058
184905104.6351439953 106339.0908839284
187706224.5834439397 157329.0425212216
187562247.5434853733 156140.6931329202
201683293.8489526212 232497.1870117188
187318907.0892494917 153561.2923759352
199504685.5997171104 225248.6026000977
185104438.6082456410 107153.9697657763
199127790.8898822069 223857.5274963379
191228257.8285972178 184671.4104578197
200848924.2053926587 229678.7604980469
187561641.2069076002 156056.0276755374
187439541.9348652661 155316.8240888845
187331626.4782337248 153700.8691470176
187226971.0290902853 153283.6822431814
186719924.8174614608 146170.2684057485
186757088.2030345500 147690.3603739869
187399860.6369100213 153881.0392332803
187195941.8591140211 151945.9604195487
187073907.8858755827 150344.9277684223
184508990.8456847072 83473.6414664874
184846134.7638579905 106197.2224774316
185080103.8498070240 106914.8905526637
186589814.4324845970 143947.4856368881
194510386.7446225584 204163.9060169144
185713674.0153047740 129047.6600315012
191110481.7222510874 183781.2634241283
193937050.5263392627 200453.9404376373
187109986.4330796599 151503.2857893240
187117452.5848141015 151847.8575361501
190679877.9372910261 180501.4568750560
201531088.1428904235 231510.6461486816
190919522.8266512454 182739.2963385284
191094084.4925482273 183240.4612390697
187204368.1716150939 152093.0546739828
201827929.5035172403 232918.8774414062
184478588.1016999185 81799.0273347865
185178418.0891562402 107265.4572674930
187089369.1680362225 151273.2407148611
190724058.9745161533 181396.5839731395
194149915.3503155410 202009.9552090988
200334917.8637707829 227919.9464721680
185433018.4573944807 108153.7745108898
198826963.1616099775 222292.4824142456
201500336.0866219997 231391.1872558594
201914463.9931896925 233148.4412841797
199045886.5445554554 223696.9508056641
184514418.1329289675 83876.2941988297
194124594.6451786160 201975.2734759673
196313691.7758635581 211788.9083978683
201104526.9575309455 229927.6024169922
202195921.8179197609 233706.5323486328
186634457.2738563418 145992.8506999146
186949323.1754310429 149814.7156904470
202067123.5152095854 233245.0354003906
202149603.8418548703 233699.6301269531
202647229.3506187201 234613.5755615234
202623963.4384946227 234538.5115966797
202371633.1040381491 234091.7333984375
202601083.0815342963 234518.5375976562
204605146.1379931569 236679.9366455078
204558646.5025183260 236671.1881103516
204692363.1104141176 236716.8673095703
187084246.2485432625 150770.6211553793
186997445.9545447528 149961.2765673529
190588054.4796699882 180266.3378412426
184814667.5505939722 105486.9731340662
186014352.9408436418 136203.1028540595
186860824.6432668865 148713.2028346192
184919489.4020420015 106903.9885698049
194398120.2157826424 202587.7989002152
198856408.9996903241 222809.1072845459
202531586.2135001421 234511.1024169922
190975800.8333001435 182943.1634485424
190867725.4323537052 182638.2686121166
186147155.2589324117 138062.2066765781
190560910.6714617312 178741.6921702004
198944668.1380390823 223418.7180480957
202404464.7333212793 234127.2845458984
203251383.8507399857 235479.1501464844
199355163.9627251327 224865.5748291016
203671860.4284362197 235892.9581298828
186256663.6559079587 139116.0490789451
194412292.4655364454 203078.5000720902
194286779.6736750305 202586.9039617479
193835392.7825830281 200156.0170214996
194078276.6691137254 201967.8617633209
195916328.0346813500 210354.8016773148
202859003.5866458416 234834.3004150391
191836558.3058533669 187840.3016194999
200506298.7745656967 228354.1946105957
190517972.2347533107 177707.3093988597
200764116.4087039828 229363.3188476562
212878258.8140483499 237508.2857666016
186631342.0779021382 145360.8685769290
190506931.4268230200 177362.2295038402
204004309.6976526082 236213.8820800781
195799805.1461554468 209914.8870349808
195539190.7035802305 208448.9732318802
200243754.0056628585 227783.9819946289
185745538.5537502766 129290.8517611660
194714068.5932786167 204684.6437488480
190478323.8100545704 177149.6520989006
185752509.0632927418 129451.9268619455
194440583.5738107264 204001.0036731644
212556002.9850983918 237470.6607666016
203924533.1636109948 236141.2283935547
203617993.4613236487 235645.3602294922
185758371.2043166757 130829.8152896799
184769776.8552607298 104077.8023212515
184589437.4583007693 85847.9885654077
191033773.7843755484 183107.7203943431
203524373.9308845103 235590.7093505859
200665625.1905903816 229335.4931640625
198844827.5055215657 222454.1990890503
200812891.7947735786 229494.1430664062
203914971.5721101463 236130.2259521484
195686122.5496069491 209746.6706772745
196154567.1502849162 211788.4105921737
195817502.2877577245 210206.4424411505
200620138.2750835419 228552.9888916016
205101532.7760632038 236836.4155273438
184805975.7593422830 104941.0474685575
200287933.8458220959 227887.6348876953
196041019.1029781401 210872.9391245825
184550505.3918745816 84090.1234329233
195666349.2909171283 209743.6864429398
185811655.8520729840 131264.5982169863
185828975.6398210526 131546.2268571719
184570122.9190488160 85560.6285846340
186200322.9182912707 138530.4813093133
198479522.2221774161 221507.3417663574
185810508.0336741507 130897.0134019717
195408854.3006303608 208157.8096183764
198823496.7374312580 222213.7912750244
186485005.0118234754 141616.6258800514
185848173.4581829011 131642.8252305849
195657040.7597077191 209591.9415049536
185999846.2655955553 134978.7405387796
195249699.4615246952 207781.1583057327
184593836.8701581061 85970.5705249119
186297878.7934848368 139778.8498395868
195174219.0164267123 207007.1624713822
185866480.1736714840 132930.1552476748
194985239.1603818834 206277.0312006027
199730097.7992838025 225760.6538085938
184597778.8571147919 87816.3782383343
198721422.6846317947 222210.2603912354
200147965.6355466843 227581.6952209473
186489859.3265163898 141769.6606757715
198918766.6565979421 223308.5620880127
212271589.5917985439 237465.0924072266
212571114.7649698555 237482.1398925781
186430221.9400650263 141465.7814643458
194809442.5370334685 205677.0407520218
199356698.6705482900 224936.4336547852
210561673.3151884973 237334.0456542969
185982236.0830677748 134895.8500330336
186584363.9935860634 143154.3515632227
186306886.0290049016 139802.2092177048
199666944.1977748871 225354.4310607910
184597637.7060974836 87317.9802738088
191647493.8399224281 186648.8954594135
212249633.3295150101 237453.1245117188
186421343.2192118168 141191.3601605073
200358543.8523738384 227973.6894836426
211312614.5656463206 237398.9998779297
212240504.4803922474 237451.3028564453
211606259.1858842671 237432.5054931641
186412295.7694021761 141176.6211802140
191653837.1624838710 186724.7431682944
198854858.5801280439 222807.7560501099
191710651.6006227732 186750.3216097355
186226224.3997324109 138538.6545595117
210451763.8930310607 237196.0721435547
199876221.5011015534 226429.2141113281
192059652.0665688217 188347.0287296772
200498137.1449591517 228216.0912170410
200084715.5373441279 226895.6920471191
210343171.9436060190 236926.8746337891
210555764.1136803627 237310.6282958984
210726076.8254615068 237346.4735107422
190416764.7102087140 174652.5798003753
211338466.6523989439 237407.2775878906
210947509.9984733760 237378.2956542969
210970261.2968765497 237378.2965087891
200599534.9549992681 228362.8008117676
197982981.9248122871 218256.9597454071
199929169.3143742085 226623.8995666504
211979274.5143702030 237432.5740966797
197932218.0563578010 217821.4888935089
211422110.7382528186 237417.6451416016
185691859.8367108107 121760.9289379418
185688796.6661897898 121692.5016102493
185706324.3495284617 123335.9916233718
211478394.8453786969 237419.7127685547
192112431.5028254688 188617.1865194142
198332686.5626061857 219821.3082580566
197072386.3632530272 214573.7915726900
211521423.9108822942 237426.9161376953
197937641.8891996443 217992.7680339813
192308342.9456987083 189989.6862395406
197672417.1531896293 217304.7591228485
197114527.3591318429 214613.0017557144
197358971.9189287722 215613.8031444550
197133824.4348198473 214767.0717754364
197229219.4481566846 215227.2174358368
198231925.1203590333 219227.9511852264
197857621.6412957311 217321.1106853485
198145471.0824438632 219064.1966686249
197994064.2509639561 218421.2767467499
197041411.5665115416 213907.0567207336
190452234.2154510319 175566.9615356922
192322952.6952279508 190212.7486988455
191901160.2564204037 187955.5755537748
192507877.6092924178 190557.6578174978
192545645.9940224290 191235.1680830717
192605576.7905471325 191302.1166358590
192153586.2894363999 189210.2166060209
192216573.5694368780 189220.3653610945
188802144.2426463962 160509.2460071445
188916023.3356372416 160907.4310075641
188668487.8427898288 159344.5426709811
188826455.2747384608 160708.8994714618
196798279.2539953291 212584.0260200500
196972916.5412088931 212989.0913276672
189447327.5451478958 165057.5199510455
189043986.6923587322 161491.1390764117
189149637.4581358731 163016.0290147662
185660071.1855216920 110912.6669693291
185639100.1251480281 110319.2859268486
185593411.5213244557 109351.5316849053
185634000.0541293323 109465.5895912945
193503285.5073332787 193682.5224134461
193635149.7999363244 195482.9327375428
193395659.7149211764 192472.5026636794
193497653.9939523637 193308.4221702353
193440862.4202109873 193297.3444469461
193547588.3132561147 194064.9661813790
193308613.1669991612 192331.8179256618
193133116.2911822200 191964.7556531915
189531623.1920492053 165200.0591313541
189603646.3252513707 165661.4771420658
193052559.2086028755 191343.5658586919
189870379.8882566392 166716.5478856266
189547716.6872640848 165382.8744389713
189398229.3920932710 164607.9498784244
189292414.0509805679 163452.9067876041
190323631.1415334642 168218.5213138591
190319699.0746430457 168074.6375209577
190208911.1658868194 167855.1063434612
190125220.9456158280 167038.3921369221
190208849.8352066278 167705.3116925862
