194176791.9613927901 38892.4480348028
198308155.3645521700 41473.0278778076
198050498.8282125592 41364.7911758423
198681957.3238980174 41653.4848327637
204854194.4340979159 42443.7244567871
204468600.6311605573 42344.3321990967
193954568.5219369531 38886.0435874914
194218959.7541327178 38957.9834959959
197965903.2642327547 41267.9698028564
204870039.3786758780 42499.1927185059
191217514.7010717988 36120.3671572660
184748265.8821884096 18743.8396730125
184669451.0080246627 18381.1744543910
184970237.9514952004 22040.8269500434
188915303.0050544143 33218.6987676406
191016502.9075856209 36066.4198801969
192966525.7649635077 38111.1444056486
193530878.0112614930 38609.6826563276
186638705.3625492752 28519.8292457163
186836761.8112755418 28918.6811362505
189169560.8955893815 33565.2682333887
192501690.6648437381 37640.5882188235
192821931.8979295790 38056.0193140958
193103146.1585265100 38261.0644133543
193925176.0651450455 38857.2803278364
193745378.2531911731 38796.5289850630
198538746.5498113632 41608.3969879150
184733122.8707925975 18466.7931545675
185156675.8116758168 22834.3978309333
188923373.4920807481 33265.7484210134
191464890.8485618532 36471.9039576505
192706043.1352149546 37890.6377680753
193462640.0575833619 38549.2255256628
193485591.8029304445 38601.9741205573
193736158.4173091054 38641.6205606856
184618865.9540501237 18359.0040886104
193720639.4815644622 38632.9376073423
191236332.3810921311 36134.7172840093
192511962.8831502199 37646.3700184976
186548042.5314065814 28245.9442889988
198255180.2360417247 41437.3645477295
198113248.3535580337 41411.2039566040
205557955.7738972902 42543.7268066406
205682721.0531055927 42550.5362548828
205213952.5889945030 42507.5242309570
184969118.1034375727 21773.2890998721
189165223.2460321188 33529.6148444116
192598988.9487134814 37716.6492159818
188906289.0959597230 33195.0025478899
193450074.9184046984 38544.6711383261
193388042.9736874700 38542.3535724081
205328487.6722573042 42539.1758728027
189367309.0046193004 33566.4903596342
190567699.8122794032 35404.1791312397
192617573.2382854521 37725.5562974368
197704644.8275644779 40999.4096570015
184604694.7262141705 17780.6825809926
185001695.1825612783 22079.1190171540
188269623.2707498074 31815.4212348461
188949059.3148113191 33275.2531538904
193045059.3667873442 38132.0691304062
190432855.9632754028 35318.7003979385
192788589.2429758310 37995.8067591642
192833327.2939110100 38063.2799055070
205713371.5194677114 42555.3084716797
187145080.9776988924 29261.6321312189
188364967.7305899858 32206.4403579235
192560626.5359596014 37697.1069052671
193260813.9791743457 38369.6535757040
184911295.9716430008 21088.3049892187
198995875.9871594906 41656.4478759766
188426527.6381621361 32406.4182517529
188845366.0239506662 33193.8152304590
198201302.4015778303 41429.0083160400
198373163.4373721182 41545.5941314697
186970413.5795235634 29165.1132346690
193333903.0060960650 38431.7080645956
186877175.5658457279 29135.5435035527
188451293.8196535707 32451.3621180058
193173864.6713274419 38309.8770864461
188355806.3670001626 32204.1635493338
191270273.8469116390 36171.7231219266
199308365.5303763747 41712.5940856934
185103241.4982152581 22777.8745307624
187046228.2525572777 29252.4700986002
205237728.6390830576 42529.4833679199
198421954.3709109426 41601.1552886963
184565884.1766302288 17153.4848149419
184611816.6858519912 17837.3799754977
185027073.5910466611 22449.6393928230
184580478.6895484328 17758.3504113406
185171292.2264293730 22837.4671423137
188401758.3499069512 32247.8289344311
192631266.7629390955 37755.9356919681
184838733.1340534091 20759.9027309418
186992765.3678551316 29181.0223728716
192882864.6758939326 38088.7356760953
184567568.7234247029 17444.1708202809
186438308.9980567396 27839.6727749407
192994490.8105342090 38129.1261394475
192641056.4192785621 37765.0124781583
186855651.7466833293 28961.9542781711
192808240.2764798105 38051.3679163908
197752734.5235019624 41056.1944313049
184586105.1277993917 17769.2266173810
185168097.0166658163 22837.1091738641
191418888.1599003375 36441.5251048063
189958801.9425508082 34594.0546078384
191711527.9518350959 36765.2661288236
192674559.3905670345 37790.9722790276
188566726.4997453392 32555.0098807812
188626093.1455999911 32822.3622275293
189915479.6007397473 34538.3037998825
191334421.4883171320 36429.2694972013
185220473.2762475908 23141.0929824710
186483281.3997874558 27916.6444445521
188465748.7592926025 32512.2400901318
199807747.7302137315 41739.3876647949
191973247.3595711291 36847.0846939240
191615232.9876576960 36753.0405390714
192154360.0742856562 37157.5227716421
197745625.9425341487 41029.6087875366
185134557.9692679644 22802.7685336918
191980350.4402945340 36952.1892950986
192163158.6546392143 37172.9708066438
192003908.5803332627 37141.6005919431
192303929.2834597230 37378.3361703311
205464792.1808241308 42540.5417480469
186474549.0173201859 27876.4026744664
185086402.3511280715 22501.2257266939
185114058.3368287086 22800.0333082378
186518041.8990381062 28210.4879176915
192346840.8657480776 37415.7830315982
185089992.0743369460 22514.2111812532
185021698.5512330830 22406.8696021736
192241316.4692902267 37221.1293069278
192346522.1625535190 37406.9265557681
191828337.6336001456 36829.4393759821
184561717.2276434302 17147.3488598317
192179172.9346185029 37205.7313577090
185377282.3964898586 23688.7058107853
185278596.9277119339 23359.7987509966
188465192.9873792827 32463.9806300104
184785710.3538510203 20026.3862540722
185376787.4458859265 23556.8031804562
184797558.9771233499 20394.9070076942
195063123.6494602561 39292.9489922523
185246568.3110155165 23317.2528078556
204750942.1025289297 42425.5334472656
186825070.3664393425 28880.2084052861
194915285.2616887093 39243.9645042419
188922906.2907129824 33225.4940591753
205249258.7297632992 42531.7631530762
184997808.6649238169 22043.2511020303
197828693.5695540905 41105.2884979248
195397620.3103193045 39557.5659065247
190544627.1088188291 35394.4326504767
199322950.0707528591 41731.8267211914
186641725.6195534468 28581.9409206212
189972831.6141796708 34658.4293865860
186834993.5532332361 28890.6443884671
186731444.6503774524 28760.1527616084
188638697.7425103486 32825.9336157739
185365238.1914587915 23398.6737112854
197834210.2993357182 41159.8946609497
194812226.7943139672 39191.8952155113
186689296.0833954811 28609.6051051915
185102021.3559918404 22647.9213564396
190375850.1301365495 35114.4802668989
190189596.9089780152 35015.8675919920
188567861.2067275941 32574.1129413545
188531717.4508548081 32541.2463026941
188630580.8092276156 32823.8941183984
184919803.9902057648 21250.5437271893
185191069.8046290278 23011.3566699624
186613258.3989191353 28502.3088710606
195187010.8073843122 39433.7969932556
186498391.6251121759 28100.8381526768
188607464.3315237761 32744.5651694238
188770367.2287058830 33030.1772452295
195425520.5771110058 39584.9548606873
194800251.8637363315 39172.7078819275
190571176.4047963321 35426.8822048604
185289810.2285005152 23390.5982620572
195789359.3812893629 39828.6527137756
189947680.3931095898 34587.6565046012
195179688.0624395609 39405.9338769913
199206350.9394379556 41692.7380981445
196335695.8546551466 40091.7154464722
185182104.9041842818 23005.5100052212
194765207.4791749120 39164.4129295349
195326170.8420438170 39516.9107713699
184925523.6185844839 21257.8187590837
196124731.8326739669 39970.5317535400
199224373.6947577000 41692.8903350830
199080318.1231353879 41687.9286956787
196939043.9417679906 40494.3514556885
196432219.0662144423 40198.8854598999
184925953.7629868686 21263.3551055193
188498676.3228090703 32520.1359473169
204577726.5316694975 42363.5906066895
186369139.8427537084 27338.3290811181
184947581.5124801397 21591.9040023088
184909141.6248944700 20923.8145794570
199033672.5443601012 41673.0732269287
184817516.7062661946 20425.8837566376
184903142.1917285919 20871.1958563328
195603243.1243003011 39634.7108764648
186418044.6709138453 27539.6623750329
196995965.1528205872 40604.0033593178
199869299.4174155593 41744.0792083740
190487407.0398154855 35384.7366403043
184897932.7927862108 20859.2296550274
190144471.9353542030 34951.4856953323
184867679.4609473646 20858.2246532440
188576323.8256354630 32705.3452902734
195107801.9882150888 39385.8625297546
188355461.6049429476 32088.1994014680
190398743.9711985886 35125.1793395281
186412531.4406684339 27478.5537474155
194624479.5848911405 38996.7472190857
186982149.9711455405 29170.8550303280
197380672.0569029152 40801.2492218018
196124744.7012095451 40037.8715858459
195927899.9075986743 39926.4184355736
186831695.9709882140 28883.1136088073
195955683.6179548502 39958.1649703979
186469878.4471241832 27856.9852395654
184766137.1578399241 18747.5620756596
197700587.7927432656 40940.8171997070
197228334.3504058123 40742.1495285034
197562847.3959465921 40902.0561523438
190999137.0294003189 35825.1160104726
189761558.0787622631 34335.7607243955
196658334.9786181450 40336.4705276489
195022110.6092011333 39272.8672599792
197416033.9454859495 40808.6718292236
196405472.2409921587 40187.0582466125
197651898.1940098405 40933.8889274597
190931842.2069870830 35792.9742906545
190756961.2079176009 35627.0866402839
197317324.3604143858 40792.8933868408
197357398.4229475260 40796.6876487732
196529213.3911030293 40290.8344306946
186362714.2112602293 26952.6529757380
187103622.8561906815 29257.1148082018
196814887.0079252124 40426.8862152100
196749748.1916612387 40420.3675003052
196697765.1222242415 40341.8800125122
196702953.9431684613 40415.0161209106
196188598.1314212084 40055.7169189453
196350794.2365411520 40115.1749153137
190964183.1559611261 35806.4292624593
188334531.5225706100 31894.9530238509
190307673.8842443526 35065.7267392278
186341377.2883878946 26931.8575486839
185652464.7822033167 24015.7992283702
185782019.6841582060 24057.4961964488
185632589.8734323382 23958.6586453319
195707097.0663439035 39798.8448333740
189909602.0520068407 34475.8901533782
189529380.7495690882 33882.1892943382
186292759.4000063241 26264.0090280473
189735390.8515565097 34276.1258345842
185714932.0426339209 24025.9215523601
185901694.1173501909 24067.6185204387
189469951.6052258909 33825.3681162596
189722227.1580716968 34243.0099260509
185757496.9032191038 24040.0255514681
185565746.6731115282 23729.0995919108
187330849.0632813275 29391.1156389117
187393446.5258338451 29661.6291352510
189562907.0779547393 33988.8329977095
189673363.2070342898 34061.7335561812
189672604.3182714880 34043.4883092940
187305474.5663816631 29389.4775170982
187279147.3482829332 29354.2021701038
186064820.2887546420 24223.6317411661
186275239.1489149332 24252.2977697551
187654506.9910245836 29782.9736828506
187653127.1576412618 29774.9862777293
187539709.9158872962 29759.2815438807
187656998.8757411838 29800.8164847195
188119607.5391546786 30782.5861972724
188123278.5057724118 30818.2458044589
188215431.0828641951 31104.2672779416
188169660.9515760839 31039.6547018588
188012844.6136586070 30727.7610243712
187946161.1610756516 30429.3218764220
187972030.6329409182 30448.5573021029
187925942.9881844223 30407.0346869384
187895996.1293882728 30095.1971957837
187818976.1347648203 30022.5781797180
187773302.3410236239 30022.1833408032
187754589.1837218702 29938.7322353576
187756976.3932759464 29982.7284511779
