184768886.8790575564 19180.6564706415
187274663.0470644534 29914.1519899964
187551869.4415336847 29973.8127171695
193270938.3770628273 38401.8355254233
195951668.5064843893 40459.8931436539
196188213.6035058200 40521.9107170105
187623281.5832842290 29991.3125300407
188508658.1044879854 32567.5356072783
195663612.0528002381 40220.4907200336
184694898.1132997572 19114.8900006860
195458984.4177301228 40161.5938056707
195707484.6787562966 40260.3127603531
196321216.8719265461 40614.6394090652
196313096.6191508174 40529.3440103531
187036302.9543491304 29276.9936853945
187326393.0925334096 29921.2817904055
194479378.9626634419 39463.8616913557
196613728.6804748476 40633.8754320145
195916287.5941413045 40340.3799753189
195955156.5130282640 40501.8162240982
195897197.3980996907 40331.7390270233
195488102.6046235561 40220.3510688543
195008809.2187120914 39849.6855167150
195304240.2037206590 40024.8308029175
205132525.9417916238 42532.3480224609
205157571.0241241455 42534.0698242188
186707190.7282313108 28619.0167862475
187023651.4574636221 29276.8108240664
187071318.5578168929 29595.5456148684
187512813.7288503051 29966.4001654088
187465029.4258361459 29965.7695528567
187210954.6422577202 29701.1517834067
192050398.5138413608 37145.8278199588
195271288.6229649782 39934.6442569494
204141649.6892460883 42246.2461166382
204289838.2596619725 42460.8545684814
189371051.3192937672 33910.9692322910
194690820.7353391945 39638.4549068213
205233122.7463367581 42540.8269042969
184577029.3947080672 17791.2466358691
187048666.5864567459 29594.3165499270
186902504.6204630136 29208.3848411143
191037713.0496380031 36096.7821095139
194955722.2732535303 39846.3068546057
204183616.6982012987 42410.7109985352
184605156.5123320222 18372.5440987796
185245449.3818637729 23491.5485213399
192631514.4849139750 37836.2228906606
194523906.2017324865 39534.9160183668
184621383.6647315025 18421.2925709337
189166500.8382146657 33607.2884530723
204732749.2091928124 42531.2436828613
185124057.7285754085 23104.9891878963
185182959.9579134583 23180.3192634284
186881834.5856046081 29205.9810325205
188731621.3451142907 32883.6930930614
193331279.5204116404 38502.4610422109
194875952.4587064385 39789.0914310217
199185575.4220750928 41703.5974121094
189289390.3283256590 33772.2387035489
197406862.8518058360 40963.7377548218
189090123.4557962120 33522.6942889988
192860959.6353197098 38165.3169000600
185088753.8547655046 22780.8617438972
194784463.2907401621 39644.0508941412
184723520.6886341572 19171.7361260504
184634165.2625441849 18786.3411038965
193101293.8552059233 38340.2852033377
193011821.6886151433 38277.3051927541
189112009.1779231131 33551.5938811004
194341509.0364159346 39323.5768293142
205215454.7801835239 42538.9589233398
192604252.9879951477 37709.6823170637
188692501.7809391618 32834.5592337549
197368272.8869812191 40943.2050514221
198014532.6217418909 41315.7609367371
185035635.9135024548 22487.0734214485
188304908.1796732247 32161.0923354626
205654679.8166580498 42566.5715332031
184935071.1612937152 21656.9800800383
194413975.7325302362 39411.1075881720
205321809.1523404419 42561.1921386719
191231615.7492922544 36329.0926759695
184887905.3623294532 21285.0626105666
188757164.1636063755 32936.6542044878
189349691.5147911608 33879.0180237591
191145679.9965617359 36280.4611612265
189233384.9773575962 33622.3376822174
184896281.9059599042 21656.5156134963
194638881.0346992314 39604.6897491217
198986243.4204888344 41678.4193572998
188337331.9316905439 32202.8345463276
191736360.5992276371 36946.3659974490
192769560.1662697792 37979.9962709402
195153235.7002156973 39883.9842132330
205174500.2825791538 42536.3601684570
184548146.5875747502 17009.6969500035
185181443.4208873212 23163.7104346454
193329487.5160733759 38418.7812593435
191802748.0331108570 36957.2728272830
205487206.1951639652 42565.9501342773
205398578.6972007155 42564.2459716797
191454325.8587968051 36589.1546689425
195215780.8716798723 39911.4051953554
189276694.5361932814 33687.4687704742
194665852.5225049853 39605.1686614752
198440764.0150854290 41609.8523101807
185207304.8994693160 23207.7815204561
185227824.2381751835 23251.5665994585
195231360.7805539668 39933.4915279150
198180549.6129410565 41505.5877380371
184588772.2676172256 18086.8993081301
194638864.9623491764 39602.1286834478
185101322.1730302274 22808.1853847206
185281276.1561853290 23558.1233167350
188465815.8289584816 32513.4030845165
193454528.9526267052 38575.4634280358
188453908.0324043334 32512.2400901318
193980838.0661776364 38915.1671383832
197429509.7083569467 40972.6738114357
205240954.3539206684 42556.2550659180
205842177.0709857941 42569.2754821777
197497048.2282606065 41005.5008201599
197574288.7456637919 41117.1234092712
197723963.5030846298 41249.0514183044
190932714.2347376347 35928.2872660612
194076770.8755663335 38985.5110114217
194103803.8558209240 39010.6351330732
198927268.1911392808 41661.0847167969
189485913.9186799228 33946.7968080640
198426054.4308079779 41608.3969879150
191209492.6934798360 36302.6121002589
185074044.2704880536 22779.4064216316
191125466.8331786692 36249.0136034940
194168748.2082240582 39082.8928101514
194183679.7799562812 39083.3239472364
197551191.9812726080 41051.2695503235
197673334.3746208251 41123.5938644409
186961209.2200834751 29271.4871295989
198259179.5087753236 41508.6258850098
186919683.3803092539 29239.8079054922
188806623.2791391611 33052.4346114099
194206423.7510903180 39167.9819062208
193903282.3548470736 38868.4004242872
191102577.0461276770 36109.0436766599
192347557.0483139157 37442.7403260623
197530410.1667477489 41037.1133995056
185259487.0239293277 23528.3146975636
185561822.4421712756 23872.2475843132
197520487.0243861377 41036.7185325623
184948368.7333558202 21706.8077811897
188544321.8208776116 32574.1235304773
190796059.7448382080 35737.7366679166
184993568.8891108036 22042.2113333642
193247528.2015070319 38360.2806780790
197792600.3400594294 41303.9399681091
198625871.8051665425 41643.8535156250
198272446.6787360907 41526.9444580078
193565772.5640657246 38632.6488733687
198020375.9171036780 41401.1851959229
192516416.1124875844 37707.8287952398
198286087.0505603850 41561.6876831055
185118084.9571941197 22827.4434465493
185163120.4382801950 23157.2104749382
193930219.0487120748 38893.2083750166
192181522.5780654848 37322.5222140704
184561036.8113114834 17381.1499529332
199102172.4244926572 41694.3900604248
198672263.6441571712 41653.4848327637
186480975.6502334177 27905.3464343846
186494883.9995546937 28087.6164119542
186472309.6736753285 27895.7936386690
193544334.2262518108 38631.0463087060
186481696.9484384954 27949.9015643895
192158085.9126032889 37320.0722199832
193828953.7242467105 38833.8966351095
198575125.4532995820 41624.5319366455
198999337.0495266914 41680.4924011230
184957550.5363437235 21706.8079757392
184559759.4423011541 17109.8342748135
192471660.0719872415 37691.3226548587
193298430.8074283898 38415.1971071218
193631488.1771005988 38667.9089365400
185005935.2739555240 22132.3165282905
184970237.9514952004 22040.8269500434
191016502.9075856209 36066.4198801969
193530878.0112614930 38609.6826563276
192821931.8979295790 38056.0193140958
193745378.2531911731 38796.5289850630
188923373.4920807481 33265.7484210134
193485591.8029304445 38601.9741205573
186548042.5314065814 28245.9442889988
198113248.3535580337 41411.2039566040
184969118.1034375727 21773.2890998721
193388042.9736874700 38542.3535724081
190567699.8122794032 35404.1791312397
185001695.1825612783 22079.1190171540
188269623.2707498074 31815.4212348461
188949059.3148113191 33275.2531538904
190432855.9632754028 35318.7003979385
192788589.2429758310 37995.8067591642
192833327.2939110100 38063.2799055070
193260813.9791743457 38369.6535757040
188845366.0239506662 33193.8152304590
186877175.5658457279 29135.5435035527
188451293.8196535707 32451.3621180058
188355806.3670001626 32204.1635493338
199308365.5303763747 41712.5940856934
198421954.3709109426 41601.1552886963
185027073.5910466611 22449.6393928230
188401758.3499069512 32247.8289344311
184838733.1340534091 20759.9027309418
184567568.7234247029 17444.1708202809
186438308.9980567396 27839.6727749407
186855651.7466833293 28961.9542781711
192808240.2764798105 38051.3679163908
191418888.1599003375 36441.5251048063
191711527.9518350959 36765.2661288236
188626093.1455999911 32822.3622275293
189915479.6007397473 34538.3037998825
191334421.4883171320 36429.2694972013
199807747.7302137315 41739.3876647949
191615232.9876576960 36753.0405390714
192003908.5803332627 37141.6005919431
192303929.2834597230 37378.3361703311
186518041.8990381062 28210.4879176915
192346840.8657480776 37415.7830315982
185021698.5512330830 22406.8696021736
192346522.1625535190 37406.9265557681
185377282.3964898586 23688.7058107853
184785710.3538510203 20026.3862540722
184797558.9771233499 20394.9070076942
186825070.3664393425 28880.2084052861
188922906.2907129824 33225.4940591753
184997808.6649238169 22043.2511020303
190544627.1088188291 35394.4326504767
199322950.0707528591 41731.8267211914
186641725.6195534468 28581.9409206212
189972831.6141796708 34658.4293865860
186834993.5532332361 28890.6443884671
186731444.6503774524 28760.1527616084
188638697.7425103486 32825.9336157739
186689296.0833954811 28609.6051051915
190375850.1301365495 35114.4802668989
190189596.9089780152 35015.8675919920
188630580.8092276156 32823.8941183984
186613258.3989191353 28502.3088710606
186498391.6251121759 28100.8381526768
188607464.3315237761 32744.5651694238
188770367.2287058830 33030.1772452295
190571176.4047963321 35426.8822048604
189947680.3931095898 34587.6565046012
199080318.1231353879 41687.9286956787
188498676.3228090703 32520.1359473169
186369139.8427537084 27338.3290811181
184817516.7062661946 20425.8837566376
186418044.6709138453 27539.6623750329
199869299.4174155593 41744.0792083740
190487407.0398154855 35384.7366403043
190144471.9353542030 34951.4856953323
184867679.4609473646 20858.2246532440
188576323.8256354630 32705.3452902734
190398743.9711985886 35125.1793395281
186412531.4406684339 27478.5537474155
186831695.9709882140 28883.1136088073
186469878.4471241832 27856.9852395654
197228334.3504058123 40742.1495285034
189761558.0787622631 34335.7607243955
190756961.2079176009 35627.0866402839
197317324.3604143858 40792.8933868408
197357398.4229475260 40796.6876487732
186362714.2112602293 26952.6529757380
190307673.8842443526 35065.7267392278
186341377.2883878946 26931.8575486839
185652464.7822033167 24015.7992283702
185782019.6841582060 24057.4961964488
185632589.8734323382 23958.6586453319
189909602.0520068407 34475.8901533782
186292759.4000063241 26264.0090280473
189735390.8515565097 34276.1258345842
185714932.0426339209 24025.9215523601
185901694.1173501909 24067.6185204387
189722227.1580716968 34243.0099260509
185757496.9032191038 24040.0255514681
189562907.0779547393 33988.8329977095
189673363.2070342898 34061.7335561812
189672604.3182714880 34043.4883092940
186064820.2887546420 24223.6317411661
186275239.1489149332 24252.2977697551
188119607.5391546786 30782.5861972724
188123278.5057724118 30818.2458044589
188215431.0828641951 31104.2672779416
188169660.9515760839 31039.6547018588
188012844.6136586070 30727.7610243712
187946161.1610756516 30429.3218764220
187972030.6329409182 30448.5573021029
187925942.9881844223 30407.0346869384
187895996.1293882728 30095.1971957837
187818976.1347648203 30022.5781797180
187773302.3410236239 30022.1833408032
