193919248.7278475463 38178.4774134457
205383443.4432990253 42325.8536529541
205971445.2363348305 42420.3581237793
189174421.1505211890 33205.5971069336
187163792.3734090924 28779.1904072762
188980721.0961171389 32735.7042786181
189063134.5584459007 33104.9660548270
189612359.4350864589 33773.3275371790
193326821.9978293478 37686.1144154370
194889061.9457198977 39028.1769622862
199116795.4045503736 41334.0171890259
185313142.4936001003 21987.6181330979
193248605.4976599514 37560.7876116037
194815909.4094687104 38983.9813491404
199462400.7756786346 41550.4920043945
199195052.8193239570 41340.0852661133
206546460.0628999472 42433.6436767578
185137163.7561853230 17096.0360659566
185454787.4351349175 22726.0557181537
190012197.2916486859 34115.4146975577
190110592.9316072762 34253.5922779113
190405814.1264172792 34277.3379070729
195557177.5771136880 39410.7823591232
195705422.6935406327 39492.2714387476
185284438.7871066928 21944.8483424485
189768817.5624954104 33879.4328074724
195887741.9730099440 39649.8740141392
206532048.8158610463 42433.3686218262
185279915.1159473360 21918.3181002294
185619002.9408070743 22993.9189248085
185367870.3498342931 22362.6693220437
199537483.7054883838 41560.0661926270
185478337.8623304665 22840.9302087128
185114591.7329851091 17085.7120906319
185139832.8276563585 17098.2587710470
185369866.1858255565 22474.8309197724
185425622.7189823091 22695.5414712131
189871074.4244007170 33901.0569048196
193137033.7731931508 37434.8183604479
194933352.2773246169 39048.1381365359
195491552.6494696736 39390.3294557631
199642050.8989383280 41583.0832061768
185473140.6377823055 22771.6317439377
185159005.1944037378 17100.4289130829
185177048.7100153267 17427.5867667645
185335846.3804853261 22316.3013453782
189413266.4461473227 33435.8735657930
193316832.1220436394 37680.4306686223
195177800.5171464682 39141.6010972559
195259406.8851776123 39190.0723268092
199282844.1267949045 41375.3240661621
195244372.6356572509 39158.7950021327
189880117.7817319334 34003.4714732438
193564567.8968508542 37890.1831362545
195527342.1957957745 39391.5546369553
195790641.5704694986 39538.4798692763
206122657.5092817843 42428.5170288086
185237532.4665170014 17455.6477377862
185090640.3822220862 17056.7842088193
186769210.8769370317 27986.3655886650
188964559.9564870596 32728.4782547653
189476085.5932840705 33472.6646018297
189698672.7517464161 33868.5822520524
195586686.1000490189 39426.9048979282
195058428.5438490510 39090.2305156291
199080022.5252076983 41288.9960441589
195869061.3344775438 39566.4009214044
195532316.0407892466 39406.5047723353
193526709.5716487765 37882.5409510434
195478964.0283331871 39362.9739381373
195312283.9163044691 39344.3829347193
194015058.9067220390 38285.3271806538
199820168.2984269857 41598.0042572021
199604057.7209832668 41582.7032012939
194162036.2745274007 38417.2477258742
205809174.1549449861 42347.5331115723
186758538.4817567170 27915.0181294978
187034814.1054259837 28462.5085704923
186999161.5010329783 28445.0729924296
193174122.6025603712 37472.2167040110
193758982.2793909609 38064.6161302626
195704502.1601958573 39435.8852120936
193235140.2331427634 37514.9864946604
193737997.6114695370 38064.4460923970
193409845.5769267380 37843.6697069407
193990951.1616778672 38260.8990818262
200149473.5944351554 41650.8925170898
205939951.6407836974 42370.0424499512
186700683.3875654936 27721.8992063105
189922917.4755531251 34049.8288584322
186874193.4619952440 28315.5105586052
189142537.3260045946 33105.3270096481
189433586.0543809831 33459.0407233507
189914629.5454099774 34048.4391965538
193582355.6377186477 37968.9788782895
199010494.4240277410 41287.0073356628
198926178.7948536873 41165.6786155701
199824232.1183694899 41604.6038818359
187037714.9397816360 28751.2289681435
198609663.4708489180 41023.5167884827
198496238.7403994203 40913.1238784790
189518385.5553116798 33625.1456950575
193798398.2400100529 38124.8466685116
199652728.8512122631 41585.1395111084
199269322.6195560098 41355.4979286194
189339835.4808423817 33409.4799812436
186884800.7507374287 28382.1501765251
186848314.1370153427 28112.6136434078
187216818.9598648548 28991.7602260709
189303763.8940821886 33381.3766740561
193672640.7594248056 38051.1619227231
198543084.4396115541 40942.8387451172
199287169.8723027110 41394.8366546631
189240369.2677762508 33280.2211927176
198464766.3796244562 40737.3376884460
186871742.7535621524 28226.8737743497
193615264.9044522345 38046.4325831234
186792021.4171502590 28077.5494914055
187499069.0396159589 29607.2474555373
194054335.4683334529 38374.2815845013
195197503.4965203106 39145.9132971764
200184804.4629083872 41658.0930480957
206581619.8258429170 42435.8714294434
188790216.4163043201 32367.7678949237
188696069.0130018592 32157.6524928212
205406466.4743729830 42329.6614379883
185212682.7392582595 17438.8503389116
189016328.1059817076 32859.1758402586
189884391.2734403610 34042.2378590822
198902628.3267385960 41105.6703262329
189540929.5262151361 33677.9188208848
206370702.1486547291 42432.1478271484
198721353.1176840663 41071.8203086853
199007371.2477936447 41279.7609977722
200333431.7671036422 41661.2593994141
185231107.6576089859 17452.3537926581
187533337.4119775891 29748.6454850435
189510330.9349600375 33582.4773549110
185089077.7767027915 16714.2590877023
198958326.8204259276 41277.4331474304
189609445.6045683324 33699.0045990944
205868068.7577837408 42352.5596466064
189522407.8818965554 33651.1146229774
193781356.9671680629 38071.4137561321
200482367.4664979577 41680.6382751465
195874101.4066356719 39572.9216940999
193917548.5645677745 38165.6769542694
199100351.3141902089 41319.6102561951
205732355.7566669881 42340.1915283203
206004751.3561737835 42422.9673461914
193872583.0362900794 38129.8697887659
185108852.8899441063 17073.8135795351
186855455.0323984027 28184.8457255363
186699629.5120029449 27094.1086383164
186964395.7292840183 28438.2149271965
199986159.3369821906 41635.9704284668
187500714.1940338016 29648.1419310570
200133290.4430867732 41644.8407745361
189060095.5474562645 33017.5474833250
189224414.6700711548 33255.8951390982
194575850.1269600987 38707.1262631416
194028913.4370488226 38335.7515895367
191244095.4538195133 35193.8123789728
194248628.9036269784 38462.3622059822
194482307.9536172748 38642.6856706403
195745693.8221509755 39501.7410445213
185979216.6714240909 23887.3067342043
186064820.2887546420 24223.6317411661
200117026.9823713601 41642.5020446777
185878638.9814743400 23585.6386086643
196199852.9958526492 39745.3044324219
189163427.1464460790 33108.3753080368
196357794.1563169956 39793.0504323542
186003969.5762335956 23922.3174298704
191138085.1781201363 35187.2189355195
190907520.8527003527 34883.9320151210
195837098.3035479784 39560.0439596474
185873170.2394654155 23551.3075554371
188879618.3940578401 32640.9468516111
194520314.7665231824 38700.6058402061
190693409.4477412105 34817.0796973109
194431997.7115569115 38638.4840025902
185937585.0179558396 23876.8461591303
190619869.6944849789 34645.9159874320
186275239.1489149332 24252.2977697551
187654506.9910245836 29782.9736828506
191002906.5293980837 34986.2292103171
190626352.8669756055 34663.8823893666
186064268.2554861903 23924.8459056914
188816289.2921333313 32409.9944274877
185899142.9742580950 23632.5209592283
194599608.3613755107 38715.6480498314
200419115.3027885556 41661.6988525391
188924624.3432891369 32704.4542239904
185833810.7588621378 23538.1648347080
188708146.1542393863 32339.2022441030
190894152.8428247571 34837.4850444794
185774716.1266356707 23179.9375912845
190494608.7045219541 34583.7941498160
199970130.1758855283 41625.6914520264
187653127.1576412618 29774.9862777293
188533761.7232523561 31760.3089128435
185781974.2655200362 23181.3302037418
188631117.1280065179 32078.1910060048
190543015.5587550700 34592.0007233024
188853905.0580618978 32443.0099008679
199921085.7485178113 41623.3636016846
195046734.8830652833 39054.7111639977
188702377.1759006679 32294.5911296010
188585801.0751868784 32029.7967002988
187539709.9158872962 29759.2815438807
188604322.7195054293 32057.7957910895
190672453.6196313798 34677.2261032462
188404797.6711480618 31430.7459466457
188431215.3572588861 31738.5061657429
194373111.7515065074 38553.2435965538
190943927.3200791180 34961.9663071036
188338641.0364618897 31410.2093098164
187656998.8757411838 29800.8164847195
188324598.6400784552 31327.8715980053
187439624.0951454341 29436.6034870478
187372466.1151697934 29403.5332747996
204941958.9010276794 42092.1354064941
187471662.9701717198 29466.0620524846
190478618.6170375645 34417.5339631438
188276647.5301216543 31113.1996020986
204944193.0204519629 42210.2993316650
194641275.9723933339 38722.7462439537
190377171.0427294672 34275.7168338597
188119607.5391546786 30782.5861972724
187197049.2056533694 28780.7035767995
194497510.4347236156 38644.3865180016
190415572.6458070576 34391.8881883025
187157354.6174671948 28760.4923875295
194715535.7705444694 38786.4912734032
190446964.3059407771 34415.7211655974
187238720.2828079760 29069.0218217336
185269497.4439022243 18566.9188716114
187901683.8772948384 30372.9728149329
188123278.5057724118 30818.2458044589
187394120.4633049667 29406.1382616721
187975897.0868731737 30477.0949734603
187262810.4197185040 29095.3050774299
188215431.0828641951 31104.2672779416
188169660.9515760839 31039.6547018588
185819764.2974395156 23208.0121400058
188067050.2694244683 30741.7413944159
187199831.6850419044 28794.0380834304
187267742.7139152288 29128.1233266555
188012844.6136586070 30727.7610243712
193047676.0228582323 37048.8497319669
192497439.5622132123 36411.1093297750
187946161.1610756516 30429.3218764220
187972030.6329409182 30448.5573021029
192699932.0576512814 36625.4710120112
187925942.9881844223 30407.0346869384
192534007.1035676599 36494.0723167211
187895996.1293882728 30095.1971957837
187818976.1347648203 30022.5781797180
187773302.3410236239 30022.1833408032
187754589.1837218702 29938.7322353576
187756976.3932759464 29982.7284511779
192769160.5886094570 36822.2919083387
192528250.5568324029 36452.0718804151
192701264.3577607274 36639.8305559903
192750629.0652526319 36819.8685990125
204751536.9310959280 41839.9259986877
192845094.5772694945 36916.4348498136
204781068.3154500127 41989.3793945312
192776377.5384463966 36845.4435168058
192825543.4574702382 36892.1725354493
193111802.8405154049 37092.9466524422
192975217.3184511364 36965.6566138621
192365497.5806976259 36174.5895673335
192633385.6365427673 36591.8075429499
192625318.6949175000 36546.0425702631
192474732.0002564192 36346.2182244956
192293186.5503483117 36041.5271090567
192332769.5990408063 36049.0770535171
192343667.2231112719 36077.4797100723
202315425.4406465292 41703.7285156250
202614126.9814010262 41710.1010437012
202244866.7182004750 41701.4403686523
202458475.7381430566 41708.0783386230
191899321.9576518238 35380.9289312065
192233402.3974650800 35872.2782787979
192163656.3302287161 35838.0715374649
202654985.3464649618 41713.2703857422
192265751.2133565247 35909.3908619583
191754839.5983164907 35220.9818262756
191789700.3262952566 35293.4006070793
191926615.5679031014 35555.1193079650
191780153.2522883713 35270.6830167472
192063025.1160472631 35668.9640612304
191917947.6038712859 35545.5616712272
191914596.9898771942 35441.5707235038
