205625384.3610724509 42099.6546020508
207427820.9815011621 42229.5185546875
185375802.6161348522 17511.7573394394
185482996.3990308046 18504.0809352315
187122238.5949012339 28041.2803934179
187209336.6581417918 28439.4877600735
187049487.6797285676 27677.4184116684
187258259.4256906509 28518.8045507334
189127954.1789476275 32324.7202487443
189088961.0849979222 32270.6230349992
189581416.5561752319 32746.7499804948
194874838.5418989658 38518.8533520848
194460979.9703422785 38289.3161254227
199528562.2226231396 41067.9556312561
199892048.3256357610 41384.4471130371
200550618.8273294270 41515.1913604736
200243187.5364853442 41490.0481109619
185474896.7000412047 18478.7093565692
185344848.8462669253 17242.5204938260
185377129.2384055555 18133.2783772862
186036585.1269879937 22878.2400119584
187305059.4261200726 28523.2792262100
187202214.7985293865 28409.4648188911
189245721.6264560521 32364.0525050615
193210333.0713955760 37161.2325436212
194722378.9524328709 38330.3738646805
194836852.7499283552 38504.0204358250
199855170.1651268899 41321.3004150391
200083980.8449615538 41405.9711608887
206616518.2473813593 42209.5626525879
206497387.4777043164 42208.3078308105
189891050.5099109113 33006.5699521159
185429363.4738120437 18206.1998302788
185350031.6064275503 17511.2477589763
187070364.2732985020 28000.1263652705
187129536.0731962621 28371.3211561106
189412919.4180336595 32692.8027034257
189074671.4785147011 32064.7743525957
193352094.6873844266 37274.7483255006
193839532.0167938471 37635.0321618654
200897271.9836387336 41517.4000091553
194785324.5062230229 38439.0924086869
186012286.5487988591 22554.5168140214
187320919.6311726570 28537.8259453140
189393747.0213764906 32445.5471203625
193111802.8405154049 37092.9466524422
194210536.6959267259 37995.6806179564
194402181.9855179787 38271.2335448563
194767904.1368469298 38343.3356566727
195740857.0371189713 38980.9107705653
186268934.8909038603 23531.0809886735
193711185.2380264401 37610.3391209245
194071381.9032760859 37941.5731050111
194286348.8901042342 38107.9260403197
194752606.7700045705 38331.8600402176
194650523.6199266613 38292.6702208817
193710851.1092783809 37580.4046136476
187589066.6601997614 29249.9799686335
189447086.9298222065 32700.5898263310
193935050.4748154879 37897.9103395082
193410962.8295234442 37325.6141203977
193864999.3284224272 37696.0881005861
193568588.0091430545 37579.3490106203
195176181.8436290622 38685.6915657818
195315517.1096699834 38770.9982827008
199881779.9115431309 41331.3836669922
206625052.5455160737 42211.4272155762
206786212.2138931751 42219.4952392578
207233060.0770461857 42223.5497741699
189656888.9634002745 32754.5767234635
192785461.1439942122 36711.2428489085
192975217.3184511364 36965.6566138621
192602955.7493802309 36522.3709493037
192965164.8545443416 36898.5688758250
192860451.3443201184 36883.7987037059
195520028.7699077725 38876.7450413704
199772789.2172350585 41300.1415557861
200372753.8936224282 41490.4188690186
200242754.9987926781 41481.8220977783
195857719.5658997297 38988.0491906703
195901542.9603666663 39054.3406488001
206684760.8748970330 42211.6682434082
193281584.5412068963 37254.6338998415
192751755.8945798874 36682.5129019320
205949130.9082661271 42175.8784790039
206158272.7583647370 42205.9479675293
185375931.6735903323 17520.5593726999
189145781.8476103842 32348.5991162431
185582481.4298989475 19076.5426251656
186149133.3038961887 23300.2351526003
186725535.5111320913 23928.9264304917
187499737.5253676176 29112.0669960342
189123837.3975385427 32321.3497004961
189370103.2101172209 32388.0368473087
189074493.3285245895 32060.0502682780
189852513.6920319200 32903.6519786273
189255301.1272088587 32373.5234371279
185702951.4363481998 19091.4035403496
185516588.8025327325 18705.0896222359
187661195.7179891765 29507.7885046564
189484676.2652070522 32732.2547770892
189014318.0300855339 32056.8525987719
192722915.6023116708 36603.4980949759
195717328.5084910691 38941.8401433527
199993218.3867768943 41403.3619384766
199924743.6762863100 41401.0340881348
186105444.2039985955 23218.8618076127
187417755.4014213085 28823.6423720680
187755133.2297350764 29530.6163695417
188994172.9417657852 32017.2804776286
192365497.5806976259 36174.5895673335
192633385.6365427673 36591.8075429499
195433141.6772456169 38773.3430434763
195783854.1503396928 38987.6615163386
195884119.2868472636 39041.0139427185
187546145.7227910757 29194.1613129936
187404317.2036900818 28808.4095458351
192740084.6690485179 36627.9004804194
199533650.5024167597 41075.3023490906
187455094.6839958727 29110.5052947365
188974634.5914316177 31812.7736288165
188929958.9015255570 31785.4961172198
199678924.1369390190 41203.6736526489
188908700.2079365551 31684.1782799219
192625318.6949175000 36546.0425702631
207390205.8785867393 42228.3374023438
207268207.4535029531 42224.2242126465
188834259.2755666971 31410.1953923558
199661842.0143042803 41184.3346099854
206863717.7620544434 42222.6171264648
186049030.6515105963 22925.9698169511
186470602.9512618780 23811.4117572587
188849942.4298394620 31411.7718264614
192474732.0002564192 36346.2182244956
206046088.6677986383 42187.1122131348
187817178.4994978607 29710.3873697482
192574969.9201325774 36464.5860578120
199549822.9251129925 41165.7057189941
205728245.7091998160 42125.4699707031
188860380.8049341738 31674.5985944127
200119774.4439300299 41434.8461456299
187354735.8043626547 28760.8894042335
187838460.7602984607 29804.1597995125
192293186.5503483117 36041.5271090567
200131138.6886435449 41448.6059112549
199602623.0227544010 41167.5303039551
199540759.8671022952 41159.1986351013
192541831.2853219807 36445.8150617182
192856439.1665210724 36733.8870221674
186186489.3082994223 23360.6879650354
187615311.9572849274 29401.9039398395
186287440.2922737002 23685.2697632592
199471277.3236144483 41049.8046684265
205221974.4450801015 41879.8457870483
205276547.8031932116 41979.8617401123
187768846.3710463643 29596.2410363518
186371794.8320413828 23759.1114685815
187561935.0136882365 29235.6663283668
199709740.3213776052 41243.2222366333
205428047.0866338015 42079.6649322510
205806487.5061874986 42152.9958953857
186223092.3834217191 23516.3622846287
192332769.5990408063 36049.0770535171
187610698.5131384432 29289.2575704120
195259212.3046907783 38687.6992924511
186622536.6073293090 23816.1234925073
195677682.5321685076 38893.8544133008
199924311.1385936439 41392.8080749512
187734217.9440991282 29523.9206053279
200088637.0952802002 41433.4908142090
186091812.4055228829 23101.3471343797
191799566.2032588422 35357.4893216789
192240582.5116230547 35896.8329319656
186011260.6899883151 22413.6059923004
191969895.8179644048 35604.7019910514
185808170.7765584886 19983.3156203367
199437553.0763718784 40935.4205169678
192343667.2231112719 36077.4797100723
201963631.8814713061 41620.5432128906
205363354.3818334341 41986.0811309814
188756647.0485158861 31237.5957677066
202315425.4406465292 41703.7285156250
202614126.9814010262 41710.1010437012
191754077.4659802020 35182.6974649131
191986664.6426943839 35616.5530042350
191936550.3541001379 35561.8129849136
202244866.7182004750 41701.4403686523
188792345.1688867211 31398.8893606365
202458475.7381430566 41708.0783386230
191899321.9576518238 35380.9289312065
185706461.1040967405 19173.1747482754
185734533.3833709061 19512.6824850179
186036507.5703516603 22695.4956252854
192233402.3974650800 35872.2782787979
185721784.5631611645 19221.5676168539
185731258.7912857533 19352.1002645232
192163656.3302287161 35838.0715374649
202654985.3464649618 41713.2703857422
185737494.5807558000 19680.0890573598
188077688.2983516753 30000.5112370811
191691249.9471991062 35139.9327890575
185982759.1894578338 21999.6487823334
199344359.8199329078 40871.4505691528
202063441.7217535675 41676.8283996582
201851119.0687788129 41603.1825408936
192265751.2133565247 35909.3908619583
199373869.9216961563 40883.6909179688
191754839.5983164907 35220.9818262756
199085489.1474565566 40776.1632499695
201714950.0954047740 41600.4864959717
188809156.8436644077 31407.8094350994
188854527.5046704710 31432.7884847820
199401197.9564250410 40908.7048797607
201890625.4182537496 41610.7148590088
185909052.5277627409 20746.4871186353
185987844.7739364505 22320.2348152008
186212502.4235894382 23399.2794747856
199236162.7548645437 40857.9283790588
185966658.4755587280 21888.4216359942
188788563.6047736108 31397.7511465251
201605811.7586657107 41598.1849822998
188127951.5598593354 30055.1975106858
187809900.8608270586 29649.8332576118
191789700.3262952566 35293.4006070793
185865908.6386228502 20668.6757303663
188040071.6861657798 29994.8382249437
188080721.9246447980 30017.6799011789
191926615.5679031014 35555.1193079650
191780153.2522883713 35270.6830167472
191691273.4730772674 35142.0327883679
187805235.2532941997 29629.7898245417
185795324.7951425314 19712.4662446119
185816602.6963499486 20375.0341157056
188613903.5945044160 31026.8162947595
188720430.5203903913 31174.3124075830
192063025.1160472631 35668.9640612304
191917947.6038712859 35545.5616712272
186218268.9778205454 23399.3259800430
188759762.3819623590 31344.3220206201
185882107.3372303545 20679.1807530820
187804042.7103872001 29608.5516219698
188589224.1010065675 30881.8079302609
188695015.4355465770 31115.2807505429
191914596.9898771942 35441.5707235038
185964573.0564458370 21868.2976245042
185946769.6026417017 21602.2094911095
188308660.0127865672 30463.5182764828
188469443.5695970058 30743.8277476132
201544657.7195184529 41528.3532867432
185986269.9227978289 22259.8673886415
191201911.4869606495 34454.7226280868
191629814.8855928183 35031.1926526725
191721554.8210825622 35174.5200299919
188387521.0029610395 30467.5350759327
188292946.1041878462 30432.5415275395
191327983.9716144502 34563.4004182518
202048599.8562250137 41641.4290618896
188415848.4259902537 30516.2678358853
191423119.1664553583 34840.4347867668
191343366.5073558688 34639.0149578750
188573958.4410192966 30834.9541282654
201497339.7769546211 41524.4713897705
188410565.1235277057 30467.6354391873
188411748.7700201273 30494.5968195796
191395022.8674538732 34666.5622590793
191500238.1486512721 34895.3778576553
201972919.7499216795 41630.5352020264
188028364.6269001365 29930.8641137183
201994876.2333795130 41639.6444549561
188269325.5396634638 30204.5766910613
201856421.8798755705 41608.8933563232
201724786.1524082720 41601.3391265869
191655331.2336451411 35080.4008373916
191509909.2698989213 34925.3703961074
191561017.0565105677 34964.8841658616
188189147.6427628398 30138.6353103220
188289991.0559113622 30251.9296964109
188210796.6315262020 30202.5923590958
191614628.6240217090 34987.2607112909
191627076.9049366117 35007.3246456170
191189063.9088206887 34246.4514656961
191029749.6449792087 33973.8646994531
191168465.1621907651 34087.0762902200
204785719.3533677459 41743.5973968506
191314420.6094332635 34455.9750939310
205026134.3672990799 41799.8837280273
198661730.2384795547 39728.3055896759
205186282.5691741407 41806.5480651855
205114956.4891423881 41804.0523071289
198471010.5785360336 39469.9866352081
198860481.7482753396 39895.9416656494
204960076.1681055427 41769.7802124023
198813822.7293335795 39759.8964815140
198430896.2640360296 39198.6831340790
198550788.6363685429 39690.1508502960
204866494.4111844003 41756.8345642090
198535729.4607244730 39629.8818073273
198960278.1442679167 39980.4365711212
198826578.5900865197 39822.3640689850
198921682.2262426615 39939.7954349518
