179638204.4964796305 2180721.0322265625
179601504.8396376967 2168830.8193359375
179945636.8292761445 2225371.7949218750
182589597.9975402951 2477875.9228515625
184445671.1103144288 2597032.8125000000
181168902.8648013473 2364285.9082031250
183992425.1514482498 2573080.9550781250
185834464.2782975435 2665721.7890625000
177790491.2801296413 1830413.9394531250
181036312.1284173131 2351896.9218750000
177522590.3651218116 1746202.4658203125
183884427.8261687756 2564358.1074218750
184141831.6488776803 2581507.5136718750
193113388.1494416595 2792352.5644531250
177443490.2550411224 1714847.5693359375
177748108.5955073833 1815998.1933593750
179646147.5764382482 2189249.9365234375
179758087.2745088339 2202122.3447265625
183098261.2527579069 2510142.7617187500
183865905.7275695205 2564215.8222656250
185535436.3300769329 2650142.0878906250
192940684.3433842063 2792279.6230468750
177963784.8742266595 1862540.4404296875
180954863.2442876697 2342094.4394531250
182686157.7719745040 2480547.3642578125
185527798.3741484284 2649708.8945312500
185609512.3110414147 2656643.2167968750
185520509.4718126059 2647892.8320312500
189072291.7201428711 2763045.6484375000
181588234.3236585259 2396835.1201171875
182864748.0062996745 2496789.2158203125
186917838.2772961855 2705954.6367187500
181068709.8130092025 2353421.6953125000
180163720.1184329987 2248231.1201171875
184067287.0311262012 2578293.8867187500
185504642.7951304913 2645906.8886718750
177867682.1739610732 1845704.5712890625
181494619.0689128041 2391486.1562500000
181490315.1053996086 2388798.5136718750
187183972.2966199517 2718648.9824218750
181090795.6122220159 2356373.0468750000
189122445.0418670177 2764387.3613281250
179768984.4383416176 2204208.0937500000
179827348.4114112258 2215263.3271484375
183916154.2674337029 2567210.8164062500
188001243.4242752790 2741318.2910156250
189661865.4013347030 2769892.5605468750
177838011.4229638577 1839044.4902343750
182369917.3736733198 2459904.4345703125
186758902.9658252001 2703304.5234375000
194547511.3492241502 2796368.5878906250
190086569.5709184706 2773657.1953125000
192300540.8557033539 2787918.3417968750
177845606.7406136692 1844535.8457031250
180008081.4917191863 2234250.6787109375
180054175.9041571021 2242029.2412109375
182708607.5042310953 2487743.1533203125
177266442.6682637334 1627064.3476562500
182384651.6051895022 2460319.4599609375
185636793.4383368492 2658485.0039062500
194417811.8531280160 2795921.0546875000
194457512.1712306142 2795927.6328125000
185453839.6080676317 2645638.8769531250
177830417.3530947566 1836380.1386718750
177861582.6583939493 1844823.7812500000
178727684.3012677431 2027543.9326171875
185810437.4928766489 2665108.6250000000
194022511.1207454205 2795470.6269531250
194352150.0291830301 2795566.6425781250
182518796.2190245390 2471977.7294921875
181076580.1543141007 2354586.2675781250
185550028.7932569385 2654088.4550781250
188796084.0151625872 2758535.9179687500
190639125.6902554929 2778023.7011718750
192894035.7201113701 2791798.3906250000
193875994.0758472383 2794430.8066406250
178645893.4924724996 2012541.6142578125
192584780.1833065748 2788321.2910156250
182479457.2191431522 2467681.1669921875
183218273.7660560012 2520743.7050781250
190359325.5597289205 2776717.0957031250
177952150.1902010143 1861892.1865234375
177872389.0330745578 1850039.7451171875
192805501.1214825511 2790590.4296875000
179691234.2806030512 2195360.8320312500
179770312.1214697361 2208786.4228515625
179862014.2880928516 2220089.6923828125
181576385.2123742700 2394325.1542968750
182752058.0264530778 2489911.6767578125
192618907.9264651537 2790228.4277343750
193262003.7687606215 2792995.5351562500
192818505.6481862664 2791203.3554687500
179890485.0511603951 2221927.4501953125
184223961.5887646079 2585572.9375000000
193379304.4451249838 2793854.6191406250
183003230.2454459667 2506420.6269531250
189436560.0169677734 2768404.8476562500
178595452.8633268476 2000905.1484375000
193156175.1779010296 2792881.8359375000
188074750.8889724612 2742388.6914062500
179742785.2718255520 2200355.1396484375
181099718.9851039648 2356715.8037109375
192894910.1462647915 2791948.3925781250
182497441.0549834371 2468779.8271484375
183024938.2550527453 2509259.7695312500
185737518.6502684355 2660770.0820312500
177770935.4327059686 1826511.5488281250
177722362.0418990850 1810727.9638671875
187938726.7638161778 2738972.6113281250
188118750.3780956268 2743757.5917968750
181002316.9344145060 2349506.9707031250
179906274.8242158294 2223039.3759765625
182491043.2585910559 2468237.3076171875
181385482.0661965013 2383600.6191406250
181527608.4289482832 2393775.7607421875
186170217.8837139606 2680110.9824218750
189555987.5231941342 2768984.9726562500
177668750.3054893613 1795070.5351562500
181351708.8731031418 2379272.1757812500
193667535.4960855246 2794036.0351562500
194011637.7336365581 2795417.9687500000
182419657.3053044081 2465779.2705078125
193936076.8176878095 2795394.6875000000
186109965.7562762499 2676035.3750000000
177463882.1485999525 1730699.2871093750
180885213.0353006721 2329576.6806640625
186266086.3703338504 2685067.5097656250
190686021.9723230302 2778247.2421875000
178680233.4776972234 2016370.0029296875
184712940.7537463307 2610368.6445312500
189332829.3611247241 2767148.4980468750
184746054.7678356171 2610939.8886718750
193330559.4684557915 2793672.1367187500
178045605.3951744139 1879180.3232421875
190571959.0330439508 2777312.6015625000
190874560.7015376389 2779042.4667968750
179958615.8106506467 2231179.5205078125
178796718.4697767794 2035452.3515625000
179876060.2681564093 2220476.7431640625
186257212.1273680925 2684383.9941406250
188091561.2374393344 2742925.0703125000
193796372.2050791383 2794331.9667968750
186150325.4091740251 2678819.1601562500
177913005.5605947971 1856831.4970703125
193792317.2996586561 2794258.2656250000
178770522.9098221958 2033579.3496093750
187867666.0679242015 2737191.2949218750
177986390.8376412392 1870713.3632812500
182302551.6597510576 2455382.4775390625
186625057.2402788997 2698093.1484375000
191121686.1550412476 2780749.2148437500
186414246.6377665997 2690415.6425781250
180992107.8884339929 2345329.2041015625
191062135.7371013463 2780092.0820312500
186384935.9917157888 2689128.4257812500
182563827.6376004815 2475239.5400390625
178524247.5444051027 1973052.8291015625
190966672.0517655313 2779090.3671875000
190705413.2937164009 2778657.0429687500
177418453.6690439582 1714764.1992187500
180893813.6584146619 2334366.5400390625
190424294.3945299387 2776837.5390625000
189931569.4715779424 2771961.0742187500
189850813.2953056991 2771589.3183593750
190138346.6491088271 2774013.7578125000
188628410.0991898775 2755700.8886718750
188762151.8897545338 2757805.0781250000
188624051.6284177899 2755697.4804687500
180319850.1661124229 2270465.3964843750
182179964.5951048732 2442530.2216796875
188694295.8722757697 2756463.4375000000
177702579.3584957421 1803967.6318359375
177656341.6538983583 1791719.0576171875
188469296.3437477350 2752202.1738281250
193710207.3763125539 2794083.8867187500
187586673.0792273879 2728369.8125000000
180023824.5096251965 2235626.0312500000
182440798.8419453502 2466076.1044921875
180187642.1311213374 2254123.9726562500
190059383.0223661661 2772273.9082031250
184957607.3096208572 2619309.4863281250
189295303.0202829242 2766015.7109375000
189899445.0344475508 2771857.0312500000
189279862.0846270919 2766003.5312500000
180263221.9740965366 2266454.5117187500
188238265.5083784461 2746933.1835937500
187592221.7980614901 2728774.2578125000
183742469.8674711585 2557035.2441406250
187683436.9132985473 2731043.2851562500
177478706.9863609970 1733875.9150390625
177447292.1511030495 1726057.1523437500
178587361.3962110579 1999196.0136718750
180108802.2630264163 2247912.6445312500
184051337.1464126110 2577313.0449218750
184094818.4425017834 2579865.8164062500
178387192.8355101347 1955330.5986328125
188980482.1103032827 2761218.9218750000
184128451.7191280127 2580155.6230468750
178464443.5389133096 1972250.1035156250
180047195.0588573813 2240840.4589843750
188837315.2390128374 2759247.5468750000
177637840.1757847965 1783419.4921875000
177282202.8887656331 1635444.6513671875
188389755.8065336943 2750197.4355468750
191819393.9733808339 2781771.7636718750
191842624.4912246764 2782121.1406250000
178979981.0909690857 2057861.2412109375
177277167.4126879871 1630691.3408203125
177581461.3787715137 1767520.3115234375
191638564.7305940092 2781330.1933593750
178858073.8691814840 2041501.1269531250
184005786.1337532997 2574731.6523437500
177619843.9107088149 1777836.1699218750
178367459.3004530966 1945075.8320312500
182838240.2539153099 2495778.3642578125
178865612.9468243122 2044034.4365234375
180920632.4407939315 2334632.8837890625
178524564.5567113459 1985365.0273437500
178412684.5291377306 1962752.8212890625
177285560.9882358611 1647284.4541015625
183262520.3446959853 2525154.1875000000
178578193.2268424034 1993385.6494140625
191656089.0877462327 2781524.4882812500
177354853.4143688679 1686372.7890625000
177386869.9251441360 1705147.1171875000
180177238.2758010626 2253479.8378906250
186230048.2277879119 2680930.7714843750
177378264.7684203982 1699557.0322265625
191859392.5086971819 2782957.2441406250
186699259.6883227825 2700703.5371093750
177543689.5084953904 1753478.9277343750
186402080.8182356954 2689464.3945312500
177306673.2886162400 1663162.8388671875
178864089.9393705428 2041922.4570312500
182915175.0314179659 2502069.3857421875
187367308.1345005631 2721562.5058593750
182973192.3291994333 2506103.8828125000
186658340.3396679759 2699603.5957031250
187504121.2519773245 2725367.5000000000
186502199.8128561974 2693269.9707031250
187382459.6704098582 2722798.7343750000
177340049.4344025254 1681997.6533203125
183951721.8693889380 2569490.2460937500
187378589.3244497180 2722551.6250000000
184787113.2789091468 2612140.9082031250
180711662.5196710825 2307453.0214843750
187342927.6523677707 2721415.7011718750
187328112.6152601838 2721102.2167968750
177357308.8218241334 1690560.5898437500
180557152.4559451938 2289593.4033203125
182969004.7982819080 2504845.0507812500
177573947.5084126294 1754362.8339843750
177297000.4284105003 1653495.5781250000
183027466.5030280948 2509598.4804687500
180581601.7659356594 2291868.2832031250
177413533.6432259679 1711989.2656250000
182962638.6205027699 2504260.6562500000
178884809.3184426725 2050231.7246093750
180610781.0237482190 2299356.2089843750
177318077.9496629536 1668977.1562500000
180450832.6017817855 2282939.7763671875
178559880.4846011102 1991660.3525390625
180704779.9439993501 2306847.3750000000
184658588.5777816176 2607116.3203125000
181738321.4843993783 2402297.5693359375
181760183.3063961864 2404646.4580078125
181817551.6231523156 2410205.5654296875
184361273.8608443141 2591337.4765625000
177529608.1418676376 1749719.0781250000
181753382.1377022862 2404340.4443359375
180598571.5107690692 2297184.9316406250
181686899.9102582335 2399446.7939453125
177525888.5614865720 1746301.4921875000
180361472.1190840006 2273018.1025390625
183444901.9433786869 2534931.0976562500
177327965.2216057181 1678987.2734375000
183427725.6813266873 2533927.6347656250
182144078.6811380386 2426994.3291015625
178190151.4942546785 1899718.1025390625
178106786.5845989883 1888243.9462890625
185298145.5492281914 2632365.6875000000
185214830.1020827293 2627097.4804687500
183709049.5184950829 2553849.8808593750
183623373.4395080209 2548771.3671875000
178213811.1206805408 1907923.5585937500
183496023.2259063125 2539141.4101562500
183492054.0286257863 2537659.9785156250
178167156.7810832262 1893641.6533203125
185189607.0084076524 2626840.7050781250
178242123.6409257948 1912923.5068359375
185101964.7414560318 2621887.9511718750
185119173.9459377527 2622562.6113281250
179433363.9713777006 2078639.1425781250
179393429.9059825540 2077411.7734375000
179458757.7967299521 2079857.0712890625
179199609.6312166750 2070320.1699218750
179318939.7208489180 2076706.3906250000
178323561.9395411611 1916424.8613281250
178354806.9855741560 1917219.7724609375
179598858.2375616729 2081461.2392578125
