188398110.9370550513 2748285.5566406250
188955942.5167003274 2757481.0917968750
189875010.9367242455 2768725.9238281250
189789610.8678755164 2766324.8027343750
189717060.1691481173 2766056.3906250000
177285560.9882358611 1647284.4541015625
181304727.3777279258 2366598.2167968750
181334456.9388442636 2368872.0947265625
183262520.3446959853 2525154.1875000000
184092080.4419311881 2577283.6640625000
188797664.0678401589 2752103.1406250000
193259000.5742442012 2790591.3398437500
178578193.2268424034 1993385.6494140625
184077712.0631215572 2577183.7949218750
184608535.5731442571 2599688.6074218750
184969708.0302774906 2621840.2070312500
188834455.5191481113 2753920.0058593750
191596707.2670659125 2780759.5761718750
193263810.8702683449 2790702.7128906250
181035723.0853153467 2340191.5869140625
181322333.2265546918 2367125.9208984375
186326100.1775389314 2682958.2089843750
188856832.8972214460 2756560.6621093750
189203391.5186052322 2761845.8281250000
189026771.3382630348 2758623.5527343750
189568930.0548485518 2766025.0195312500
180064022.8140681386 2239093.2675781250
181116271.6866397262 2350593.7529296875
188087831.3567854166 2737753.3671875000
188216065.3483238816 2743007.5761718750
193092973.1686884165 2787784.1503906250
181151591.6332873702 2355582.5732421875
181115728.9661221504 2348953.3271484375
183215873.5759139657 2520620.4277343750
186307126.7197447419 2682911.4238281250
186945955.7871740460 2708715.5097656250
193984208.7972064614 2793486.2382812500
177732397.6600286067 1799345.9199218750
191366805.5395818651 2779424.0742187500
180905554.3918515444 2331008.6416015625
188601093.3982553482 2750089.7500000000
193856664.4548369646 2793373.9882812500
186362381.9882506132 2685940.1972656250
187576571.1265304089 2729002.0527343750
191656089.0877462327 2781524.4882812500
191343404.1801729798 2778849.1738281250
180028149.2621263266 2224205.8906250000
180753533.2941781878 2314914.3007812500
188513590.0887469649 2750012.4746093750
188658184.0759261847 2751417.5820312500
189222522.8800281286 2762051.4414062500
177354853.4143688679 1686372.7890625000
177687368.0664480925 1791152.2050781250
186360405.7677578926 2685520.9277343750
188375731.9932237267 2748201.8183593750
180235880.6704273820 2258857.2500000000
177729951.2693367004 1798852.1542968750
177386869.9251441360 1705147.1171875000
180082197.4413031936 2240877.7324218750
186469934.2022611499 2690055.6308593750
189763940.3880639970 2766274.6796875000
177638279.2403206229 1779921.7529296875
178475801.6102449596 1968591.3027343750
180177238.2758010626 2253479.8378906250
186230048.2277879119 2680930.7714843750
190000482.9776133597 2768736.9570312500
177368660.1502521634 1691303.7109375000
177378264.7684203982 1699557.0322265625
180932547.8570661545 2336060.8837890625
183023947.4540273547 2507964.5078125000
184051375.9638798833 2573853.0722656250
186496033.4836761951 2693088.5332031250
187999385.4635164142 2737175.9570312500
191859392.5086971819 2782957.2441406250
182606783.9635318518 2469902.1650390625
182626620.9444829822 2471852.0400390625
188261421.3219003081 2743068.6289062500
188331075.0408675075 2744934.9531250000
179967099.4399586916 2219726.5937500000
188117403.3225564361 2741766.9960937500
186699259.6883227825 2700703.5371093750
187861601.9059498906 2735533.4355468750
193313321.2236844301 2790877.7246093750
191429403.4724340737 2780563.9140625000
178487051.8157760203 1971121.5400390625
177543689.5084953904 1753478.9277343750
186626136.0293881297 2697604.0273437500
189380080.6280484498 2763198.4199218750
191573047.9979460239 2780623.7714843750
189313089.9886716306 2762379.2910156250
189425535.3241211474 2764017.3476562500
181036189.3511625528 2343841.9130859375
181740360.3087786436 2403196.0361328125
184841976.0833871961 2614473.8710937500
178697554.0103241503 2014561.1962890625
180956800.5387982130 2337179.5087890625
186402080.8182356954 2689464.3945312500
187901008.4089366794 2736153.4160156250
189263837.9392051399 2762126.8496093750
178949544.2515212595 2057104.3027343750
184144313.4046647549 2580813.2890625000
186351117.8876559734 2684191.0312500000
184213534.5279538631 2584629.4804687500
181896095.1700864434 2415413.2763671875
187295302.6355873942 2718129.5371093750
180046576.4045728445 2239029.9199218750
182016954.7282561660 2422514.5332031250
189079712.5001684129 2759196.7226562500
177306673.2886162400 1663162.8388671875
177680136.6136884987 1788241.6279296875
178864089.9393705428 2041922.4570312500
181967952.5871843100 2419147.6396484375
183019160.4758921862 2507858.7294921875
189159387.7249956727 2759202.2050781250
177588708.2376094759 1767228.5986328125
180308340.1190264225 2262969.7890625000
177747037.6262212992 1801579.4980468750
180464953.8094034195 2283070.3876953125
184710931.9295256138 2608016.8730468750
184796290.5903998017 2612528.0078125000
186795084.4105280042 2703089.4824218750
187435754.2051258683 2723501.0136718750
193681295.7715482116 2793172.4628906250
178733379.1340097189 2022707.3945312500
182839205.3235158920 2495266.1513671875
182915175.0314179659 2502069.3857421875
186528857.7031098008 2694234.8535156250
187367308.1345005631 2721562.5058593750
182973192.3291994333 2506103.8828125000
193503138.4826384783 2791935.7402343750
193575634.8879541755 2792705.1777343750
179978105.2375145555 2220034.5605468750
184859419.9882630110 2616895.0605468750
190125237.5354582369 2769877.4726562500
180897215.9569735527 2330685.7099609375
186658340.3396679759 2699603.5957031250
187504121.2519773245 2725367.5000000000
192303486.6814214289 2783057.3203125000
184944817.3126476407 2619309.4863281250
193608523.8286474347 2792706.3574218750
177450679.7911290228 1720855.0800781250
177776605.6707802117 1806478.8505859375
186502199.8128561974 2693269.9707031250
187382459.6704098582 2722798.7343750000
189820976.8117672503 2767435.3769531250
177340049.4344025254 1681997.6533203125
178870584.9856793284 2045328.6357421875
187428453.6759421229 2723003.7148437500
193613602.5379772186 2792731.1621093750
183951721.8693889380 2569490.2460937500
187378589.3244497180 2722551.6250000000
184787113.2789091468 2612140.9082031250
180808549.9444126487 2321108.1699218750
180711662.5196710825 2307453.0214843750
187342927.6523677707 2721415.7011718750
187328112.6152601838 2721102.2167968750
189812092.4916740656 2766343.5703125000
177357308.8218241334 1690560.5898437500
183920063.6155890226 2565956.4238281250
187232315.6476901770 2718000.3339843750
193082050.3416065574 2785881.4414062500
180557152.4559451938 2289593.4033203125
177774694.0051942766 1802403.1103515625
182969004.7982819080 2504845.0507812500
177573947.5084126294 1754362.8339843750
180415712.2147630453 2276143.5966796875
181647678.5261495113 2393956.9707031250
186979656.1644256115 2709111.4160156250
187167412.9617527127 2713427.5078125000
177297000.4284105003 1653495.5781250000
193147838.9246119261 2788647.7167968750
184746372.8705643415 2610354.3886718750
187172259.7215552330 2714467.8339843750
183027466.5030280948 2509598.4804687500
180581601.7659356594 2291868.2832031250
180310996.8978436589 2267323.0576171875
191034273.2154474556 2777005.5820312500
177413533.6432259679 1711989.2656250000
182962638.6205027699 2504260.6562500000
177678960.1808874905 1784499.7558593750
178884809.3184426725 2050231.7246093750
178789746.7080970109 2033199.8691406250
177465842.2276541889 1729360.6494140625
178818877.7111526132 2037598.4140625000
190641527.3744995296 2773651.7148437500
180610781.0237482190 2299356.2089843750
177318077.9496629536 1668977.1562500000
180269281.2982489467 2261320.1816406250
180450832.6017817855 2282939.7763671875
180275223.6160586476 2262935.8486328125
178559880.4846011102 1991660.3525390625
180704779.9439993501 2306847.3750000000
184658588.5777816176 2607116.3203125000
181738321.4843993783 2402297.5693359375
181760183.3063961864 2404646.4580078125
181817551.6231523156 2410205.5654296875
177625616.5626928210 1773865.8906250000
184449352.5817766190 2596063.5722656250
184361273.8608443141 2591337.4765625000
178591704.5699941516 1995655.2871093750
180145845.9659587145 2248409.1513671875
177529608.1418676376 1749719.0781250000
181753382.1377022862 2404340.4443359375
180598571.5107690692 2297184.9316406250
181579575.4264800549 2389231.5498046875
181686899.9102582335 2399446.7939453125
177525888.5614865720 1746301.4921875000
180361472.1190840006 2273018.1025390625
185725819.2414813638 2650755.5957031250
183444901.9433786869 2534931.0976562500
184306100.2972284555 2588679.2714843750
184109176.4141900539 2578952.6015625000
185694386.3959040642 2649637.2988281250
177327965.2216057181 1678987.2734375000
185717482.5356317759 2650559.1074218750
185611597.3416556716 2649522.2324218750
178422903.8945377171 1956518.0009765625
177523846.6869440675 1745735.1923828125
182302987.8120672703 2436787.6767578125
182205902.7261660695 2427201.5712890625
183427725.6813266873 2533927.6347656250
185749641.3812395930 2653930.8593750000
184269214.9295706153 2586214.8046875000
182144078.6811380386 2426994.3291015625
178606006.8747172654 1999489.0000000000
178916837.5240784287 2052668.2207031250
182266751.2121545672 2431385.1650390625
182242479.6887776852 2430881.3896484375
179006620.3783802092 2060855.6796875000
181531153.1991125941 2379257.8203125000
181423281.1783388853 2372679.9101562500
179891580.5269164741 2203305.8457031250
191071658.1234757006 2777349.2539062500
179859509.3031513989 2192678.8447265625
178525844.9108648002 1984418.3320312500
178190151.4942546785 1899718.1025390625
178761002.0893291831 2026879.7968750000
178464506.1853509545 1968078.4150390625
183759590.1623905897 2556607.2246093750
179914159.3533691466 2204263.2109375000
179911973.8076576889 2203774.3125000000
178106786.5845989883 1888243.9462890625
185510461.2178611159 2643912.1855468750
185298145.5492281914 2632365.6875000000
178742036.8285027742 2025338.4892578125
181473914.3719471097 2375437.4804687500
179927028.6262097061 2208698.3125000000
185214830.1020827293 2627097.4804687500
178645891.1647084653 2005894.4121093750
185740201.6744174957 2652803.5273437500
185870008.6313338876 2657315.4589843750
185990825.6865561604 2660726.0371093750
191244504.1486007869 2778380.3769531250
183756767.4635214210 2554683.7500000000
185892703.0708967447 2658616.3261718750
185999805.2316604853 2662087.3457031250
190906398.5986019671 2776152.3710937500
183709049.5184950829 2553849.8808593750
183623373.4395080209 2548771.3671875000
178213811.1206805408 1907923.5585937500
183496023.2259063125 2539141.4101562500
183492054.0286257863 2537659.9785156250
181496044.3454015255 2377056.4160156250
178167156.7810832262 1893641.6533203125
178454716.9793816805 1958861.3320312500
185189607.0084076524 2626840.7050781250
178242123.6409257948 1912923.5068359375
185101964.7414560318 2621887.9511718750
190833181.2822593451 2775225.6015625000
185119173.9459377527 2622562.6113281250
178072905.8563347459 1870174.3945312500
190806502.2222177386 2774733.6601562500
177876612.3737004399 1822729.6982421875
178100467.8718668222 1878115.5458984375
190459454.9967409372 2771471.2480468750
178460846.8563498855 1960026.1093750000
190313957.7360521555 2770469.8066406250
190387021.9257443845 2770941.9062500000
190459994.7770955861 2771508.5996093750
178027332.4252718389 1865135.8310546875
178005043.1434277594 1859566.0966796875
177998570.7276317179 1859125.1328125000
192855436.0170840621 2784880.2304687500
177965914.4422008097 1849192.0849609375
177944957.1714838743 1838996.9404296875
177930887.5753085315 1834810.4248046875
177899687.3336202204 1830876.3496093750
177922935.2080945373 1831681.3652343750
179433363.9713777006 2078639.1425781250
179393429.9059825540 2077411.7734375000
179458757.7967299521 2079857.0712890625
179199609.6312166750 2070320.1699218750
179318939.7208489180 2076706.3906250000
178418900.6398030519 1931383.1875000000
178323561.9395411611 1916424.8613281250
178354806.9855741560 1917219.7724609375
179633024.0651463866 2081836.6953125000
179703401.5560502410 2092415.0947265625
179724471.2552347481 2095871.2587890625
179598858.2375616729 2081461.2392578125
