181164700.1716145277 2361883.2685546875
182000512.5554715097 2428829.9218750000
181779773.7842050195 2418155.3544921875
189659247.4310998321 2769971.4160156250
194158248.9654256105 2795978.7773437500
180859745.5556079745 2331228.7617187500
177379749.7542320192 1698654.2431640625
186375243.3398562670 2685093.7558593750
188366070.7916705608 2747185.5351562500
190856185.9830027819 2781179.6054687500
179942425.0545886159 2227550.2636718750
183070594.3798888922 2511053.4921875000
191143010.0141547322 2781199.6074218750
181142613.7524432540 2361535.4990234375
183854985.1808543801 2564407.7128906250
189434098.9801151752 2769144.4941406250
181757764.5347304940 2415823.6943359375
181466704.3153979182 2396228.2792968750
181965684.7297633290 2428515.4707031250
185127423.5146008730 2634138.0996093750
193259275.6548065841 2793442.7773437500
181474752.9452992678 2397275.5761718750
188771876.5252794027 2758804.2636718750
185030455.1061254144 2624668.5156250000
185089354.3475409746 2630399.6992187500
185395801.3184274435 2646457.4628906250
178762491.9560472071 2028088.0966796875
180948439.8387238383 2343786.0791015625
184187499.5377345681 2583306.5332031250
194008580.5445235372 2795619.8457031250
194197950.8931840062 2796485.7910156250
182098787.7381584644 2429778.5009765625
181637675.4777638316 2410216.0195312500
184085772.4261490703 2578334.3457031250
185323442.3042529821 2643469.1816406250
185378908.4809052348 2646451.4980468750
187318924.3712690473 2723616.1933593750
187815001.0991217494 2738080.9824218750
177902575.6706912518 1850686.6982421875
180925459.4906747341 2338372.1337890625
180879016.9152375460 2337507.8974609375
184137177.3436105251 2582297.3515625000
185695429.9664633870 2658836.2988281250
186861874.8263748884 2707242.6953125000
181580450.9255104065 2404499.7695312500
188039947.8670566082 2742184.9140625000
193412424.5265990794 2794357.4960937500
181678811.7399600148 2410833.6835937500
178728741.2709985375 2023774.2021484375
182826714.1518105268 2493647.1005859375
187144319.2273142934 2715022.1035156250
181628252.7339633703 2405596.8339843750
185723460.2904872298 2659467.5058593750
193117665.4334556460 2792740.8066406250
177505562.0361448526 1748599.1738281250
193338205.9486713111 2794257.2324218750
179771414.1381199062 2210330.7099609375
185216455.1894484758 2638694.4882812500
188047054.4421025515 2743638.5156250000
181508363.1093055606 2399890.6621093750
179880172.9762019813 2221719.1650390625
181024922.8813732266 2351101.7060546875
181059724.7866064906 2352052.9736328125
194294132.4328839779 2797028.5566406250
187351611.0814164877 2724050.6816406250
177512732.1585205197 1752108.4111328125
184002832.4453131557 2575209.7207031250
185456832.6944291592 2649182.5039062500
177362382.8344134092 1694911.5253906250
180927537.3299515247 2341766.7109375000
183939320.8891266584 2568954.5898437500
187331242.3907543421 2724019.9003906250
189520399.9257199466 2769471.5507812500
191205441.5378617048 2781429.6894531250
190257387.3497650027 2775148.5175781250
178708643.3054549098 2022573.4775390625
188235959.9669104218 2746766.4648437500
188952066.8451259434 2761865.2636718750
193245409.8019879758 2793277.8476562500
177553738.2659873962 1755840.2988281250
180015356.0616185069 2237895.1386718750
182439166.0051983595 2466424.4619140625
185413314.9322174191 2646726.1308593750
185354704.9558216929 2645810.2148437500
190629917.5350685716 2779486.6992187500
193284065.0211286843 2793975.3593750000
178007716.1799198687 1877339.6074218750
178558166.9682400823 1993556.7304687500
181431573.3370775580 2390997.3945312500
190704191.3286137283 2779763.6660156250
177492357.4408454597 1743971.8847656250
178088430.1877249777 1892483.4501953125
178021174.6275343597 1883191.4687500000
181453378.4627319574 2391925.2988281250
188931296.2343663871 2761863.2382812500
182563903.0769335032 2475913.4697265625
185147105.1185232997 2635470.5234375000
189251320.1774366498 2766036.0156250000
177531728.9808339775 1755188.1289062500
177814536.7737669647 1833431.5937500000
178667454.9233503342 2016778.7841796875
179657946.9305519760 2193585.4814453125
179697110.2969786227 2200551.2158203125
183708929.2628006935 2555064.0410156250
192581082.1980749369 2789944.4843750000
178056935.8889168799 1886964.6875000000
182749000.5404494405 2489513.2470703125
177447712.9967823625 1733569.3798828125
178129161.8780274987 1898207.9990234375
179761464.2238457799 2206426.8642578125
181243802.8622461557 2373086.2421875000
190453869.8574625850 2777897.6757812500
190497828.6834206581 2778487.8789062500
177307639.4400252402 1672888.1962890625
187429578.6722478867 2726242.9746093750
192862938.3358530998 2792025.2949218750
192954004.9614526629 2792238.3886718750
181061383.4820595384 2355309.7128906250
179817680.8951418996 2215691.1914062500
192296853.8317610621 2783858.4218750000
177315685.9189776480 1673544.2802734375
178614154.9782649875 2006513.7070312500
182366663.9459938407 2457242.4033203125
185519737.1627085209 2650797.7460937500
187594011.5600909591 2731094.5078125000
177262545.0227249563 1616868.4980468750
181090725.0470189452 2357434.3281250000
187385978.7920941114 2725782.7460937500
180993534.8472706676 2349746.3867187500
187559117.1064124107 2729436.4921875000
187507114.5973442197 2727416.1230468750
188106801.5210323334 2743944.9589843750
183318683.4149549603 2527529.0253906250
182475967.8093436360 2467712.7412109375
182486714.6361675262 2471964.6064453125
193337981.8405143917 2794194.3457031250
187314060.5758105516 2722094.3398437500
179890031.8738035560 2224092.2138671875
189134920.2724276483 2764399.6093750000
177356832.6250263751 1693295.0937500000
179861812.9595279098 2220796.1962890625
182553358.8386564255 2475246.5361328125
181103710.2070144415 2357661.5253906250
183425006.7484781742 2530137.4160156250
192299798.7228431106 2783976.1796875000
177356342.7162149251 1692384.7734375000
192521682.3178590536 2789854.9335937500
185609097.3793247938 2657175.2011718750
189007363.5547198653 2762345.5527343750
187143770.9832718372 2714416.4296875000
184428654.3555045128 2597112.6738281250
187003669.0106563568 2708652.5078125000
177737839.8952194154 1811815.4433593750
177826098.3809657395 1838916.6152343750
179735276.8778635263 2202619.5673828125
193025995.8672038913 2792386.7304687500
177331199.7755070329 1687209.5654296875
189962067.7069422305 2773261.5742187500
179601504.8396376967 2168830.8193359375
177790491.2801296413 1830413.9394531250
177748108.5955073833 1815998.1933593750
179646147.5764382482 2189249.9365234375
182864748.0062996745 2496789.2158203125
184067287.0311262012 2578293.8867187500
177867682.1739610732 1845704.5712890625
187183972.2966199517 2718648.9824218750
189122445.0418670177 2764387.3613281250
183916154.2674337029 2567210.8164062500
182369917.3736733198 2459904.4345703125
190086569.5709184706 2773657.1953125000
192300540.8557033539 2787918.3417968750
177845606.7406136692 1844535.8457031250
180008081.4917191863 2234250.6787109375
180054175.9041571021 2242029.2412109375
182708607.5042310953 2487743.1533203125
177266442.6682637334 1627064.3476562500
182384651.6051895022 2460319.4599609375
185636793.4383368492 2658485.0039062500
185550028.7932569385 2654088.4550781250
193875994.0758472383 2794430.8066406250
178645893.4924724996 2012541.6142578125
190359325.5597289205 2776717.0957031250
177872389.0330745578 1850039.7451171875
192805501.1214825511 2790590.4296875000
179691234.2806030512 2195360.8320312500
179770312.1214697361 2208786.4228515625
182752058.0264530778 2489911.6767578125
192618907.9264651537 2790228.4277343750
192818505.6481862664 2791203.3554687500
184223961.5887646079 2585572.9375000000
178595452.8633268476 2000905.1484375000
177770935.4327059686 1826511.5488281250
177722362.0418990850 1810727.9638671875
186170217.8837139606 2680110.9824218750
177668750.3054893613 1795070.5351562500
182419657.3053044081 2465779.2705078125
193936076.8176878095 2795394.6875000000
186109965.7562762499 2676035.3750000000
186266086.3703338504 2685067.5097656250
184712940.7537463307 2610368.6445312500
189332829.3611247241 2767148.4980468750
184746054.7678356171 2610939.8886718750
179958615.8106506467 2231179.5205078125
178796718.4697767794 2035452.3515625000
186257212.1273680925 2684383.9941406250
186150325.4091740251 2678819.1601562500
177913005.5605947971 1856831.4970703125
178770522.9098221958 2033579.3496093750
182302551.6597510576 2455382.4775390625
186414246.6377665997 2690415.6425781250
186384935.9917157888 2689128.4257812500
178524247.5444051027 1973052.8291015625
177418453.6690439582 1714764.1992187500
189931569.4715779424 2771961.0742187500
189850813.2953056991 2771589.3183593750
190138346.6491088271 2774013.7578125000
188628410.0991898775 2755700.8886718750
188762151.8897545338 2757805.0781250000
188624051.6284177899 2755697.4804687500
180319850.1661124229 2270465.3964843750
182179964.5951048732 2442530.2216796875
177702579.3584957421 1803967.6318359375
177656341.6538983583 1791719.0576171875
188469296.3437477350 2752202.1738281250
180187642.1311213374 2254123.9726562500
184957607.3096208572 2619309.4863281250
189899445.0344475508 2771857.0312500000
180263221.9740965366 2266454.5117187500
183742469.8674711585 2557035.2441406250
178587361.3962110579 1999196.0136718750
180108802.2630264163 2247912.6445312500
184051337.1464126110 2577313.0449218750
184094818.4425017834 2579865.8164062500
178387192.8355101347 1955330.5986328125
184128451.7191280127 2580155.6230468750
178464443.5389133096 1972250.1035156250
180047195.0588573813 2240840.4589843750
188837315.2390128374 2759247.5468750000
177637840.1757847965 1783419.4921875000
177282202.8887656331 1635444.6513671875
188389755.8065336943 2750197.4355468750
191819393.9733808339 2781771.7636718750
191842624.4912246764 2782121.1406250000
178979981.0909690857 2057861.2412109375
177277167.4126879871 1630691.3408203125
177581461.3787715137 1767520.3115234375
178858073.8691814840 2041501.1269531250
177619843.9107088149 1777836.1699218750
178367459.3004530966 1945075.8320312500
182838240.2539153099 2495778.3642578125
178865612.9468243122 2044034.4365234375
178524564.5567113459 1985365.0273437500
178412684.5291377306 1962752.8212890625
177285560.9882358611 1647284.4541015625
183262520.3446959853 2525154.1875000000
191656089.0877462327 2781524.4882812500
180177238.2758010626 2253479.8378906250
186230048.2277879119 2680930.7714843750
191859392.5086971819 2782957.2441406250
186699259.6883227825 2700703.5371093750
186402080.8182356954 2689464.3945312500
177306673.2886162400 1663162.8388671875
178864089.9393705428 2041922.4570312500
182915175.0314179659 2502069.3857421875
182973192.3291994333 2506103.8828125000
186658340.3396679759 2699603.5957031250
186502199.8128561974 2693269.9707031250
184787113.2789091468 2612140.9082031250
180711662.5196710825 2307453.0214843750
180557152.4559451938 2289593.4033203125
182969004.7982819080 2504845.0507812500
177297000.4284105003 1653495.5781250000
183027466.5030280948 2509598.4804687500
180581601.7659356594 2291868.2832031250
177413533.6432259679 1711989.2656250000
182962638.6205027699 2504260.6562500000
178884809.3184426725 2050231.7246093750
180610781.0237482190 2299356.2089843750
180450832.6017817855 2282939.7763671875
180704779.9439993501 2306847.3750000000
184658588.5777816176 2607116.3203125000
184361273.8608443141 2591337.4765625000
180598571.5107690692 2297184.9316406250
180361472.1190840006 2273018.1025390625
183444901.9433786869 2534931.0976562500
177327965.2216057181 1678987.2734375000
183427725.6813266873 2533927.6347656250
183623373.4395080209 2548771.3671875000
178213811.1206805408 1907923.5585937500
183496023.2259063125 2539141.4101562500
183492054.0286257863 2537659.9785156250
178242123.6409257948 1912923.5068359375
179433363.9713777006 2078639.1425781250
179393429.9059825540 2077411.7734375000
179458757.7967299521 2079857.0712890625
179199609.6312166750 2070320.1699218750
179318939.7208489180 2076706.3906250000
178323561.9395411611 1916424.8613281250
178354806.9855741560 1917219.7724609375
179598858.2375616729 2081461.2392578125
