180847509.3764482141 2273016.2783203125
190454932.6827475131 2761837.8476562500
190249508.5531513989 2761061.3613281250
190371634.3084016144 2761618.5429687500
180920804.2686499357 2287022.5537109375
180931224.3986665606 2292341.0175781250
180851610.3713185191 2284641.3603515625
181185329.1474856734 2319845.0869140625
181412960.9596246481 2336360.9443359375
181260419.8518182635 2324149.2490234375
181009616.7313179970 2301175.0107421875
183463676.8870648742 2506250.9179687500
183328497.7815228701 2496088.6445312500
184013022.1144976020 2538635.1357421875
188537430.6601009667 2728465.6660156250
189561965.1762881577 2756130.1796875000
189695356.0707318485 2756321.8867187500
189939934.5604663789 2758360.9687500000
189966585.1885530055 2759465.6523437500
193783123.0454490185 2776568.6640625000
189716587.1496619880 2757823.9882812500
189522480.4928075373 2754324.8359375000
189556200.6296904981 2755898.5292968750
177972875.1057245731 1822893.9541015625
178216872.8112371266 1875602.5673828125
178866905.0971567631 1990165.1748046875
181118972.7916749120 2309129.7587890625
183631884.4814575315 2518911.6894531250
183717448.2767905593 2525358.5566406250
184018638.8302276731 2542189.9521484375
186393134.8200235665 2661433.5039062500
186884921.2554161251 2678935.6562500000
187193892.7346656024 2688526.8398437500
187249933.1181551814 2688983.7929687500
189448866.1104452908 2753625.7246093750
188575794.3342430294 2730300.7109375000
178020469.4944911301 1837857.7021484375
178134322.8943277001 1862159.1650390625
178306714.6597392261 1890683.1171875000
178778507.5887374878 1976872.0410156250
181140812.1113993526 2315375.6777343750
183891388.6295462251 2532508.6035156250
183764974.3119230866 2529091.3857421875
183465697.1835788488 2510771.6386718750
183919190.2832831144 2533169.1796875000
188648698.6159304082 2736184.4726562500
188622118.6590790451 2735461.7871093750
188874095.2417333424 2740361.2929687500
189335557.9658943117 2751014.8066406250
189382155.5314219296 2751176.0898437500
189423175.9985514581 2751275.3652343750
189296520.0690286458 2750792.2070312500
198510468.5294646025 2786589.7871093750
178126468.8269638121 1855674.4833984375
178158853.1463307738 1868595.2636718750
178090674.3075538874 1854359.3857421875
181346749.2093774378 2332762.4111328125
183595972.7789082527 2517098.8476562500
183712667.2193872333 2524512.3593750000
183661644.9614725709 2520929.2597656250
183844104.5126991272 2532276.8554687500
183531732.2152571678 2516248.7656250000
183525211.8833917975 2516145.2656250000
185982081.5660096705 2641580.3906250000
187217300.8201929033 2688666.4335937500
189002684.7953636646 2745535.6367187500
197731824.8869951665 2784763.4882812500
184189204.1365821362 2545358.0097656250
184014299.9746861458 2539014.7421875000
183933367.3191168308 2535580.1132812500
189282656.4218960702 2749658.6718750000
189164471.0340572894 2747742.2167968750
178139114.3454090953 1862413.8164062500
178818791.0360971987 1983247.0820312500
181065278.7125027776 2301886.5644531250
183756427.4707068205 2528539.7050781250
185908047.5653814375 2637485.1777343750
188731982.3875624835 2738402.0468750000
188866552.8799602687 2739895.2773437500
198040539.0303041041 2784917.1953125000
198058529.5364699662 2785780.0683593750
188791352.9197867811 2738958.9785156250
181003677.8154680133 2298291.5429687500
181169325.9827905893 2318595.5263671875
188861956.3899547756 2739160.3984375000
188926426.5305278599 2743259.7988281250
193935415.7076733708 2776574.9101562500
178147220.5416164398 1866096.8789062500
187372855.1945787966 2691382.7753906250
187084339.6052985489 2686820.6757812500
178057091.8145116866 1852286.0458984375
178260476.9211741686 1888489.0722656250
178175446.0061318278 1875360.9326171875
178648880.3035835624 1957817.1611328125
181207783.0871977210 2321087.2675781250
186135443.9166546166 2650521.7714843750
191839289.8380989432 2767287.1835937500
181109500.5814492702 2307202.3076171875
183384077.3750964403 2497096.3476562500
185826702.1795047522 2632416.4824218750
181228001.2796350718 2322266.2412109375
181066725.1887277961 2307079.2900390625
178168771.3328911066 1868931.0205078125
178943699.6448402405 1993412.8203125000
197547599.4786957800 2782171.5371093750
197185982.1573029459 2778902.9550781250
178325214.5320219994 1897149.2783203125
178395788.3316182792 1902472.4570312500
178697309.0358940661 1966877.5517578125
183254510.9111870527 2489872.2578125000
183141923.6583417058 2478639.0507812500
182964491.3359131813 2464292.9121093750
186044957.8351061046 2645114.5703125000
187254737.3748229444 2690480.0722656250
197593755.7261703312 2783843.6972656250
197217068.5974978507 2780561.8242187500
197247907.7083795667 2781367.5292968750
178903028.6212237477 1993014.7910156250
182973747.2393093109 2466105.5058593750
183117639.3048773408 2475884.0449218750
182909623.0241912603 2461280.7080078125
191287038.3857131600 2764079.1640625000
191973672.9176322222 2767356.4648437500
181479440.5875743032 2340698.4931640625
191593840.2766219378 2766240.7480468750
178436931.9935770035 1902672.0400390625
178796405.0785699487 1980178.9257812500
185922504.8258319795 2637603.0683593750
186890270.4317837059 2679085.2285156250
191337914.4112509489 2764757.5781250000
183243771.5636806488 2482216.6152343750
182977136.8813484311 2467939.2109375000
183244904.1288893223 2484153.4277343750
183178068.1741786003 2481623.7402343750
183040406.3395100236 2474202.3183593750
186868350.1780645847 2678097.9472656250
177991716.3523622155 1828701.2548828125
186996253.6715881526 2683566.7031250000
178053288.2339872122 1844098.0126953125
178228088.9617891014 1879476.3798828125
178719706.9563191533 1969302.3603515625
191272614.5304734707 2763385.4628906250
178123770.6731140316 1854642.1552734375
178833614.5269288719 1985435.9355468750
181655491.3108970523 2355364.3691406250
182849879.6769974232 2450393.5566406250
178705400.3693847060 1968693.5283203125
182871423.2475607395 2453875.0859375000
182907388.8560594320 2458729.7695312500
186020818.3442798555 2643696.6562500000
178013949.6561681032 1835537.6064453125
186016419.7057485878 2643676.7148437500
197332497.2491093278 2782089.4335937500
177966269.0430534482 1800807.5966796875
185803650.4792959392 2629350.6191406250
185887739.4957030714 2633094.5175781250
178611174.2956036031 1935832.2587890625
193966073.0336357355 2776739.4765625000
178613888.5346919298 1946912.0419921875
185748920.5410135090 2624216.9199218750
182817677.4868264198 2446849.3730468750
185747677.5117094219 2623551.7910156250
185794143.5350199640 2626512.0039062500
186388861.1997924149 2657797.2949218750
188447293.6726736724 2722721.0449218750
193461894.2390617132 2773792.7812500000
193614519.5126312375 2775405.2597656250
185782251.8240331709 2625169.6640625000
178618027.5689804256 1949136.8251953125
178540329.1408176422 1927693.9052734375
178528211.3483280241 1921986.2050781250
178554925.6163625717 1935790.7177734375
178442947.4742576182 1911052.2675781250
178527095.3347228765 1916047.9814453125
178394760.6856542528 1898937.2343750000
179633024.0651463866 2081836.6953125000
186584787.5770769715 2665206.7343750000
193497399.1402937770 2774752.1601562500
193222002.6370017231 2772544.6679687500
179593428.5534539521 2077887.7265625000
179703401.5560502410 2092415.0947265625
179946398.0131734908 2096339.6894531250
180013011.5207500756 2096605.5673828125
181562324.5046446323 2347968.2792968750
193705708.1159404218 2776206.0859375000
179505117.9363952279 2069453.6464843750
179940709.1251406670 2096320.2011718750
179724471.2552347481 2095871.2587890625
181633232.2921819687 2351725.1640625000
188342919.2600471675 2717594.7851562500
188446971.2211586535 2719835.6621093750
193743293.6891038120 2776245.7480468750
182532337.4134741426 2428238.4042968750
182610224.2472528815 2434163.9960937500
179532643.6749440730 2075771.9589843750
182800136.3432481289 2446244.2167968750
182510325.0413397551 2426022.2578125000
182402187.4016856551 2417790.2080078125
182671828.5512728095 2437676.6152343750
182545330.7414546013 2429579.8027343750
182499881.7911543846 2425211.0312500000
187755488.5114966035 2699195.6347656250
181509083.0386509895 2343507.3710937500
181607397.3046674132 2351050.1220703125
178516930.6499342620 1915520.2939453125
186637023.0549608469 2667724.9453125000
181777570.8841369152 2364923.0527343750
179598858.2375616729 2081461.2392578125
181750628.2624676228 2361346.7568359375
181907861.2995138764 2373507.6123046875
182315937.6859459281 2405638.5439453125
186730865.6089642346 2668160.4863281250
188035431.1514496207 2706710.0878906250
179200640.5950750411 2014941.6562500000
179446835.7443102598 2061058.3212890625
179423925.1785484254 2058966.3642578125
188248254.2410246134 2712710.8632812500
179411711.4286799431 2056547.8974609375
179376083.7438475192 2050132.5166015625
181741127.0477629900 2359752.2001953125
181889693.3691430688 2369859.8056640625
182140578.3511071205 2388610.5244140625
188135716.0619382262 2711043.4921875000
187921924.9675521851 2704493.5410156250
187922788.9584562778 2704717.7070312500
186620239.1812048852 2665454.4746093750
186748069.5439958274 2671720.1640625000
186540428.4792858660 2663869.0058593750
188132098.5053387284 2706789.3769531250
187943027.1154568195 2706039.7441406250
179285787.6373746693 2028531.2089843750
187676026.1797833443 2699087.2734375000
182265620.0844823122 2400354.0791015625
182165764.0089097619 2393693.2529296875
182279082.4445159435 2400701.1748046875
182080696.9741528630 2388275.9248046875
187477281.7932043672 2691748.5292968750
179359211.1092028022 2042965.9394531250
179370554.9611798525 2046847.3769531250
181877179.1094933748 2369603.0644531250
181990178.1159567237 2379587.9140625000
187620966.0103384256 2697030.0742187500
193368999.3791756630 2772796.9980468750
179482353.4234175980 2061903.4248046875
179326638.7663016617 2041226.8935546875
179160243.7568520010 2005952.6982421875
179322509.7159634829 2032065.0996093750
181769819.9203602672 2363669.1396484375
181618187.4575562477 2351249.6142578125
185346140.2257887721 2592709.1542968750
187556582.8127060533 2693452.6992187500
179199941.9220688939 2012163.9414062500
179322388.4850084782 2030410.3642578125
184865843.7839287221 2565792.6875000000
185184768.1604974568 2586231.2519531250
185028753.7782329917 2576133.8261718750
179286078.1165572107 2029088.9697265625
179177254.8235813379 2011649.0878906250
179126082.2774527669 2000389.2714843750
185146453.3182082176 2581413.2929687500
184754333.0121795833 2555953.0585937500
185105259.8146479130 2580871.2734375000
184883403.1762060225 2566231.1582031250
192899611.6892211437 2769491.1015625000
193107771.2428873181 2769895.6132812500
184850116.5025904477 2564853.2070312500
193153317.2598073483 2770832.1855468750
193218223.5791436434 2771094.5937500000
193172139.1960220933 2770982.8984375000
185325750.0207287669 2591163.8593750000
184849838.7776512802 2563343.2285156250
185151738.4761555791 2584066.2753906250
184951643.6411589086 2568923.9921875000
184948971.0466037095 2568231.8691406250
184957784.1326164901 2572147.7128906250
185650508.5857980251 2607369.9726562500
185587178.9445551038 2603534.9023437500
185515677.7815564871 2598807.0585937500
192821089.1791141331 2768707.3105468750
185498800.8525233567 2597405.3027343750
180718900.3987188339 2186763.1542968750
180804154.9807866812 2195527.3144531250
180676925.6242963076 2180879.2910156250
180747693.7705569267 2193473.9003906250
180826450.2060620189 2202343.3535156250
180700686.6840474606 2186050.3339843750
180668767.8270734549 2172151.4189453125
180742057.7672834396 2186806.5146484375
180639993.3684707284 2168501.4140625000
180635025.9769088030 2164313.0087890625
180489973.1945481896 2098523.4414062500
180602182.4093852043 2144952.7744140625
180616071.3468140960 2145762.2900390625
180456125.5053545237 2096861.3408203125
180530262.0364680290 2102936.2451171875
180496817.5147275329 2102407.2636718750
180472763.2762304544 2098469.4921875000
180534498.5790479779 2118151.6933593750
180598398.8250735402 2126896.2714843750
180568480.9442755580 2123742.7734375000
