187909276.7767276168 2739614.5312500000
181932580.4789039493 2431065.5537109375
184651292.9716330767 2600526.3496093750
185817609.8613566160 2665276.3886718750
177306869.8670350611 1674223.1669921875
182953539.7030546069 2505745.1308593750
177472145.7511054873 1745287.9199218750
179513293.8095016778 2160903.7578125000
182882434.7307143807 2499282.7968750000
192774570.1302888393 2790627.8710937500
190845788.5776869953 2781625.7519531250
177303344.2646338046 1667871.8144531250
194817637.8344683349 2797523.3710937500
181807657.6560488939 2423107.5908203125
187872745.5508381724 2739173.6328125000
179956530.4426648021 2232042.9003906250
185473840.1568343639 2651395.1230468750
179629951.4924491942 2186114.7519531250
180154839.0644238591 2254182.8046875000
180190561.3511431217 2258744.6855468750
187279934.7919629812 2718785.5703125000
181415089.7506359220 2386175.5566406250
190333064.1004347503 2777118.3593750000
182812149.2746112347 2493402.6767578125
185346055.9733986259 2644681.7753906250
188757675.2810069919 2758383.3847656250
188830046.5274831057 2759289.7285156250
177600860.7637160122 1780567.0966796875
179586890.2243177593 2185859.4570312500
185536793.9949037433 2652355.5683593750
187587484.9018850923 2732521.7167968750
191055931.6622091532 2782509.9960937500
177946312.7060926855 1863354.2255859375
181793410.5129767060 2421394.8603515625
183862105.6046110392 2562842.0917968750
190226903.0619355738 2774376.7343750000
194137336.9914926887 2796822.5312500000
194879030.7091313899 2797641.0234375000
194019539.7069798112 2796241.8046875000
182851030.2163611054 2498626.3261718750
184800226.6864863634 2613027.8925781250
182869245.4497120380 2499122.0859375000
185692895.1397911906 2660659.4824218750
188855585.1612901688 2759620.9765625000
180010408.9807435274 2239266.1191406250
180096857.1994525790 2248035.7519531250
178529681.7605883181 1987227.8798828125
178490966.7950796783 1986097.1347656250
181900121.1207643151 2428771.5419921875
183935407.7535930872 2569039.7324218750
181835467.6058160663 2423762.3369140625
179693957.7845914066 2199126.3164062500
187698250.8580582738 2735843.6679687500
189488870.8822095990 2769610.0742187500
177522987.8834914565 1760424.8076171875
187750605.0794424415 2737865.1640625000
189620478.7604515254 2770663.4199218750
177462228.2021327913 1739912.7753906250
181220235.9805032611 2365498.8447265625
179990101.9381482601 2237589.3710937500
184675721.0955837369 2605662.2949218750
187810549.6670185328 2738451.5800781250
178547459.3387231827 1998256.5576171875
179636996.2506786287 2193508.7871093750
191427298.8307072222 2784564.7636718750
177512205.2841937244 1755290.0810546875
185455548.2343366742 2649300.7480468750
177575808.7956358790 1772783.0927734375
184453357.9587161541 2599041.2441406250
177442419.3385594189 1737932.1728515625
181910436.6433947682 2430436.6787109375
190231847.6202918887 2775317.5175781250
187953694.7520539761 2740688.9453125000
194419090.7581761479 2797182.4941406250
182056512.8980775476 2438637.0351562500
181175606.4622238278 2364032.9814453125
180902830.0165410638 2339052.7773437500
178081497.4511844516 1892095.7285156250
180038132.9879564047 2241075.7832031250
181770350.9714264274 2421310.3134765625
183797050.6017833948 2561854.4492187500
190971868.6841888428 2782236.4707031250
178585066.7584913075 2000981.8457031250
187256918.2203004360 2718768.6406250000
177562814.5848581195 1769786.3232421875
177485824.4778172672 1750940.0800781250
194790935.8832764328 2797437.5898437500
194793746.2156757414 2797520.1679687500
179998121.2187650800 2238549.8027343750
181023280.9850551486 2352093.0771484375
181077743.6400585175 2355874.8095703125
185376171.2222987413 2647082.7773437500
190977866.8162538111 2782307.6367187500
185904791.7157183290 2666480.6855468750
188370684.8788748384 2750503.2578125000
187303589.2971176803 2719855.8222656250
189260153.6122070551 2766841.5664062500
181354074.7638535500 2378645.3339843750
189429020.2707853913 2769144.4941406250
177476073.4496589303 1747534.0957031250
181024218.3677484989 2352186.6123046875
183877702.8818882108 2565609.3613281250
183922510.2637853622 2567961.9511718750
183947420.9099621177 2572567.7695312500
177352924.1263661385 1693323.5146484375
181142040.8961637616 2363407.1982421875
181891612.2954839468 2426802.7705078125
186478905.7525775433 2690929.2949218750
189232820.1147409379 2766176.7929687500
184417355.4145016670 2598137.8828125000
191375602.3227282465 2783901.9335937500
183377627.1766502261 2529405.0136718750
184399483.0686523914 2593916.3906250000
189658504.3659299612 2770871.8828125000
181692647.1831492782 2413707.3115234375
186581312.3902117610 2695267.0312500000
188435172.6420297623 2753122.7753906250
194789777.7102621198 2797422.0449218750
177257181.4475057125 1612970.5234375000
186228759.5593189597 2681065.1171875000
177241051.0073407888 1606671.2949218750
188912945.2265544832 2760551.9785156250
191346376.8509624600 2783762.6347656250
192805950.3322544694 2791415.0507812500
189775074.7852694392 2771687.1210937500
182819858.5005424619 2495871.6103515625
178031685.1624756455 1887202.8759765625
188225187.7452833652 2747840.1503906250
194236567.5452812910 2796988.9609375000
193841578.8833198547 2795709.0468750000
181733706.9347186089 2417101.8740234375
186990772.2055774927 2710968.6796875000
188086680.7105830908 2744521.8222656250
191244088.9837300181 2783574.9218750000
177344640.8523533046 1689125.2802734375
177807564.8967258334 1833566.3935546875
181054453.2198117375 2353066.9931640625
180859745.5556079745 2331228.7617187500
177379749.7542320192 1698654.2431640625
181466704.3153979182 2396228.2792968750
193259275.6548065841 2793442.7773437500
181474752.9452992678 2397275.5761718750
188771876.5252794027 2758804.2636718750
180948439.8387238383 2343786.0791015625
181637675.4777638316 2410216.0195312500
185323442.3042529821 2643469.1816406250
180879016.9152375460 2337507.8974609375
184137177.3436105251 2582297.3515625000
186861874.8263748884 2707242.6953125000
181580450.9255104065 2404499.7695312500
193412424.5265990794 2794357.4960937500
187144319.2273142934 2715022.1035156250
193117665.4334556460 2792740.8066406250
193338205.9486713111 2794257.2324218750
185216455.1894484758 2638694.4882812500
181508363.1093055606 2399890.6621093750
194294132.4328839779 2797028.5566406250
187351611.0814164877 2724050.6816406250
177362382.8344134092 1694911.5253906250
180927537.3299515247 2341766.7109375000
187331242.3907543421 2724019.9003906250
188952066.8451259434 2761865.2636718750
193245409.8019879758 2793277.8476562500
185354704.9558216929 2645810.2148437500
190629917.5350685716 2779486.6992187500
193284065.0211286843 2793975.3593750000
178007716.1799198687 1877339.6074218750
181431573.3370775580 2390997.3945312500
190704191.3286137283 2779763.6660156250
178088430.1877249777 1892483.4501953125
178021174.6275343597 1883191.4687500000
188931296.2343663871 2761863.2382812500
185147105.1185232997 2635470.5234375000
179657946.9305519760 2193585.4814453125
179697110.2969786227 2200551.2158203125
183708929.2628006935 2555064.0410156250
192581082.1980749369 2789944.4843750000
178129161.8780274987 1898207.9990234375
181243802.8622461557 2373086.2421875000
190497828.6834206581 2778487.8789062500
187429578.6722478867 2726242.9746093750
192954004.9614526629 2792238.3886718750
181061383.4820595384 2355309.7128906250
179817680.8951418996 2215691.1914062500
178614154.9782649875 2006513.7070312500
182366663.9459938407 2457242.4033203125
177262545.0227249563 1616868.4980468750
187385978.7920941114 2725782.7460937500
180993534.8472706676 2349746.3867187500
183318683.4149549603 2527529.0253906250
182475967.8093436360 2467712.7412109375
182486714.6361675262 2471964.6064453125
193337981.8405143917 2794194.3457031250
187314060.5758105516 2722094.3398437500
179890031.8738035560 2224092.2138671875
179861812.9595279098 2220796.1962890625
182553358.8386564255 2475246.5361328125
183425006.7484781742 2530137.4160156250
192521682.3178590536 2789854.9335937500
185609097.3793247938 2657175.2011718750
187143770.9832718372 2714416.4296875000
177737839.8952194154 1811815.4433593750
177826098.3809657395 1838916.6152343750
193025995.8672038913 2792386.7304687500
177331199.7755070329 1687209.5654296875
189962067.7069422305 2773261.5742187500
177748108.5955073833 1815998.1933593750
184067287.0311262012 2578293.8867187500
187183972.2966199517 2718648.9824218750
183916154.2674337029 2567210.8164062500
182369917.3736733198 2459904.4345703125
190086569.5709184706 2773657.1953125000
192300540.8557033539 2787918.3417968750
177845606.7406136692 1844535.8457031250
182708607.5042310953 2487743.1533203125
177266442.6682637334 1627064.3476562500
182384651.6051895022 2460319.4599609375
185636793.4383368492 2658485.0039062500
178645893.4924724996 2012541.6142578125
177872389.0330745578 1850039.7451171875
179770312.1214697361 2208786.4228515625
182752058.0264530778 2489911.6767578125
192618907.9264651537 2790228.4277343750
184223961.5887646079 2585572.9375000000
177770935.4327059686 1826511.5488281250
177722362.0418990850 1810727.9638671875
186170217.8837139606 2680110.9824218750
177668750.3054893613 1795070.5351562500
182419657.3053044081 2465779.2705078125
186109965.7562762499 2676035.3750000000
186266086.3703338504 2685067.5097656250
184712940.7537463307 2610368.6445312500
189332829.3611247241 2767148.4980468750
184746054.7678356171 2610939.8886718750
178796718.4697767794 2035452.3515625000
186257212.1273680925 2684383.9941406250
186150325.4091740251 2678819.1601562500
177913005.5605947971 1856831.4970703125
178770522.9098221958 2033579.3496093750
182302551.6597510576 2455382.4775390625
186414246.6377665997 2690415.6425781250
186384935.9917157888 2689128.4257812500
188628410.0991898775 2755700.8886718750
188624051.6284177899 2755697.4804687500
182179964.5951048732 2442530.2216796875
177702579.3584957421 1803967.6318359375
177656341.6538983583 1791719.0576171875
184957607.3096208572 2619309.4863281250
189899445.0344475508 2771857.0312500000
180263221.9740965366 2266454.5117187500
183742469.8674711585 2557035.2441406250
184051337.1464126110 2577313.0449218750
184094818.4425017834 2579865.8164062500
178387192.8355101347 1955330.5986328125
178464443.5389133096 1972250.1035156250
177637840.1757847965 1783419.4921875000
177282202.8887656331 1635444.6513671875
178979981.0909690857 2057861.2412109375
177277167.4126879871 1630691.3408203125
178858073.8691814840 2041501.1269531250
178367459.3004530966 1945075.8320312500
178865612.9468243122 2044034.4365234375
178412684.5291377306 1962752.8212890625
177285560.9882358611 1647284.4541015625
183262520.3446959853 2525154.1875000000
186699259.6883227825 2700703.5371093750
186402080.8182356954 2689464.3945312500
178864089.9393705428 2041922.4570312500
182915175.0314179659 2502069.3857421875
182973192.3291994333 2506103.8828125000
186658340.3396679759 2699603.5957031250
186502199.8128561974 2693269.9707031250
184787113.2789091468 2612140.9082031250
180711662.5196710825 2307453.0214843750
180557152.4559451938 2289593.4033203125
177297000.4284105003 1653495.5781250000
183027466.5030280948 2509598.4804687500
180581601.7659356594 2291868.2832031250
177413533.6432259679 1711989.2656250000
178884809.3184426725 2050231.7246093750
180610781.0237482190 2299356.2089843750
180450832.6017817855 2282939.7763671875
180704779.9439993501 2306847.3750000000
180598571.5107690692 2297184.9316406250
180361472.1190840006 2273018.1025390625
183444901.9433786869 2534931.0976562500
177327965.2216057181 1678987.2734375000
183427725.6813266873 2533927.6347656250
183623373.4395080209 2548771.3671875000
178213811.1206805408 1907923.5585937500
183496023.2259063125 2539141.4101562500
183492054.0286257863 2537659.9785156250
178242123.6409257948 1912923.5068359375
179433363.9713777006 2078639.1425781250
179393429.9059825540 2077411.7734375000
179458757.7967299521 2079857.0712890625
179199609.6312166750 2070320.1699218750
179318939.7208489180 2076706.3906250000
178323561.9395411611 1916424.8613281250
178354806.9855741560 1917219.7724609375
