50581421.2949121818 1595193.5703125000
50582713.1314624324 1596126.4355468750
50622576.7346650362 1671370.0595703125
50709099.1635328978 1757065.8613281250
53029021.9176418185 2098921.7558593750
52083858.0233855695 2040724.6650390625
50694341.7500997409 1740774.7480468750
50823421.6266329959 1826868.7148437500
51025651.7586077079 1890931.1015625000
51972119.2880058438 2033348.5068359375
52903833.5917418748 2098506.0488281250
55397940.5951073244 2174667.9375000000
50646638.5176193789 1700853.3808593750
50643485.6388016716 1697507.9101562500
50696309.6826521903 1748983.1113281250
51963187.1740940288 2029908.6005859375
54037532.8736855462 2132799.7343750000
55117631.9372538403 2170231.8339843750
71880249.6409138292 2199078.6220703125
50664698.3168836012 1720558.7968750000
50818471.5633525029 1825303.9179687500
50992858.6718970612 1884977.6171875000
51060042.3953786716 1897902.7080078125
51758706.3297145888 2009292.9248046875
52036607.6617101207 2036124.0361328125
52213739.3926891908 2050645.1240234375
51876193.6080853865 2022034.0185546875
50648072.4303554818 1703421.6699218750
50922269.3730304986 1867254.9824218750
52758298.9084827527 2088218.6640625000
54630587.9246626869 2163746.7089843750
50743327.6452678889 1779404.6171875000
50843034.7122892514 1836142.8906250000
51004874.7883693725 1887713.5429687500
50724323.0781949535 1767944.2285156250
51142656.3086858615 1915132.3144531250
53432390.8811381906 2122421.3564453125
72715652.1680230796 2199151.6611328125
50596874.1032494009 1624551.7500000000
50611501.2992782444 1656570.4902343750
50748214.4166777581 1784066.6660156250
51017882.6001998410 1890907.0878906250
51713635.8666823357 2002540.7001953125
50672784.3700697720 1727485.0820312500
50971775.0347353369 1879087.1406250000
51009365.3491782323 1888535.0957031250
51102204.7098593414 1905744.1728515625
51080748.0763497353 1899908.0625000000
50670643.0725989789 1725655.9472656250
50908502.9262406379 1858780.5664062500
52068210.4537080750 2037821.9580078125
54404921.2869835421 2153451.0156250000
54455008.4257402644 2157484.8886718750
54946616.6435582116 2168099.3046875000
50614607.3040900081 1663249.2265625000
50575201.6611335129 1576190.2363281250
50614640.4342230335 1663948.5996093750
50631521.2559931651 1681339.8085937500
50714203.0665636212 1764395.0761718750
50809138.0529534444 1823847.3652343750
52016040.0685505942 2036108.1259765625
54416470.7121108845 2156605.9882812500
54197088.4761007354 2149356.2656250000
54160474.3122603968 2142324.9697265625
55074393.5772083327 2169239.1386718750
55365157.8364420459 2173096.7890625000
55731878.7642998770 2176717.9794921875
54101535.5224523172 2141660.7304687500
50626058.0405557230 1677959.5429687500
51573409.9636149630 1983856.4521484375
53143940.2057560831 2110500.4414062500
53592615.8627028242 2128589.1464843750
53788041.2178681865 2131662.2089843750
54218123.9321305677 2151471.3046875000
55883913.1257269159 2179525.3359375000
50798667.9938796088 1812112.9003906250
50899259.3073590845 1854337.5878906250
50858607.2037211582 1842008.1406250000
51111286.6858754978 1906051.4023437500
54702623.0051997676 2165590.4238281250
50964352.9555603415 1875280.9941406250
50942150.5262163505 1870889.4667968750
50947309.4839146063 1873306.8359375000
51941257.7955832779 2029488.8789062500
50577197.1400579736 1584516.9062500000
50586425.0209974572 1602461.8925781250
50587230.8575147912 1605301.1015625000
50855562.5968069285 1840547.9589843750
50870473.8834869042 1849587.7226562500
51262874.2353779599 1940357.8886718750
50613407.3591888100 1660283.3164062500
50848760.2992889732 1840419.0839843750
50967750.4082544222 1876266.4921875000
50584400.9790212214 1596522.7265625000
50858300.2723518386 1840641.6445312500
50987391.0998822153 1879939.9082031250
51149461.7438052893 1920622.3173828125
51314538.3336278871 1951136.8554687500
52851758.2106084973 2090619.8906250000
50717660.7460621819 1766268.7500000000
50736004.9191145524 1778564.6445312500
50912869.4786746129 1860960.1035156250
50908680.2153942287 1859124.4003906250
50933553.7193726078 1869237.2226562500
50890191.6816078052 1851898.3593750000
51330823.6359620392 1951671.7714843750
51805964.8287560642 2017010.9853515625
51753098.2588345632 2007494.4150390625
51877339.3239252195 2024708.3564453125
51253597.3047977760 1938079.3984375000
51305466.0109689087 1947596.8242187500
50637856.4483904466 1690726.0820312500
50642408.7088581994 1693601.9433593750
50643631.6554529592 1700848.1972656250
50680985.8961487859 1735743.6425781250
50861006.4361948669 1845867.9394531250
50831451.3517286628 1833869.5722656250
51198856.5010068566 1933669.7167968750
51279074.1359808668 1944488.8671875000
53130281.3488726020 2108764.8007812500
50725709.5753942430 1774681.4570312500
53517984.4872112200 2124187.5410156250
50929080.1847970262 1869030.7167968750
50999542.9761950225 1886775.2578125000
50936671.1735117212 1869961.4414062500
50604014.5607381761 1633306.9863281250
50629001.5517176911 1681228.4042968750
52193894.8549128398 2044902.5302734375
72280946.2024956197 2199131.3164062500
50607304.7848428041 1635232.3085937500
50620140.7762168720 1670584.0527343750
54192741.3348034695 2142431.0585937500
55319088.8803891614 2170746.7031250000
50758910.7019903511 1789353.6230468750
51827926.5997380689 2019051.0673828125
53395778.4684657902 2121321.6777343750
54398386.2086262777 2152271.6796875000
50573811.7416090667 1565856.8046875000
53501568.7093054131 2122630.0156250000
51939303.2500366941 2025957.9111328125
55112237.9085543975 2170104.3710937500
55788877.9496876001 2177097.1083984375
50661594.7513033077 1719215.4003906250
50867939.2642768398 1846795.9570312500
51573493.3052485883 1985009.0595703125
52185065.1259695366 2043556.1845703125
52974255.2453059405 2098646.2207031250
50728392.7757747173 1775698.6679687500
50858719.9548050687 1844180.5292968750
50816285.3950868249 1824273.8007812500
50885361.7534524202 1851807.2333984375
51184793.4166838080 1927550.9804687500
53274333.5595330298 2115729.6660156250
51993917.0308203772 2033502.7607421875
50595559.7957092449 1622048.2187500000
50639009.6827802658 1692127.8925781250
51265458.2245106176 1941051.7246093750
51564717.6416315734 1982849.2900390625
51837801.8043981567 2020914.1806640625
53190103.3614426404 2112514.5957031250
50605910.2337993160 1634112.4394531250
50632094.0824535564 1687373.8300781250
50680789.1530792788 1729802.4609375000
51770731.6007176042 2011510.3730468750
53141690.2161753103 2110301.0156250000
54492371.4411645308 2159675.2031250000
50658993.3588061482 1716717.2148437500
51129284.8420266509 1914020.4042968750
51241128.7675750181 1936974.7363281250
51997277.7392956316 2033601.1113281250
56030595.5747452453 2180954.6796875000
55566217.9867774770 2176313.2695312500
50576169.5425409824 1579473.3828125000
50707042.3476015553 1756341.3437500000
50807976.4099231139 1817047.9042968750
53029491.0534071550 2104273.9218750000
50712986.2235290036 1759616.6796875000
51507466.4607606903 1975438.9902343750
51473092.0268954858 1971510.0644531250
52736355.2511694729 2084662.4804687500
50689626.8505682051 1738931.4394531250
50666390.3935403153 1722092.2578125000
50667828.9154876918 1722387.5429687500
51385850.2589712068 1958501.3164062500
50722487.2222179025 1767233.5136718750
50601894.1226948425 1631133.5566406250
50712254.9751511663 1757685.6132812500
51396185.9092969224 1962656.0039062500
51786810.4160799533 2011982.6503906250
50717652.7320234030 1765428.4179687500
50642991.3197877258 1694430.5917968750
50654800.0864305645 1711558.5585937500
51177928.1906851009 1927330.5664062500
53098772.9172383845 2105626.5546875000
50701983.0184446201 1749800.6386718750
50650776.6713396385 1705820.9941406250
51487778.3494916633 1973542.3417968750
50702298.4501158297 1750829.9101562500
50704094.6764237210 1755484.8906250000
51162994.4004780576 1923675.5976562500
51194432.4953758046 1931087.0664062500
51427411.9125095010 1963998.8046875000
70077182.8725913316 2198803.4482421875
71250269.3212497383 2198983.3476562500
69919874.2355683297 2198514.0693359375
69719118.7790651619 2196314.1171875000
50806586.4567159638 1814506.4960937500
51241411.7531517148 1937583.1503906250
52830704.9136706740 2090070.3789062500
56330793.9395304546 2180957.2539062500
70509686.7697307467 2198975.8164062500
50718593.4303059652 1767212.8164062500
53328442.2198281139 2117429.1757812500
50598249.9149637669 1629312.4414062500
50623463.1209694892 1675931.4003906250
51463037.4413677230 1970642.2050781250
53081685.8665298894 2105172.0703125000
51429424.6748043597 1968223.2265625000
51744705.1871725544 2007101.0390625000
53068442.6931402236 2105138.2773437500
50592680.8308738172 1619393.0937500000
52853945.0716670752 2093749.8085937500
50578522.1733323261 1585302.4199218750
50575561.8660226613 1577928.7304687500
51293934.2436858192 1946203.7734375000
52664906.1076911762 2081466.0117187500
69563210.9563025832 2195731.3046875000
69542976.7147969753 2190230.0312500000
56561385.4967233464 2181312.6640625000
50579896.3639306799 1589409.9707031250
50577155.4265020639 1582204.4746093750
55707682.1143647656 2176685.3955078125
50580629.1197739840 1589706.3691406250
51162797.1948843226 1922836.1328125000
50581330.1382885203 1591478.7773437500
51699845.6185482740 1999913.9199218750
51373294.9469847903 1956946.6884765625
51694556.7721872851 1995895.0039062500
51344660.1703974083 1953993.6845703125
50579468.0129978955 1585887.5957031250
50577914.4968139976 1585001.3046875000
50601532.7246239632 1630412.4648437500
51694351.3559666276 1995120.1748046875
51664479.9502415210 1994058.4970703125
51722905.3569329679 2003464.2109375000
53044268.6021599323 2104290.1562500000
50574640.4807889611 1575635.1328125000
50603167.0234850571 1632844.5292968750
50796576.4061791003 1809307.0019531250
50594533.1631367281 1619775.2773437500
50782784.9260021672 1803881.5175781250
55816953.6739790663 2177299.0898437500
51161146.1146008000 1920865.1679687500
51588505.4464680552 1986516.1425781250
55642597.4286945090 2176671.2539062500
52378035.9377822950 2055279.8281250000
52472031.0784509033 2063605.0644531250
52635491.5425040871 2078703.0898437500
50574292.3474398032 1571772.9531250000
51619093.6247573942 1989138.8300781250
51646100.1353215352 1990866.8144531250
52477892.6607756764 2065479.8222656250
50775247.0787958354 1795280.7070312500
51529220.8418526649 1977665.8925781250
52625208.9547739476 2077732.4980468750
52530143.1946768239 2068442.9785156250
52453702.0889452994 2062185.7929687500
52620687.1663451418 2076308.3789062500
52647690.5493039191 2079997.1210937500
50584983.8609028086 1597264.4453125000
52468305.0629904866 2063472.2333984375
51559879.2182837650 1979967.4375000000
52536307.2034669667 2069808.4873046875
51094397.3886829242 1901922.9472656250
52619239.3709596172 2075881.1708984375
50591676.8113172203 1609653.8808593750
52420835.6728684679 2058923.5771484375
54931085.9727363810 2165871.4296875000
50775343.8151394948 1799244.9394531250
69805263.2767741531 2197885.8281250000
50754979.4723685011 1788098.4843750000
50792923.4593218490 1807699.6542968750
56868260.6762842461 2182146.5507812500
52442601.5639398769 2059920.6240234375
69797156.5229294449 2197879.6904296875
55858033.9181971252 2177860.5507812500
50764036.5226173848 1791522.6054687500
51121189.6667652354 1909179.0058593750
50763716.5248009488 1790736.4101562500
50768923.4026534259 1795082.9804687500
50753701.2460921332 1784385.5410156250
50767608.8254797384 1793448.4531250000
50760332.1890333295 1790651.6191406250
50590420.7627030089 1606668.3671875000
50591234.6871621832 1608276.4921875000
50590077.6347856447 1606505.5429687500
50592526.7833299115 1611305.8476562500
50610246.1893368065 1636891.4511718750
50611316.9091051444 1638524.9101562500
