53967100.7444908693 2160816.2988281250
54734872.7377436012 2180846.6113281250
52026842.8175173625 2050358.1601562500
51893320.8082769439 2035761.0136718750
52045634.8708057627 2050900.7226562500
52779667.9785274565 2100179.2666015625
54438119.6283992901 2177184.2519531250
52069559.7448503450 2051567.3603515625
50642195.8351300731 1657021.4091796875
53378501.6082023531 2131962.5419921875
57103571.0786865279 2197723.0166015625
58423857.3225013167 2199393.5400390625
58201437.5543689355 2199206.4228515625
58139075.1252922416 2199153.2900390625
52091244.2683885545 2053099.1250000000
51352195.7576307952 1964847.6103515625
51441797.9566916078 1977960.7119140625
51942474.4969071820 2043983.6093750000
51834359.5645750239 2032441.2890625000
57107764.2376669496 2198036.5488281250
53339387.9257343113 2130339.7333984375
52205197.1084403098 2064274.3369140625
56109175.3553104177 2193589.2294921875
56592408.4977147579 2195925.3505859375
50677313.0783569887 1697894.0410156250
50751530.2863978148 1757300.2343750000
51392022.8952440023 1971258.3466796875
53503350.8927793354 2141868.8701171875
56109269.2201845646 2193635.1591796875
57170402.2843675762 2198234.5791015625
57141316.9351287112 2198196.0380859375
55352668.6930199862 2190069.5292968750
56940713.8077676967 2197689.7802734375
51063946.4990266040 1882135.4443359375
53634420.3341783881 2143412.0068359375
54490404.4346928895 2178125.1855468750
57730807.8233740926 2198838.4658203125
50768251.9444773123 1770620.9609375000
51094517.7089707181 1903688.7646484375
52575662.4565204531 2092285.7431640625
57389496.8693459108 2198613.4384765625
50682073.6340256259 1698131.6074218750
50670417.0632479116 1696263.6171875000
51710262.1848137081 2017891.7265625000
52967589.0572716743 2110675.8291015625
53010078.1605579406 2116687.8154296875
50765956.6246301085 1764628.0781250000
53000831.9810482264 2112853.2158203125
51104340.3584919348 1904767.2802734375
53637366.5218587071 2144059.3154296875
57107285.6245627478 2198004.2294921875
50656309.8367606401 1667845.0166015625
50850541.2842797562 1807981.7031250000
55558905.0025574490 2190780.7021484375
50665227.6586131305 1676449.7626953125
51113938.5512770712 1909093.9013671875
51425641.5798465014 1977098.3212890625
53398290.3084624708 2133899.8974609375
54223626.6203315780 2172028.3378906250
51110855.4237128273 1905262.9638671875
56802488.2033732384 2197002.2695312500
50682329.0172102228 1708428.0507812500
50691191.6769580618 1716722.4218750000
50808574.9760855958 1787465.6660156250
51406885.5625806451 1975388.4599609375
55546293.5440944508 2190530.7197265625
57377874.1416178495 2198351.0019531250
52822988.3459528983 2106347.5830078125
57909507.5783754215 2198991.0458984375
57444254.2183806822 2198623.1748046875
50829678.9185267836 1795999.3789062500
50664642.7754858583 1671945.6142578125
50800894.4697716013 1787259.1601562500
51845840.4141466245 2033994.0507812500
52678822.8304190338 2096109.0595703125
53435058.9770467579 2134992.9755859375
57354108.2243879959 2198262.7314453125
50659926.9525432810 1670099.5869140625
50793903.5692676678 1782444.5546875000
51071742.2736705095 1892381.1630859375
51688481.0002219826 2013114.4511718750
52192803.1615586728 2062090.4541015625
52635580.0117152184 2095258.8134765625
53467106.8524879515 2140976.6513671875
54915379.6347393915 2184947.5683593750
57716805.4602015689 2198817.3173828125
58027381.4571618214 2199015.9326171875
50751134.5254856199 1753982.3554687500
50704592.1371323764 1728450.3769531250
50655435.7840114310 1662711.6259765625
50709537.0001311600 1732788.6464843750
51843055.3037803993 2033819.3203125000
54040052.5357912630 2166666.0097656250
50700538.3392724991 1724458.6953125000
51588664.0098190606 1997941.5410156250
55579330.5387483016 2190799.8037109375
55736265.4249013439 2192008.6777343750
56923905.5791852027 2197241.5693359375
56668157.2014288679 2196560.0996093750
50751494.0787128657 1754462.6542968750
53775977.6676949710 2151300.7285156250
54055030.9252037033 2166873.2871093750
52419390.3442784548 2078616.0136718750
50709400.4128995687 1730753.3085937500
51377720.4999423772 1965517.1103515625
53973944.6534389928 2162680.9707031250
50647326.1236849651 1659330.1787109375
50698318.7710688934 1724413.3496093750
52720752.6130572110 2098297.5517578125
56142866.1176036000 2194307.7792968750
50796976.6730225459 1784557.0273437500
52291493.0997874886 2067146.4697265625
54118992.2635083348 2167868.2910156250
53974803.6356445029 2162864.1230468750
55275204.6413085237 2187430.9853515625
54339647.0435989499 2174369.2011718750
52943600.5881663412 2109001.7626953125
53812999.8946738094 2153966.9902343750
54377469.4164432213 2174476.4707031250
55685181.7804928198 2191108.8623046875
52751791.6589432359 2099279.5751953125
50766395.9848536402 1766749.1113281250
51910646.4352777451 2039751.6484375000
52837960.9677174985 2106782.0556640625
54798201.3670621142 2182591.6425781250
55228537.9543678984 2187365.0175781250
55924347.9163293242 2193293.4082031250
50785320.7836385742 1778886.1835937500
51404096.2742903978 1972140.9306640625
52367544.7926509082 2077391.2011718750
52396319.7009993196 2077399.7314453125
57651720.7745313123 2198790.9052734375
55466649.1851095632 2190468.8867187500
56536754.4437755048 2195382.1689453125
50722764.3699365854 1739769.7617187500
51167550.4016600624 1920212.4951171875
52671169.2290380299 2095845.9775390625
52786380.3147784173 2102868.7626953125
54028203.2999122143 2164369.9589843750
55773252.5137678310 2192194.4980468750
58065109.7940640002 2199026.9023437500
55602149.0024922565 2190843.8730468750
51654298.8139243126 2007237.9970703125
52141963.3892301992 2057143.5166015625
55345690.4167334363 2190026.7167968750
56121001.6438603103 2194300.0234375000
50724286.1105627865 1741074.9921875000
50772304.3674418181 1774279.4199218750
50702300.9528470188 1726416.5244140625
50924567.9251179919 1820678.2197265625
52162097.2955229208 2060245.0751953125
52249738.7995212078 2067054.3486328125
52346293.0829397440 2075358.2900390625
56109509.4732226059 2193931.5117187500
54273638.1376208216 2173309.6621093750
55015668.9631712139 2186311.6669921875
51082256.7026116848 1894603.9091796875
51311282.7887870297 1947181.2490234375
51902865.5468828827 2036412.7226562500
52003698.8390587643 2047979.2392578125
53604386.4566778317 2142877.6279296875
54036171.0929177627 2165369.3886718750
52892458.8784865886 2108040.8212890625
50873504.9961889759 1814282.8427734375
56459337.5970000997 2195339.2333984375
50919277.5101344511 1820528.8173828125
50890040.7132309303 1815922.5927734375
55134658.6838429868 2186791.0097656250
50688618.5553927049 1711332.8164062500
50744883.8720709011 1753588.8515625000
51177522.1173126996 1920419.2900390625
55327034.3844134733 2188342.7363281250
58147558.1342685521 2199168.5126953125
50707947.2471629754 1729256.6210937500
51145290.6150305942 1915788.2685546875
51913870.1302413046 2039850.5703125000
53644266.7711830661 2144240.7216796875
54846429.3112970144 2182602.0722656250
50695415.1251078472 1719188.8925781250
56339978.2666250765 2194967.8593750000
50738799.5816256702 1750542.8300781250
56319853.8902996480 2194752.5917968750
56759706.2890653387 2196629.2783203125
50817887.9760515466 1789189.3466796875
51504014.3075995594 1989006.7216796875
52323456.0556202829 2071842.5986328125
54151504.8093437627 2169801.6621093750
51100756.8259473145 1903879.9404296875
56360790.6508595347 2195161.7666015625
53889089.9484873265 2158548.8339843750
56114023.3675737604 2194257.0878906250
55149396.1263988763 2186968.4765625000
51261569.4407305196 1940684.3173828125
56278712.4186830297 2194662.5468750000
55028437.3580227494 2186526.3066406250
54768956.9238034859 2181884.8964843750
50861712.2493924871 1810125.7373046875
50855933.2239703164 1809475.3251953125
51190305.1590791270 1925684.2431640625
51110117.8344608918 1904942.4013671875
54101985.8953039423 2167780.1699218750
56730002.9746995568 2196596.8105468750
51147595.5725326687 1916824.0595703125
53647118.5923308656 2144347.5732421875
54655574.3949138075 2180163.6933593750
53695606.1601108685 2148725.5537109375
51280619.6723810509 1946956.5693359375
51992268.2391154096 2047117.0205078125
51179643.4479738623 1922613.3251953125
53720097.5803159103 2150380.1083984375
54647612.2977211326 2178329.9863281250
51343381.7542806342 1952040.4052734375
52749086.4200873673 2098815.4306640625
54009404.9228015691 2163147.7714843750
50831544.2596751750 1798456.7773437500
51538853.0903676897 1994535.4189453125
53710334.0094730034 2148803.2685546875
51002868.4998639226 1861535.4531250000
51764539.7980802059 2023221.0087890625
51055453.9515070841 1876969.4492187500
52506842.2997568399 2084270.5869140625
52572914.9343976080 2090918.1220703125
51478672.5797692984 1982973.8720703125
51729360.1060253456 2019025.4121093750
50839895.4046977609 1798762.5273437500
50850150.7269437164 1804790.6992187500
51007971.4616050720 1865172.0507812500
54427979.9708833918 2175183.9863281250
54991906.0914631858 2185506.9980468750
50981776.2952167243 1849306.9589843750
51868871.0736519024 2034616.5585937500
51815774.8596488759 2028223.1494140625
52107131.3632935360 2053635.0029296875
52541117.4962935448 2086246.7822265625
54998884.3677497357 2185549.8105468750
51222755.1745904982 1932362.3183593750
50826587.8175690994 1789910.2021484375
51522285.7298320830 1991605.3837890625
51789174.1990185007 2025434.8125000000
52419770.3957323432 2079458.3564453125
54108964.1715904921 2167822.9824218750
50950492.9894200638 1837454.2128906250
51791396.9817641973 2028187.7734375000
52515681.0458513498 2084967.8759765625
52498860.3709397018 2083139.4619140625
51262318.8121189475 1941458.7197265625
51500206.3253866881 1988035.1396484375
51558711.4200437665 1997866.1689453125
50764519.4346211031 1759576.5410156250
51317236.3174890801 1949161.2607421875
54794619.8789717332 2182049.4003906250
52406382.2187368274 2077581.0673828125
51229889.5530480146 1933830.3701171875
53211975.5412551239 2126495.7021484375
50992187.1581400335 1852512.5000000000
51327647.7174022496 1950259.2197265625
52746227.8524519652 2098420.6025390625
51206097.6305668950 1927612.2207031250
52437472.6289919913 2080037.6181640625
54354024.2399478331 2174439.7324218750
53671177.5646741167 2146751.9443359375
53454805.9421981201 2138654.0966796875
51215736.7092588916 1930767.7294921875
51728364.3532985300 2018850.8583984375
51596618.6873616874 2002794.3251953125
51025207.2429337576 1871027.2578125000
51006030.4473765194 1862010.3574218750
53052582.5274474025 2117442.7558593750
51243065.4225172773 1935960.9912109375
50976526.9147619978 1847898.6259765625
50997261.2930869609 1861519.3144531250
53183280.7457341477 2120063.0058593750
53260721.6515455395 2128294.5292968750
52442651.3923221529 2081267.5517578125
51590896.8845248818 2001219.4482421875
51676317.7619381174 2011176.0009765625
52985828.9008593634 2111810.2988281250
50732599.7267693877 1741105.2011718750
53085564.9900114909 2118157.6230468750
53202577.8184968457 2123098.9785156250
51521361.9713975191 1989858.3662109375
51040221.8535959125 1872281.9375000000
51655926.1919205561 2009508.0107421875
50986353.2368663326 1850610.9121093750
52236900.6835062355 2065180.6835937500
50756628.9098749012 1757863.4199218750
52365809.7082057148 2075436.1250000000
51519454.4100022018 1989821.6142578125
52194534.8885477632 2062308.0703125000
51016994.1839232817 1866528.9550781250
51622675.6045289636 2004344.6513671875
51259946.5707595125 1938176.4052734375
50967982.7533798069 1842872.9433593750
50975836.9513917267 1843483.6171875000
51341653.3488203287 1951843.5927734375
51680612.1884168237 2011735.2099609375
53135246.6699497476 2118961.0683593750
51619895.3815889359 2003294.7958984375
51601056.5215083659 2003049.6376953125
53124219.3871906251 2118528.3369140625
