203304131.6158983409 1421613.5039062500
205142008.1055494547 1430225.4326171875
184636126.5330141783 644255.2153135759
199687920.0732084513 1388323.1113281250
199429998.0779182911 1386534.4069824219
184708203.9847949743 645973.8639275057
184591475.0109176040 640106.7696959001
186217494.2100442946 849745.5053876954
193543707.6357900500 1235200.3635253906
196461470.3278694749 1328296.2537841797
185355154.2791388333 748868.2096389607
206283724.4517084360 1430970.0986328125
184628298.9364763498 641070.5730644686
185321607.2750691175 748837.0226272419
195437023.8650777936 1298278.4783935547
206291724.0313263834 1431093.9921875000
185379510.7815011144 749603.2986282185
189180308.3110965192 1056166.3977985382
200517208.8282026947 1402812.1323242188
189865632.4021954536 1100618.9023284912
190486825.7926641405 1127636.6011352539
197300783.1201872528 1344465.1032714844
200935358.8072259426 1409874.8212890625
190827632.4612727165 1137481.6651077271
197165297.5088604391 1340121.7915039062
197244583.6002196670 1344058.7736816406
201881254.6387129724 1413705.6547851562
203398151.4690296650 1424192.9233398438
205646594.4504288137 1430667.3789062500
205973154.1403438151 1430891.0146484375
196213643.1597005129 1319625.9925537109
197142493.6961469650 1339670.5554199219
200214742.7124189138 1396649.7431640625
203397934.9400093257 1424108.3310546875
201748799.9564666748 1412480.5141601562
185459945.9934998453 760908.8454421833
194111361.8952460885 1253042.9990234375
197239041.9944305122 1340361.2766113281
201257316.2618693709 1412341.2358398438
200887268.5182006955 1409714.3833007812
204623395.3679837584 1429326.8642578125
197073104.9047204256 1337554.9479980469
185389204.2148782611 756631.8952468708
189779450.5545370877 1099669.6716156006
190587211.5199275613 1128954.9859008789
197458630.2463505268 1345430.2297363281
196849623.3755807877 1337101.7155761719
200454957.1781803966 1402772.9223632812
200842589.6594075561 1409682.3715820312
184384984.0070907176 528323.0395468248
186356595.2374166548 861452.7371992188
190788105.1375107467 1132045.0928344727
201062988.0109615028 1410028.4375000000
203936452.3151536584 1427356.8505859375
204269896.7537970543 1428011.1757812500
217690486.2630600333 1433201.6997070312
190725596.8231413960 1131227.7302856445
204421661.6736572385 1429164.5156250000
217165458.8963260353 1433111.7075195312
190243505.3355167806 1116784.4947357178
190726803.5169084072 1131685.2857055664
190384214.8198896050 1124463.6314086914
196154245.6331001520 1319145.7698974609
196409898.8999269009 1327045.6146240234
201130561.1051461697 1410644.8095703125
186456426.1207504869 865809.8360905106
185550967.1488674581 770446.5189728662
190313769.2474291623 1121026.1475677490
203315722.5544520020 1422756.7587890625
190149946.4618157148 1113882.0250549316
184374118.2345246077 528093.8645285142
184686714.4138767421 645381.3039299471
186409995.1634452939 865564.0182861725
189101361.3570091128 1046813.6466693878
200732806.8008994460 1408109.0117187500
189163161.8192355037 1050949.4937152863
189243434.9158112705 1061989.7809600830
190070649.0003960133 1112227.8052825928
184408729.8297300637 547637.0643156541
189672342.6800144017 1092445.1697092056
199877152.2612663507 1395438.2392578125
205464487.3456814289 1430483.1416015625
189667021.7071571648 1089414.0855560303
200254814.0859019160 1399187.0468750000
200835758.4863979220 1409631.3696289062
217497579.2209523618 1433160.6293945312
189671613.5943811834 1089657.2723236084
196745410.2661888897 1333695.3968505859
196388500.6441009641 1326738.3387451172
189974519.5782726407 1106452.4642181396
185582243.0181803405 770553.4810485840
189568501.4114825428 1083174.3944244385
184634806.5005528331 642405.6180168611
200120951.1563479602 1396407.7895507812
199521638.7418556213 1387836.7534179688
201110414.0340989232 1410448.9384765625
184421678.6878774166 551045.2410505784
184919172.8302511275 674830.9369135124
195842020.2132198513 1310773.1534423828
195817516.9619343579 1307640.2534179688
203646686.9581851065 1425446.4697265625
205216108.8282026350 1430365.4755859375
184475072.7601920068 563709.2202375901
185521461.3063456416 769933.4307160303
195827026.0128214657 1310188.4373779297
195990567.9418657720 1313288.2593994141
189675480.5206022263 1093067.2240447998
196071611.6708610058 1317661.2606201172
200069089.8718681931 1396000.1298828125
199915497.6609430909 1395987.1767578125
201063230.1862890720 1410076.3447265625
204332700.7299116850 1428329.5566406250
205209247.5680824220 1430324.1728515625
184950711.3305324316 676530.0801019890
185113438.4272907674 678000.4007363021
185164674.9110846519 678339.0791006645
184976677.5217657089 677275.8167352898
185272376.6254428923 679541.5493188126
189734265.1899633408 1097287.6235198975
184766720.8613220751 658525.4438104851
184977516.9889495075 677958.6349942011
201111626.9992534816 1410609.3984375000
201230974.2229280174 1411501.5629882812
184919170.4407959580 673930.2025385124
184881597.9353899658 667757.6627435905
189574396.4747010469 1085318.3221817017
200347423.8418480754 1401844.6323242188
184806334.0067892969 665646.8399896843
196312757.0894021392 1321182.9364013672
184741881.2350920737 655182.2572870476
203861864.3465473950 1426584.8095703125
193306298.0648176074 1224618.0751953125
193652173.9223852754 1235857.2099609375
196024671.7435754240 1314520.2017822266
216591115.6620818377 1432916.2993164062
184494841.8006731570 571881.1209842337
186346842.5162072182 859828.2555575818
196248262.4603933394 1321124.4234619141
203428227.0023284853 1425051.0107421875
189209084.9867143333 1060163.9008445740
195976620.5687339902 1312279.1871337891
186312457.4723342657 857138.4467939454
196084089.0623315275 1318329.1275634766
189289565.4724672735 1068365.8989887238
216971617.8507975340 1432966.5014648438
199413750.3603570461 1382731.3494873047
184396540.5252482295 539991.3805998338
198647268.6611092091 1364439.3908691406
184412657.7426317334 551045.2327497972
186249076.4628059566 851285.4272626954
203819766.2324229479 1426123.6523437500
204935865.6590922475 1430089.1259765625
204906448.3704958856 1429780.1484375000
186276696.0183707476 857073.3178876954
186355189.3726325929 860268.5741132813
189327264.7912401855 1070546.2689113617
193294145.6948045194 1223990.9067382812
184455993.2578207552 560690.0281752122
189367133.2956194878 1071616.2073879242
193270805.5595666766 1223490.1291503906
198884091.6557424963 1365128.3054199219
216839627.5906926990 1432918.9741210938
215905268.8257452846 1432798.7124023438
184452106.7451557517 551313.0977785899
189641538.6954057813 1089260.3653297424
215624616.3206714988 1432726.8500976562
200631735.4151448309 1405675.8320312500
204580058.4589743018 1429190.0820312500
189503557.0310066640 1080972.7955684662
185594764.3191989660 777048.4285395965
200604517.8545726240 1403536.4682617188
192826046.1353899837 1205865.3461914062
200700960.3404760957 1406746.9331054688
184794122.2293628156 659625.6779413444
204785976.4774362743 1429371.7412109375
185683232.8772720993 784228.5397533923
189466593.4735869169 1080311.5169582367
193218475.7707185149 1223079.4499511719
186368578.9527130127 863757.5757001954
195271607.7706280649 1291937.8016357422
189373702.1259157956 1072063.5922279358
193106633.5940541029 1221822.7792968750
214813889.7221611142 1432599.4233398438
189373185.2840251625 1071792.8350868225
184389916.9675298631 538287.0597990525
185655072.8807063103 782586.5037293360
203283967.8159985840 1421107.6240234375
186729521.6131098568 889492.3415734768
191425958.9744944870 1149226.3294982910
198050578.0729377270 1356607.1589355469
186619745.7431377172 880523.2306447774
185596715.0655589700 778029.2722840235
190979923.3045930862 1139094.9874038696
186650368.1602455378 881185.4776311666
186762736.4430316091 891232.8207631856
186589628.7645264566 880080.5405813009
191209521.1781091392 1148481.6688232422
185633152.0250409245 782569.8582215235
214090314.4821930528 1432341.9145507812
186570235.1162793338 877514.9635778219
193425382.9460972250 1232602.7368164062
184581150.6061966419 595605.7873946130
215226674.4238738716 1432695.8315429688
202164457.5075330436 1414776.9013671875
214230906.2534091771 1432355.7241210938
202288155.1030295193 1414993.4287109375
186512950.8528924584 872868.3960347921
186508941.2704098523 872040.8640165463
186480723.9890878499 871614.4104543477
215148399.7557697892 1432615.1762695312
193532113.5767408609 1234970.3923339844
193710031.7450353503 1242462.3132324219
214731901.1298007369 1432579.4370117188
190704554.0594188273 1129247.1103897095
198932081.6531013548 1372545.2294921875
202460707.9927435815 1416129.4072265625
195372394.3177874088 1294701.6550292969
215177735.1734271944 1432674.4155273438
197835366.0374481082 1350142.6586914062
184583835.8657055795 607758.4618178308
198048522.4401264489 1355767.9616699219
193523675.6755057573 1233980.1083984375
193687313.3686816990 1237794.7741699219
199323963.4562858343 1381350.2255859375
202884467.5398938954 1419322.6875000000
214258687.1515115201 1432466.8256835938
195687738.6989079714 1302993.0446777344
202649041.3265655041 1417447.7177734375
214820051.2308376133 1432603.2846679688
194101820.7748040855 1252882.8732910156
213481675.6148308516 1431910.0141601562
197970089.3316959739 1353692.9162597656
199171008.7977073789 1374833.5573730469
199197814.8455492556 1375008.9091796875
199234837.8152837455 1378996.6357421875
199292338.7894906998 1380476.8930664062
195649966.0891391635 1301507.2348632812
195359240.6157651842 1294229.4802246094
202359489.2738863826 1415730.0771484375
213684784.9400693178 1432026.5083007812
199125601.2306149304 1374286.2634277344
198925965.2824462652 1372392.1501464844
197638339.2642658949 1347416.0612792969
198981313.2768023312 1373081.9755859375
195053354.8687408268 1284662.6630859375
202515298.6088791788 1416969.5996093750
202082709.6404098570 1414739.3232421875
195429479.1635261774 1295150.4343261719
197902898.4734922647 1350859.3513183594
198341217.5490438342 1362271.5690917969
199221019.3147582412 1375103.9645996094
199021978.5653355122 1374266.6149902344
185662617.5632294118 783512.8414368555
185660714.3247647583 783371.8951477930
185843155.3934877515 801855.7137035877
194120269.8509102762 1255140.5063476562
197860861.8923438489 1350346.4572753906
185731653.2003751099 791790.5848450586
194291152.6664163470 1260173.0664062500
194212926.5920377076 1257954.0869140625
194119358.5194165409 1253988.4194335938
197727232.2047803998 1348942.5383300781
193884504.1482829750 1246044.7466430664
213725151.3606556654 1432159.7133789062
187273119.5510853827 900015.5184925683
213926221.0084413886 1432209.5004882812
191618774.7233865261 1156966.7070922852
193949493.4062858522 1247347.6782226562
213623594.8654083610 1431917.2543945312
194692819.1774933934 1269186.2260742188
194834413.7136102617 1274281.9943847656
213365437.9339950085 1431104.6284179688
194395702.8899317086 1261897.8493652344
194661513.8644950390 1268113.4870605469
191517445.0507749915 1154929.5859680176
202392432.7185125053 1415969.7236328125
194655268.5631412268 1268028.1828613281
194612855.3475248516 1267773.7155761719
191578331.0938875079 1156566.1566467285
194744389.6813311279 1271915.9519042969
194534995.5690909624 1267324.9362792969
186964733.1946990192 897140.9150101207
194823586.9767087698 1274172.4504394531
194858316.5214220881 1275316.6396484375
197757544.9731502235 1349169.0021972656
191428583.2080950439 1150948.9634628296
185826232.2158745825 796841.7612982923
186043269.3634865284 812838.5268773735
185984617.0996177793 810486.4386210740
185988784.0486045778 812237.8800273240
197802826.2692653239 1349679.6057128906
186079713.1677652597 819932.8581386678
185973014.9666275382 808017.5811991990
185953774.7666799724 806661.2614970505
186124116.7236036658 821443.2655139583
192794998.2559679747 1176765.1085357666
192799653.0251751840 1177729.5531158447
192760518.1738282442 1176567.0938873291
192729537.6637814343 1175060.9942779541
192456520.8804307282 1159377.4058837891
