204687619.9559288919 1427851.3056640625
213710841.8987916708 1432034.4223632812
201858145.5951259136 1411304.1611328125
184870937.8799524903 658433.8576417190
190276865.5636419356 1106857.1661987305
190856604.1674254537 1131033.5559234619
195133749.5506862998 1283220.7038574219
196099472.7274145484 1311277.3786621094
199926304.3472876847 1384114.6667480469
199602109.4330291152 1381274.1364746094
202515298.6088791788 1416969.5996093750
202227930.7957662940 1414978.0620117188
202082709.6404098570 1414739.3232421875
185717568.7295474410 784065.9513001367
195429479.1635261774 1295150.4343261719
197902898.4734922647 1350859.3513183594
199263318.3855652213 1378476.9174804688
198960996.7047456503 1369466.5729980469
195824484.2508132756 1305906.1975097656
195673548.5867370963 1300759.9172363281
198982947.2208985686 1372392.1501464844
184552970.2433925867 569659.8638607112
195607673.9058302045 1297705.1618652344
198341217.5490438342 1362271.5690917969
206875991.0570376813 1428599.8535156250
199804669.2387816608 1383561.5876464844
195684683.7343384624 1300816.7409667969
199221019.3147582412 1375103.9645996094
199353294.2970706224 1380006.3278808594
199003152.7772482038 1372917.3918457031
201062421.4839830697 1399991.5136718750
184525222.6275966465 560557.7252956477
195801671.3900289536 1303489.4572753906
199021978.5653355122 1374266.6149902344
198998567.4338510334 1372458.7966308594
187151537.1896878183 897213.9714610577
196049875.0896093249 1306081.2153320312
198542355.2389030755 1363476.8063964844
196135427.1347292364 1311780.8469238281
196211147.3214083910 1313480.2404785156
184521789.0760187209 557739.4101177303
184602553.6819437146 610436.2615906221
195688949.2137095928 1302993.0446777344
198052644.6099462211 1356126.3103027344
201450166.5800917745 1407268.9423828125
204322854.5905377269 1425600.8837890625
186558459.8090621531 872398.5974695816
186697902.8192071021 884206.0466654435
186491823.5682991743 868082.9060633316
186622124.2522299886 875973.6764719620
200921049.8017780185 1398960.6166992188
206441623.6947593093 1428475.4775390625
204601636.5757829249 1426508.2177734375
186680573.7596983314 880819.7859461441
195374525.3849815428 1294701.6550292969
186626945.0907394290 877187.4192469254
206894091.5572222173 1428645.1279296875
202770061.8348917365 1417106.3935546875
184674657.7102043033 631021.7268005831
184620296.9837207496 611353.0905090792
185662617.5632294118 783512.8414368555
200825731.6571576297 1398443.3481445312
201074320.1682539880 1400896.4333496094
206535519.3897135258 1428585.2128906250
214969823.6446540952 1432603.2846679688
184621366.5441439152 619786.9457336885
184778877.5914394557 644564.1193528397
184802028.5224761069 647442.1961426956
185635420.5997304916 771654.1993470117
186371297.2232963145 854589.5779383316
190587572.1196890473 1120905.6588439941
198331830.4998453557 1359720.0368652344
190679665.4592124522 1124139.4186706543
213645270.5312148035 1432010.9096679688
185660714.3247647583 783371.8951477930
201222435.5582384169 1405109.0146484375
195072651.4638839960 1282331.0104980469
198121093.2071267366 1356510.4963378906
185711778.7020663619 783708.0914368555
185767615.8166878819 794390.2701783106
190139623.3913496137 1098667.2115402222
201326647.3779425025 1406475.7065429688
184489005.0292353630 551036.6948238460
202932998.6578715444 1418679.5957031250
184663731.6960908473 624039.5767380220
185843155.3934877515 801855.7137035877
185719889.0460445881 789754.0694641992
186484455.6117207408 865035.3773255482
190731967.0777432621 1127193.6359558105
194120269.8509102762 1255140.5063476562
197860861.8923438489 1350346.4572753906
184649132.8533248901 621117.2412277681
195276050.5871156752 1287285.5549316406
206316967.1696511209 1428385.2011718750
206453801.2716981471 1428505.0400390625
206483762.2561923563 1428535.0400390625
214865144.3547426462 1432508.7729492188
186294509.9798136950 848391.8700203135
184812135.0684784949 650985.1366287691
186427710.7757843137 862274.4915125504
185731653.2003751099 791790.5848450586
194291152.6664163470 1260173.0664062500
190848863.7269425094 1129230.7969360352
195536104.6091414392 1296445.6828613281
204358513.8953805268 1425881.7724609375
206101499.2677964866 1428345.7158203125
194212926.5920377076 1257954.0869140625
190796065.8345384300 1127603.0778350830
203824699.9622315764 1423240.5869140625
194119358.5194165409 1253988.4194335938
204092373.3323567510 1425141.4335937500
186478113.7355054617 864374.3785975113
190397657.3204576969 1113585.1355895996
204198792.8753584623 1425205.8515625000
184935157.2453622818 666487.1792440636
204294903.1608639061 1425344.4755859375
190448850.5114519000 1116057.0010681152
197363809.3022423983 1338582.9741210938
184934572.8525975943 661340.6880636436
184833491.9808208048 655723.8784322960
186477721.6482934952 863841.5724681467
186859871.6688791513 892033.0871591702
197727232.2047803998 1348942.5383300781
213596911.4116283357 1431867.6411132812
193725625.6713302433 1237266.9912719727
197341728.4865975976 1338322.5013427734
190508069.1987740397 1117310.8316650391
189869799.9871442616 1078383.2233963013
190412469.1514960527 1115359.8124694824
193884504.1482829750 1246044.7466430664
202473868.3634067178 1416085.6435546875
186582960.6655341089 872734.7239634991
195036399.1740973294 1282170.0090332031
195283821.1578313112 1287897.8229980469
184476453.2348419130 539492.7170406429
197290702.8906548321 1331628.2790527344
203984205.7766363025 1424015.3647460938
184742152.3386522233 636471.6577645761
213725151.3606556654 1432159.7133789062
201517622.7867498696 1407470.2050781250
202042836.3730363250 1412210.1601562500
184747274.6400221586 638124.8748769832
185566384.0558478832 758895.0309445951
194489160.3744760752 1265753.1555175781
190173805.2062638402 1102065.7898864746
190229059.5137998760 1105668.9623718262
189906547.4338562787 1085631.4503250122
189960413.1131030321 1087752.5518875122
214198851.0894232392 1432308.2065429688
187273119.5510853827 900015.5184925683
189996750.3061940372 1091868.9591140747
204058859.7422501743 1424979.3076171875
213518692.2452028692 1431657.2377929688
185557313.8336015642 757700.4611814115
193875946.8593257666 1242574.3715820312
198017612.9549521804 1353478.1018066406
200957881.8882063627 1399814.6723632812
213088804.4949560761 1430924.9653320312
194901865.1515480876 1277064.5446777344
196957352.9023986459 1329628.2548828125
213926221.0084413886 1432209.5004882812
189969979.4483798742 1088084.7679519653
198685382.4798812270 1365861.3808593750
185524095.6409887969 756280.3220822904
189944953.1790157259 1087462.7911453247
191618774.7233865261 1156966.7070922852
193949493.4062858522 1247347.6782226562
213623594.8654083610 1431917.2543945312
189753378.8471834958 1073018.4506301880
194595661.3593545258 1267769.9851074219
194692819.1774933934 1269186.2260742188
202880048.7515063584 1418582.4218750000
194834413.7136102617 1274281.9943847656
197691989.1916827857 1345406.2720947266
213365437.9339950085 1431104.6284179688
185627924.3692842424 767125.1550901029
194395702.8899317086 1261897.8493652344
190022410.6352000833 1094294.0457839966
194661513.8644950390 1268113.4870605469
213688467.3834512234 1432026.5083007812
184567045.2746221125 571507.4975296704
186400875.7234982550 857287.0899012223
200737264.6418191791 1395965.8442382812
191517445.0507749915 1154929.5859680176
198238022.9011856019 1357594.3181152344
201214753.6048170924 1404680.0297851562
201651630.6670480669 1408939.6723632812
202392432.7185125053 1415969.7236328125
194655268.5631412268 1268028.1828613281
194612855.3475248516 1267773.7155761719
201144854.3280000389 1402163.3510742188
201359985.2530851960 1406567.1899414062
193816628.8439425230 1238946.3547363281
203653821.7029475570 1422370.6767578125
184733123.1430133283 635294.2020837141
191578331.0938875079 1156566.1566467285
185517060.7171871960 755355.4258420561
190092737.8036113679 1095299.1608314514
194982661.3232812285 1278587.1887207031
194744389.6813311279 1271915.9519042969
185034443.2342935205 672773.4767375214
194534995.5690909624 1267324.9362792969
186964733.1946990192 897140.9150101207
193751907.9091861546 1238696.1407470703
186452391.1610271633 862542.1738855973
191181878.3815563023 1143689.9262390137
200802461.6824038327 1397084.7465820312
186771471.1272282004 884524.2024246715
194823586.9767087698 1274172.4504394531
197372281.4913806915 1340217.6584472656
184858362.4581520557 657626.2998194916
217490290.9644145966 1432657.6997070312
185574785.6276565492 766756.4848020170
184590397.6752179563 572905.2978913037
201099885.1379542053 1401217.5004882812
203619546.3513558507 1421413.3046875000
194858316.5214220881 1275316.6396484375
200825115.4012897313 1397148.6499023438
213041449.9691078663 1430467.8354492188
197536812.8699671328 1342266.7531738281
197757544.9731502235 1349169.0021972656
203293525.1794876456 1419414.1708984375
184938765.3561561704 668046.3668875915
184862354.5049762726 657657.4945473892
203560146.5682315528 1420889.5781250000
185645724.5032669008 775175.1744992826
191317899.5841536522 1147210.6104354858
201236330.8078577518 1405299.5317382812
213504885.0501150191 1431438.2495117188
201634537.2240987718 1408712.8666992188
191428583.2080950439 1150948.9634628296
184901164.5125742853 658717.3909087402
185826232.2158745825 796841.7612982923
203437500.0709507167 1420687.0156250000
184794717.2948958874 646768.2654434664
191139991.9466442764 1141804.4450912476
201206101.6620807648 1404145.8588867188
186043269.3634865284 812838.5268773735
201174045.9725532830 1402498.2919921875
185984617.0996177793 810486.4386210740
185988784.0486045778 812237.8800273240
203346345.7601069510 1419718.0634765625
203175641.3566375971 1419083.2431640625
197802826.2692653239 1349679.6057128906
197658516.7052960992 1344967.0246582031
196759499.7356029451 1323037.9675292969
186079713.1677652597 819932.8581386678
185973014.9666275382 808017.5811991990
196745444.6001038253 1322124.4831542969
185953774.7666799724 806661.2614970505
197052849.2553507984 1331587.0454101562
196802136.1249655187 1323087.9030761719
196863150.2568526864 1323712.1552734375
196728768.5784659982 1322017.2827148438
200504958.9087897837 1387678.1154785156
184596087.3541322649 574023.4458491055
184596562.7993292212 574322.0091339794
190918670.7144974470 1131915.6696395874
184598296.3683083951 575161.9440973846
193687874.3776006997 1229867.5319824219
200607978.6092520356 1388367.6376953125
196626332.1171489656 1318143.2714843750
189522066.5016139448 1048143.4971237183
189553540.6386959255 1048743.5007858276
189560048.2027724087 1056159.0774459839
186209173.0995917916 829671.2425723689
186224378.8811827004 829676.1908069270
189598287.4386615455 1056393.0888385773
186124116.7236036658 821443.2655139583
189615781.0282388926 1057684.5245594978
189712791.8726131618 1061815.2238998413
189745812.5549033880 1067893.0593490601
193545462.9245696962 1213579.2861633301
189488677.4484610856 1037555.3808135986
193665060.8541687727 1219066.7290649414
193105368.2000161111 1188735.7224121094
193394652.6232741773 1199178.5124511719
193346869.4259724021 1198412.3718261719
193459355.4569196105 1202247.2099609375
193260916.8401700556 1198252.7868652344
193408673.9491842985 1200832.3784179688
193532150.2899355888 1207199.2763671875
189413865.0196218193 1014781.8742437363
192794998.2559679747 1176765.1085357666
192908584.6897310019 1179324.4729003906
192799653.0251751840 1177729.5531158447
192911224.3356817365 1180105.1061096191
192760518.1738282442 1176567.0938873291
192729537.6637814343 1175060.9942779541
192456520.8804307282 1159377.4058837891
