203986191.1876655817 1416779.4921875000
186180004.0999359488 791320.2519442625
185925468.6157730222 772648.7420920320
186086568.7600503266 789400.2383590434
190186321.0192349553 1086141.8470306396
190153921.7358767390 1079854.9539642334
189974446.3242895901 1076138.9910736084
195285904.2352752984 1265611.7277832031
197399021.7076402009 1311752.5515136719
202445185.2136586308 1401884.3344726562
202927776.8158974349 1409122.6904296875
205193589.9732673168 1422307.4101562500
208359707.9431851804 1426168.5820312500
213936991.4385746419 1429826.5141601562
197607926.7781549096 1314346.6789550781
197064326.4497837722 1308653.1940917969
196806578.4495005012 1300683.7854003906
197240293.8051427901 1309921.3940429688
196956390.1509862244 1307875.3278808594
196583409.7006449699 1299546.1447753906
196849358.0273455381 1301405.7336425781
196864098.7956050038 1305938.4768066406
196948664.3162236512 1307030.8435058594
202194110.9665149450 1399350.5126953125
185964839.6472727954 779282.7197000720
185998620.9301925302 782222.8156393953
185917025.6756730378 769326.2729758210
194719062.8503721356 1256413.8245849609
197481548.9672250152 1312478.3332519531
196915730.5116840899 1306898.1433105469
196539560.3560938239 1296080.3303222656
202626859.0703096092 1406266.9135742188
202548903.4404482841 1405744.3842773438
202651240.9020915031 1408358.0874023438
205154154.2496479452 1422287.0410156250
207992303.1848593652 1426126.6455078125
195222796.7184140980 1264064.1268310547
198924028.0291814804 1338010.0045166016
198991393.7523670197 1339856.6136474609
203265418.6109560728 1411677.5253906250
204512366.5999478102 1419930.8369140625
204224802.0724720955 1418973.3525390625
205378644.6195861399 1422492.4990234375
204517016.8630542457 1420912.4130859375
213320178.6016492844 1428605.6938476562
185047546.0220835209 591256.3779153004
186066891.0314359665 787120.9188147932
185919285.6983615756 771692.5986365266
189901247.9340673983 1070349.6570892334
190616911.4847275019 1101252.9733657837
194216688.2944082022 1243699.3249511719
202533509.0117847323 1404203.4951171875
202886175.9454209805 1408719.7788085938
203763387.7600584328 1416055.9462890625
203699813.6761283875 1413146.9833984375
202440059.6627619267 1401533.0986328125
185939089.9167840481 778718.8368185945
189764887.9809903800 1062604.4543304443
189730531.1429665387 1057674.0264739990
193991382.4332564175 1233371.0581665039
199020516.1748266816 1341713.0045166016
202960178.2767827511 1410517.8696289062
204907411.6397368312 1422239.4414062500
189568909.7596302629 1044217.4781913757
189618076.1421644688 1044619.5698089600
189714190.0033029616 1053788.0771331787
194415637.4206394553 1245935.1526489258
194071195.2095381916 1235873.3611450195
196414358.5183959007 1291712.5676269531
185853180.1132968366 756550.9649924226
186395970.1614826620 805861.5425295681
190770095.4364589155 1113036.3912124634
193918367.7004147768 1232199.8345336914
196571704.0916551054 1296991.4926757812
207657115.5674604475 1425831.6562500000
214324924.0315600336 1430027.6079101562
186420461.0430078804 807795.9868414402
195041090.7189145982 1263779.9854736328
196321270.3723718226 1290251.0205078125
196174564.3189448714 1287366.9907226562
199006004.3504062891 1340933.2702636719
185157012.1227486432 603093.5337816471
185783243.3543035388 742904.8157614656
190610224.0421485007 1100448.2874221802
196245731.9357627034 1290095.6396484375
198890802.2478840649 1337883.1656494141
189714122.8762551546 1053001.4689788818
190898242.5287371576 1115883.1526184082
194918129.6754981577 1257056.8062744141
194604088.6356426179 1253848.4859619141
185815599.8823985457 754785.9032858796
193869617.6983926594 1226869.2473754883
194154432.1218028665 1242253.4719848633
194186517.7532056272 1242409.3499145508
195434927.0260880291 1269833.3262329102
201968942.8988886178 1394316.9912109375
201664983.3521716893 1388665.9985351562
205283278.0979698300 1422332.3496093750
207790110.8040627539 1425943.0410156250
201904379.5115578175 1392375.3540039062
213864783.3541842103 1429764.7856445312
189615173.0682640076 1044434.1741790771
195317953.2564895749 1267040.2517700195
195373799.6521666348 1269418.7661743164
195410095.9739879072 1269659.4358520508
195269688.5814650953 1264966.7532348633
196385543.3830629289 1291256.8266601562
198957093.0211445987 1339640.3913574219
202003080.9012204409 1397405.5717773438
207350491.5174499452 1425588.9746093750
214006185.8317940235 1429978.9916992188
198330240.6361818314 1328675.9254150391
207400944.7961117327 1425594.6083984375
199225941.6373194754 1344436.2745361328
185145628.9460633993 601079.1564699406
185094960.1859575808 599173.1735197896
185072026.6340706944 592626.2128359074
185157127.4039391279 608498.8572145695
194421819.7636646032 1246139.1022949219
194495841.4791179597 1248931.5501098633
198608861.2421609759 1336455.2310791016
204656567.3320133686 1421194.9023437500
204726530.1548786461 1421944.6689453125
194531777.3869221807 1251178.6221313477
194115916.4454934001 1236485.5210571289
185114762.5094010532 601000.1765047306
185910147.9008896947 767106.6256979890
191051100.1747087240 1122966.2754898071
193780999.9690557122 1221261.7998657227
185877095.8564791381 762685.3252829500
189624532.4078446031 1052205.9479827881
191072588.0645357966 1123540.0955047607
195732393.0933051407 1272846.4707031250
196238919.6605906188 1290034.4345703125
185858012.4414584041 757472.4701804109
185887338.8203051984 766688.8874167390
195826760.4884773791 1280539.5148925781
185888227.0452243090 767089.9801901765
191108483.2895765901 1124820.0038299561
190960201.4209181368 1120741.7002944946
193665060.8541687727 1219066.7290649414
196162670.3687198460 1283210.9846191406
195807472.8255495429 1280136.1242675781
198173109.7129735947 1325533.5826416016
213774075.4126804769 1429100.3784179688
190956396.1876367927 1118110.6610794067
195690727.5220963061 1272615.5773925781
186265725.4916010797 796616.2124059051
189722842.9859456718 1055555.4694213867
190721112.0046808124 1112716.9371109009
195659824.5004616082 1271179.7302246094
195666674.3487314880 1272514.1218261719
189838001.7305129170 1065153.5455169678
189717557.2898513079 1054094.9324798584
185197303.1142396629 611450.3917019482
189791307.0815028250 1063627.8790130615
190624324.6255026758 1104200.0518951416
195526700.0260964334 1270543.1689453125
202506825.6003645062 1402793.6459960938
185058695.1337285340 591382.7515016788
190629910.9049610496 1105259.9563751221
198590135.7535791099 1333138.2086181641
190178572.6455060840 1081494.8967132568
185076910.7810774148 593532.3019548649
185037910.2237797678 580286.4879595035
186358744.0116893053 803030.4966771454
198787006.0327855647 1337768.1949462891
207301933.1447562873 1425409.6689453125
207414203.7075377405 1425685.4746093750
190541283.8687788248 1099598.5455627441
190399059.3915965259 1089730.0301818848
204689592.4629480541 1421661.4853515625
203739734.2383248210 1415189.2587890625
199251308.9318976104 1345455.7756347656
203992814.4588547349 1417477.6274414062
198595650.9099564850 1333548.3687744141
186298515.5954067409 799846.2486405224
186226627.1963929534 795061.2565648407
190654167.1865159273 1107844.8065338135
206934630.1870459616 1425022.6875000000
201651592.2878744304 1388379.8718261719
204109938.9312654734 1418380.4262695312
190673784.6004461646 1107859.5409088135
204330725.5458924174 1419704.3027343750
204331486.3838609457 1419707.3125000000
185255256.0037422776 613473.7939343452
198402830.2567195594 1329497.8183593750
197997257.6355409920 1321822.8363037109
198290776.7224602699 1328191.3900146484
198479060.2471742332 1330446.7900390625
198352886.4774297178 1329487.2675781250
198162710.7721779346 1323149.9804687500
198013608.9122948945 1321942.3403320312
190121630.5742098391 1077744.1602630615
190270617.4725956619 1089072.7324066162
193029214.9383034408 1185900.3630371094
197789180.3158509433 1315862.9569091797
201741261.3251849413 1390768.3393554688
186258603.0395223200 795525.5320470184
202224596.4138404727 1399833.9848632812
186851803.5710508823 824976.7849884033
186633754.0813964009 816545.6617453098
203676333.3327502310 1412378.3852539062
186710344.7097561359 823229.0510714054
187023241.0790010095 825381.7251272202
186809754.3573525250 824098.2263205051
186464068.2076822221 811317.5318624973
190461932.4705630243 1097333.3130035400
193105368.2000161111 1188735.7224121094
185459793.0712423623 630861.9558704309
190428120.7136968672 1093619.0425872803
185459827.9788368046 631243.6116931848
193394652.6232741773 1199178.5124511719
193346869.4259724021 1198412.3718261719
193459355.4569196105 1202247.2099609375
193260916.8401700556 1198252.7868652344
213834498.7137741745 1429255.5659179688
193408673.9491842985 1200832.3784179688
206850931.5787992477 1424055.0253906250
193532150.2899355888 1207199.2763671875
185403012.5922374427 630576.0113971643
193596613.2059795558 1208074.5241699219
206666095.8154506981 1423987.3662109375
185399470.4283417761 622560.7059162073
185342168.7534120679 618765.8104846887
185470397.1996870041 639726.1596210413
185378852.7693561912 621867.6141803674
193597198.0770078897 1209153.3000488281
206502116.1015114784 1423436.3857421875
185530632.7304287851 642499.4148908071
185652000.7379906774 652399.6949228458
206500764.6073845625 1422799.1308593750
200936727.2997396886 1367941.6049804688
200684090.2495820224 1362484.3862304688
200911870.5661414862 1367189.4846191406
200664919.7735756934 1361908.3989257812
200946671.9655562043 1370394.7329101562
189524330.8209089339 1031548.0343475342
213744601.6421857476 1429042.2680664062
213428926.3191382289 1428934.8481445312
213286395.7360184193 1427120.1850585938
206599086.5871423781 1423766.2832031250
206543459.1058984697 1423524.4472656250
187570167.2055370510 840018.2229435444
201397942.4418480098 1377530.6445312500
206863113.2868344486 1424121.4521484375
187287452.3246883452 833760.1428043842
189413865.0196218193 1014781.8742437363
212686694.1784038246 1426708.1049804688
187237134.6906062067 832230.1249828339
212904441.4392732680 1427009.8188476562
187190491.6387891173 831945.5515568256
192794998.2559679747 1176765.1085357666
187335383.2159936726 835757.4007942677
200725468.2361533642 1364996.4660644531
201224234.2278774679 1375745.8227539062
187465590.7879427671 838860.9634220600
201452219.9462468326 1379097.7207031250
192908584.6897310019 1179324.4729003906
192799653.0251751840 1177729.5531158447
213059161.2794599533 1427049.5229492188
185738813.5586485565 660868.7743043900
212845320.0794750154 1426990.6948242188
185771251.9680413604 664904.9749422073
185723305.1904584467 657058.7430086136
192911224.3356817365 1180105.1061096191
192760518.1738282442 1176567.0938873291
192729537.6637814343 1175060.9942779541
187668812.4798510671 847775.7786076069
192092954.2686857283 1143674.7230224609
213213034.9501111507 1427096.8540039062
192456520.8804307282 1159377.4058837891
200477950.8800521195 1351787.5915527344
187609948.6422269642 840114.1595468521
192180605.6951537132 1147185.7076416016
192282508.3597854674 1152863.6658935547
192261364.6462538838 1152531.8209228516
200536815.8998188078 1354082.8444824219
192169708.5379544497 1143790.1985473633
192378944.0064566135 1155762.9226684570
191941128.8780771196 1135048.0717773438
192231570.3077491820 1149190.6257934570
191971465.5820749998 1139275.5932617188
191835630.3896968365 1128884.3983154297
191716608.1833703220 1126531.8129272461
191868023.0375765860 1131424.2379760742
188288020.2531815171 869450.8820190430
188230670.0913240016 866667.9947509766
188195581.8997792602 860538.7480926514
188547439.0726912618 884328.5757751465
188745857.4310341477 887541.9777221680
188313204.8555490971 870228.8409576416
188394960.2739745080 876517.2328186035
188269782.8390863240 867586.2489318848
188804061.4240678251 892487.8619689941
188590736.9605527222 884757.1293182373
188382315.6521692872 873182.4245758057
188338648.1638602316 871664.9456939697
189155037.4400739670 893883.9925842285
189182394.9702335000 897546.9049377441
