41149666.0404601619 273366.3764648438
42218421.7491999641 363626.0000000000
42232394.5325049907 364725.9150390625
42841857.7850288376 386681.7080078125
42689016.6829593107 385038.0107421875
43451678.3096115291 404616.0556640625
42402716.3594680727 373113.3691406250
43883956.4131503031 415542.6201171875
44244600.0065000728 424046.2031250000
45751785.7964939103 444623.4892578125
44236685.7223346606 422457.6767578125
42455159.6885498688 374727.5898437500
43275288.6080992371 397479.9101562500
43387907.2137521058 404426.2373046875
44100738.2064604536 421747.2333984375
40807267.8887963817 244794.6499023438
43825374.2951522395 413209.6376953125
42913554.3070223182 393074.6230468750
42684427.7758595943 384862.1855468750
42535442.1847018898 380932.2031250000
45727682.6228957921 444026.5361328125
42524033.5226926804 376217.5654296875
44229586.0743914768 421953.6962890625
41472234.8260150403 302705.8457031250
42244746.1646944284 367734.7460937500
43676388.7039945424 412318.8144531250
40819873.9128313512 245282.0488281250
45925840.5235275328 446091.1318359375
41114139.2164855152 272351.7250976562
44549180.4571854100 425840.2900390625
45443978.2367439121 443622.0556640625
40881953.5376214311 253566.9208984375
40934922.4752990156 257347.7563476562
43528258.4878363758 406824.6445312500
43851534.6478668824 413710.9697265625
45280602.5838936120 438916.0791015625
48481303.0998313427 446495.6123046875
43200037.5257383734 395477.3935546875
41111527.0580812991 272076.6362304688
42272976.2547237724 368489.0664062500
43317844.9639809355 402571.0566406250
44700677.1109553128 431932.1201171875
44806436.2886109427 431987.9199218750
43279718.8327745348 398909.1386718750
41167034.8572360054 275262.3374023438
44465699.6794037819 425683.8271484375
40939148.0738681555 258881.0063476562
42377149.4583691210 370770.0810546875
45237648.4233394042 437387.4316406250
41229462.5835999176 278281.2495117188
41564010.3648620993 315989.7084960938
42198862.0571842492 362871.6796875000
42399853.2844627798 371430.4238281250
44923815.1747780517 436854.7558593750
40691506.3698632196 231490.6403808594
41833646.9564897791 337338.8295898438
42083342.7922726199 358715.8886718750
40725967.8577093482 235058.4853515625
40842671.2642218098 248057.4760742188
41080887.6288385838 268392.3481445312
40762123.9080458060 242476.0405273438
41147542.9792626873 273095.6933593750
41459894.5343807116 302593.5087890625
40688092.4510150403 227184.8720703125
41024631.3720915318 265482.5551757812
41539638.9508771002 314177.2402343750
43381241.7158025056 403673.9179687500
44612666.6831427589 429953.3349609375
45436328.8237602413 440632.5869140625
40901186.2936577201 256829.5820312500
40671169.6174815744 224514.2148437500
41964277.6315996572 342507.2407226562
42344508.5027462244 369592.7509765625
40601507.3737005219 205652.0246582031
40899610.3321431652 254464.5976562500
40795298.4345682710 243147.7207031250
40834328.4215361327 246157.6166992188
43136206.8853513077 394245.7587890625
40855444.4959972128 251872.8759765625
42023125.2054645345 351630.0361328125
40890385.7200916484 254032.5302734375
40741342.0809771344 239880.9335937500
41809820.8500884697 334869.7534179688
43130599.6534288749 393088.0166015625
41998435.9332785532 345263.4282226562
40877212.8612366244 252293.7377929688
40732117.9716305360 236947.3007812500
42185729.5499682277 361001.2265625000
41907413.0365755782 341512.7480468750
41995153.2014108151 343665.4326171875
43225911.7546405420 396936.6289062500
41622514.2690587640 320264.4057617188
41926936.4693083018 342372.3159179688
45329754.7379207984 439338.1621093750
40836425.1846624538 247162.0439453125
41029518.2151208445 267100.1020507812
41173048.3863364533 277599.0336914062
41519510.6312180832 309589.3803710938
42191612.6881588921 361625.4355468750
42054400.1241728067 352986.5244140625
44559315.8530266955 429518.8437500000
40561672.6668171883 203277.7885742188
40561700.3491569087 204018.8137207031
40561134.1550663114 203246.8256835938
42177140.7485711873 360402.6035156250
42896371.2931675315 386826.0664062500
44685177.1562125608 430051.5195312500
40553435.4308794513 203242.5661621094
42059516.6858713105 356246.8125000000
40604779.8878980428 208231.9130859375
41218849.7497402579 278017.5688476562
44908226.0757365525 432585.2480468750
40661945.5081349760 221708.5952148438
40606332.8090356290 212268.1621093750
42827959.2662584260 385041.7802734375
40677457.7214153409 226476.4187011719
40626976.4300867394 219333.8322753906
41006906.8753179088 264649.3237304688
40552321.7822257429 202890.0371093750
40605327.3424611464 208411.2495117188
40618290.8324910179 216575.1342773438
41701012.2771283537 323864.7807617188
41924442.5966290161 341630.2211914062
43152257.8721008301 395385.3251953125
43133130.1206454337 393703.3056640625
41158573.8801278993 274554.4638671875
41005407.7436438277 260487.2402343750
40552869.2367888540 203010.4091796875
40609487.4024626836 215977.7094726562
41735172.9764211252 325202.1459960938
41744489.2117513567 329131.4731445312
41084241.6312957928 269638.1914062500
40544211.3215328529 200739.0039062500
40831088.3849669844 245380.0007324219
40953001.1861619726 260253.2758789062
41428279.6369434074 295564.6176757812
41373993.0156054944 293704.6088867188
41634878.0051487535 321395.7045898438
40578048.0457875356 205120.3427734375
41425789.5164573267 295274.2172851562
40650226.1941292211 220679.0290527344
40573103.6092944145 205016.8144531250
41515697.8675678298 303064.6806640625
41386687.2533488795 294567.2299804688
41323782.3371213898 293285.2524414062
41259865.9687112048 286318.9272460938
48139653.3370869607 446142.6542968750
41318549.7707004026 286676.3769531250
