42296154.4270510897 370999.7851562500
42174366.7623108104 366956.1186523438
41936514.0943189338 350612.2666015625
42493516.6554068476 380395.3125000000
41266146.9280128926 291775.5644531250
42363599.0577765033 374271.2392578125
43605524.9366132244 415241.3691406250
40934598.5164476186 261296.6108398438
41298509.6149033085 292524.7851562500
41132151.5117259994 283284.8422851562
41963318.7807526514 351199.9721679688
41223681.7515003160 289742.5551757812
41152562.0912365615 285038.5302734375
44574822.9306661263 436574.5478515625
41245817.2930572405 290864.6079101562
41103550.1741385460 282492.2055664062
41048585.0500778481 273818.5156250000
42013870.6635858417 357947.9091796875
42483404.3466606587 375360.9541015625
41819817.7744392231 343061.1987304688
43719335.1519418508 418236.6816406250
44016531.4612308368 425231.5644531250
45201182.5492859259 445784.6826171875
42334444.6745797545 371611.2626953125
42192644.6995062977 368380.6416015625
42096736.0632635504 360569.6655273438
45145964.9586320370 444022.7666015625
42416454.0370373949 375258.9121093750
44928395.6532628089 443311.8369140625
43203607.7317611873 401831.9628906250
43750091.9483211339 420168.3330078125
41610916.9406990111 318914.6796875000
41982369.0517209992 355591.7807617188
42172994.9236263856 364795.1718750000
42109505.5073142946 362622.9248046875
44123458.6284418553 428659.7099609375
41083120.8443637341 277269.4101562500
42264649.8500465229 369428.9643554688
40887759.8480631188 256336.0102539062
42203554.4883838221 368835.6386718750
42294542.3283616230 370512.1958007812
43408276.7109499797 409305.9267578125
41781838.8659873083 338335.2060546875
40866639.0630241036 255403.0766601562
42290302.1169529557 370183.2846679688
42319877.3982471451 371187.6162109375
44186305.0544440746 431270.3876953125
42163306.4459272176 363845.2070312500
41916246.8167783245 350601.3491210938
41994426.4622760415 357937.2612304688
44792246.4740280658 440862.0468750000
44866883.8101066649 441205.3632812500
40783244.6930848211 242692.7124023438
41645380.7692594156 324726.0156250000
40786536.4240745306 243977.3486328125
41150543.5492701679 284615.0107421875
44580695.9170675576 438732.5175781250
40699771.2881406769 232215.1877441406
42406714.7255287319 374623.5976562500
41686774.9040375650 327374.2885742188
41094754.7228572741 277529.1582031250
40911833.4061214998 259499.4916992188
40939325.1933987886 265778.0952148438
42150859.7267415449 363020.9863281250
43587049.5448272899 413918.4277343750
40908559.1399039924 259329.3999023438
43093007.5124410391 400802.3437500000
41735862.7177498341 335807.4394531250
40895057.9780015349 258442.1831054688
41819304.7582537457 339891.4057617188
40813480.7567887157 249921.9301757812
43592330.1558421627 414343.1748046875
42077152.8805838153 359478.9208984375
42313830.2457478270 371181.1191406250
43699723.4394387826 415716.6181640625
41790827.5094094351 338683.7695312500
41915197.5757835582 348323.6420898438
40759234.8017648906 242438.3627929688
40710177.2293425724 233918.4973144531
41705634.3541476652 331104.3027343750
43265755.7173474133 405716.2177734375
43786659.7695026025 421080.4638671875
40970898.7353559062 266390.0185546875
42363331.7819157392 373163.3876953125
44231923.3492808565 431995.2285156250
42172137.3923967928 363988.8330078125
42276110.5106890798 369804.4199218750
40724631.7380473539 235387.5979003906
43783336.4053194523 420168.7714843750
43588260.1778001338 414110.0703125000
40843979.3806455582 252510.9277343750
42377800.3157939762 374294.6865234375
43247450.4665672928 404708.2929687500
41689925.6824150607 329868.9047851562
44113077.9402433783 426831.3378906250
41897655.2642397583 346203.2690429688
40644437.7753710747 221749.3537597656
42335101.6918863952 372409.0673828125
43259516.0195928887 405240.9687500000
43418392.6380592659 411445.5820312500
44376092.9070963785 432706.1582031250
40618711.5118092820 218609.2849121094
42160070.6637654826 363229.2358398438
43077718.8050110862 399904.1494140625
43921196.7116555050 424141.0322265625
41794348.5790607408 339191.5483398438
43362456.0593358576 406582.5156250000
40807838.6209245026 249127.7285156250
41977302.4350294098 352087.6015625000
40798243.9503226504 244819.7543945312
41781080.6664855555 336859.0927734375
43232818.5910089985 404109.6699218750
41835243.9897685200 345421.0585937500
40734232.7759868056 239990.5053710938
40601557.7360473499 206610.5903320312
41518970.6673044413 306569.4477539062
41332690.3432213143 296624.4536132812
41357588.4076688141 301202.2485351562
41411494.0968247503 302423.4238281250
41907871.6067312211 347025.6352539062
41449051.6433827952 304203.5581054688
41334784.3691524491 297247.5488281250
41185162.7934980839 287951.6992187500
44761249.1876119748 439100.1308593750
41800071.6284132004 339216.4453125000
40747630.1849109009 241459.7355957031
42684415.9545173347 384838.1523437500
42704732.0523667559 385738.7109375000
41033352.7413818687 271593.2578125000
41971719.7327595875 351379.9765625000
43528261.0086208731 413450.5166015625
40765119.2125349566 242689.8232421875
42854339.0101237968 388615.8798828125
40814028.2113518193 250255.9521484375
42860301.6841282472 391694.8964843750
40996006.1491768956 269860.9384765625
42541488.1337691471 381080.6845703125
40856152.5824221373 255079.4013671875
40574217.2579481229 205369.3435058594
41595279.2679612562 317264.2407226562
40680226.0600488409 230601.2272949219
43932106.5005330369 424150.8144531250
42815023.6619454250 387350.8271484375
42145246.6648111045 362871.6796875000
44068383.5263062194 425561.5478515625
42621919.8921526894 383749.0439453125
42049965.5273319706 358715.8886718750
42615234.3210843727 381954.4384765625
40626948.7477470189 218846.5395507812
42644829.0114640221 383781.3115234375
44313149.0059136301 432315.5341796875
40564473.8536428437 205149.7590332031
41682628.8083138913 324765.2338867188
44541948.5617717281 435975.9248046875
44455693.7806890309 434468.0742187500
43649004.6884069741 415406.6289062500
43500030.9185915291 412742.1406250000
43564217.3834809735 413799.2314453125
44032602.6341251880 425257.9394531250
44089665.0451275855 425968.8691406250
42880631.3190838993 391794.6093750000
43864064.4313540310 423430.1025390625
40644389.7214436829 220736.0622558594
42881177.8828512579 393026.9101562500
40590147.2291597947 205779.3723144531
45816815.8809516504 446495.6123046875
41619862.1443461254 320837.9116210938
43324185.7568793446 406152.9814453125
41614922.5279614702 319260.9902343750
45603425.3565511033 446091.1318359375
43812966.3815405890 421416.7646484375
42620275.3589162007 382216.9628906250
43381073.5246766359 407413.1250000000
43874974.2202315629 423439.8847656250
40758255.9716983587 241803.3427734375
42746569.8181267828 386870.0097656250
42589212.7874551266 381582.9199218750
43523670.1730473489 413439.4843750000
41561949.7763890177 316646.3164062500
43007844.2279599309 396381.9492187500
42726805.7101012319 386337.3339843750
41419955.4435952976 303295.3989257812
43211679.3130309805 403717.8613281250
41440247.6565950289 303841.1630859375
42888329.0100053102 393074.6230468750
42672052.2195825875 383864.1250000000
40690958.9153001159 231105.2224121094
42684235.5553028211 384379.9345703125
40843928.0180180892 251158.4003906250
40561545.8915723413 205009.5510253906
42689016.6829593107 385038.0107421875
42684427.7758595943 384862.1855468750
42535442.1847018898 380932.2031250000
40691506.3698632196 231490.6403808594
40762123.9080458060 242476.0405273438
41539638.9508771002 314177.2402343750
40671169.6174815744 224514.2148437500
40732117.9716305360 236947.3007812500
41519510.6312180832 309589.3803710938
40561134.1550663114 203246.8256835938
40553435.4308794513 203242.5661621094
40604779.8878980428 208231.9130859375
40606332.8090356290 212268.1621093750
40677457.7214153409 226476.4187011719
40626976.4300867394 219333.8322753906
40552321.7822257429 202890.0371093750
40605327.3424611464 208411.2495117188
40618290.8324910179 216575.1342773438
40552869.2367888540 203010.4091796875
40609487.4024626836 215977.7094726562
40544211.3215328529 200739.0039062500
41634878.0051487535 321395.7045898438
41323782.3371213898 293285.2524414062
