40890350.6707082167 255826.6357421875
40787961.5315164775 243610.5722656250
41790827.5094094351 338683.7695312500
41915197.5757835582 348323.6420898438
45160699.8064417616 444022.7666015625
40759234.8017648906 242438.3627929688
41922287.8913099170 349303.3422851562
40710177.2293425724 233918.4973144531
40963662.8879273608 265778.0952148438
41705634.3541476652 331104.3027343750
43265755.7173474133 405716.2177734375
43786659.7695026025 421080.4638671875
44869432.0288978815 440551.7080078125
40890040.3966236487 255635.4428710938
43744594.3938147351 415968.4687500000
40970898.7353559062 266390.0185546875
42363331.7819157392 373163.3876953125
44231923.3492808565 431995.2285156250
42326569.7078186050 370288.8554687500
42172137.3923967928 363988.8330078125
42276110.5106890798 369804.4199218750
41823186.5792134777 342948.2128906250
40724631.7380473539 235387.5979003906
43783336.4053194523 420168.7714843750
41687509.4703534693 325127.9077148438
43588260.1778001338 414110.0703125000
40843979.3806455582 252510.9277343750
43742995.1284402162 415953.6259765625
42377800.3157939762 374294.6865234375
43247450.4665672928 404708.2929687500
42368556.1967902109 373762.0107421875
43632894.1684950143 415241.3691406250
42132202.9105021134 362093.0522460938
41689925.6824150607 329868.9047851562
44113077.9402433783 426831.3378906250
41897655.2642397583 346203.2690429688
40644437.7753710747 221749.3537597656
42335101.6918863952 372409.0673828125
43259516.0195928887 405240.9687500000
42502790.5319897756 378141.5097656250
43418392.6380592659 411445.5820312500
44376092.9070963785 432706.1582031250
40618711.5118092820 218609.2849121094
41050292.7705148086 272984.7983398438
42160070.6637654826 363229.2358398438
42219582.4269747660 368253.2763671875
43077718.8050110862 399904.1494140625
43921196.7116555050 424141.0322265625
41153363.1798485518 279263.7021484375
41794348.5790607408 339191.5483398438
42526559.4602491632 379937.7939453125
43362456.0593358576 406582.5156250000
40807838.6209245026 249127.7285156250
41977302.4350294098 352087.6015625000
42082613.3319440633 359435.1445312500
45034205.4873330370 443311.8369140625
44976690.5244478136 441795.5302734375
42521369.5200564042 379789.6630859375
40798243.9503226504 244819.7543945312
42310454.5024791583 370183.2846679688
40940525.1449416652 261761.6020507812
41245701.9849597365 289358.3085937500
41781080.6664855555 336859.0927734375
42014578.8478022441 357937.2612304688
41110638.6627921164 276736.6850585938
43232818.5910089985 404109.6699218750
41835243.9897685200 345421.0585937500
40915357.3945965022 258432.4946289062
42210997.6521956697 367710.4389648438
40734232.7759868056 239990.5053710938
42202565.4697254449 367485.9912109375
40956980.2566309720 262525.0263671875
40601557.7360473499 206610.5903320312
41518970.6673044413 306569.4477539062
41332690.3432213143 296624.4536132812
41357588.4076688141 301202.2485351562
41411494.0968247503 302423.4238281250
41907871.6067312211 347025.6352539062
41449051.6433827952 304203.5581054688
41334784.3691524491 297247.5488281250
40904972.7792897150 257838.9765625000
41185162.7934980839 287951.6992187500
42013732.3958078250 354028.5766601562
41940074.7685804591 350601.3491210938
44761249.1876119748 439100.1308593750
41800071.6284132004 339216.4453125000
41094498.2517617941 274365.9980468750
44833544.0237278640 439577.0673828125
40901204.6831683218 256999.3796386719
41175946.4492116645 282920.7851562500
40747630.1849109009 241459.7355957031
42193629.2590384185 364094.5117187500
42684415.9545173347 384838.1523437500
42704732.0523667559 385738.7109375000
41033352.7413818687 271593.2578125000
42199017.2675643414 364725.9150390625
41971719.7327595875 351379.9765625000
43528261.0086208731 413450.5166015625
40765119.2125349566 242689.8232421875
40940241.0754487365 259168.4418945312
41127246.5943107083 278725.7993164062
42854339.0101237968 388615.8798828125
40814028.2113518193 250255.9521484375
42860301.6841282472 391694.8964843750
41155850.3618574813 282808.5610351562
40996006.1491768956 269860.9384765625
42541488.1337691471 381080.6845703125
40856152.5824221373 255079.4013671875
45286842.5328077227 445784.6826171875
40574217.2579481229 205369.3435058594
41595279.2679612562 317264.2407226562
40680226.0600488409 230601.2272949219
44032567.3773419335 424659.3164062500
43932106.5005330369 424150.8144531250
42815023.6619454250 387350.8271484375
42145246.6648111045 362871.6796875000
44068383.5263062194 425561.5478515625
40789464.3861450329 243969.8901367188
42621919.8921526894 383749.0439453125
42193761.1782969162 364425.6640625000
42049965.5273319706 358715.8886718750
42615234.3210843727 381954.4384765625
40626948.7477470189 218846.5395507812
44594274.1169763133 436832.7695312500
42644829.0114640221 383781.3115234375
44313149.0059136301 432315.5341796875
40564473.8536428437 205149.7590332031
41682628.8083138913 324765.2338867188
44220454.3505651355 428895.8964843750
44541948.5617717281 435975.9248046875
44455693.7806890309 434468.0742187500
43649004.6884069741 415406.6289062500
43500030.9185915291 412742.1406250000
43564217.3834809735 413799.2314453125
44032602.6341251880 425257.9394531250
44089665.0451275855 425968.8691406250
40963043.9645951018 262721.1665039062
44600396.4761935696 438732.5175781250
42880631.3190838993 391794.6093750000
43864064.4313540310 423430.1025390625
40644389.7214436829 220736.0622558594
42881177.8828512579 393026.9101562500
40590147.2291597947 205779.3723144531
44154261.5782298148 428510.2587890625
45816815.8809516504 446495.6123046875
41619862.1443461254 320837.9116210938
43324185.7568793446 406152.9814453125
41614922.5279614702 319260.9902343750
45603425.3565511033 446091.1318359375
43812966.3815405890 421416.7646484375
42620275.3589162007 382216.9628906250
43381073.5246766359 407413.1250000000
43874974.2202315629 423439.8847656250
40758255.9716983587 241803.3427734375
42111269.5383994728 359494.6455078125
40894869.1530534476 255843.7822265625
40898212.6049812138 255982.8266601562
42746569.8181267828 386870.0097656250
43767776.9767484590 417235.2714843750
42589212.7874551266 381582.9199218750
43523670.1730473489 413439.4843750000
40929904.2209274247 259057.3281250000
41561949.7763890177 316646.3164062500
43007844.2279599309 396381.9492187500
42726805.7101012319 386337.3339843750
41419955.4435952976 303295.3989257812
43211679.3130309805 403717.8613281250
41440247.6565950289 303841.1630859375
42888329.0100053102 393074.6230468750
42672052.2195825875 383864.1250000000
40690958.9153001159 231105.2224121094
42684235.5553028211 384379.9345703125
42515947.6210452616 378377.9843750000
40843928.0180180892 251158.4003906250
40561545.8915723413 205009.5510253906
42689016.6829593107 385038.0107421875
42455159.6885498688 374727.5898437500
42684427.7758595943 384862.1855468750
42535442.1847018898 380932.2031250000
42272976.2547237724 368489.0664062500
40691506.3698632196 231490.6403808594
40762123.9080458060 242476.0405273438
41539638.9508771002 314177.2402343750
40901186.2936577201 256829.5820312500
40671169.6174815744 224514.2148437500
40732117.9716305360 236947.3007812500
41519510.6312180832 309589.3803710938
40561134.1550663114 203246.8256835938
40553435.4308794513 203242.5661621094
40604779.8878980428 208231.9130859375
40606332.8090356290 212268.1621093750
40677457.7214153409 226476.4187011719
40626976.4300867394 219333.8322753906
40552321.7822257429 202890.0371093750
40605327.3424611464 208411.2495117188
40618290.8324910179 216575.1342773438
40552869.2367888540 203010.4091796875
40609487.4024626836 215977.7094726562
40544211.3215328529 200739.0039062500
41634878.0051487535 321395.7045898438
41323782.3371213898 293285.2524414062
