41223923.3689832017 293227.2421875000
42274212.6934059709 370726.1220703125
41606529.5516071692 328221.1035156250
41751529.1184626371 339204.4868164062
41934082.6675608233 354297.0668945312
44111099.4051918760 428659.7099609375
45358947.0084855929 446495.6123046875
41885137.8598307446 349303.3422851562
43412346.6889920086 411255.7636718750
43620055.2527003959 415716.6181640625
42449932.5377449244 377261.6669921875
45105907.3053895682 445784.6826171875
43832036.5132441968 422807.8046875000
42126377.1074342057 363262.5859375000
43575951.1826538071 413810.4990234375
40877076.8461056054 255955.8369140625
40963976.1758589894 266833.6572265625
40638553.3646010086 220985.8894042969
44039760.9936643168 426481.2246093750
44877406.1612467691 443439.2021484375
41178646.0086293742 289921.7460937500
44147835.5512926355 428797.5419921875
40598629.7739768475 206689.4897460938
41662437.8394388705 331630.1093750000
40972061.1737109125 268029.7866210938
42147592.5987601131 366404.8701171875
41692060.2103838474 336483.2065429688
41653605.3706142008 330498.8105468750
41890584.0349852517 349901.9653320312
44978208.1524870619 443603.8339843750
42264826.6789299399 370172.2890625000
40815190.6497068331 251311.9174804688
43129528.2208030224 401556.6640625000
41147235.7619798034 286089.9287109375
41705910.8236258551 337834.7226562500
40597841.1088779643 206596.7355957031
40883378.1692353189 257563.3813476562
41873288.8593169451 348212.4399414062
41025998.2658114955 273355.6728515625
44014523.2909727842 425065.7744140625
42465589.9092799872 378979.8046875000
40570358.2644129097 205913.2233886719
43447307.0477940142 412343.7763671875
40886144.6990567446 257813.4409179688
43743252.1374856234 419868.7617187500
44695951.3873347044 439042.3291015625
42101506.2379221469 361549.3657226562
43177764.7973857224 402402.8886718750
42494382.1222500056 381008.5283203125
43824651.4995612353 422031.6113281250
40982970.9625884444 269065.5166015625
41196729.1902271807 290152.9985351562
45067382.3431809545 444022.7666015625
41145420.8764904141 285536.8789062500
42313388.3792923987 373135.0556640625
40983826.9714629501 270720.0502929688
44529052.6703220904 438007.6767578125
41957908.7739621326 356639.2543945312
42096433.6416119784 360247.7656250000
40816130.6239837781 251972.2573242188
44209725.4934320375 431981.3173828125
40908564.6452752277 259597.0581054688
41914288.6007771119 350909.8901367188
43437836.8393690735 411894.9873046875
40915404.4561107382 264899.2934570312
41172600.0595621169 288800.9912109375
44010672.9220127389 424645.4052734375
42487826.1194098592 379872.3447265625
41601995.1145707071 325031.2851562500
44787635.3333585188 439808.4892578125
41835391.8144266233 345829.7973632812
42394307.3141474277 375226.2119140625
43241981.2822564840 404708.2929687500
44470374.0360006541 434908.3447265625
41678626.4498191252 334443.0297851562
42308012.0734369680 371532.5419921875
41927101.7232991606 351199.9721679688
42068505.9732342064 359815.3452148438
42372843.1767802611 374803.9150390625
41280891.7102948874 297407.7490234375
41276256.5484002531 294745.6372070312
44034035.7069245800 426251.9531250000
43900070.9973860160 424008.3789062500
44088438.5919676870 426492.4931640625
40777636.1213261709 244435.1699218750
41291517.8387375697 297958.6210937500
40903055.7891346812 258984.4160156250
44027058.5277853385 425401.8173828125
41217941.6827036366 290751.6215820312
41080469.7278776169 282064.5146484375
41347614.4885589629 301271.2275390625
41258979.7035970315 293959.3139648438
41598928.2048977464 322188.7856445312
41778007.7218378112 344056.6489257812
41041919.5073100924 277858.8769531250
41151585.2094766051 286467.4804687500
41361134.0353072509 301733.9130859375
44302736.4856994525 433743.2333984375
44736155.1743511707 439580.0693359375
43782589.7914605737 420847.3593750000
44152927.7895034254 431270.3876953125
41901569.3116931170 350601.3491210938
43582860.8627883941 414110.0703125000
41337557.3077295497 300885.9418945312
40786690.8816590980 246700.4658203125
42245953.2065356448 369428.9643554688
41157710.5920077637 287677.6577148438
40751694.1212711483 243442.1840820312
42040044.7571128234 359230.0595703125
41314359.7315392643 300509.1171875000
42361182.9022774473 373658.0234375000
41605762.1225530133 327374.2885742188
44502625.9325000122 435247.5478515625
41762118.8526698649 340703.0332031250
43693086.6309784055 418074.9423828125
44435355.6567449719 433963.8701171875
40663117.1898078024 222196.2189941406
41385365.2591205016 301916.3701171875
41298829.2984951511 300039.4067382812
41107961.5151549056 284615.0107421875
42336394.0544472635 373290.7529296875
41516249.1506925747 315745.7788085938
40877667.8433426693 256387.6679687500
45012612.2754620016 443632.2724609375
43776023.7715410814 420547.7880859375
43359116.7305810750 408972.7363281250
40963129.1097967178 266128.1909179688
45029045.0058105960 443645.4218750000
41563348.9949996918 317861.9624023438
42464103.0909502730 378650.8935546875
43992383.6543001384 424533.0986328125
43814266.7296456918 421445.9824218750
42138944.5771530718 363699.6000976562
42057000.4950576127 359478.9208984375
44859363.7750077471 441009.1406250000
43703996.4198559448 418607.6181640625
41742428.5119397566 339175.0493164062
42345070.3367495239 373619.6640625000
44868262.2854165286 441228.7441406250
41854524.7507966757 346203.2690429688
43075757.6180497855 399904.1494140625
40635625.4025305137 220845.6813964844
42279688.6010476947 371314.9814453125
40697687.4053331763 234445.4152832031
40677614.6103129759 227606.0537109375
43577197.1670219526 413918.4277343750
40795348.7969150990 249377.1503906250
42184059.9247271940 367837.8041992188
41259549.6118310615 294636.2885742188
42174366.7623108104 366956.1186523438
42493516.6554068476 380395.3125000000
42363599.0577765033 374271.2392578125
43605524.9366132244 415241.3691406250
41103550.1741385460 282492.2055664062
42013870.6635858417 357947.9091796875
44016531.4612308368 425231.5644531250
42192644.6995062977 368380.6416015625
42096736.0632635504 360569.6655273438
42416454.0370373949 375258.9121093750
43750091.9483211339 420168.3330078125
42109505.5073142946 362622.9248046875
42203554.4883838221 368835.6386718750
43408276.7109499797 409305.9267578125
40866639.0630241036 255403.0766601562
41994426.4622760415 357937.2612304688
44792246.4740280658 440862.0468750000
44866883.8101066649 441205.3632812500
44580695.9170675576 438732.5175781250
40939325.1933987886 265778.0952148438
40908559.1399039924 259329.3999023438
43093007.5124410391 400802.3437500000
40895057.9780015349 258442.1831054688
40813480.7567887157 249921.9301757812
43592330.1558421627 414343.1748046875
43265755.7173474133 405716.2177734375
43786659.7695026025 421080.4638671875
44231923.3492808565 431995.2285156250
40724631.7380473539 235387.5979003906
40843979.3806455582 252510.9277343750
40644437.7753710747 221749.3537597656
43259516.0195928887 405240.9687500000
43418392.6380592659 411445.5820312500
40618711.5118092820 218609.2849121094
43921196.7116555050 424141.0322265625
43232818.5910089985 404109.6699218750
41835243.9897685200 345421.0585937500
40734232.7759868056 239990.5053710938
41411494.0968247503 302423.4238281250
41449051.6433827952 304203.5581054688
40747630.1849109009 241459.7355957031
42684415.9545173347 384838.1523437500
42704732.0523667559 385738.7109375000
43528261.0086208731 413450.5166015625
42854339.0101237968 388615.8798828125
40814028.2113518193 250255.9521484375
42860301.6841282472 391694.8964843750
42541488.1337691471 381080.6845703125
40856152.5824221373 255079.4013671875
40680226.0600488409 230601.2272949219
43932106.5005330369 424150.8144531250
42815023.6619454250 387350.8271484375
42621919.8921526894 383749.0439453125
42615234.3210843727 381954.4384765625
40626948.7477470189 218846.5395507812
42644829.0114640221 383781.3115234375
40564473.8536428437 205149.7590332031
44455693.7806890309 434468.0742187500
43500030.9185915291 412742.1406250000
43564217.3834809735 413799.2314453125
42880631.3190838993 391794.6093750000
43864064.4313540310 423430.1025390625
42881177.8828512579 393026.9101562500
43324185.7568793446 406152.9814453125
43812966.3815405890 421416.7646484375
42620275.3589162007 382216.9628906250
43874974.2202315629 423439.8847656250
42746569.8181267828 386870.0097656250
42589212.7874551266 381582.9199218750
43523670.1730473489 413439.4843750000
41561949.7763890177 316646.3164062500
43007844.2279599309 396381.9492187500
42726805.7101012319 386337.3339843750
41419955.4435952976 303295.3989257812
43211679.3130309805 403717.8613281250
41440247.6565950289 303841.1630859375
42888329.0100053102 393074.6230468750
42672052.2195825875 383864.1250000000
40690958.9153001159 231105.2224121094
42684235.5553028211 384379.9345703125
40561545.8915723413 205009.5510253906
42689016.6829593107 385038.0107421875
42684427.7758595943 384862.1855468750
40691506.3698632196 231490.6403808594
40671169.6174815744 224514.2148437500
40732117.9716305360 236947.3007812500
40561134.1550663114 203246.8256835938
40553435.4308794513 203242.5661621094
40604779.8878980428 208231.9130859375
40606332.8090356290 212268.1621093750
40677457.7214153409 226476.4187011719
40626976.4300867394 219333.8322753906
40552321.7822257429 202890.0371093750
40605327.3424611464 208411.2495117188
40618290.8324910179 216575.1342773438
40552869.2367888540 203010.4091796875
40609487.4024626836 215977.7094726562
40544211.3215328529 200739.0039062500
