56119777.8964271396 119174.3460693359
58635394.8837566227 120186.5479125977
55447906.1715719998 117830.7564697266
50874059.5898210332 73446.4314051718
53901767.6739254817 110473.0686187744
52547200.2602299005 97390.3953466415
53385928.8670810387 106081.8444900513
60558478.4456724748 120480.3389892578
51434572.4981266037 83061.2766769007
54192296.7526670769 112831.9080200195
54238042.9371384159 112995.4525146484
54873288.8078771904 116047.3097534180
60859176.9873840138 120485.4040527344
66314757.3767564818 120571.4337158203
52634538.3096263930 99007.6016998291
55899333.1339333728 118867.7457275391
58941585.4233903140 120282.6967773438
64896402.5618748814 120560.1495361328
51821872.6716537252 88888.0994930640
52828030.6058069840 100393.4164733887
54819238.7073220760 116042.6152954102
56660352.7113931477 119754.0304565430
57240299.5162595510 119908.3398437500
60927134.5490041524 120498.5676269531
51973999.1189527884 90439.6218781099
50874521.3305084407 73605.1465591379
51729485.3467682078 88470.0774574652
54127219.6231297478 111897.6933898926
62502119.2417680025 120525.0823974609
52709409.8017404005 99368.2540531158
52561724.7827670649 97702.4270324707
60438890.5182564631 120412.1459960938
65951034.9090456665 120566.7071533203
52837488.6999478117 100827.6451263428
57057790.6881235540 119908.0213623047
61370210.9304894581 120501.8388671875
50711344.6041042507 66622.9736653864
52860743.8107964918 101304.2915992737
58858394.8454577923 120262.3244018555
58748054.0912829861 120258.0684204102
50642255.4337963834 60788.2628094051
51245584.4725440890 81033.4091343880
61399675.2381276786 120504.5446777344
51195708.1017733216 79519.8706630170
51289379.9323663563 81484.2435267866
51429235.0746762678 82978.7920703292
58138535.4024562687 120171.7261352539
91830689.9368299097 120764.5573730469
52505147.8524701223 96736.5208358765
61319061.3725498244 120501.5848388672
60735725.7901809663 120484.5780029297
64888821.4054902866 120559.2978515625
91508966.1425590664 120763.5601806641
53334895.3924845681 105476.4649429321
51335135.3043378368 81915.7767299116
51670284.9489860162 86781.8045888804
51151553.5935324058 79179.8583022952
53534367.2258622423 107579.7293853760
53911418.3714848831 110788.3835754395
51676460.1992334649 87055.1676870249
52486029.1222461835 96006.3312301636
59624641.4135030359 120372.4459228516
51638005.0835642442 86309.2431388386
53333557.0604321063 105107.3292846680
52596491.3769807890 97964.8707580566
50623185.3143640757 58778.0427911673
55322910.1781690493 117166.0278930664
61562221.8755782470 120515.3264160156
55733195.7140268460 118478.8649291992
54563725.5733470991 114521.0341796875
50648335.2853772640 60920.7370586786
55909145.1284713820 118897.5446166992
51258633.9682776406 81039.7047694623
51225044.8196642920 79587.7375174165
51727680.5694201663 87074.0041826274
52777398.3808250353 99786.5850677490
52603056.3616657630 98333.7032680511
52514550.8515334204 97267.1291084290
92450700.1244439334 120768.3553466797
52496312.6617787406 96478.3573455811
51164532.5738719180 79502.1045338344
52645588.7464449778 99219.8337707520
64742473.4083846882 120552.9444580078
56681492.7196783721 119755.2460327148
64719789.8543360829 120551.2613525391
50983098.6379616037 75426.4487607405
51276229.6877960190 81039.9097544178
53373588.2874513790 106041.5086288452
60015310.2110557333 120394.4301757812
51210375.1787840575 79571.9447409511
91392299.7562735975 120762.0671386719
91570552.5810557008 120763.6817626953
53776026.0421795025 109618.1031188965
50963464.7016315088 75420.0548649728
55898114.4219766408 118828.5269775391
64017376.8648426682 120548.6502685547
60305906.3194826990 120406.1506347656
50809214.6835279986 69516.8549185395
51547429.0561556742 84806.0567508228
93056465.8420328647 120771.1649169922
51120524.4064159468 77763.0125842392
52813690.2239561006 100013.6419906616
53361578.7980239764 105981.7723007202
58515847.5537897497 120181.1014404297
54987496.2468141839 116374.2194824219
63931905.1098896265 120545.7658691406
50636692.9535194337 60695.8138788138
58471381.8733417317 120180.4995117188
53063972.6709825620 102818.3727416992
51669133.6847515330 86594.1044666192
53607196.9415007606 108220.3096008301
54013558.9884295836 111452.9687194824
51653588.7182274833 86455.0755451500
50639815.3084983528 60697.7992303763
51653748.4296126887 86581.3489364295
56197068.7959892675 119415.1641235352
57571041.1877979487 120041.9915771484
53392595.2351351157 106205.3018417358
60305594.9626522288 120404.6409912109
50762519.3978400826 68617.0715657771
59864681.5302550867 120373.2432861328
54735887.3358232901 115324.7158813477
50813247.9676343724 71450.8259364218
50989402.0154991299 75467.6969081014
53597042.9075625092 107978.1219711304
59867754.0614486188 120375.6589355469
53443708.0659231991 106507.8301620483
55002111.4402970076 116459.4506225586
53484905.6977324486 106880.0659904480
53619510.2528234273 108445.4646911621
50867164.8629926220 73444.6774989218
51064450.1344880685 77433.0046801865
53507959.1994080469 107238.2690734863
50663350.4533993825 61358.6518259142
57433393.8761799932 120033.3200683594
51375332.5950270221 82508.2411580086
57431392.2867353186 120032.4072875977
50670103.3830110952 62502.8945854008
59563908.8235869706 120299.5589599609
50863378.8988993913 73285.8438559175
51049717.0975253209 77056.4228742421
53477487.8984402940 106613.9239044189
50836035.2556251734 71482.1034587920
90780091.9001695365 120752.6157226562
51056213.9330501407 77430.9552417099
57253424.2349124104 119979.7886352539
52922119.5675789788 101506.9043121338
56897900.4870633930 119855.6173706055
53726012.6553994343 109280.9517784119
50895149.3382786512 73830.6514008716
53637849.9436802641 108570.4461364746
50944078.3343029693 75033.6688342392
50861989.8231496885 73284.2418051362
64816252.7312487587 120553.3328857422
51287807.0185819417 81083.7647288973
51404963.7968185171 82525.1134716272
53103819.9753608033 102832.9150695801
53109455.9087704495 103306.8017120361
53996233.9375002533 111246.4397277832
54371698.3937888518 113017.8401489258
54181277.1896730885 112446.2751770020
53988493.9063899666 111187.1730651855
63584757.6434416249 120543.8858642578
51408585.5576161444 82900.5522236824
55020451.1311538443 116584.4320678711
50845138.4896677807 71736.2705480251
55089541.2733721137 116623.8192749023
90123498.0694040656 120751.0826416016
53795345.0967270285 109726.8731994629
54435195.7188964486 113845.8009033203
50711873.9045042172 66638.4913152754
53997021.6027087942 111282.7251281738
56401611.9448478967 119526.4977416992
63787180.8806217015 120544.2297363281
54117981.0919819623 111839.2088317871
50727520.0517262071 67017.3848549249
55638845.8502373770 118008.1754150391
53886649.8042623699 110294.0841064453
53871451.3457039371 109863.4714050293
57260345.3189667314 119980.1140747070
51025613.6183996424 76285.3295092881
54801827.2152489349 115446.5586547852
52741721.3294053599 99638.2757873535
55709658.6888421699 118190.0920410156
54510498.8220706433 114174.5607910156
63477701.6197619438 120541.3961181641
88632205.2680368274 120741.8778076172
90234937.0829492509 120751.4139404297
50960812.1609978974 75308.1582356989
51001686.3153518736 75828.5434680283
50860959.9595035538 72909.5094273686
54508578.4441056624 114163.5043334961
54487844.0657806993 114129.5239868164
56773207.3260225952 119769.4790649414
88615976.4831763357 120741.4223632812
52569941.5274176598 97724.7487030029
52713730.9210766703 99411.3541412354
50917038.9590321034 73832.6214314997
51236227.7400292680 79782.8544647694
90109741.9738489836 120750.8769531250
53698944.1156580225 108679.4204406738
51010228.8184968308 75957.2311816514
50962023.2264768928 75411.0945239365
62680184.9487689435 120526.8735351562
62483301.4778246358 120522.9599609375
51126597.5739740208 77940.9663335904
63306974.6131490916 120537.4051513672
55317305.8087094873 117073.9716186523
51080635.4782910421 77550.3053080440
62705198.8190164790 120529.7795410156
50855300.5911900327 72908.7677214742
55318093.4739180282 117110.1384277344
52916057.4901625961 101354.6071166992
50676751.9815653935 62807.7126088035
50674016.7618295625 62805.9927199874
50657365.4879605472 61071.4608974848
89734681.1878494471 120746.0155029297
53326409.2103511095 104553.3843765259
52022429.0078866407 90666.1070240475
51938943.9793851152 89260.8850475478
53236276.7527371123 104151.7674865723
50697994.7571525276 65215.9094710648
50730665.6925042793 67326.7868713439
63422222.4348180890 120539.1098632812
52113641.2087683007 90771.6827693603
89445682.5566366017 120745.5793457031
50753437.0151283145 67359.9943059981
53291817.5225975364 104278.9993591309
89419195.2877448797 120745.3643798828
50759406.8399440870 67561.7818121016
50620067.0786632225 56952.7097107861
50723949.3246770427 67017.2682012618
55310564.6953900680 117045.3586425781
51873021.2360759154 88935.2046953368
51910085.7619306520 89045.0316282439
50753517.4222282022 67438.7283621132
50610987.8737701774 55196.9593169186
50736189.6077326089 67345.9368042052
50781238.7342345417 69359.3834289610
50788442.2382741272 69381.0595001280
89737611.9006179720 120746.7259521484
50680185.6179296374 62844.6466862750
51524722.9326429293 84536.7402184010
52077117.9055938646 90691.1267304420
51928211.1391303763 89120.0032776333
50778327.8799023330 69321.4820617735
62184695.2517053187 120517.3242187500
51245506.9489844367 79805.0889011621
53164734.1999304444 103683.8679351807
50618923.5704256445 56860.7180411313
53180694.2026324794 103736.3863067627
88242982.3155791312 120741.1960449219
50615212.2943280786 55471.6065700594
51374057.3667440191 82112.3845655918
52979795.6366600767 101886.2984123230
51487278.8997221962 83528.6706577539
51570898.3590454832 85009.6347464342
50616638.5053932443 55517.7377021853
51488100.4138035551 83920.6948344409
51557261.4968233481 84980.0585327148
53227196.8216632828 103914.7482261658
50611346.5945846885 55206.5105104540
51498713.3411761299 84105.6534137726
88049577.1875791699 120712.9873046875
51534265.7960385308 84637.9836266041
51511322.7181678191 84229.0436109274
53057394.6355198994 102205.9957504272
87645862.7734697610 120704.5712890625
87525999.3956473917 120704.3465576172
87032698.7329823375 120701.3967285156
53040018.1929091588 102152.1069450378
87253152.0180873871 120703.8397216797
86207503.6711731553 120690.9102783203
87762006.4384703487 120707.1854248047
53062435.8905803114 102352.3912200928
85313267.0072138160 120669.4161376953
84964587.0758259296 120668.0665283203
86049215.6636761129 120678.0054931641
85323833.7698706239 120676.4638671875
83482328.3777274638 120667.5830078125
83264538.8578262031 120663.4172363281
81554752.8804683834 120656.9190673828
79321547.2442598045 120649.1308593750
78640943.7548333257 120643.0933837891
80097675.2324865311 120652.4003906250
82670968.8018914461 120663.0814208984
81119131.5121881962 120656.7736816406
80722281.9747345299 120656.4383544922
52307321.4051455259 92510.9986138847
52156475.2020061389 90868.1150991670
52194842.1943050399 91038.9891039038
52286899.6452469528 92429.5074144602
52226834.5351141915 91215.5089525655
77772359.5288341194 120613.3143310547
77850592.7654049993 120630.0006103516
76976664.1621076912 120599.7506103516
77344556.4385730773 120608.7673339844
78576462.6259352118 120634.7829589844
81079794.3242349774 120656.7508544922
52172592.3234169930 90893.3077074194
