50773718.5392528996 69229.6363137513
50907891.3064815477 72559.9518388063
88275924.6903117746 120714.4882812500
50878895.4436370134 70762.4795144349
51057468.1638517305 75216.2887699679
50981372.1693327650 73808.6412451491
52284347.5690364093 89712.2005613297
88286660.2869783789 120719.5972900391
50704971.4364258200 66576.1462082863
52292808.8732377589 89749.6878916174
50605098.8345038667 60657.8830671404
50621198.5688424557 61653.1353283022
52198253.7072082311 87793.8161150366
52271565.6455632597 88786.8465753943
89752913.7175380588 120739.2308349609
52379997.5091239810 90254.5513712317
52294371.5642853379 89772.5706430823
50666443.3287393823 64485.1695293635
52453090.7922313884 90637.9607231617
52507760.9670412689 91849.0102841053
52508390.5687146336 91939.3812553883
52553054.7305144072 92390.9262535572
87923428.4950745851 120709.6035156250
88952940.4132679254 120726.6552734375
50930037.7650739253 72572.2693156078
50610082.9064587653 60895.9242534731
50699064.5925040320 66522.0065115243
51015800.4645450041 73990.9527242185
50891726.5632470548 71440.0384647921
87936487.7826257944 120710.9798583984
89708029.3120941371 120737.9792480469
52599694.7494666874 92646.9038002491
87502480.1973812729 120705.6092529297
50940567.7472515851 73215.2800328583
52715399.8861480355 93622.4004886150
51021127.4201130271 74052.1118900850
50870455.8792649582 70751.8161216788
51047098.4861272052 75207.1010474041
50952755.6602895781 73545.4510132968
50630494.1710970178 62465.5103393644
50772747.6504638121 68760.8424463570
50935051.7558471262 73202.2038090304
50826696.4138973281 69458.7631529123
52805935.9809172899 94415.3730795383
50756479.0356324017 68748.4929421693
50802623.0518646315 69293.8703835756
52562011.8867579699 92396.0659124851
85670995.2369242609 120692.5217285156
50692302.4674649984 65000.1489605159
86800569.5868762136 120703.1645507812
85516042.8133547008 120678.3580322266
50762525.7785741910 68752.0340305120
52770261.5304072201 94140.3946907520
85268448.3824449033 120667.9445800781
50581252.8090103269 56837.8413403127
50604080.1238771975 59399.1503400896
50931681.1022299752 72749.2043198645
50755437.0223154798 68536.5508336872
52589095.9405499771 92451.6009666920
85535594.2291007936 120679.0718994141
52552640.8432487622 92193.8515369892
52593828.8880231977 92523.4558499604
52650583.3710644841 93204.8633873463
52560628.8416572362 92393.0026695728
85402213.5727418065 120676.3007812500
50707287.7527922019 66698.2424029037
50573644.4312065244 54849.8630413208
50574177.5098029450 55006.6884745243
50992982.0418497249 73897.2308178023
52756784.0945073739 93649.7698338032
53033992.7148849443 94578.6350986958
50708645.0731407478 66716.5579032898
50616030.3166881353 61043.4047697680
50604026.9179269969 59079.5385847185
85661514.1988898516 120683.8355712891
50573004.9377472103 54818.3316669557
86513159.3150338680 120693.3830566406
53044058.9509164020 94581.4425938129
51041309.7407470345 74128.1668004021
50725221.7808521315 67148.8387365192
50669243.9322203547 64682.8474979252
50571870.8917325661 54803.3420727346
51194080.5996604636 75283.2723659500
50692554.0896094888 65106.6891826838
50589144.9986643046 58691.8006860483
50720105.3367853463 67051.5214147419
52927024.0196860358 94476.2499306202
50596701.7366675436 58996.6006284002
50623357.4506079853 61736.8835582826
50749832.6982816756 67381.3915426321
50828230.1217208207 70512.1172310263
50607603.0316658020 60886.1389070842
50572519.9700984061 54812.5880541895
52427155.2402774841 90553.3242475986
51126836.3383833617 75277.2433132157
52407242.0440103933 90489.4151600003
51100077.4022349268 75224.4441827610
52414562.0646822602 90517.3834517002
51072069.1941724643 75218.5385431126
50605695.4507626370 60700.2271133605
50752218.6358430609 68489.7429236323
50661157.7010510415 64471.6950157346
50921825.8828700483 72560.3651418537
52403600.2252132222 90263.0800344944
50573584.9311275333 54820.5133075807
84622713.7766782939 120653.5976562500
50587718.0235918760 58633.0951032732
50610769.0206961483 60942.2701973338
52474931.9607627168 91059.0617964268
50580589.7512379289 56834.2183968071
50588874.6762061119 58635.4513044450
52403847.9046720788 90451.8731672764
52404347.0577603653 90487.3238203526
50855797.2761522308 70727.7634428068
84546941.8705617040 120638.9790039062
50699839.8524252847 66553.9789381921
50851925.4944908842 70681.2174237295
52220582.8842171654 88502.3684966564
50602125.3498562798 59065.2814970706
50577994.8316516951 56642.9663711730
50705433.0962928534 66664.2884820998
83804585.8097803593 120633.6759033203
84130857.3394995928 120636.7932128906
83667775.4460975230 120628.6944580078
50591866.9828615040 58904.9468607102
50728135.1201707274 67241.0483985487
84568647.0645188093 120642.4383544922
50698919.2777995393 66510.1564736217
52175420.5787874684 87468.0241463184
50572450.8851128891 54805.6241772268
50598597.2672407851 59045.9259753898
52262662.3192669079 88743.4497892857
50710184.9415754825 66984.6176671833
52093812.8233065382 86498.9609987736
84080875.7602324486 120633.7780761719
83283058.8163669407 120621.6274414062
82859782.4719171226 120616.6649169922
52086327.8442030475 86435.5804140568
50675377.2209674940 64949.5952725857
50703851.0913300663 66572.4418935627
81988332.9714854062 120602.1141967773
50674593.0517860726 64921.0487661306
50573866.3706570268 54875.0625197981
52179241.5237235054 87641.7470939159
50595893.4299528748 58966.3139110748
50705400.2417885065 66576.5370774269
52177119.5036875829 87581.8333841562
50881854.1693868488 70799.4934373116
81916339.0095070899 120601.1912231445
52162691.1193889454 87258.8806177378
50661301.0779601112 64483.6423076838
50695187.4133343995 66505.4098424762
50575281.1345064715 55092.3235142883
50573384.1958786547 54819.0019072685
82779942.9335456491 120606.5188598633
50577909.3419879526 56602.6368513200
50576860.7856370434 56600.9597272966
50571958.7897538543 54803.4256908987
50648219.0086552203 62928.1198572461
50591559.2180731371 58865.1202177946
50638257.8864558712 62915.6021137182
50651329.6228424609 63171.3545595258
82799046.8752814233 120608.9856567383
52049101.3444444314 85558.9280161262
81677561.5546164513 120596.1375122070
50638973.5313486755 62922.3656989131
52006946.1751745194 83822.3332075775
50578577.7911593467 56821.8987691943
50596923.3250174448 59021.9366371725
81442103.5663478076 120591.9808959961
50582858.9615562186 56862.7107837647
50584021.5969781876 57120.9323080126
52051075.9347139224 85575.8343070745
50595607.6565910950 58927.2018361185
52037211.4189957157 85496.2705951929
52007796.2733530179 84120.9277910888
51927316.8287724033 83360.1891035736
81126430.1442018896 120567.8355102539
51857172.3239632770 81750.3907962739
52027965.2726703361 85470.6594404876
50881093.0194106996 70793.5606065011
51941826.2702814266 83765.1217570305
50579620.9128843844 56823.6130483449
51768058.0766886696 81688.7779099941
79885595.4936689883 120504.3242187500
50583831.7353541628 56866.0013651047
80020004.4355401844 120554.2334594727
79729540.8171142936 120488.5010986328
50579783.3305170685 56828.4399046600
51862039.9928552732 81994.6424852312
50578665.6891806349 56821.9849508349
51891973.5723625049 82169.0986467302
50582511.3987579197 56841.1649246160
50590510.6617222205 58863.6058134977
51903823.6346379593 83092.1374650896
51753145.4847062305 81048.2937123626
79956756.0228791535 120527.4389038086
51701555.4020821303 80181.7900807709
51734009.4845939502 80436.8539396822
51534678.5891207829 78435.0976570398
79144228.3684593290 120469.2836914062
50590441.5767367035 58858.6627462450
51731586.8991662189 80196.2760323406
51401138.5518682152 76694.3376778484
51513913.4430053458 78197.1483467937
51368601.9064247310 76189.6879326336
51485689.6583425254 77509.9037719787
51332355.4518557340 76165.3002893254
50581792.1238808855 56839.3911576066
51325621.3641934544 76145.8820504070
51384346.6992485821 76565.0256737591
51274669.3331060261 75350.8149392045
78854762.0829405487 120350.6334228516
78045594.1047099829 120348.6268310547
77601820.8260198832 119361.4126586914
77951864.5404667109 119424.6296386719
76878489.6237588376 118948.5349731445
76619521.1114184260 118873.7153320312
75138442.5369110107 118802.8435058594
75093944.7681191266 117690.7247924805
76276175.9596439153 118807.6287231445
75091047.2691791058 117257.7978515625
72423209.0627951324 115622.8356323242
73665707.7175403386 117154.1087646484
72720134.4365109503 116713.8773803711
73884655.6695788652 117241.4023437500
73219128.8275474906 116965.0750732422
73636428.1333476305 117082.1891479492
71668539.0641295016 113695.2943420410
72034091.1088031083 114028.1730041504
71030867.7801347375 113294.0989685059
70709219.1494732499 113095.4763488770
70974590.4067570269 113214.5975646973
69800616.5310828239 112707.1203308105
70187460.3667960018 113080.9458312988
69359902.8831766397 111879.5155944824
69191509.7260148227 109425.5749816895
69230053.2067530304 110494.6880187988
57219618.6316208914 94847.8065109253
57365101.5815484896 95257.7818450928
57154642.0726574436 94617.4899749756
57882353.3785150349 98570.1207275391
57784599.4048033431 96699.6560821533
58250840.6139373556 98696.6971282959
58186151.7193171382 98671.3818817139
58511026.8072450981 99436.3809204102
57881713.8144582063 96708.2316436768
58878550.9082213417 100424.8799362183
59237022.9271988943 100544.2357711792
59718227.4741644934 100704.1764373779
64414982.0848919302 100725.3177795410
65270990.3274306804 101363.5081024170
65130585.5818757340 100973.6384887695
66003527.4164314419 101436.6135864258
66058542.6455450803 101643.3721618652
65556277.1776696593 101379.6912231445
65902832.7578417957 101391.5094604492
66095097.5296109840 105596.5760192871
66682604.5368648842 108098.4707336426
