56373056.0436674654 118142.7027587891
57630601.8745163605 119856.7324218750
58941041.9503628537 120065.6890869141
61949201.2375014573 120420.8702392578
54298731.9632631615 111867.0992279053
63005865.5860735700 120511.4620361328
50673196.0548605919 59492.7532603014
51579654.8829283342 82264.6474857405
51405727.2565100268 80454.6580896699
51573532.8149954602 82170.3349981629
54318290.3660767302 112031.1675262451
55045601.6837814450 114937.9487304688
55239995.4004671648 115149.1935424805
57190367.4154154137 119663.2097167969
62330135.3760798424 120505.9608154297
50920215.4689278826 71740.0869741626
51519413.0928679258 81652.5566367158
52961134.5699580759 100152.3688316345
53028945.1195318103 101148.5840568542
53497861.4619586393 105839.5201721191
53520730.7298562154 105954.8489532471
54215863.8958359659 110891.5947113037
54414008.9998790473 112173.5792846680
55233531.5514219329 115070.5397949219
57163923.0097618699 119659.9664306641
57697450.3442262635 119858.1495361328
61316731.1154709235 120402.4613037109
61213277.4372922406 120380.8673095703
58645316.6859209985 120013.7506103516
56527006.8467131406 118642.8515014648
57307472.5318169743 119753.7820434570
57800784.1776010767 119890.1209716797
57972031.5302370265 119930.2177734375
58465776.5595377013 119990.5792236328
61142497.4779583067 120377.3598632812
53036855.6919291019 101823.2461242676
53031727.5361654460 101207.1171226501
53452314.3184688762 105355.3169097900
53061333.0983204842 102153.8989372253
53347882.8392636403 104123.5050659180
53183021.0478791669 102438.7865753174
55023407.4949874952 114797.6313476562
61314555.0459911227 120384.7493286133
51414053.6355194971 81174.4832053259
53297739.5823296458 104121.3514556885
54429294.0291786045 112415.8559570312
58594484.9551566616 120002.5096435547
51020481.3024182320 73653.9098470211
51243604.6545687094 78139.2934317183
51347002.6515540183 80182.8644495332
51889911.5732430741 88262.4339209815
58240315.9314743280 119982.1562500000
61972119.0707534477 120486.7823486328
51959649.2469786778 89221.9664221108
58333230.0628369302 119982.5543212891
64939170.1417192444 120528.1497802734
86049215.6636761129 120678.0054931641
50664568.1124146953 57532.1249823890
50659461.8137800395 56252.3578918534
54547685.3607640639 112902.7876892090
54916609.1840037629 114793.2736206055
50768457.1795452535 65385.8530313671
53107642.8404168710 102263.8721466064
54092554.7385182530 110066.5264053345
55312995.8740303516 115708.2749023438
61267992.5234518126 120381.8558349609
51341636.4892757013 79958.1049009808
53125469.8420454487 102337.2911834717
56453847.4461357817 118405.2741088867
56386547.9819051400 118277.1737060547
57499135.0765431821 119805.2373657227
64324953.0234862566 120520.0844726562
85323833.7698706239 120676.4638671875
50680806.4851475656 59494.2869517077
53356465.6088586524 104232.3815994263
54277638.1895803213 111177.4049835205
54668848.5834240988 113921.8668823242
61670905.2095998973 120412.8341064453
83482328.3777274638 120667.5830078125
50671706.1850925237 57718.0202480722
51220350.6893700361 77969.3718336821
54088809.2563401312 110034.9487395287
54183856.7041660398 110579.6487121582
54574954.6235734373 113188.1619262695
61784678.0995568782 120418.3701171875
54359529.8558787182 112060.3096923828
56813786.9248623475 119377.6967163086
53227759.8411018774 103059.0094985962
59173081.3429035842 120088.2702636719
50691687.2292361483 59716.0239335764
54647225.6297806203 113670.3142700195
54895109.2007581815 114611.1996459961
50968558.0871143639 72484.5062360950
51146348.4696555883 76462.6209157705
53215339.6898904666 102709.9865264893
54036634.9284778908 109344.9691925049
54468867.1108753532 112650.6548461914
54484972.5574809313 112696.6296386719
56809041.2759691626 119358.3306274414
64903778.5707385316 120528.0347900391
50875277.0059184209 69742.4981885143
51168752.4612187371 76885.9689763784
56696216.8331503794 119169.4963378906
63533007.8443388939 120517.6188964844
54901103.2113983855 114678.2290649414
50800514.1537506282 66098.2524020970
62004335.7809857130 120488.5615234375
51125860.4463079050 76136.8206616887
54253052.1781008542 110904.3090667725
50660039.3988028094 57461.3783823717
51115195.3949533477 76135.2452138662
54106286.7753426731 110329.0133209229
54566712.0378998294 112968.5649414062
51020171.8781756535 73040.7712202258
51057855.4647033215 74759.0755741596
53528719.5226291046 106073.9669799805
54664541.8283505067 113903.9360351562
50807649.5274463519 66105.7378635947
50795942.7192020267 65644.9971814007
53241585.9068642482 103585.1571540833
54066433.0977166668 109781.6987304688
50798618.3656935021 65934.4286411107
51002056.5718408003 72902.8473394103
51341231.5522975251 78395.6115169525
51141643.9629394487 76359.3322651386
54771003.9831818119 114121.0509643555
83264538.8578262031 120663.4172363281
53273823.2247502580 104098.2018585205
56716951.2114753425 119203.6192016602
62325066.4534465298 120493.4453125000
62305030.6781917140 120490.0009765625
51925037.5254972801 88555.6010544300
53465937.3562770411 105521.1345062256
55963033.3633916825 117085.4121704102
56243689.7142766193 117791.3701171875
56795285.1739307493 119343.7718505859
50933524.6090444624 72048.9976086803
55110154.0860141516 115056.9050903320
56877647.2386361882 119396.0779418945
54025799.1277449131 109320.9007034302
54647348.6001785174 113739.7929077148
51272505.4895905554 78342.8111205101
50969035.7764935195 72712.5706587024
51126234.8428922743 76309.8998539448
51859331.3265483156 87261.6881428769
54436254.6023922116 112556.2415161133
56289179.3911983967 117965.8462524414
56620537.6697535068 118982.6881103516
50761784.3961918727 63669.7738888562
50875888.0393652543 70156.5939908214
50856514.4966688082 69622.2397668455
51866423.0193466470 87912.0588531867
50852474.6485711485 67628.1159610301
50774849.0645141602 65640.1423328221
54422358.6975789964 112392.4652099609
56299626.6091070473 118135.4196777344
51031069.8859640211 74169.6274380870
62887182.6545823142 120507.0268554688
50838409.1302430257 67384.0783472359
64056355.5048881918 120518.0772705078
81554752.8804683834 120656.9190673828
53431221.3080642372 104826.7868499756
53392820.3015815690 104617.4689178467
54167588.8613574654 110379.5623016357
52068768.0058310479 90030.4984131863
53423747.8442811295 104749.7530517578
57126891.5836796686 119538.6636962891
50747957.9781243429 61864.2043886278
50954724.5843506753 72250.7116055675
56816019.5522557124 119377.8947143555
61028014.1755587459 120297.7151489258
57000364.1567413062 119487.6132202148
56922601.3119406775 119442.5655517578
51853024.6852049157 86969.9014044812
51778679.4304426834 86456.1205569318
54562638.9785622135 112948.9446563721
57733767.9476790354 119877.5991210938
50735562.0624665394 61637.0837431047
57352124.8244424537 119761.1237182617
57434943.6119905561 119776.5462646484
50939627.9727760479 72225.4582772441
52028850.8647841588 89361.2707029581
53381247.5129891858 104612.5057220459
56507525.8333374709 118520.4765625000
53214579.4461043254 102616.9129371643
54770974.9629352093 114120.0861206055
56456583.0888519660 118483.6859130859
58444333.8930611461 119983.2929687500
59150996.9639610052 120066.3115234375
56345852.0318953767 118135.6170654297
50960823.3855806142 72367.5599252470
54379982.6408410817 112132.8062744141
56825856.8349640220 119384.6628417969
59963622.3217028975 120188.9985961914
79321547.2442598045 120649.1308593750
78640943.7548333257 120643.0933837891
51026907.0468283519 73961.7054799683
51024460.5592886731 73960.9896040149
50927614.0822069794 71980.1085004993
54576827.3476730660 113270.4767761230
51878972.9924399033 88026.5047895908
54661870.3071375489 113902.3027954102
51774648.9707730338 86331.3549268350
55943408.5698731542 116951.9255371094
80097675.2324865311 120652.4003906250
51891521.4176722839 88345.7888144925
60824236.3880879134 120292.4206542969
55801919.6172887236 116820.5206909180
53800671.5083518848 107098.8898620605
50825497.5796930194 67359.0239420235
50830473.0604369193 67373.6799478829
51871160.1486323997 88019.1817768812
53845589.3231502399 107395.1820373535
53720264.3673036098 106626.0426635742
53806328.6910665259 107101.8569641113
51900711.7132735029 88453.9382086804
53638807.5845422074 106559.2931823730
60565195.9757605493 120269.1088256836
82670968.8018914461 120663.0814208984
51811855.0811734721 86805.5643297434
51896258.5469580367 88401.5763841867
53605658.3895272538 106399.7952270508
55538710.2316310778 116154.4077148438
52233844.2825355828 91312.4633688331
55579429.5613890067 116159.9631347656
55846608.3065814674 116949.8068847656
53771257.6557798088 107057.2340278625
50757886.5988380387 63255.2425880227
55679692.1282997876 116430.7703247070
52188974.9995710701 91038.5057062581
55765173.9868994281 116772.9298706055
81119131.5121881962 120656.7736816406
52144605.3331110179 90715.2228999580
55762134.6993125901 116757.3318481445
55475093.9256850630 116101.3195800781
52250296.3107061163 92039.4326902628
52085865.9526868016 90444.1394524053
55461646.5612031817 115951.7103271484
55267993.8445214629 115260.7937622070
55832862.9930719137 116821.1301879883
53873046.1117913648 107700.0040473938
55623208.9979759455 116198.4932861328
53886487.0704111904 107794.0945625305
52139076.7539400384 90706.2789301351
52079613.0644985810 90429.6023851633
53887356.8199967891 108040.1575508118
53954969.5277283341 108199.7144927979
55384093.0087384433 115936.8114624023
80722281.9747345299 120656.4383544922
52307321.4051455259 92510.9986138847
52156475.2020061389 90868.1150991670
53944843.4046701640 108181.5337677002
51748642.9255952984 84436.3957945406
52099204.3018894270 90524.0701360926
59442492.2377527803 120092.0039672852
52194842.1943050399 91038.9891039038
53966868.8230205625 108549.8554382324
60220477.8455007002 120191.0722045898
59439267.1939502880 120091.0507202148
60726527.0173665658 120270.9082031250
52933186.2640272081 92629.8110660836
52067521.9123380780 89859.8708177805
55376803.9871808141 115733.5330810547
59832462.7930066735 120174.4876098633
59586653.9223312065 120156.6387939453
60818206.5362170413 120272.0993652344
52514251.0310124308 92619.2931217477
52286899.6452469528 92429.5074144602
59530275.1135242805 120127.9529418945
52226834.5351141915 91215.5089525655
52076278.8657953888 90093.5500179529
60268482.6523058340 120242.1467285156
52564375.3058170080 92621.9065250680
77772359.5288341194 120613.3143310547
56075835.8285814747 117285.4832153320
60340647.6612290069 120249.3749389648
52510335.4833149686 92540.6900811698
76462743.9836639613 120569.0467529297
58903201.4428597614 120047.5574340820
77850592.7654049993 120630.0006103516
59650276.9124875441 120166.7781372070
76976664.1621076912 120599.7506103516
77344556.4385730773 120608.7673339844
78576462.6259352118 120634.7829589844
81079794.3242349774 120656.7508544922
52172592.3234169930 90893.3077074194
50855781.2457355112 67857.3651821986
59777439.4698822424 120171.6903076172
58937533.9149068370 120048.3311157227
50849262.9415759444 67608.7997414060
50845182.4368188009 67587.5588543788
51718315.5923363194 83803.8948346078
51701100.4030861482 83202.9269419461
51667746.2724887431 82745.6298268884
