56186669.4471995011 119186.9621582031
57611883.5081373155 120056.2956542969
57666783.2528456300 120074.3688964844
57165111.9251941890 119975.7832031250
51230351.6162599325 80067.0294919014
51907076.2878751233 90226.4849767685
51512456.4386349767 85198.9014342427
50618243.1435244232 58813.8861824069
55698543.9818254560 118232.1271362305
61512137.0447351635 120515.3264160156
51711563.7809303328 88268.4028148651
53581728.7687468454 107886.3265609741
60687413.9473587796 120485.0419921875
53321981.2305334508 105116.4419479370
54929888.0279364213 116172.4745483398
65845749.1921727732 120569.5894775391
51551250.9020362943 85552.8165076375
53342708.8090327159 105871.0344085693
91286779.5956842899 120762.8433837891
50856156.9033340663 73076.9403143525
51146551.8594170585 79037.1770336330
50892972.4036992192 73899.6555548310
52596634.7538898513 98081.3395195007
53385290.6295521930 106139.8894577026
50610120.2801526934 55191.8019682858
51624285.3061538264 86446.4950600043
51391351.8819120303 83570.9431784749
65779304.0283640772 120566.3291015625
52529772.3328514621 97600.3685913086
64226701.8235030323 120549.5891113281
65763463.5666540936 120565.7658691406
60133141.5509892181 120405.5073242188
50616462.8280120417 58681.0042654667
64292191.7892780825 120556.8869628906
50655213.1340418011 61317.0571039114
51359008.7463284880 83232.6479743123
50922796.6094536632 74015.0184911788
52532225.0099333897 97759.8890686035
58668897.9726433009 120193.5093994141
50820989.3240019977 71694.0541754365
52955690.4976662323 101652.7961235046
64990384.0623247772 120560.6389160156
51526443.0381681100 85312.6188252568
54280640.0477061570 113086.2000122070
55903725.5379316434 118886.4338989258
52873681.4063019082 101406.3101654053
51402324.7973892912 83810.2958434224
51362751.7743949071 83285.2253859639
51779453.7012336180 88575.3906637835
51636381.8977529332 86537.8601270095
59579316.2606527656 120372.4459228516
64105348.2240991443 120549.5405273438
64300207.0193452388 120560.1495361328
53323383.2957989424 105618.5440292358
54490979.8415244594 114221.0157470703
50645148.1598994732 60930.8598585520
56973588.0042318180 119966.1478271484
52598244.5983190760 98358.3585994244
58534866.4798140526 120189.0228881836
57849530.5112942308 120095.6062622070
50773239.6977937520 68690.1355570853
51815397.3045455739 89368.6696631121
57428070.3947454467 120055.9526367188
54397596.4737211093 113883.6608276367
50679387.5923030078 64902.3147237096
50957497.0295527726 75434.2918400764
55436903.4994415641 117765.5269775391
56064085.8033133596 119097.6270141602
58938271.6514284536 120284.0471191406
50711703.6159388348 66879.5188872516
54184011.6362533420 112765.9031982422
59214121.0812909678 120298.6621093750
92097736.1006385833 120767.3789062500
51070065.5136322230 77499.6373400986
92932172.4144430906 120770.8852539062
91163982.4084443003 120759.1660156250
55592308.3875427395 117985.6739501953
54143210.3766279295 112067.0531158447
92956206.5867183506 120771.1649169922
55289896.3578358293 117191.4432373047
59863266.2702480108 120390.4882812500
54326346.3478094637 113284.4220581055
60179052.5038314015 120406.5551757812
51196790.3796447068 79825.0912044346
51727588.4915026501 88307.7441777959
51625426.6148966029 86506.6769821793
54542137.6202860028 114634.5534057617
55633027.7173006684 118026.6825561523
51352811.2898690775 82621.6722583771
50640989.5735315233 60825.1692674062
51332404.2586822957 81649.5632806495
53033178.2745738700 102353.4157447815
50861461.3194078505 73456.0171042085
51909778.8797903880 90426.9901361838
50974584.4110072702 75474.9659796357
53975743.1864043772 111191.3019104004
51422371.4345446751 83914.8517938331
53079722.3680703416 102977.9061584473
54789007.5433320478 115879.2722167969
91569916.2194236964 120764.4526367188
52815611.6600774005 100695.3192596436
52831267.9328035936 101181.9517669678
55910694.5485036597 118973.2634277344
50859502.8346866220 73453.7781134248
52449427.7959842533 96836.1268234253
60878026.2516973242 120498.5676269531
51141308.7828857824 79035.8652690351
50635286.3434511498 58932.5921225343
51946097.2817080244 90450.7604223895
61164181.4362131953 120503.4291992188
51784839.5372530296 88989.5075674430
53595069.2036538124 108008.4663314819
53985753.2501621842 111269.3547363281
52698009.1568647251 99545.1678314209
62129621.0597336665 120515.5744628906
52687053.5101654455 99447.7316284180
50760465.9066692069 68320.6062242091
50704186.3126373887 66623.0442830622
52502984.2697366849 97366.1180267334
55200931.5513880104 116931.0654907227
51356268.9693676382 83039.8030877784
52730171.6719853953 99737.0099487305
50664522.7169688195 62727.7208002005
52482242.0814554468 97228.3372271359
51244222.2390875593 81034.9088790491
55447906.1715719998 117830.7564697266
53901767.6739254817 110473.0686187744
60558478.4456724748 120480.3389892578
54192296.7526670769 112831.9080200195
54238042.9371384159 112995.4525146484
66314757.3767564818 120571.4337158203
52634538.3096263930 99007.6016998291
55899333.1339333728 118867.7457275391
54819238.7073220760 116042.6152954102
50874521.3305084407 73605.1465591379
51729485.3467682078 88470.0774574652
54127219.6231297478 111897.6933898926
62502119.2417680025 120525.0823974609
60438890.5182564631 120412.1459960938
52860743.8107964918 101304.2915992737
58858394.8454577923 120262.3244018555
58748054.0912829861 120258.0684204102
61399675.2381276786 120504.5446777344
51195708.1017733216 79519.8706630170
51289379.9323663563 81484.2435267866
58138535.4024562687 120171.7261352539
91830689.9368299097 120764.5573730469
91508966.1425590664 120763.5601806641
51335135.3043378368 81915.7767299116
51670284.9489860162 86781.8045888804
51151553.5935324058 79179.8583022952
53534367.2258622423 107579.7293853760
53911418.3714848831 110788.3835754395
51676460.1992334649 87055.1676870249
52596491.3769807890 97964.8707580566
55733195.7140268460 118478.8649291992
51258633.9682776406 81039.7047694623
52777398.3808250353 99786.5850677490
92450700.1244439334 120768.3553466797
51164532.5738719180 79502.1045338344
52645588.7464449778 99219.8337707520
56681492.7196783721 119755.2460327148
51276229.6877960190 81039.9097544178
53373588.2874513790 106041.5086288452
60015310.2110557333 120394.4301757812
53776026.0421795025 109618.1031188965
55898114.4219766408 118828.5269775391
64017376.8648426682 120548.6502685547
50809214.6835279986 69516.8549185395
51120524.4064159468 77763.0125842392
52813690.2239561006 100013.6419906616
53361578.7980239764 105981.7723007202
54987496.2468141839 116374.2194824219
63931905.1098896265 120545.7658691406
50636692.9535194337 60695.8138788138
53063972.6709825620 102818.3727416992
51669133.6847515330 86594.1044666192
53607196.9415007606 108220.3096008301
54013558.9884295836 111452.9687194824
50639815.3084983528 60697.7992303763
51653748.4296126887 86581.3489364295
53392595.2351351157 106205.3018417358
50762519.3978400826 68617.0715657771
54735887.3358232901 115324.7158813477
50813247.9676343724 71450.8259364218
53443708.0659231991 106507.8301620483
55002111.4402970076 116459.4506225586
53484905.6977324486 106880.0659904480
53619510.2528234273 108445.4646911621
51064450.1344880685 77433.0046801865
53507959.1994080469 107238.2690734863
50663350.4533993825 61358.6518259142
59563908.8235869706 120299.5589599609
51049717.0975253209 77056.4228742421
90780091.9001695365 120752.6157226562
51056213.9330501407 77430.9552417099
57253424.2349124104 119979.7886352539
52922119.5675789788 101506.9043121338
53726012.6553994343 109280.9517784119
53637849.9436802641 108570.4461364746
50944078.3343029693 75033.6688342392
51287807.0185819417 81083.7647288973
53109455.9087704495 103306.8017120361
63584757.6434416249 120543.8858642578
55020451.1311538443 116584.4320678711
50845138.4896677807 71736.2705480251
55089541.2733721137 116623.8192749023
90123498.0694040656 120751.0826416016
53795345.0967270285 109726.8731994629
53997021.6027087942 111282.7251281738
56401611.9448478967 119526.4977416992
63787180.8806217015 120544.2297363281
54117981.0919819623 111839.2088317871
50727520.0517262071 67017.3848549249
53886649.8042623699 110294.0841064453
53871451.3457039371 109863.4714050293
57260345.3189667314 119980.1140747070
51025613.6183996424 76285.3295092881
63477701.6197619438 120541.3961181641
88632205.2680368274 120741.8778076172
90234937.0829492509 120751.4139404297
51001686.3153518736 75828.5434680283
56773207.3260225952 119769.4790649414
88615976.4831763357 120741.4223632812
90109741.9738489836 120750.8769531250
53698944.1156580225 108679.4204406738
51010228.8184968308 75957.2311816514
62680184.9487689435 120526.8735351562
62483301.4778246358 120522.9599609375
51126597.5739740208 77940.9663335904
63306974.6131490916 120537.4051513672
51080635.4782910421 77550.3053080440
62705198.8190164790 120529.7795410156
50855300.5911900327 72908.7677214742
50676751.9815653935 62807.7126088035
50674016.7618295625 62805.9927199874
89734681.1878494471 120746.0155029297
52022429.0078866407 90666.1070240475
53236276.7527371123 104151.7674865723
50697994.7571525276 65215.9094710648
50730665.6925042793 67326.7868713439
63422222.4348180890 120539.1098632812
52113641.2087683007 90771.6827693603
89445682.5566366017 120745.5793457031
50753437.0151283145 67359.9943059981
53291817.5225975364 104278.9993591309
89419195.2877448797 120745.3643798828
50759406.8399440870 67561.7818121016
50723949.3246770427 67017.2682012618
50753517.4222282022 67438.7283621132
50610987.8737701774 55196.9593169186
50736189.6077326089 67345.9368042052
50781238.7342345417 69359.3834289610
50788442.2382741272 69381.0595001280
89737611.9006179720 120746.7259521484
52077117.9055938646 90691.1267304420
50778327.8799023330 69321.4820617735
62184695.2517053187 120517.3242187500
53164734.1999304444 103683.8679351807
53180694.2026324794 103736.3863067627
88242982.3155791312 120741.1960449219
50615212.2943280786 55471.6065700594
52979795.6366600767 101886.2984123230
51488100.4138035551 83920.6948344409
53227196.8216632828 103914.7482261658
50611346.5945846885 55206.5105104540
51498713.3411761299 84105.6534137726
88049577.1875791699 120712.9873046875
51511322.7181678191 84229.0436109274
87645862.7734697610 120704.5712890625
87525999.3956473917 120704.3465576172
87032698.7329823375 120701.3967285156
87253152.0180873871 120703.8397216797
86207503.6711731553 120690.9102783203
87762006.4384703487 120707.1854248047
85313267.0072138160 120669.4161376953
84964587.0758259296 120668.0665283203
86049215.6636761129 120678.0054931641
85323833.7698706239 120676.4638671875
83482328.3777274638 120667.5830078125
83264538.8578262031 120663.4172363281
81554752.8804683834 120656.9190673828
79321547.2442598045 120649.1308593750
78640943.7548333257 120643.0933837891
80097675.2324865311 120652.4003906250
82670968.8018914461 120663.0814208984
81119131.5121881962 120656.7736816406
80722281.9747345299 120656.4383544922
52307321.4051455259 92510.9986138847
52156475.2020061389 90868.1150991670
52194842.1943050399 91038.9891039038
52286899.6452469528 92429.5074144602
52226834.5351141915 91215.5089525655
77772359.5288341194 120613.3143310547
77850592.7654049993 120630.0006103516
76976664.1621076912 120599.7506103516
77344556.4385730773 120608.7673339844
78576462.6259352118 120634.7829589844
81079794.3242349774 120656.7508544922
52172592.3234169930 90893.3077074194
