56085477.2472736835 118978.7449951172
50967653.3534971923 75411.2214831822
51005482.2227784470 75603.3057666123
51010228.8184968308 75957.2311816514
50962023.2264768928 75411.0945239365
52600419.1722438186 97331.3311538696
56508117.1003828198 119514.2510375977
56892471.2075278759 119755.9512939453
59143569.6803586259 120172.5383300781
60857071.2643724233 120393.3115844727
62680184.9487689435 120526.8735351562
54168904.5266570374 111821.9380798340
50670935.7064536959 61221.4236752154
54906143.5484810397 115447.9949340820
54666353.3588891998 114359.3662719727
52689182.1030419022 98072.4239482880
54805108.6730408967 115382.7561645508
62483301.4778246358 120522.9599609375
51269826.8681991622 80157.7355225086
55134337.1124043912 115798.8203125000
53744936.3857826665 108654.1572875977
50938451.6540201679 73820.2066199780
51126597.5739740208 77940.9663335904
51709281.6908097118 87008.9977458625
51302660.5902418420 80910.8967918158
53738753.9331961647 108613.2349243164
54241774.3285953775 111879.5030822754
53695310.0394207016 108385.2820129395
54548757.5712798834 113638.2062988281
63306974.6131490916 120537.4051513672
53895026.6268348321 109674.4002838135
53909896.3329099417 110385.5052185059
55317305.8087094873 117073.9716186523
56357914.7856164426 119414.2923583984
57095743.0774284154 119814.0599365234
51080635.4782910421 77550.3053080440
53378664.5066931918 105706.3620300293
55766648.7569950670 118262.0659790039
62705198.8190164790 120529.7795410156
62084175.5623993576 120515.6499023438
52758956.7752076834 99195.6833114624
56776924.6239405796 119594.2687988281
50855300.5911900327 72908.7677214742
50864906.7205958813 72976.6819240153
55630965.5097940937 117939.6702270508
60721697.3599813133 120379.4871215820
51194958.3489084169 79431.3845584393
51246374.9069807902 80134.5649139881
51222080.1242426038 79441.0434830189
51181519.7907426879 79262.3285858631
56953942.4500886798 119772.1082763672
56323241.3757670820 119366.7133178711
90238433.1356902719 120751.4139404297
61597246.9239935428 120431.6931762695
53357004.3983297944 105087.7335205078
63245842.3052410781 120535.0170898438
52724969.5042738616 99180.8521881104
53534473.7717242241 106355.2192077637
55318093.4739180282 117110.1384277344
53540001.5827271268 106636.8152160645
58724808.2642250136 120159.3016357422
50870645.6129015610 73301.2718524933
51060562.6038474217 77258.1514618397
53145066.5018585771 102887.3847541809
53620386.5272584334 107843.7856750488
55486648.5661748871 117260.2708129883
59615761.5330008790 120273.4492187500
61727221.7405147031 120439.0050048828
57602632.2060763612 119926.9860839844
50842000.2592789754 71376.8054753840
57964861.3874765933 120024.6850585938
50815331.2259280384 71011.2321149409
56767605.7287995368 119568.6698608398
52773891.7842719108 99483.5596389771
53585671.4291548729 106863.0456123352
56620068.7386271507 119529.9821166992
54073067.7968805805 111103.8905944824
58595818.9253117591 120115.9268798828
58927311.4474716932 120165.6500244141
64602337.3101672977 120548.5568847656
51077033.5675978288 77344.6487755775
55649305.2006509304 118064.6516723633
50881361.1655528918 73500.2561551630
53437781.9410988912 106050.7080078125
52916057.4901625961 101354.6071166992
51661656.2584164217 86369.1892109104
59813425.7029025927 120282.2288208008
52843732.5110477433 99949.4611511230
56186082.9056907892 119159.5460205078
55173080.5342010483 116502.6951293945
53726796.6735751703 108430.3880844116
64332687.3321819901 120547.7781982422
54306940.3395125940 112402.9706420898
59184314.7919004112 120197.7218017578
50676751.9815653935 62807.7126088035
65385819.5767562017 120550.2812500000
53415477.5530943573 105901.5392761230
58782799.4934504852 120161.5648193359
57374559.5239642113 119881.0439453125
58215600.1130057722 120058.4954833984
50674016.7618295625 62805.9927199874
65035364.4568839893 120549.5385742188
54341614.0017115772 112609.7420654297
50866858.2695486397 73284.8049642146
65009745.6547275931 120548.6568603516
63978326.1595582068 120539.5150146484
53825206.4896220788 109476.3119812012
50657365.4879605472 61071.4608974848
64312868.9331520796 120545.3027343750
57482586.8098323196 119901.6431884766
50653546.2164545134 60778.0789717304
52930579.1971216276 101477.7827148438
89734681.1878494471 120746.0155029297
53326409.2103511095 104553.3843765259
55716888.7783914879 118126.7644653320
63682002.9454867840 120539.2630615234
53578074.9822438061 106816.7782287598
61144581.5139945745 120408.9896240234
50958369.8993608132 73940.1898117065
58129526.7095083967 120032.7818603516
55906468.2502342239 118451.9513549805
50920192.5410684273 73686.9582540095
52022429.0078866407 90666.1070240475
50643485.3840341717 59046.0383102190
55854435.1060381010 118289.0214843750
59655043.1423079744 120277.5142822266
59494391.2678534612 120252.3939208984
51938943.9793851152 89260.8850475478
53236276.7527371123 104151.7674865723
55444390.7819499895 117195.3927612305
50697994.7571525276 65215.9094710648
50849547.4512689337 71391.5821313858
64116414.6517641842 120545.1474609375
55737119.1103409529 118132.3825683594
60408450.8649548963 120373.7424926758
50853384.7394194230 71625.9932312071
50833173.6451480314 71353.4274963439
60901678.9746999070 120395.7201538086
60330764.7610248700 120363.9689331055
50730665.6925042793 67326.7868713439
63422222.4348180890 120539.1098632812
51362142.5866836831 81508.6081272364
52113641.2087683007 90771.6827693603
54933763.4198456034 115458.7601318359
55292225.0045332313 116920.3771972656
54765435.7777099609 114361.0051269531
62617662.3682667390 120524.9802246094
89445682.5566366017 120745.5793457031
51851167.0822774991 88750.1275935790
50753437.0151283145 67359.9943059981
53291817.5225975364 104278.9993591309
89419195.2877448797 120745.3643798828
51833878.4613935128 88412.5151334929
55357799.3800380006 117143.1810913086
53368449.4997712970 105676.5115051270
50759406.8399440870 67561.7818121016
55585612.3503990695 117285.7421264648
60326963.7401701659 120359.8722534180
57779555.3695833534 119973.0312500000
50620067.0786632225 56952.7097107861
51409910.4475771040 82491.3121603748
51837764.5447046235 88601.8539745298
53587811.2318446040 107391.9552612305
55410110.1582958475 117162.3578491211
51450652.3999120742 82669.1784338264
54996087.4256228581 115696.6982421875
55167075.3687316626 116063.0339355469
51657995.4115252569 86267.3529459909
51654051.2563495114 86180.6124395637
63187799.1693497077 120529.8769531250
59872795.6984190643 120290.6063842773
50723949.3246770427 67017.2682012618
53804472.1112971157 109283.7019348145
54968879.7025670409 115688.0566406250
54345938.7953090891 112615.8406982422
55310564.6953900680 117045.3586425781
51344469.8858102784 81459.2725521326
51873021.2360759154 88935.2046953368
51910085.7619306520 89045.0316282439
51870108.7912685201 88859.4168058562
50753517.4222282022 67438.7283621132
50610987.8737701774 55196.9593169186
50736189.6077326089 67345.9368042052
50810034.0186584592 69410.2125139534
50781238.7342345417 69359.3834289610
50788442.2382741272 69381.0595001280
89737611.9006179720 120746.7259521484
50680185.6179296374 62844.6466862750
51670670.1492100284 86586.9154259043
50652457.9411598369 60775.1527333152
51524722.9326429293 84536.7402184010
51234903.6211707219 79514.7345615625
52077117.9055938646 90691.1267304420
51992675.0907663032 89723.7259641814
51469061.1899120435 82991.4571983814
51854764.4846953079 88817.7814650536
51928211.1391303763 89120.0032776333
53875160.6935537010 109589.2767028809
51840581.9586805776 88725.7512937712
50778327.8799023330 69321.4820617735
62027902.4812221080 120499.0623779297
51802861.7397198454 88275.6349471717
62184695.2517053187 120517.3242187500
53140746.4024752378 102501.4218521118
51245506.9489844367 79805.0889011621
53164734.1999304444 103683.8679351807
52963845.9265875220 101652.4648742676
50618923.5704256445 56860.7180411313
50643100.5766684338 58920.7335513722
53180694.2026324794 103736.3863067627
88242982.3155791312 120741.1960449219
51457503.6234442964 82754.3511793613
90180705.0833076388 120750.7321777344
90111105.0222661197 120747.1331787109
50615212.2943280786 55471.6065700594
51374057.3667440191 82112.3845655918
53069447.0913248956 102447.4085235596
52979795.6366600767 101886.2984123230
52011437.5130516663 90434.8523171134
50645050.1018989682 59191.8424059544
51669578.0722162947 86583.6461421328
51817945.6243367270 88390.1727314182
51798929.1453665420 87472.8272973653
54122874.6443380862 111272.6067810059
51280924.8543202206 80268.2157740593
51487278.8997221962 83528.6706577539
50643112.9293330163 58978.9767630491
54385401.9187756032 112749.5874633789
50629507.3474338725 57224.6675031278
51661688.4560545459 86461.2828979492
51570898.3590454832 85009.6347464342
52694574.7548681051 98395.8523488045
50616638.5053932443 55517.7377021853
51488100.4138035551 83920.6948344409
61407333.4267107472 120418.5364990234
51590686.1956954971 85121.2551324591
51557261.4968233481 84980.0585327148
52825207.6524657235 99807.4797439575
50632260.9457854703 58670.5295957219
51226826.8740883693 79460.4622631099
53227196.8216632828 103914.7482261658
52657284.2704190612 97867.7444000244
50611346.5945846885 55206.5105104540
54152210.8515489399 111356.0457763672
61404108.3829082549 120417.5832519531
51498713.3411761299 84105.6534137726
88049577.1875791699 120712.9873046875
51236469.0266939923 79635.0404697657
52598992.3047092482 97049.9726257324
51227087.1094162390 79478.6043430567
51534265.7960385308 84637.9836266041
51511322.7181678191 84229.0436109274
52553925.1664149314 96365.5356216431
52591238.8428038582 96538.2533721924
50632179.7930664718 57225.7987040821
53492408.7325497419 106088.4326477051
52611574.8196276501 97396.6044301987
53057394.6355198994 102205.9957504272
87645862.7734697610 120704.5712890625
87525999.3956473917 120704.3465576172
87032698.7329823375 120701.3967285156
61833940.5733738840 120493.4573974609
53040018.1929091588 102152.1069450378
54298572.2514763549 111944.4837646484
87253152.0180873871 120703.8397216797
52884963.4749080539 100409.9201507568
86207503.6711731553 120690.9102783203
87762006.4384703487 120707.1854248047
52869954.4255180061 100352.9424438477
53062435.8905803114 102352.3912200928
53078965.9101192206 102462.0808563232
85313267.0072138160 120669.4161376953
84964587.0758259296 120668.0665283203
86049215.6636761129 120678.0054931641
85323833.7698706239 120676.4638671875
83482328.3777274638 120667.5830078125
83264538.8578262031 120663.4172363281
81554752.8804683834 120656.9190673828
79321547.2442598045 120649.1308593750
78640943.7548333257 120643.0933837891
54661870.3071375489 113902.3027954102
80097675.2324865311 120652.4003906250
82670968.8018914461 120663.0814208984
81119131.5121881962 120656.7736816406
80722281.9747345299 120656.4383544922
52307321.4051455259 92510.9986138847
52156475.2020061389 90868.1150991670
52194842.1943050399 91038.9891039038
52514251.0310124308 92619.2931217477
52286899.6452469528 92429.5074144602
52226834.5351141915 91215.5089525655
77772359.5288341194 120613.3143310547
52510335.4833149686 92540.6900811698
76462743.9836639613 120569.0467529297
77850592.7654049993 120630.0006103516
76976664.1621076912 120599.7506103516
77344556.4385730773 120608.7673339844
78576462.6259352118 120634.7829589844
81079794.3242349774 120656.7508544922
52172592.3234169930 90893.3077074194
