178493057.1303208470 779907.7723999023
185393568.2023099363 1295137.3339843750
187188919.2589052022 1346020.9379882812
191519434.2165118754 1432599.6816406250
180882748.9770447612 1039534.1264648438
180739041.1254668832 1033895.4663085938
185652616.7536719739 1307936.0786132812
185986369.0420695245 1315478.7011718750
186044162.1218142211 1320082.3393554688
182247649.0955687165 1138838.2758789062
178607324.5071336925 796204.3613891602
180595212.3330127001 1023862.2167968750
189744426.6690072119 1411268.2060546875
180663676.8635706306 1030574.6049804688
180766117.2225062251 1037387.6176757812
182288428.6614213586 1146462.8823242188
185433381.5215105712 1295242.3310546875
191440253.7989362478 1431946.0644531250
191354207.6984810531 1431850.3876953125
178561340.0658999979 786217.9862060547
178519215.2925113440 786081.5294799805
191860217.4901746511 1434168.8242187500
191693653.3286824226 1432770.9707031250
178604426.7253682613 794574.0787963867
182566972.6872456968 1162092.8813476562
178579815.8211296797 787752.6411132812
180356000.0786935091 1003483.6420898438
180306773.4019991159 999523.3344726562
189909602.2782019675 1415763.4980468750
190970454.5503121614 1427835.4062500000
177678046.7549979091 625651.1141967773
178459888.9230639040 779882.8751831055
180348296.3009829521 1001250.1010742188
186102238.2666830122 1321324.4970703125
186038809.9639947116 1318361.6088867188
177706760.7040924430 636652.2458496094
182481436.0172750652 1157877.5629882812
177430273.1296354532 553271.8873291016
177817830.9641965628 651460.3127441406
178917720.6560979486 840139.4306030273
179778725.6263705194 939132.0417480469
183455482.9847897291 1212040.0473632812
177484611.2316380143 568264.2858276367
185992948.1091624796 1317365.5473632812
186178424.8727551401 1324053.2353515625
187711058.7998230159 1369559.1440429688
191496559.6847226620 1432232.8740234375
191802944.6891589463 1433179.6582031250
193412332.3480816483 1439172.5429687500
178949940.9297449887 840309.8261108398
180172599.2893638015 989151.5258789062
187764900.8123915493 1371457.1459960938
190326977.1196410358 1421402.1689453125
178420820.8163838983 765225.2115478516
178782991.9706525207 822122.9376831055
177810289.7822504640 650548.0185546875
177691446.6945077777 635384.9615478516
194634945.0911147594 1441409.0468750000
180407764.1252708435 1007875.6181640625
180495292.5887601972 1017160.9238281250
190079773.3584961593 1418549.7998046875
190793344.5593158901 1426330.2968750000
180438128.7098520398 1010347.9111328125
180492973.0864112377 1014523.2988281250
185587436.7307435870 1302532.2890625000
185898699.6093220115 1314881.1342773438
180235140.5803349018 991797.3911132812
180419791.4586401582 1010088.4121093750
187424183.3835859299 1360356.2470703125
180395575.8751968741 1004910.8295898438
180274074.5443205237 998223.1083984375
185521559.7225972414 1301742.5302734375
182451854.4105680883 1157028.6015625000
184672126.3747602999 1271533.3710937500
187473337.7031907737 1361821.4033203125
187334580.1644640267 1358725.7343750000
184738596.8979026973 1274321.9267578125
196834521.8928388059 1442284.4072265625
189703850.0365181565 1411161.1318359375
179220377.2715386152 863762.8233032227
190023655.4009911120 1417974.1445312500
192172570.2934727967 1435300.9394531250
194101610.0643954277 1440900.0722656250
190465478.6838397384 1421581.6396484375
190176685.0570373535 1419458.8291015625
189580202.4909448028 1408147.2109375000
178431124.8864551783 772073.8868408203
194180471.8959569335 1440929.8359375000
179842065.2756080031 949717.7180175781
187255937.6685174704 1354429.9814453125
184989991.6655930579 1284015.2900390625
189844773.3393316865 1413580.1181640625
189869996.6520159245 1414108.9921875000
177721740.9987003207 640859.3574218750
187738109.5964195728 1371397.3286132812
189772132.3127244413 1413003.3466796875
185620055.5700531602 1305996.7148437500
179140864.7017236650 860908.2960205078
179600801.1063434184 917868.7790527344
188316569.5473600328 1383945.1708984375
177445954.2444304228 567698.1766357422
189461651.8929216862 1404902.1396484375
189897897.6981861591 1415229.6943359375
185438536.7530969977 1300150.9189453125
182375432.5276216567 1150185.7553710938
185290209.7738685608 1294305.1230468750
194374889.1394420266 1441093.0039062500
178493631.0400871634 781529.7138671875
178826096.6887554824 827497.4455566406
179147272.3713755906 862607.1672973633
177381423.7692991197 529242.5831298828
177648893.8123067617 624031.9286499023
189153016.1904569864 1399193.3828125000
185206396.9844135642 1291092.2270507812
177964273.1385034025 689033.2517089844
182367589.5779836774 1150061.6499023438
179069050.2842582762 855884.7090454102
188248703.6570080221 1382202.6948242188
178332848.5393115878 756399.8737792969
178869895.4377830625 832439.8270874023
182363579.0970372558 1148495.5380859375
196744934.0940547585 1441975.1406250000
183481622.5356634259 1215276.9257812500
177977875.0728741288 689898.9087524414
184800294.5677649379 1276083.7783203125
177626249.5629833937 617261.9270019531
187889238.7875114083 1374017.6528320312
177717634.8219481111 636808.1771240234
179013412.6581819952 849579.0886840820
188515901.2953496277 1387298.5688476562
177374556.4400559366 528237.9694824219
188066067.9172080159 1378583.2465820312
177346155.1705211699 514034.7947998047
188643994.4427326024 1389748.2587890625
184865930.4706736505 1279094.5185546875
177415758.7103680670 549729.4844970703
187644551.4049424529 1366932.8090820312
177623013.5612788796 614800.5539550781
179577223.0567779839 916999.8620605469
188553376.1458628476 1389124.6245117188
182320864.7664788961 1146674.2968750000
184621380.7763331532 1267673.6533203125
187831379.1670750380 1373058.2905273438
179761790.8269434571 938385.2595214844
182414747.4238028526 1151427.1166992188
184645170.9059283137 1268452.9121093750
188547503.9847234488 1387869.9951171875
190877155.6223999858 1427382.7753906250
191219184.0026693642 1430461.0332031250
192587234.2838975191 1436989.3955078125
177353996.3082368672 516365.0784301758
190623078.8197399676 1423495.5136718750
193261449.5258086324 1439068.0234375000
179045372.3441784084 852748.8034057617
184439941.2617706060 1259962.7006835938
188127189.3492184281 1379366.3247070312
188807446.8695661724 1394246.1884765625
192519308.7714819312 1436589.7109375000
188193682.7760779560 1381827.0776367188
179871054.4010882974 954477.7761230469
178895632.8736038506 834723.2300415039
179644356.6527266800 927944.6872558594
179699139.3751173913 933684.4958496094
192908389.2131127715 1438073.7001953125
179665403.4354626834 931846.6701660156
190889703.9870021045 1427486.3925781250
191015173.5679259598 1428396.5478515625
194284325.1272160411 1441016.6093750000
189330838.7377159297 1401149.8408203125
190544281.0443457961 1421796.8242187500
178751720.3999152184 814439.9215698242
194013507.5774270892 1440501.7861328125
193583220.5748282671 1439863.5820312500
177610531.0740697980 612752.7624511719
177576509.1580411196 607527.3781738281
177571976.2303166389 596662.0086059570
178430264.9220770299 771378.8914794922
189374284.5558361709 1403973.2978515625
179848961.4447246790 951408.7692871094
189069947.9307145178 1397942.5283203125
184469261.1976340711 1260851.0117187500
178448642.6026804149 773929.5483398438
182524721.6610246897 1159092.2304687500
188627039.9967059791 1389447.4892578125
188457902.6022837758 1386854.7031250000
191723234.2297870517 1432872.5292968750
177490353.7110047340 578892.7818603516
187296217.2061941028 1354430.1142578125
180978315.0817844272 1048585.2375488281
178116209.2169966102 708387.4073486328
193942443.0812908411 1440278.7617187500
182707347.1047058702 1171203.2475585938
183007223.6501804888 1189802.9892578125
177405921.9004345834 541760.4798583984
177497608.0743178725 581785.5595703125
177388629.3247763813 539436.2857666016
194446429.9496386647 1441125.0410156250
178065460.9903747737 706189.1411132812
195066162.1780578494 1441621.4736328125
193610144.9540605545 1439911.7636718750
179779387.0824076533 945198.2722167969
195018058.2745769620 1441444.7626953125
177505449.2120335698 584016.4006347656
192000647.4523868561 1434254.4042968750
194412943.4976117611 1441110.2050781250
192814003.6298685074 1437501.5000000000
192281544.1415860057 1435601.7636718750
196850406.5511592329 1442383.5751953125
184244531.0001830757 1248659.8364257812
177548968.7596094012 589588.3016357422
177513737.2301079631 585935.4037475586
182996760.8217269778 1189035.9970703125
192726696.6732409000 1437231.0927734375
177879966.8213447928 660872.8944091797
181054383.8511832654 1053754.0466308594
184223139.7704512179 1247017.4716796875
192978478.7334869504 1438171.9228515625
178742084.2709439695 811106.5296020508
178377301.4519559741 763290.9411621094
183919462.0301753283 1234500.8535156250
183008085.3371539712 1189864.5981445312
181122468.3228667378 1058856.4831542969
179895596.9282243252 956144.1815185547
184190513.1138473451 1244063.5942382812
193222022.4024930000 1439022.2480468750
177433130.9557436705 554468.6879882812
193215578.9017702341 1438962.0292968750
178672231.4208745658 799555.0442504883
183783751.6470507383 1227045.7456054688
178051900.2503191233 703948.1348266602
179828873.1811476946 948766.5965576172
177845413.7523602545 656616.3720703125
193301683.3565638065 1439113.8759765625
180981497.2546289563 1049634.5753173828
184138214.8049478233 1243286.6538085938
197048117.7553597391 1442477.0058593750
183597005.4323479533 1219405.8403320312
182919811.1550084949 1183617.7036132812
180919305.1814138293 1045890.7706298828
178650236.0648150742 796910.0066528320
181078175.2285442054 1054375.4938964844
183841611.5201680958 1229673.8500976562
178276952.8994582593 739188.0042724609
177900855.5253574848 665639.4261474609
183606318.4410024881 1220335.4702148438
183062105.7123988569 1192747.2177734375
177939711.6487834156 676632.4610595703
183033842.6134898067 1191763.0673828125
183649956.4683968127 1222367.8803710938
183546005.3639972806 1217871.2690429688
196597588.8141951859 1441918.5283203125
178016162.1256905198 694450.8682861328
178748181.8335131705 813659.8882446289
196914486.7705793083 1442420.3935546875
182827567.4271872342 1178003.7255859375
177914806.8702843487 675943.7833251953
178023655.9808913469 697175.5671386719
180092135.1383800507 975348.4051513672
196770062.3488532305 1442161.2675781250
178720453.2008420825 808104.8585815430
193862724.0483661294 1440196.4814453125
187206846.9286701083 1350246.9809570312
180017943.1829929352 967698.7230224609
177950215.2003136575 683321.3682861328
179936491.9993320704 958610.6727294922
182936082.2389340699 1184973.2431640625
178268887.8337920904 732623.9259033203
181329034.5811683238 1068513.2270507812
178290304.7123187184 746350.6719970703
182804672.0377069414 1175630.4819335938
178590013.3922405541 791319.6702270508
179371338.1497603655 881014.8903808594
181324504.0085430145 1067295.3745117188
179327189.9864984453 876229.2104492188
181550994.8576703072 1081338.7600097656
177885723.9767417908 662749.2996826172
181348093.8985183537 1070502.6137695312
181203809.7363835275 1062709.3566894531
179280023.8672089875 875640.2441406250
181935988.9833501577 1108675.5998535156
182109653.8594801724 1120598.9611816406
182057956.3154230416 1114832.3879394531
181689953.7695846558 1092032.1560058594
179344967.8905359209 879221.5491943359
179447820.7799999714 881128.7041015625
179220883.9001525640 867318.3991699219
179169462.5851995647 863550.7534179688
181720051.6646277606 1095181.3381347656
181746675.4306284189 1098617.9895019531
181193107.0216498375 1059651.5920410156
178183327.0984938741 720214.4321899414
178245260.3414079249 730570.7659301758
186713201.9046472311 1328285.6220703125
181915378.5177533031 1107682.0874023438
181771874.8997519314 1099383.6406250000
186751973.4899619222 1331542.5820312500
181697023.5657871664 1093082.9230957031
186908503.9833444953 1337499.9213867188
186765577.0683956146 1332226.9047851562
186862168.6469848752 1334855.7441406250
