192200250.8646478355 1434199.8046875000
184199328.3139089346 1244714.6533203125
178093918.6358488500 704664.2275390625
178742084.2709439695 811106.5296020508
183916037.8760908842 1230795.3779296875
183983705.4491686821 1237731.4111328125
178501379.2602564394 773307.6135253906
178377301.4519559741 763290.9411621094
183919462.0301753283 1234500.8535156250
183414219.7491747737 1210725.3999023438
185700426.7283280492 1301941.4755859375
183004481.4288078547 1187915.3544921875
183008085.3371539712 1189864.5981445312
185821542.5558575094 1305559.8442382812
191299231.2412295938 1429357.7568359375
177413439.5351229012 541672.8795776367
177527773.9463834763 576840.5834960938
187835177.1625850201 1368738.0922851562
190853046.7177761495 1425028.2490234375
188975497.2567432821 1394060.1318359375
190832473.4391718209 1423971.5976562500
190510511.3307706118 1420081.8847656250
189485335.9829435050 1404056.3437500000
178086985.1428301036 704181.1323852539
178612593.9894951582 792098.6884155273
185888131.3811298609 1305844.9506835938
189369161.8795693815 1400954.2402343750
181122468.3228667378 1058856.4831542969
181107551.6221270859 1057045.0074462891
190565250.7534643710 1420110.0576171875
192299272.6475584209 1435024.7519531250
185619934.8853905201 1298411.3408203125
194508143.8189676404 1441065.6748046875
184271690.6660527289 1246088.6235351562
191878296.9937847257 1433919.1679687500
194776136.6842494011 1441231.4472656250
190862740.0893034935 1425616.9121093750
190803354.4911670983 1422880.8134765625
179895596.9282243252 956144.1815185547
184190513.1138473451 1244063.5942382812
190971342.6329934299 1427487.6425781250
193222022.4024930000 1439022.2480468750
194403250.2827780843 1441062.6884765625
189805504.3885369599 1407281.5175781250
177433130.9557436705 554468.6879882812
184272574.0990757644 1248539.7387695312
178966877.9182798266 839528.8027954102
192301523.3440191746 1435069.9794921875
192211929.7244218886 1435001.9208984375
193215578.9017702341 1438962.0292968750
178672231.4208745658 799555.0442504883
183783751.6470507383 1227045.7456054688
185560575.4754514694 1296247.2402343750
193590898.9608384967 1439803.5351562500
177502906.4203158617 571871.2807617188
185376425.3523404598 1290038.0371093750
178051900.2503191233 703948.1348266602
180329206.6236545444 996115.6964111328
180498282.2033227086 1007768.5983886719
180433305.6048633754 1005225.7565917969
187424594.1199385226 1357633.0991210938
191856325.7333364785 1433662.1015625000
178845321.4704278409 827983.6123657227
179828873.1811476946 948766.5965576172
177465199.3340341449 564284.1596679688
177845413.7523602545 656616.3720703125
181056290.4253218770 1053308.5626220703
193301683.3565638065 1439113.8759765625
196888380.1458919048 1442279.4941406250
180355993.6152164936 998071.1002197266
180981497.2546289563 1049634.5753173828
184138214.8049478233 1243286.6538085938
187427844.4053186774 1357697.3725585938
189281374.3232817352 1400682.6591796875
184124348.0030564368 1238951.0854492188
197048117.7553597391 1442477.0058593750
187369223.4346055984 1355377.2016601562
194182272.5424093008 1440764.5595703125
183597005.4323479533 1219405.8403320312
178913041.9191223383 831761.4091186523
182919811.1550084949 1183617.7036132812
180297855.1297696829 992696.5958251953
188941242.7381742895 1393376.7099609375
177417709.5844494998 543810.7352905273
177460089.3441013992 560507.0744018555
180919305.1814138293 1045890.7706298828
187418713.1493419111 1356908.9907226562
180152134.4988682866 978147.9244384766
182846014.2085787356 1178454.3437500000
183453987.7414701581 1211585.0791015625
178650236.0648150742 796910.0066528320
180508232.5546574593 1011137.8968505859
185643475.7360181212 1299002.8486328125
178438575.7138967812 769897.4123535156
178941676.2134016752 837079.9158325195
183452470.4879928827 1211086.9765625000
183637617.4253836572 1220462.4277343750
188454317.7606006265 1384379.5244140625
177540663.1834470332 577425.0397338867
193128486.8868937492 1438184.9609375000
182782346.7470101416 1168950.2910156250
189643338.8643606007 1405473.9179687500
177384692.3768550456 526252.2056274414
179785939.9925117493 939330.4832763672
181078175.2285442054 1054375.4938964844
178740071.4273852408 809093.7722778320
179752412.2762101293 930916.5277099609
194043339.4967613816 1440421.5146484375
183841611.5201680958 1229673.8500976562
191149353.1808897555 1429074.4638671875
178276952.8994582593 739188.0042724609
185161775.5633993745 1281425.5219726562
188626746.2905633450 1386662.7714843750
177900855.5253574848 665639.4261474609
189071408.7146485746 1396992.6689453125
183606318.4410024881 1220335.4702148438
183258366.9223762751 1203288.5688476562
190059467.1296478212 1412099.5058593750
183062105.7123988569 1192747.2177734375
177939711.6487834156 676632.4610595703
177985383.2658752501 688753.9174804688
183033842.6134898067 1191763.0673828125
183649956.4683968127 1222367.8803710938
183487466.0379151106 1214005.6494140625
177397523.0759930313 537732.4298706055
183546005.3639972806 1217871.2690429688
188921393.3082398176 1392721.0273437500
192762258.5865926743 1436910.5664062500
180545356.3524815738 1015710.7556152344
180768615.3749839664 1030918.6322021484
190231320.0924205184 1413208.9882812500
196597588.8141951859 1441918.5283203125
178016162.1256905198 694450.8682861328
178748181.8335131705 813659.8882446289
190067319.4261319935 1412933.1103515625
193007466.2229259610 1437666.7041015625
196914486.7705793083 1442420.3935546875
178270999.5638041198 736707.9195556641
188656590.0615435243 1387071.1250000000
191715766.7314728498 1432350.0253906250
188647634.1709082723 1386680.0585937500
177550217.0614781678 580131.8388671875
188397923.2153190970 1381825.0058593750
188484566.9107039571 1384984.9853515625
197503707.8394452035 1442491.2011718750
191467689.0817807019 1431173.1845703125
177992112.7509827912 689883.1463623047
183274706.2132560611 1203884.0727539062
191762299.0570598543 1432705.5839843750
192877577.4542077184 1437146.1533203125
182827567.4271872342 1178003.7255859375
194062099.6755708456 1440464.0429687500
177410137.7896414697 539314.4067993164
180710869.6019647717 1026892.7360839844
177914806.8702843487 675943.7833251953
178023655.9808913469 697175.5671386719
180092135.1383800507 975348.4051513672
180207068.9786911011 984134.4500732422
190023224.0011261106 1411352.9277343750
185966696.5054326653 1308935.2963867188
192122498.1446381509 1434111.4960937500
196770062.3488532305 1442161.2675781250
178720453.2008420825 808104.8585815430
180071490.3497602344 968984.0174560547
190115114.7553609610 1413178.9833984375
193862724.0483661294 1440196.4814453125
188773458.0925473571 1390581.6806640625
193012719.8329159021 1437844.8994140625
187206846.9286701083 1350246.9809570312
180017943.1829929352 967698.7230224609
192804972.7029080391 1436958.8183593750
177950215.2003136575 683321.3682861328
189913867.9479971826 1409906.7910156250
188695688.6929504871 1388653.9267578125
179936491.9993320704 958610.6727294922
191549895.3349108994 1431448.9931640625
182936082.2389340699 1184973.2431640625
179827499.7790745497 947069.4486083984
193554228.2046720982 1439360.6337890625
177584663.0641551316 584809.6770019531
180575450.1908660829 1016120.9558105469
193999997.6907668114 1440216.9765625000
179852963.2012109756 951233.0877685547
178828520.0225522220 823140.0120239258
182949194.6682601869 1185451.9619140625
178359508.2239553630 754242.5167846680
178268887.8337920904 732623.9259033203
178629783.6029678583 793803.1570434570
188606490.5264427662 1385715.7744140625
179879504.8430733085 951365.0604248047
177599928.4729478061 587143.8865966797
178330938.5467251539 751805.1094360352
185495597.6933973432 1294782.1806640625
178685169.4481127262 802116.1743774414
188679131.4929854274 1387530.1132812500
191353623.7210716605 1430503.5283203125
182999866.7255332768 1187774.3813476562
180689261.9303366244 1026277.9309082031
178505489.1762538552 777465.4713745117
180535143.0500734150 1015146.1833496094
188006338.2689495087 1371719.2490234375
182825508.5485030115 1176433.6201171875
188240331.1430410147 1378491.3730468750
189850133.2533705533 1407945.4980468750
181329034.5811683238 1068513.2270507812
185669095.8145850897 1299407.7905273438
178290304.7123187184 746350.6719970703
185561177.4370982647 1297397.8740234375
182804672.0377069414 1175630.4819335938
178590013.3922405541 791319.6702270508
179371338.1497603655 881014.8903808594
188132368.3764776886 1374952.1992187500
188151261.1101424098 1376975.5527343750
181324504.0085430145 1067295.3745117188
187728767.4046111703 1366146.3510742188
177984698.3642648160 684050.1743164062
187781840.6991937757 1366806.1479492188
185661926.3031006455 1299192.5205078125
179327189.9864984453 876229.2104492188
181550994.8576703072 1081338.7600097656
179199497.4172632992 867090.9099121094
179144362.1991173923 860031.1163330078
177885723.9767417908 662749.2996826172
187391315.6707402468 1356123.5327148438
178466330.3580579162 772563.3295288086
178546307.0213907361 782733.6517944336
185608555.6764519811 1298245.5678710938
181348093.8985183537 1070502.6137695312
181203809.7363835275 1062709.3566894531
179280023.8672089875 875640.2441406250
181790001.9728811383 1100149.7785644531
184908781.0571899414 1269595.2480468750
192671270.3742091656 1435554.5625000000
182511929.1919744909 1138546.8171386719
182540848.4576287568 1139186.2558593750
184885313.4311954975 1268295.4111328125
182388287.2625612617 1137212.6933593750
182316197.0281801224 1134486.4140625000
182421004.4973607361 1137706.1616210938
187579502.7119572759 1361542.5629882812
184757614.6212877035 1261200.0795898438
181839849.5529049039 1102595.5637207031
181837352.9370579422 1102471.7697753906
187344341.7706075907 1353859.7480468750
181935988.9833501577 1108675.5998535156
184823503.0992288589 1267353.0922851562
182109653.8594801724 1120598.9611816406
182057956.3154230416 1114832.3879394531
181689953.7695846558 1092032.1560058594
179344967.8905359209 879221.5491943359
179447820.7799999714 881128.7041015625
187660993.8230835795 1363175.4223632812
179220883.9001525640 867318.3991699219
179169462.5851995647 863550.7534179688
179071393.7944284081 849663.9243164062
181720051.6646277606 1095181.3381347656
179106516.3062336147 853092.4038085938
179054686.7694824338 847762.0053710938
187461986.6569604874 1358190.7973632812
181746675.4306284189 1098617.9895019531
185040100.8153014779 1274029.0541992188
181193107.0216498375 1059651.5920410156
179674041.6202378869 915182.8554687500
177724304.4360723197 590939.7513427734
178130364.5464282632 714312.6563720703
177732322.3047701418 591802.3350219727
178183327.0984938741 720214.4321899414
196436748.2515523434 1441330.8593750000
179640267.7826123536 911452.3684082031
178144875.6609998643 714985.4818115234
178245260.3414079249 730570.7659301758
178147359.1717365384 715398.4542236328
186713201.9046472311 1328285.6220703125
196549603.5195474923 1441359.3378906250
185001411.5403241515 1273027.2856445312
184790196.2895207703 1263832.9584960938
184952936.8126676083 1272617.8413085938
181915378.5177533031 1107682.0874023438
196493346.7053610086 1441335.5937500000
179673120.5179565549 913945.3479003906
190424947.1093684137 1415408.2607421875
181771874.8997519314 1099383.6406250000
190329815.8626183271 1414827.4345703125
179586444.9592539370 904318.5902099609
184692019.1257770360 1257127.4916992188
186751973.4899619222 1331542.5820312500
181697023.5657871664 1093082.9230957031
186908503.9833444953 1337499.9213867188
177827024.4190942645 637226.8916625977
186765577.0683956146 1332226.9047851562
186862168.6469848752 1334855.7441406250
177780632.4302043617 610898.8563842773
186157500.2571658492 1311119.6542968750
177797643.6511422992 618313.9443969727
186194298.1464264989 1312177.9721679688
186210213.5077225566 1313922.5952148438
177758155.3541904092 596781.5415649414
177770144.9571521282 604212.6873168945
179615222.4174853861 905294.1959228516
179580842.9635164142 884556.3498535156
