177581889.0044505596 607871.8449096680
185586881.4327198267 1298350.8295898438
188250406.4592598975 1382121.1704101562
190970655.1286789179 1427635.4599609375
191388294.4899104536 1431154.0107421875
185581730.5112589598 1297994.1152343750
188193682.7760779560 1381827.0776367188
179871054.4010882974 954477.7761230469
180247306.5994841456 988176.2510986328
187704851.8314567804 1367609.8447265625
189633549.0071895719 1409659.6044921875
178895632.8736038506 834723.2300415039
179644356.6527266800 927944.6872558594
180627891.8943478465 1019174.3843994141
189031616.8389139771 1395208.6337890625
189975799.3726414740 1412112.9248046875
180217243.8858827949 986686.5587158203
188018500.8779913187 1376219.2299804688
179699139.3751173913 933684.4958496094
191531149.3937810361 1431759.4716796875
192908389.2131127715 1438073.7001953125
185291002.3755067289 1289147.8193359375
179665403.4354626834 931846.6701660156
188345469.9527384341 1382874.0678710938
188587698.8531781435 1388814.3974609375
184737569.7505477369 1273248.7226562500
191204532.1726160049 1429223.9716796875
180572766.8150138259 1018873.8868408203
180409005.5609202385 1004010.0817871094
190889703.9870021045 1427486.3925781250
191611911.2797096968 1432508.7656250000
182454735.7722229362 1153246.4345703125
183094263.2044039965 1193469.1855468750
191015173.5679259598 1428396.5478515625
194284325.1272160411 1441016.6093750000
194721747.2674729824 1441379.9257812500
183372721.8788312674 1207990.5297851562
188163481.5302554071 1379269.3325195312
189330838.7377159297 1401149.8408203125
189847216.7630045116 1411396.6523437500
177754601.1787484884 626623.4086914062
185019561.9661768079 1282497.1293945312
188082571.8025752306 1378063.8701171875
188861360.0163934827 1392937.5126953125
190544281.0443457961 1421796.8242187500
178122059.0671971738 713263.2607421875
182478721.9633066356 1154788.3149414062
184919259.5927237868 1279592.1855468750
180468341.2006716132 1009819.7540283203
178751720.3999152184 814439.9215698242
180497084.3866302371 1013973.8941650391
182345671.2306944728 1145542.8522949219
182443579.6114223301 1152279.2177734375
189929200.6184094250 1411868.2978515625
191228132.9426978230 1430151.4267578125
185144375.7953070402 1287041.9311523438
177483186.7407919765 575096.6523437500
178875370.1067060828 831942.2318725586
194013507.5774270892 1440501.7861328125
177636141.6723318696 619395.5480957031
190474133.3606753349 1419679.6406250000
177644001.3741441369 622410.3048095703
189563969.2590090036 1407713.4384765625
193583220.5748282671 1439863.5820312500
189193757.2278263867 1399027.0302734375
191439824.1054410040 1431432.8847656250
177610531.0740697980 612752.7624511719
177576509.1580411196 607527.3781738281
177571976.2303166389 596662.0086059570
177687893.9939522147 624991.5151367188
178127741.2853278220 715560.1588134766
184897507.8583837152 1278022.6621093750
178430264.9220770299 771378.8914794922
182436693.5770186186 1151660.9399414062
187928789.8264625371 1375402.4877929688
190422855.1464758217 1418372.7519531250
192552276.4706539214 1436452.0888671875
185311345.3194881678 1292199.7529296875
188024442.3789371252 1376971.1743164062
189374284.5558361709 1403973.2978515625
183445762.1347721815 1213178.1953125000
187865215.2972754240 1373080.6376953125
179848961.4447246790 951408.7692871094
183258030.6982563138 1203934.7485351562
189356552.6966307461 1401677.5380859375
189069947.9307145178 1397942.5283203125
180327845.5403294563 997485.3287353516
180570785.4604910612 1016320.7719726562
180973197.8362002075 1047598.9595947266
182598093.4004939198 1161341.0712890625
184469261.1976340711 1260851.0117187500
185069363.8034657836 1285073.2705078125
189056129.8016902804 1396683.7490234375
178448642.6026804149 773929.5483398438
177983639.0384768248 685323.2343139648
188548965.6427130699 1387098.3857421875
194181980.8525063396 1440929.8359375000
178356375.1372717917 755911.3522949219
188559985.1218650341 1387238.0302734375
177667990.1130557656 622849.4859619141
182524721.6610246897 1159092.2304687500
184405108.8298979700 1250746.1801757812
188627039.9967059791 1389447.4892578125
188457902.6022837758 1386854.7031250000
190689750.4666956961 1423179.5751953125
191723234.2297870517 1432872.5292968750
177490353.7110047340 578892.7818603516
187296217.2061941028 1354430.1142578125
183562021.4675540328 1218364.4926757812
178081347.9063593745 706958.8798828125
180739032.2602379024 1028707.9899902344
180978315.0817844272 1048585.2375488281
178116209.2169966102 708387.4073486328
193942443.0812908411 1440278.7617187500
182707347.1047058702 1171203.2475585938
184803199.9176800251 1275111.0605468750
190833349.6498042941 1425923.9785156250
183007223.6501804888 1189802.9892578125
177405921.9004345834 541760.4798583984
183544558.9487425983 1217457.2641601562
184587518.3859042525 1266298.4096679688
194907689.0764152408 1441408.4052734375
177497608.0743178725 581785.5595703125
180570098.0197814107 1015905.4165039062
180906186.3646347225 1042171.5010986328
180767666.4692944884 1034064.8566894531
184960407.5965742469 1280824.9062500000
184878806.6656917930 1277166.0039062500
177388629.3247763813 539436.2857666016
184750107.8134624362 1273716.5107421875
178496968.8985051811 778261.8612670898
178812953.5693098009 825169.8799438477
180292887.7122538686 993720.6568603516
194446429.9496386647 1441125.0410156250
178065460.9903747737 706189.1411132812
179935556.4647014141 956206.6350097656
184686974.0010894537 1270184.9121093750
184530820.7327120900 1262609.5283203125
184696315.4302684963 1271057.5019531250
194387311.1267226934 1441032.2685546875
191875337.6053699851 1433919.1679687500
195066162.1780578494 1441621.4736328125
185636588.5118737221 1299304.7207031250
193610144.9540605545 1439911.7636718750
179779387.0824076533 945198.2722167969
185656855.5223364234 1299583.9882812500
195018058.2745769620 1441444.7626953125
177505449.2120335698 584016.4006347656
192000647.4523868561 1434254.4042968750
178347357.6184164584 754698.4345703125
194412943.4976117611 1441110.2050781250
192814003.6298685074 1437501.5000000000
178947715.3541186154 839899.6323852539
192281544.1415860057 1435601.7636718750
196850406.5511592329 1442383.5751953125
191982706.7171890438 1434010.8876953125
184244531.0001830757 1248659.8364257812
185831710.4257468581 1306483.6166992188
177548968.7596094012 589588.3016357422
177513737.2301079631 585935.4037475586
178362474.5572890341 756128.2734375000
182996760.8217269778 1189035.9970703125
192726696.6732409000 1437231.0927734375
177879966.8213447928 660872.8944091797
181054383.8511832654 1053754.0466308594
184223139.7704512179 1247017.4716796875
192978478.7334869504 1438171.9228515625
178742084.2709439695 811106.5296020508
183983705.4491686821 1237731.4111328125
178377301.4519559741 763290.9411621094
183919462.0301753283 1234500.8535156250
185700426.7283280492 1301941.4755859375
183008085.3371539712 1189864.5981445312
185821542.5558575094 1305559.8442382812
190510511.3307706118 1420081.8847656250
178612593.9894951582 792098.6884155273
181122468.3228667378 1058856.4831542969
185619934.8853905201 1298411.3408203125
179895596.9282243252 956144.1815185547
184190513.1138473451 1244063.5942382812
193222022.4024930000 1439022.2480468750
194403250.2827780843 1441062.6884765625
177433130.9557436705 554468.6879882812
192211929.7244218886 1435001.9208984375
193215578.9017702341 1438962.0292968750
178672231.4208745658 799555.0442504883
183783751.6470507383 1227045.7456054688
178051900.2503191233 703948.1348266602
180433305.6048633754 1005225.7565917969
191856325.7333364785 1433662.1015625000
179828873.1811476946 948766.5965576172
177465199.3340341449 564284.1596679688
177845413.7523602545 656616.3720703125
193301683.3565638065 1439113.8759765625
180981497.2546289563 1049634.5753173828
184138214.8049478233 1243286.6538085938
197048117.7553597391 1442477.0058593750
183597005.4323479533 1219405.8403320312
182919811.1550084949 1183617.7036132812
177417709.5844494998 543810.7352905273
177460089.3441013992 560507.0744018555
180919305.1814138293 1045890.7706298828
187418713.1493419111 1356908.9907226562
180152134.4988682866 978147.9244384766
178650236.0648150742 796910.0066528320
181078175.2285442054 1054375.4938964844
183841611.5201680958 1229673.8500976562
178276952.8994582593 739188.0042724609
177900855.5253574848 665639.4261474609
183606318.4410024881 1220335.4702148438
183062105.7123988569 1192747.2177734375
177939711.6487834156 676632.4610595703
177985383.2658752501 688753.9174804688
183033842.6134898067 1191763.0673828125
183649956.4683968127 1222367.8803710938
183487466.0379151106 1214005.6494140625
183546005.3639972806 1217871.2690429688
180545356.3524815738 1015710.7556152344
190231320.0924205184 1413208.9882812500
196597588.8141951859 1441918.5283203125
178016162.1256905198 694450.8682861328
178748181.8335131705 813659.8882446289
190067319.4261319935 1412933.1103515625
196914486.7705793083 1442420.3935546875
197503707.8394452035 1442491.2011718750
177992112.7509827912 689883.1463623047
182827567.4271872342 1178003.7255859375
180710869.6019647717 1026892.7360839844
177914806.8702843487 675943.7833251953
178023655.9808913469 697175.5671386719
180092135.1383800507 975348.4051513672
185966696.5054326653 1308935.2963867188
196770062.3488532305 1442161.2675781250
178720453.2008420825 808104.8585815430
180071490.3497602344 968984.0174560547
190115114.7553609610 1413178.9833984375
193862724.0483661294 1440196.4814453125
187206846.9286701083 1350246.9809570312
180017943.1829929352 967698.7230224609
177950215.2003136575 683321.3682861328
179936491.9993320704 958610.6727294922
182936082.2389340699 1184973.2431640625
179827499.7790745497 947069.4486083984
178268887.8337920904 732623.9259033203
178629783.6029678583 793803.1570434570
180689261.9303366244 1026277.9309082031
180535143.0500734150 1015146.1833496094
181329034.5811683238 1068513.2270507812
178290304.7123187184 746350.6719970703
185561177.4370982647 1297397.8740234375
182804672.0377069414 1175630.4819335938
178590013.3922405541 791319.6702270508
179371338.1497603655 881014.8903808594
181324504.0085430145 1067295.3745117188
179327189.9864984453 876229.2104492188
181550994.8576703072 1081338.7600097656
179144362.1991173923 860031.1163330078
177885723.9767417908 662749.2996826172
187391315.6707402468 1356123.5327148438
178546307.0213907361 782733.6517944336
181348093.8985183537 1070502.6137695312
181203809.7363835275 1062709.3566894531
179280023.8672089875 875640.2441406250
182316197.0281801224 1134486.4140625000
181839849.5529049039 1102595.5637207031
181837352.9370579422 1102471.7697753906
181935988.9833501577 1108675.5998535156
182109653.8594801724 1120598.9611816406
182057956.3154230416 1114832.3879394531
181689953.7695846558 1092032.1560058594
179344967.8905359209 879221.5491943359
179447820.7799999714 881128.7041015625
179220883.9001525640 867318.3991699219
179169462.5851995647 863550.7534179688
179071393.7944284081 849663.9243164062
181720051.6646277606 1095181.3381347656
179106516.3062336147 853092.4038085938
179054686.7694824338 847762.0053710938
187461986.6569604874 1358190.7973632812
181746675.4306284189 1098617.9895019531
181193107.0216498375 1059651.5920410156
178183327.0984938741 720214.4321899414
179640267.7826123536 911452.3684082031
178245260.3414079249 730570.7659301758
186713201.9046472311 1328285.6220703125
181915378.5177533031 1107682.0874023438
181771874.8997519314 1099383.6406250000
190329815.8626183271 1414827.4345703125
179586444.9592539370 904318.5902099609
186751973.4899619222 1331542.5820312500
181697023.5657871664 1093082.9230957031
186908503.9833444953 1337499.9213867188
177827024.4190942645 637226.8916625977
186765577.0683956146 1332226.9047851562
186862168.6469848752 1334855.7441406250
186157500.2571658492 1311119.6542968750
186194298.1464264989 1312177.9721679688
186210213.5077225566 1313922.5952148438
179615222.4174853861 905294.1959228516
179580842.9635164142 884556.3498535156
