179388812.2685405612 841870.2574462891
179706925.9507325590 917735.5051269531
179956716.6039482653 939916.9461669922
179794848.7502701283 919491.1037597656
180523899.7364688516 996463.6634521484
183366588.9617089629 1193401.2333984375
183571886.5511431992 1205329.6801757812
183700302.3015861213 1205716.6420898438
183703186.5319587588 1207866.3041992188
183425246.6811753511 1199570.8286132812
183942868.6106959879 1222709.2319335938
186618662.1767170429 1325252.4838867188
192614971.8578745425 1433137.7656250000
189700789.9005313516 1401074.4638671875
189541737.1366909146 1399386.3876953125
177945033.3084788024 641686.1257324219
180678738.6196873188 1012871.4348144531
183738398.3437191844 1213060.6889648438
183730034.6151958108 1211717.0786132812
185297191.5604618788 1280730.1625976562
177879583.6037748456 633606.1948852539
177849089.6509197652 632738.0317993164
178952830.3449136019 829251.4769287109
181439483.7825742662 1064055.5498046875
187414137.7989735901 1344597.3046875000
189121694.9156229496 1390296.2138671875
189850096.3653158844 1403114.0107421875
190566503.3605085313 1409453.8789062500
193195668.0106422007 1434722.7500000000
186975877.0131308138 1337391.4418945312
177857237.0257479548 632837.9480590820
179015589.6544020474 833374.1051025391
179032829.4583237767 838794.6844482422
179831542.5242534876 928527.4309082031
181305327.8728889823 1062001.8942871094
193659061.7535872459 1435974.9238281250
196752615.8962128460 1440654.8369140625
178189467.2874749303 702455.9342651367
180535223.3307432532 1000960.5651855469
189043006.3628383279 1388415.6552734375
192737595.7260935009 1433290.4003906250
181015766.6154741347 1039182.7272949219
181288072.5275689662 1058674.3974609375
185100542.7609649003 1273194.0668945312
192918102.1262676120 1434050.0605468750
181093161.9872880578 1047518.5769042969
187172722.0607497692 1340076.7739257812
177708912.3302237988 565618.5369262695
182362049.4748092592 1102090.2873535156
186842516.4595000148 1331351.6699218750
187056985.4536461234 1338695.5522460938
189092454.2660471499 1388861.6660156250
181949110.5779023767 1099201.1291503906
189959521.7488277256 1404940.1933593750
192094858.5719983280 1430307.0166015625
193635764.7734251320 1435477.2128906250
181159224.7342824042 1049135.8176269531
186786258.6760721207 1330675.1123046875
186812712.3916372061 1331093.7500000000
189773516.4272467494 1401792.3525390625
190874435.1598792076 1417102.3857421875
179812901.2989263237 926729.9978027344
185095117.5962013900 1272345.7597656250
185227536.3128002584 1279385.1323242188
186670383.3051080108 1328007.0742187500
186873622.3772862554 1333971.1425781250
189355304.3313540220 1395511.5273437500
193707204.5521006882 1436414.2958984375
177899855.8897460103 634798.2957763672
182071853.7990970612 1099948.7375488281
185334972.3620919287 1281218.8637695312
193574424.4374452531 1435466.9121093750
178346403.9584614038 716168.6178588867
179916579.0065869391 936837.5656738281
180938838.5578242540 1031435.2155761719
189844568.0522359014 1401875.0986328125
177711340.4252550006 579995.7543334961
178218530.9421817064 713176.2156982422
178812335.9248810709 807584.7918701172
178944825.6802990139 826701.8468017578
179975530.5596716106 943322.4429931641
180525171.5642783642 999436.7127685547
181873474.1841319501 1096133.1496582031
191206796.3747291267 1422058.8271484375
192209320.9316608608 1431288.0048828125
177734202.7746924758 583389.8793334961
178111352.5118554831 687443.4674682617
178532143.2458963096 764581.9239501953
181883350.7225749493 1096934.3269042969
186741428.4240363836 1329531.6552734375
186937545.5615444779 1335095.3574218750
192640088.7445814013 1433254.9443359375
178278574.7401959300 715117.1652221680
178689796.2090302706 788472.3883056641
178978812.1902941465 830378.7633056641
181545739.9011373222 1073611.5786132812
189057428.2240400910 1388822.3574218750
188992362.4687259197 1386402.6826171875
178878259.4738553464 818426.7230224609
180941438.4427497685 1035385.6618652344
179025341.6792503893 834173.1307373047
180997508.8299447000 1037906.5268554688
181658670.3383320570 1084512.3366699219
185337105.5459127128 1281444.7812500000
186858127.3088176250 1333438.8652343750
178985337.0596350133 832421.0211181641
185263317.6364714801 1279837.6420898438
181001431.5749366879 1038321.5673828125
180873523.0996665359 1030927.2976074219
188565413.5849357247 1375292.7846679688
178821149.8229912519 812073.7547607422
196607184.1374934912 1440570.3076171875
178840900.1185996830 817045.5013427734
180451958.3124677539 993369.7442626953
186067356.4916326404 1304471.6772460938
190276318.7829354405 1408292.6806640625
179191039.4277687967 839509.2674560547
181477935.2075842321 1071162.9011230469
178977801.9538845122 829472.4289550781
181546445.1309234798 1074353.8803710938
181634278.0391316116 1079341.7451171875
186072535.7969268560 1304791.4057617188
189159929.5185545385 1390943.6386718750
177780632.4302043617 610898.8563842773
180718328.6160582900 1016593.1660156250
190685344.1593578160 1411620.5683593750
180844759.0355925262 1027224.2407226562
186157500.2571658492 1311119.6542968750
190113740.2129171491 1406931.3027343750
190056523.8670090735 1406474.0996093750
189404306.9546639323 1396359.2783203125
178133107.0792507529 697539.2145385742
181571576.3962292373 1076928.8981933594
189635920.6349219382 1400529.8710937500
192136502.1575017273 1430564.6250000000
177797643.6511422992 618313.9443969727
181579933.4722279310 1078589.0695800781
186194298.1464264989 1312177.9721679688
189196093.8165625036 1392250.8496093750
186073213.7969300747 1307735.0825195312
178518904.8156487942 759503.3854980469
183506371.2812036276 1201314.9497070312
186210213.5077225566 1313922.5952148438
180587529.5277067125 1006353.8513183594
177758155.3541904092 596781.5415649414
177744080.7779031992 590211.4218139648
178602008.6938951910 779657.8176269531
185525842.6206140518 1289443.1201171875
192626527.1538870633 1433230.9414062500
196099833.7550706863 1439649.1230468750
181440958.3581795990 1070064.5534667969
185044915.8613748848 1272009.8876953125
193793539.1102460027 1436453.0351562500
193548814.1672098339 1435440.5703125000
198072395.1670470536 1440886.2363281250
178653962.2870707810 783692.2655029297
179936322.0565681458 938604.2086181641
186076824.9660597444 1308221.3286132812
185965501.1533485949 1301916.9477539062
190778788.4520153701 1414587.8310546875
178721631.5344403386 797505.0793457031
193180671.1023364663 1434053.8457031250
185701775.4232529402 1295103.9350585938
178694109.8082751930 795025.8294677734
185634442.7289514840 1291103.1293945312
197134356.7835177481 1440741.4648437500
178111926.6475693583 689121.9760131836
180752871.8656506538 1020052.5019531250
185411223.1267114580 1285257.3334960938
185682390.0481928885 1292708.8715820312
190948910.2898341417 1418031.3525390625
190850794.6978699267 1416047.3212890625
194150349.3838148415 1436526.0888671875
185169557.3455940187 1276920.9472656250
181526913.0979104638 1071180.0334472656
183395137.2176272869 1194013.9409179688
185475800.6280905306 1287315.5854492188
180635747.4700752497 1008693.6469726562
181539040.9491774440 1071676.4270019531
180673051.2092911005 1010153.2812500000
181299220.3122852445 1058855.0109863281
190739161.3526334167 1413604.8671875000
183357251.3382840157 1189501.1777343750
190960463.7253684700 1418998.1533203125
191865331.4667592347 1426124.7607421875
196293069.6467905343 1439652.9228515625
187656669.6988548636 1349414.1894531250
196514231.7944992483 1439978.9267578125
187804205.9364461005 1355941.0913085938
178658363.7558836043 785077.2301025391
180504997.4395184517 996132.8458251953
197914828.7600386441 1440833.5673828125
183323490.6331656277 1188771.6577148438
177993158.1300261021 657916.3837280273
178074761.0581613183 682308.9633178711
192220223.4231042862 1431422.7939453125
178763806.6336996853 802219.0300292969
196661416.9105471075 1440593.3535156250
196319619.2071266472 1439653.3603515625
177770144.9571521282 604212.6873168945
178058277.5690913200 669882.8959350586
187556058.4116486907 1345505.7138671875
178017733.2085183859 662003.6185913086
180416331.9650654495 985425.5054931641
180103445.1992497146 956013.5592651367
187579762.2389310002 1347928.0751953125
192000080.8551230729 1429490.8496093750
187690171.3612109721 1352646.3095703125
178033328.3479065895 669141.5277709961
188718482.5971898735 1379057.8349609375
188900633.6278500259 1384190.7119140625
187927136.6550327241 1358734.8364257812
188761997.5244361162 1379182.4101562500
188859885.0985395014 1381850.4570312500
194265634.9410760403 1436885.7304687500
194201513.5038662553 1436582.2841796875
192563027.0591505468 1432881.0390625000
178040839.8000870943 669551.0010375977
177964717.0410671234 655572.5776977539
177963273.4057725072 641847.3438720703
178599345.6848652065 775629.0467529297
177910364.9585133791 640779.1718139648
179668907.8875609934 909668.2800292969
191523945.6477405429 1424292.5136718750
179666903.9099629819 906608.1879882812
180046635.0500083566 951704.2197875977
191283636.6743941903 1422644.5605468750
191508554.6653526127 1424053.6474609375
178474725.3724134564 739367.6539306641
191534191.1060332656 1424982.3945312500
191388927.3574038446 1423286.0371093750
178482628.5171156228 746829.8848876953
188366525.2038891017 1370503.3007812500
179871885.3825125694 935895.3024291992
184784386.3654882312 1254063.5820312500
188098434.8529721200 1363633.3842773438
193361891.1449611485 1435323.5156250000
178513156.6030073762 749656.6934814453
178517182.5944118202 755961.0743408203
178472995.2630002499 734602.5869140625
197426778.6914056242 1440753.7626953125
187908619.0690976679 1357241.7407226562
187876555.1533702612 1357025.8500976562
179615222.4174853861 905294.1959228516
188007745.6718929708 1361786.8872070312
178515577.9342689216 749924.0140380859
192082875.9078674614 1429597.3886718750
184873495.5181145668 1260082.8867187500
188253882.0845301747 1367123.6660156250
188061031.8020892441 1363037.5444335938
188102764.7959630191 1363816.8056640625
188114296.7869350314 1363840.3271484375
184893102.9556338191 1260938.7485351562
184318285.0022496581 1233472.8500976562
191413411.9509097934 1423960.3906250000
184046879.2326631546 1224408.1987304688
178472908.1636857092 728349.9138793945
178422136.6783078313 724999.3990478516
179730188.8630564511 919343.2067871094
178397763.3319027424 716819.9387207031
190616463.3143609166 1410236.5380859375
184571328.4703955650 1241781.7958984375
179690040.0148659050 913632.1870117188
184734120.5023922026 1249434.6230468750
184643909.9692949057 1247376.8203125000
180339543.2339743078 974512.3016357422
190644966.8748240471 1411242.1718750000
180280903.6879023612 973726.2091064453
180167735.9564393461 959138.0406494141
180275419.1456909180 969562.7861328125
180244675.5510047972 967271.5316162109
180173635.4240560234 963365.5980224609
180228183.4008858204 965989.7216796875
184629360.4141997397 1244694.4082031250
184560358.0357143283 1241158.4277343750
184500617.7221938968 1239878.7851562500
184430819.0034077168 1235521.8227539062
179999802.3726485968 945172.4694824219
178409683.2269264460 717407.4689941406
183306819.1730001271 1167312.7463378906
183293705.4116573632 1162034.8723144531
179528066.7362126112 877212.7596435547
183158063.7398477495 1151912.6884765625
183192420.8215301931 1157550.4130859375
183115371.1748438179 1149832.0410156250
182793787.3382181823 1128077.6013183594
182887437.8041270375 1132646.0974121094
182837542.1784903705 1131455.5134277344
182666007.7892710268 1120291.7863769531
182728894.7447851002 1127852.2380371094
182396152.2895711362 1106878.8714599609
182439997.3069374561 1108087.9434814453
182375298.2004765570 1102227.6922607422
182487265.2293749154 1110152.9112548828
182967435.1936327815 1134664.5402832031
179580842.9635164142 884556.3498535156
179492587.7301644981 868582.1666259766
179549981.4011627138 879596.4449462891
179481109.6830812693 864356.3814697266
179576105.5254985988 881394.6817626953
