155911965.1064644158 296677.4367925674
159659514.6608747244 375692.7298122346
162198049.3044267297 424804.5189893842
169454285.5771730840 529504.7400529385
153996686.5362550914 249615.1239649802
155859485.8166739643 296251.5827922374
155710934.0811786950 295812.9758586437
159888839.8694849312 383115.5077968538
168934385.0895798504 520783.4393327236
172904678.6819473207 563908.6202392578
176649822.3559703231 588484.3030395508
176772899.7354058623 590224.4879150391
177916256.6959999800 595359.5776367188
177488652.6581519246 595269.8056640625
177178377.9510773420 593839.7387695312
155534364.9651141167 289746.7925590128
172370948.8692476451 560327.6992187500
152705508.7677680850 195641.1270869579
152659424.6472747922 188331.8891998138
154243260.6155624688 257541.2432250530
155333134.5069496334 288494.0320109874
155123877.0713598430 281960.9885421246
159781071.9653942585 382916.8979545534
169368734.1558493078 528250.0370500088
171048389.0023281872 547090.3415832520
172436344.8372299373 561891.3239746094
152117229.6512356699 143734.2113811970
152908874.7898121178 206099.6490995884
154221822.6389191449 256676.8758665025
155019969.8139162362 280736.4812297374
160178940.4531896114 388876.2068539560
169185949.5048942864 525400.4949662685
169058893.0998638272 522324.6292436123
171730145.7315978706 553225.7868957520
171305595.4288782179 550143.7680969238
171844028.1733187735 556378.7164611816
176890129.7154374123 591157.8093261719
177345274.1738942862 594304.2197265625
177145974.8586508036 592683.1279296875
153025146.6398635507 214037.4728584290
152954991.8912658095 213063.1845918596
155005553.8076289892 278924.5523754060
162256909.3786888421 424853.1944482923
169644918.8639378846 532655.1781632900
169496325.9024604857 531598.1093156338
169748572.9363812506 533400.2736833096
169067316.7186327577 523961.5627000332
162275438.6919333339 425220.5032890439
152912453.9935584962 212207.9696627557
161171775.9787424505 407436.5965399742
161720802.7130148709 418796.3356865048
162411283.8823268116 427804.9557331800
169875556.8647308648 534382.4823014736
173469169.7890140712 568515.5327148438
173217246.5471640527 567249.6303710938
177126330.0942830443 592595.0498046875
152540778.3641980588 186934.1464837398
153256012.7839957178 222320.1034707334
153585002.1559898257 234581.6273745801
154490688.1050028205 266880.5182117075
161665525.8511502743 417165.6860149503
161952826.3398737013 421820.5159115791
162627339.3617075086 429630.4001575708
183990225.3015624881 605557.4135742188
169440327.6350067556 529023.8774430752
152034614.5639552474 136338.5392851084
153949400.6200061738 248919.3250852525
154721052.1618900299 272749.1833190471
155255969.6629322767 285031.6698718965
162407140.2024313509 426701.0376375914
169483448.1496956646 531385.2435929775
171093448.9748549163 547725.2799377441
152012689.4322853982 135302.1423455924
158756169.2392445803 360897.3676027656
172761337.1481613815 563195.8834228516
184142919.9363178015 605619.1064453125
184572324.0195627511 606249.8115234375
154126263.8295396268 255658.9663122296
155244517.3161127567 284948.1508289278
162305801.8138517439 426311.1545521021
169374110.2023544610 528596.4332902431
169212425.2648160160 526655.0363156796
154967930.7859207392 278914.0004383028
162433161.4853910208 428040.7041414976
162350407.7597093284 426423.2053765059
171196510.2874844968 549026.0793762207
183048063.7279769182 603607.3559570312
160730110.5800306797 398274.9819133878
169924204.9032173455 534592.6773698330
170720985.2230595052 543208.9767761230
176986908.0838724375 591581.5874023438
183570642.6393046677 605218.1508789062
184462332.4967200458 606155.3793945312
155452002.1656157374 288548.8203816223
155074166.4472523332 280791.2696003723
154816557.9665622711 274122.2864929140
152478498.3038842678 180368.5962005462
154730711.5772465467 272765.5971743870
156281818.1859003603 305253.1862827241
161958735.8442039192 422062.4971102476
183257487.0774199367 604269.8300781250
161268766.5678051114 409445.4213665128
154684142.7700697184 270936.3141784221
154446219.5461965501 265387.9028014690
154412015.4560078681 264991.6325377971
156743386.2665376961 317907.2858688235
156708991.6790914536 313538.8656716496
172684277.9491207898 563054.3214111328
156410078.3203952610 310924.4391891360
160806032.1077689528 399516.6601360440
172952482.7727881372 564555.1480712891
151988430.0161632299 128817.3360456675
170961866.7898980677 546258.9025268555
171758564.0581763685 554618.2579650879
171577547.1052818298 552977.0439758301
152109396.8496773243 143156.4601100385
153833615.3068600893 242479.7111705318
154014609.4229692519 250580.6680755615
159126531.9767017066 369020.1947074831
159739252.5585322976 381592.3553520143
171317231.4636797607 551304.2600402832
171750570.5893547237 553554.9271545410
176720604.3188816309 589726.5402832031
152207789.4891367257 150446.5569041669
151994442.0481953919 135261.2768060416
152046108.5078774691 142938.5535775870
156694006.2055062652 312124.6708293855
159049583.9284707606 367695.6521049440
152586142.5120075047 188197.6571370140
153395682.9120399356 229467.2469103038
154370342.5440003276 258169.3418088853
161458452.6829152405 412676.8068645597
162520312.2143123150 428413.1123446226
170823174.6793429554 544545.2075443268
152150473.4796417952 148708.4558183849
152552623.1645024717 187247.7761016693
182816071.0908108950 602692.7114257812
161621257.9674357176 415496.1407985687
162032231.4802740514 422515.0533188697
170378480.0557712615 540977.4295043945
183124219.4552776217 603697.0405273438
152548412.1799782813 187149.6507659759
152462626.1541928947 172649.7225433197
156740662.8711404502 317093.5082051754
156709129.4241590500 317089.7553020418
161309598.0118839145 411100.1694133878
170223455.9521670640 538205.8137817383
170481692.2244190276 542068.2906510830
175232526.6175288856 579634.5867919922
153184680.5706455410 221786.4146080222
161260577.7144047916 408098.2217529416
172333350.6022834480 559343.1477050781
174510005.7136855423 574895.0985107422
183497214.7654514611 605137.6743164062
161362817.4068228006 411804.5702922940
152935082.2000330985 212633.5176333692
160977577.1731008291 405280.3022258878
152495852.4042958021 186873.1024261322
156276006.2065176070 304982.8693767488
156343215.9270238280 309332.2045207918
156094707.4080957472 303454.4568515718
175210837.6963641346 578949.3033447266
160534751.5367241502 396139.2634212896
170405959.1273134053 541052.9229753017
161287681.6888470650 409711.2011924684
161138175.1307050884 406274.2834678590
160878816.9450144172 402281.2197471559
169979734.4768135250 536418.9094865322
160928883.1860867441 403891.3340049684
154114749.2691215575 250695.2990537584
160461480.8130565882 393823.9321494997
160589093.1152603328 397831.2976009771
169933153.8399793208 535114.8214128017
154371932.7371625900 258196.5101133287
152662296.1463731527 194631.6092767920
153073445.0084407032 219557.9520484712
153087720.3745749593 220391.0684146192
154191485.8173399270 256458.9411436021
176710813.5708943009 589151.6889648438
152288344.3402495384 157444.2159265109
152212803.7917574048 151011.2077478000
156008400.7491310537 301008.7202182710
155805928.1957416832 295819.1706577241
153385014.0270566642 228416.3112616744
160360701.4997475147 392150.5198910162
156150383.1045403183 303822.1842075288
159919431.7116984129 383741.7145931646
160236472.7010304332 390825.9772884771
152240128.4599251747 151048.5928049010
178150952.5929181874 595502.9868164062
156132433.4824358821 303461.2403393984
156040614.7837747037 302497.6416049898
160191780.8102549613 389349.9061332643
174222744.7406460941 572416.2668457031
175243775.0689497888 580111.1456298828
174581943.9041193426 576195.9139404297
177066117.0570184290 591800.3269042969
153789916.9759250581 241735.4042383134
160144411.8881551027 387808.7786918581
159733051.7232949138 380012.4847465456
159167177.9804742038 369646.5404106081
159347754.4708888233 373834.8045707643
152274199.2715132236 151463.4129929670
159323791.2736046910 372682.9269081056
159029203.1417555511 366874.8519340456
158978099.2029303312 364456.7349906862
174948289.8522296846 578263.6258544922
152361124.4107099175 158275.6829853263
152445806.2466100156 167016.0986740512
175261242.1408097148 580230.3646240234
153955159.8207098246 249478.3400131166
174899658.0867097080 577815.7193603516
153699912.5332264900 241161.7743040025
183933881.4792584181 605246.5800781250
153367558.6402814686 228389.9844312370
152767641.4819894135 197436.1602324173
153899322.2282647192 243663.7207583692
174234746.7864306867 572701.1375732422
152403760.6254560351 166291.6343980559
152366783.1813410819 160100.3668893389
174769028.9316161573 577455.1402587891
157994301.9181856513 342811.2456108034
153902553.3659856617 244406.0026343670
153593867.6422832012 235906.1699771192
157548477.6153993905 330674.0442690551
152743523.5586847663 196509.1620800029
152843930.8308123946 202231.9386302959
157897802.4195310771 339755.0220511854
157519134.5290251970 329679.1309379041
174499090.3540727794 574283.6765136719
174287140.2699037492 573718.3602294922
157864563.3600267470 339703.2988418043
158334323.2271972895 350850.7795463502
157544878.7681357265 330146.4940665662
152861037.1896004081 203938.6303372588
152824288.3214013278 198660.9537537396
158549438.3641716540 353587.9022086561
158462658.8156365454 353272.2929252088
157802112.3175815642 338430.4794486463
158108752.5075345039 345514.7421439588
174212228.6083060205 571765.8439941406
173990058.8385145366 571189.7883300781
176497855.2206834257 586861.2406005859
182719742.0675033927 601358.1162109375
157899843.1294094920 340116.2583675310
176613837.8002757728 587790.8165283203
158433239.5641309917 352422.7891176417
158143580.3440297246 346193.2151546404
163204427.5545032620 432355.2677443027
174392269.0946856439 573778.8640136719
173899615.5133206546 569805.0194091797
182338465.1566791832 599094.2021484375
182141753.4882457256 598180.2551269531
182513520.6979355216 600642.5190429688
158944017.0995864868 361857.8763065338
158534057.0902353823 353466.3363784254
163858556.2587472200 442495.4155943394
157388951.4219686091 321830.6939897239
163630838.1350695491 438416.2142823543
163743605.9669720531 440501.5069029331
164544028.4684222937 450108.3946554661
164594221.1212044954 450131.1908743382
182241876.2736707330 598270.7841796875
164771427.5086904168 451396.2290725708
164620098.6732847095 451163.0880453587
164202091.0393821001 446850.3764212132
164371262.3077045083 448756.0891859531
164141824.1275925636 445172.5291960239
164154613.7238609195 446233.1586477757
163688083.2023789287 439993.1331999302
163306903.9285125136 434071.0008051395
163354242.8931347132 434952.8969233036
157317490.6401331425 321009.9901323020
181719963.8962737620 597872.7578125000
176083270.2794183195 581197.8819580078
181046380.2378824949 596521.7851562500
181070618.9197286367 596900.1508789062
181724243.3543131649 597913.5957031250
157487299.6194849312 325329.9256279171
181161031.1066535413 596965.1811523438
181675517.2278636098 597747.3125000000
181449033.5055787861 597435.3442382812
168689418.8240193427 487367.9966610670
168527539.4600540698 487185.9690426588
168079054.3409222662 483394.6094106436
168206057.4379624426 484707.1145504713
168659244.9432496428 487197.7294186354
168717142.5968097150 492082.4718502760
168706641.3484559953 490935.0827511549
168065036.9873937070 468818.5377460718
167923074.3866280913 468784.2233026028
167683571.0005829036 466297.4474236965
167763883.2140176594 466958.7692010403
167357875.2287458777 459028.8217211664
167639828.9048414826 463173.7462518215
167202016.3706397712 457649.1389020085
167401536.9346236289 459332.8771934807
166972076.2853442430 453922.0320485234
167024806.3938748837 453934.4724157453
167100861.5645388067 456342.6164587140
