153276230.0200152695 232587.7755691707
155347526.5534642637 296549.5688738525
158522489.4196491838 373352.1427875757
177484101.0726619065 606253.9614257812
153110759.5475400686 226154.7673904598
153059332.2026433647 225873.7027580440
155135843.9206752479 290505.9365515411
171918092.1315391660 565330.7314453125
152707441.7251984477 210591.0750298798
154754050.7150883079 281317.5750722587
172111742.8091991544 567752.2669677734
158379698.3704474568 371709.1567833424
179314431.9110437930 610258.6235351562
151558825.9629287422 114336.4822932482
158028999.4755657017 363926.2480623722
170232013.1691829264 547273.1974697113
160685711.9231518507 412133.3488793373
160302308.0451311469 407213.0880842209
171996233.2004360557 567191.2630615234
172997696.9068173468 575988.0380859375
177330560.8482683897 606166.0136718750
151840152.5367289484 162708.8634855167
152901267.2205806077 220141.9090556800
158707247.3842668235 377930.0922691822
160257214.7160019577 406501.9991478920
179278126.4649156928 610210.8715820312
151522111.4929533601 105739.0876230597
151814196.6147177815 156633.6015848815
158853908.5488577485 378866.7882070541
151535648.7028368711 105892.1700864788
157855448.8332874775 358212.0984032154
160806537.6449755728 413193.5842308998
176726821.2336964905 601329.5416259766
158791445.4860970676 378557.3947629929
158655973.8053845465 377655.9281492233
171303465.0643249154 559336.8461914062
157956232.1383203566 359623.1285240650
158232577.1691015661 366703.7906172276
154190225.6376818717 260775.8753485382
158071391.2387646735 364997.7298424244
169312641.9083760977 536577.3941696659
153141954.0500296652 227017.5646157265
158330302.0768979192 369738.5171959400
163888837.3632234633 459638.1166207790
177226029.8929522932 605045.1154785156
158345337.2740989029 370820.7823326588
152659116.0131024122 210429.0326721370
154475856.8439842761 273536.1490606964
158979445.1462815106 383459.7598123550
176454215.7811011374 599886.0739746094
179027122.9962442815 610020.5610351562
176916074.8630667031 603968.8266601562
179030713.0085617304 610149.8193359375
154765893.8193334937 281405.1034279764
178872154.4060451388 609828.8041992188
153117216.4380781353 226574.9172343910
154743442.4297401011 281310.6654314697
152646004.0885952711 209997.1274234951
158632487.0591447055 376999.2891092300
160501228.0615286827 408797.6108422279
160236758.2291916013 406256.5363793373
176451707.9813814163 598408.6967468262
152804555.3273169398 218397.2166092098
171478326.8159244657 560302.1931152344
171566025.6543984711 561769.0234680176
178559176.0522834659 609690.2075195312
155200916.3904234171 290715.9836456478
169225977.4221490920 535187.3596210480
176406315.5230924189 593994.7481689453
152515696.6881094873 203491.7709786594
163023971.5504145026 446485.9705281304
171645883.8742814064 563099.3558349609
178514280.9104057252 609670.1845703125
152708534.9911263883 211563.8566662967
151625048.6705224514 133208.9516626668
169777091.5684117079 541573.7174892426
176728447.1493989229 601334.7849121094
155519175.5059334934 297038.5485338867
153221498.9519011080 231921.8503143787
158285226.9348227680 367839.8711293936
178083345.8069897592 608738.4702148438
178135483.8637820482 608775.2719726562
159218506.4710105956 385401.1825422049
154111173.6562476456 258394.0145909488
158214628.4109138250 366527.0815068483
160720040.1587696671 412746.5497317314
172833063.9992748201 574694.6047363281
176950249.3694534302 604049.9929199219
177174928.8430767357 604761.7666015625
154861588.2911800146 281927.1800291240
174789306.3517755568 586643.6625976562
151787306.8068420589 155141.9535215404
154245333.6411572397 266150.4766668975
157830529.0978756249 357671.7630190849
169642361.5818737745 540326.6277675629
178220215.5466185510 608838.0781250000
151556503.7520067692 106971.2499204632
172314547.4273822606 570817.2504882812
177650542.5287869573 608137.3774414062
177599102.6747274101 608078.1977539062
171432815.9376483858 560138.2803649902
171587349.0463863313 562925.5639038086
154835852.7415812612 281807.8622030914
170179258.7418816090 547123.9415493011
172273171.6359284818 569628.6453857422
176550963.6945976913 600052.9665527344
176691129.7351058424 600609.4660644531
151755065.1924287379 155018.8372066524
152455686.9137620628 200891.6471893787
170131319.3215491176 546606.9211025238
154584571.5341934562 274194.6381964386
155079362.3646264374 289274.5656491518
157340977.0723163486 344395.4730778933
157928310.6476932764 359524.6859376431
163382144.9024777710 453237.0370671749
157696375.6112398207 353132.5466831923
186674906.5304020643 611025.5537109375
152600843.8273557425 209342.6154436767
157590769.0971426666 351781.1454716921
157558151.1690874994 349723.5018150806
151658241.5810436606 139344.2255062085
151702741.2529323697 147061.5884509307
171535021.3348825276 561642.1010742188
152578949.3070715368 208649.1979706287
154387111.1682664156 268161.5477423370
154715240.5229090452 276077.2235235870
185898878.0613988936 610303.5302734375
151860817.2436215580 163946.5024728477
151643121.4760161340 139230.1817507964
157828907.5027476847 357481.0525963306
159256059.5507036448 386301.0977338552
152035161.3461408913 172611.2792518139
163480579.6075072289 454606.1566181183
154906410.3049414754 283229.9656366552
171341306.1041325927 559840.1477050781
173151589.6485417783 576960.6568603516
157906149.3540519774 358560.1324303150
154789036.2661092281 281517.0148679018
172630885.9514708221 573375.3474121094
151685105.2145946324 146987.7325320464
151968152.8276053667 170563.9109742955
154447641.9127670527 272211.6064581573
160628650.5615531504 411598.7419919670
152473402.2608845830 201073.1014872342
172530696.1341017187 571369.1116943359
159924354.6395442486 399513.0225906372
159295401.2616114318 387555.4024213552
151666826.9475071728 140495.1678537053
151920822.5000261664 164799.2485198677
163785826.3441550136 458879.1523842812
154486465.1293324828 273637.3236746490
154718015.1961416900 280438.4849128425
174232263.3419071734 584679.2790527344
174848229.5664452612 587664.7338867188
155079023.8643144071 289112.2946808040
154806561.5004223585 281517.2090339363
160162997.6812754571 403898.8269432485
152974114.9552929699 223736.0451984014
160535408.8428086340 410033.5373144150
171815364.3377420604 565136.7988281250
172136700.2840820253 569059.5794677734
151728492.1416183710 147856.9418063384
162948576.4115617871 444804.6356027126
173766888.3311634958 581553.6188964844
152761563.6370043755 215978.4944171514
154631355.3149223030 275529.4409727752
160205114.1696137190 405163.9223549366
151599606.9263480008 120075.6046865098
163575634.7741613984 455489.3279435635
160529535.2644359469 409888.5437823534
159577165.2027851641 392848.8264061213
160117457.0482648611 403570.0864566565
160089517.6821141839 402617.4905651808
163726708.5471884608 457571.6777780056
186324878.4254864752 610656.2680664062
151953672.0240482390 170363.3495332614
163355410.4900966585 453205.1084420681
154155878.5341817439 258977.8627447784
173977717.9356273711 582979.3967285156
151828993.3651421666 162605.7987520114
157261538.0937485099 341937.1550895870
154011066.7772994339 252485.6670235097
158946295.2986035049 379735.4704723358
169882452.6470717192 543376.7152709961
159380729.8951507211 390077.0577526093
152490316.9061297476 201165.7701389492
157520187.2965575159 346764.6239292324
169067576.3495798111 530096.5186367035
170475018.1362559199 549585.2864379883
151985792.4671451151 171039.2101697341
157180842.2600625455 338235.3703891933
152441129.1073842347 194342.8788605020
186254724.9154751003 610610.4013671875
154127674.8321221769 258487.1958746612
170930961.3002652526 556237.8050537109
170526654.6069302559 550721.7233581543
162770334.3012821674 442969.7923942804
186600715.9129528403 610883.8388671875
154076087.5426933467 258368.3926672637
174586524.0433857143 586236.8496093750
152338409.1134676933 193112.1702423380
170838891.5368955135 554700.1352996826
152384295.3811907470 194191.2500763224
163309929.4267793894 451411.3424354792
151681429.3676510453 140752.7143160176
159519395.9011900723 392163.6830809116
157061052.1921955645 334632.9674136341
170718185.6751427054 553228.0413818359
163436953.3435014188 454147.6632362604
159231372.2849740088 385893.4108816385
163329611.5734329522 452543.0520378351
174192429.8559990525 583695.0126953125
176447616.3534864783 595374.8115234375
168953734.1437272429 529660.0407924652
176171168.9608223140 592566.8764648438
157137902.1840642393 336293.6219704263
157158052.5973213315 336506.1263224781
153687581.0684539378 244536.2226984203
175586920.2930713594 591896.5820312500
171294613.8084197044 559211.6351318359
175543058.1643060148 591696.9360351562
156941901.3183935881 334236.6051931083
156597142.9157279134 325931.9515659511
176258357.3345437944 593758.9625244141
157130551.8517129719 335272.3531772792
157064620.3355346918 335076.7435421944
156885167.1618146002 332905.3124057949
171285878.3232994676 559160.2620849609
173428255.0493058860 577589.8041992188
168813116.0036666393 525692.4154567719
156959717.1815312803 334272.3765821159
156839032.1065748334 327770.7698642910
174931247.2042814195 588569.0454101562
175447654.3156583607 590216.7924804688
153483320.5440672934 237279.9525546730
176397403.8589099050 593888.6822509766
153425164.6844095588 236778.6719171703
156372218.8561656773 318556.0674717128
175111839.0907120407 589512.4738769531
153530965.4700136781 238310.0997520145
176227009.3237075210 592832.4091186523
153629398.0438427627 243651.9166757762
152509146.7462660074 201558.9532772806
153606777.8849178553 241794.2344247997
153644557.8774562776 244020.7647211254
153370891.8780913651 235894.3658945262
164163420.5535676777 463221.7920347452
163195917.3178036809 449087.2090269327
156596822.0452845395 325471.3478307426
156289403.4211067259 312730.8053984344
151733089.4471457899 147877.1029925567
151801553.0283133686 155851.9535728004
164155320.4926918745 461498.2619473934
152188536.2643183470 179096.7806172387
173482700.6879414022 578147.5638427734
152221078.3414136469 179451.7912068383
176056615.1492265165 592179.0578613281
162625693.0701700747 440791.9511590498
173680289.8142456114 579699.1505126953
173604501.7380852401 579044.9868164062
152318712.7604794204 180817.7310211674
173595689.3741101325 578775.4290771484
157323812.1229431927 342479.6886544228
164484404.3833313882 465765.5753990412
164477893.8820573688 464411.7293078899
156504120.1675451696 319966.6908237636
162584913.1318215132 436571.4762082594
156718196.7596269548 326921.3909545839
162297262.1832627058 432283.7378950613
162458613.8588147461 434596.5633165138
161797002.5000976622 423833.5492134094
162389253.3231657743 434359.8208749788
156101698.7882455587 310249.9278102815
162062306.7574175596 428012.7344856262
156141253.9454306960 311565.8516129330
161734218.3444124758 423361.1607246399
162519482.7638914287 435764.9883459108
161515567.2835162878 418345.5299682617
161422474.3478781879 417230.6429994106
162124062.7021884620 428869.9570922852
155889051.3262818754 304164.9160308838
155858910.5690135062 303422.6341548860
155773345.6738665402 302492.3770290315
155781676.2852154672 302657.3612056673
156036970.2231529951 307497.9103942811
156293360.4667063653 313030.9529120922
155739742.4920139611 298012.3958803415
153930853.9035297632 248919.3250852525
153955159.8207098246 249478.3400131166
168689418.8240193427 487367.9966610670
168527539.4600540698 487185.9690426588
168079054.3409222662 483394.6094106436
168206057.4379624426 484707.1145504713
168659244.9432496428 487197.7294186354
168717142.5968097150 492082.4718502760
168706641.3484559953 490935.0827511549
168065036.9873937070 468818.5377460718
167923074.3866280913 468784.2233026028
167683571.0005829036 466297.4474236965
167763883.2140176594 466958.7692010403
