151647162.2690963447 114787.5989893284
159091678.5807568729 379679.5104143620
162748511.6350429058 439858.2741582887
170772996.3344170451 551232.6662597656
173535970.5474496782 578355.8934326172
176537754.8344695270 593703.5279541016
154596111.2003215253 272745.9296295345
158839313.2989622951 375760.0436677933
163595588.7024743259 452858.4141850965
152090808.5350006223 170813.7905780093
153698529.9605521858 241321.6619577110
155153843.8299686313 289026.0308715999
159494179.7389995754 388478.9605221748
160169018.9209861457 399062.4440884590
173728918.2190589011 578825.8846435547
176731805.1413974166 596558.4438476562
178536451.1263215244 602669.1606445312
163389285.6507485807 449061.0677495496
172764858.3264443576 569361.4541625977
174182470.2615670860 581239.8522949219
163159013.4670041502 448882.6905446546
162682202.0101982951 439728.1246726043
151997020.9243467748 170129.4578892008
154823940.5983591080 279976.8934814632
157162659.4881985784 335502.8915963173
162857980.8891423643 442361.7082524793
163039026.0037946403 447214.8458257215
173189023.2798573673 574833.4244384766
152150559.9798989296 172982.6669456065
159969105.9199687541 395812.6679860353
174216817.6348295510 581500.1955566406
170317684.6950911283 544955.1152954102
170413791.6699079275 547704.9253540039
177306572.4735451639 599573.6503906250
151920745.4728606045 162370.4389674381
152861650.4238694012 210874.6369379070
155206041.1235166192 289135.6888019741
158886281.0054555833 376168.4642407694
159924451.2360244989 395122.9506842792
169988225.9971548915 542520.4780883789
173879488.0953033268 580081.6683349609
178243539.2426108420 602283.2412109375
173250367.7498829663 575472.6009521484
159561846.5015431345 389186.9025008678
163430036.4550453126 452626.5793052912
155269137.7642342746 289291.1396553218
155300685.4035489559 290617.0455622375
170544963.5881684422 549829.6157836914
157323812.1229431927 342479.6886544228
155389208.4981750846 294748.4623291194
160444193.8686898351 402611.5949409008
173791778.1075621545 579546.9241943359
177189975.8666968942 599276.7788085938
177013918.7349921465 598185.1040039062
177083372.8081424236 598660.0336914062
159641104.5557361543 390739.7715460956
160334980.9566623867 402145.0575957298
163394019.5009754598 450571.0911202431
171005130.4871425629 553569.5321655273
160024750.7196680605 396359.1066246629
159840255.4961950481 394854.0441596508
176589753.9282138646 595475.6729736328
152182030.2587424517 177951.6741754428
157372847.7991146147 342584.7195234299
153102721.3044132888 225110.0974100139
176918143.8881183565 597642.6782226562
152091741.4783165157 171917.7935437262
159024098.3929530382 377724.4003374279
170883258.2944334149 551467.7208862305
173713085.4409269989 578653.4232177734
173873208.4965192974 579552.5411376953
178415739.8339673579 602597.2509765625
164002891.6998095214 459471.9090896845
173744250.4669733346 579163.5003662109
176537491.2918524444 593521.4014282227
178842179.2835236788 602995.0844726562
151855847.9927850664 155860.6049005405
164484404.3833313882 465765.5753990412
185413051.0376957357 608940.0561523438
152772712.3384601176 210608.6513220575
156950221.0786089897 333119.1508438289
171382607.2773341835 555253.0136108398
173134188.1846012175 573852.8206787109
173119756.9770263731 573338.0568237305
154747198.3436986506 275537.7939941585
155551258.4118402898 296328.7278740108
159206374.5345226824 382950.4270395935
164121358.6089182198 460487.3971766233
185850356.5874183476 609608.7294921875
158928926.5674035847 376175.3120126724
185537134.1286625564 609176.7661132812
164366378.8786659539 462370.2841700315
176368959.4796199203 590768.6488037109
151817322.4399631321 154828.9553667307
152890914.0874155462 217077.7239740398
169496183.7224345207 535257.4218444824
176390439.7208352685 591836.5506591797
176667253.4180091023 595710.3555908203
178607172.4288429320 602842.8403320312
176490265.9655128717 593345.2540283203
171407788.2848950922 556709.4732055664
176161711.6988031268 585505.1317749023
177362462.9511226714 599633.4414062500
151765096.2880216539 147173.9290439800
159387951.9837535620 383774.5329256058
156890896.7139437795 329415.2738277614
159441827.0731112957 387176.9628572464
178365080.4696150422 602483.6557617188
151838373.8202386796 154971.2721579985
164178258.9196518362 460980.3398720026
151814807.5665555298 154575.4208005384
159142235.6656345129 381964.9237689972
163645385.4279794693 453580.6894756556
164477893.8820573688 464411.7293078899
153397778.5337951183 233909.4037766159
155125959.0957136154 286879.0355713069
154887840.0492809415 281519.3708069026
163846975.8325993419 458008.0246177912
163648250.6435979307 454651.2409340143
172904219.2804930508 571582.9600830078
159798163.0833420455 391986.8237301111
163484323.4609205127 452657.3322426081
173346333.5973716676 575794.6744384766
151791424.6360854805 148514.6327648163
169972683.4347740412 540834.6897392273
177555133.0153380930 600356.7504882812
157003449.9781202972 333752.2009396553
171940836.6058434546 558766.4147949219
173412384.9146722257 576417.0257568359
176237601.0203977525 590033.1392211914
159740458.9894830585 390914.8708535433
173381296.9418160617 576067.2139892578
185215371.2802852690 608765.4531250000
159320691.1607099175 383743.9001366794
153389356.0068939328 233600.3462318685
169092147.8757494688 529856.5756950378
170187510.4342880845 544412.0403137207
177529230.0837350190 599716.5317382812
151663974.2719386816 120550.6507555600
158948906.7561948001 377310.8919579685
171254956.9167266190 555158.5646972656
156462708.3960020840 319522.3597690761
158650767.4094405174 370839.6145365238
170363915.9328303933 545534.6470222473
170673529.5071690083 550192.2544555664
158106439.1570039093 360698.8507506847
177989661.2503370047 601290.3706054688
153352093.4757976830 232867.6481912639
178111980.0005046129 601399.8222656250
156614089.0972897112 325131.8529331386
156899299.1222957969 332836.8740202882
158460380.2871320844 367440.6583678722
152691318.4666298330 203195.2937873807
157263738.4013202488 341522.8734078407
156504120.1675451696 319966.6908237636
158873010.6664787531 375986.3493554294
158467962.9728686213 368456.4015319347
158596702.8669185340 369768.6104295254
151608535.9622488618 108260.7515824996
151702363.8507420123 122349.3841825128
170115037.8060971498 543782.4124870300
151854326.9248325229 155278.5367951989
156617903.3975893259 325144.9746200740
151882648.9015105069 156389.0183734000
169758923.3567731977 537952.9180107117
151740510.6721874177 122958.5586961266
157716761.0131621063 349619.9190866947
157937284.8902184069 354950.3097085953
161676039.9648434222 420646.4766373634
158208327.6414185166 362707.8604898453
169398563.6293575168 533638.7398815155
169321427.7494599223 532445.0361747742
156924076.9664082229 332902.5254013240
157551908.7792108059 345540.4172525406
169891444.9837249517 539318.2750358582
158285395.5118024051 364038.3978219032
157986553.1481391788 357037.9749703407
151786816.7291332185 148277.6224686519
161596449.9511960745 419393.6120033264
172436945.1863560379 565114.9394531250
172555193.2870240510 565127.2050170898
151655220.7318128645 120281.5223154388
157635071.1670386195 349280.4241890907
151626236.3466693759 114268.0730305668
151969892.1179024577 163143.0741888002
163365774.6741437912 448983.8841415644
151811166.0836758614 154552.4070414022
170526355.6674641669 548006.8982658386
162584913.1318215132 436571.4762082594
172334745.9289678633 561809.1213378906
169590914.3910018206 536823.6563835144
172612923.4883472621 566605.0385742188
184796888.0622482002 607536.4697265625
151694128.1002144814 121197.1008608546
153034209.9268549681 219367.7338547017
172344986.5651278198 563972.8433837891
153040548.7434400022 220411.0822179820
184870545.7281408608 607727.4208984375
154677206.1702163517 274132.4561422765
152938380.8182007372 218321.3001081254
156718196.7596269548 326921.3909545839
154741942.7998704612 275365.5089904964
157226005.2340761125 339001.2103191316
184330051.5321531594 607257.1455078125
161818212.3536208868 424342.5338263512
154176895.6528912187 258247.1889424324
161516437.2682396173 418496.2263002396
169175130.4728190303 529871.0576744080
152937150.0004084408 218236.8154930379
171994018.5940671563 560581.6104736328
172075794.3937564790 560880.9718017578
172110899.8498591185 561348.6569824219
161848458.1070227027 425422.9994316101
169048015.2227931619 527962.0465812683
172159698.3398229480 561379.2067871094
172143168.9658058882 561353.3435058594
154647459.9360319674 273976.9615623653
169014292.0043517947 526154.6104087830
152261751.3180702925 179323.9445585907
171566504.5627257228 557517.9671630859
184723748.9767116010 607343.8002929688
184148876.6264353096 606739.5966796875
152320405.0845097303 179716.7934550941
153507923.4878543019 236057.8084143102
157909166.1474235356 351325.1821360290
184269142.5440489650 606819.8100585938
162297262.1832627058 432283.7378950613
162458613.8588147461 434596.5633165138
154721868.0094469488 275157.5957979858
152561217.2434327900 195934.4631113708
161797002.5000976622 423833.5492134094
152442248.1483336389 188932.1581760943
152597814.9303358793 198465.8970720470
154268629.7998401523 260240.6271545589
162389253.3231657743 434359.8208749788
154409809.1786358058 266012.0727464855
163020745.0835391581 442987.9971769350
156101698.7882455587 310249.9278102815
153563117.1079024374 236941.9543413818
169066401.9149988890 528401.4915959835
162062306.7574175596 428012.7344856262
156141253.9454306960 311565.8516129330
153526638.0985221863 236061.0929778516
153453753.5679555237 234766.2943429258
153227618.6588170528 227865.7758456971
161734218.3444124758 423361.1607246399
162519482.7638914287 435764.9883459108
152729503.5058534145 205534.0635778606
161515567.2835162878 418345.5299682617
161422474.3478781879 417230.6429994106
162124062.7021884620 428869.9570922852
183755439.8935657144 605832.1372070312
155889051.3262818754 304164.9160308838
155858910.5690135062 303422.6341548860
156290698.6581984758 312633.4317428172
161218127.1711901426 410153.6903370734
152401040.3964949846 180430.7102158871
155773345.6738665402 302492.3770290315
155781676.2852154672 302657.3612056673
161111130.1331574321 409486.8967274543
152757924.4723716378 205890.1811585929
161031217.4971166253 409096.2098988410
152440325.7969440520 186780.1803041305
152885454.2188699245 212567.1500831153
183857615.9494399428 606041.6269531250
156036970.2231529951 307497.9103942811
175876785.5241878927 585265.9589843750
156293360.4667063653 313030.9529120922
155614157.1717189848 296824.6417995393
155739742.4920139611 298012.3958803415
183898913.5269320309 606062.9189453125
153930853.9035297632 248919.3250852525
183443054.9724733531 605137.6743164062
152550057.4557695389 189583.4491556383
183009791.1235401928 604110.3491210938
175937976.5476942658 585444.3395996094
154126263.8295396268 255658.9663122296
183570642.6393046677 605218.1508789062
183257487.0774199367 604269.8300781250
153833615.3068600893 242479.7111705318
154014609.4229692519 250580.6680755615
161309598.0118839145 411100.1694133878
161362817.4068228006 411804.5702922940
160977577.1731008291 405280.3022258878
160928883.1860867441 403891.3340049684
153789916.9759250581 241735.4042383134
153955159.8207098246 249478.3400131166
153899322.2282647192 243663.7207583692
153902553.3659856617 244406.0026343670
168689418.8240193427 487367.9966610670
168527539.4600540698 487185.9690426588
168079054.3409222662 483394.6094106436
168206057.4379624426 484707.1145504713
168659244.9432496428 487197.7294186354
168717142.5968097150 492082.4718502760
168706641.3484559953 490935.0827511549
168065036.9873937070 468818.5377460718
167923074.3866280913 468784.2233026028
167683571.0005829036 466297.4474236965
167763883.2140176594 466958.7692010403
