153457965.4942748249 214010.8155760970
153036254.4816995263 204884.8849120345
153499007.7359822392 219655.2992465701
158468401.1485190392 347170.1564467847
158498245.3955012560 351774.3021987379
158864880.2549620867 355967.7610543668
158704824.2861349881 353780.0672229230
158167541.3585566878 345708.7855971754
158859563.7783620358 354773.9203215539
158919943.9016695619 357914.5165637434
161037580.7486343384 397797.4974948540
162547044.5715999603 421870.7426173247
172623048.8332088292 556629.2003479004
173496494.9503137171 564256.9341964722
177101030.6375441849 589886.1889648438
152525439.9617509246 167723.1676269446
153142627.2944253981 211042.2061430942
153201981.3762127757 212570.5321030822
152861792.5342023969 201973.7537792530
158997706.4105442166 359835.0866378248
172508958.5865695179 554552.2476196289
172201286.2981678545 550807.0185241699
172332505.3551850617 552633.4544372559
172226146.9475694597 551383.7000427246
172511226.9321790636 555955.0466003418
174014296.6476838291 568336.4250488281
176507797.3036986291 584560.7969970703
176796960.6973918378 586447.6999511719
177477609.4600808918 591797.3369140625
153123521.9389338791 211038.7467284407
152745066.8479781747 195527.5446230900
152944467.4347319901 203340.0936615597
152644994.7770518661 180798.3602263536
153167479.5324628353 211109.8772086632
153068164.1245515347 205668.0448672306
153188516.4470395148 211901.6479224693
152867970.5617393851 203285.0954043400
154182268.7380295992 241474.7112913653
154384650.1145920455 245445.4580389261
159059979.3827767372 361223.2475207746
163586609.4909959435 436375.4905455112
173303400.4749728739 563187.5725708008
177012455.7022690475 589260.8374023438
177865857.9994791448 592622.5986328125
182864056.4810117185 598953.4833984375
159232365.0857941806 361263.6707656384
158960555.9358048737 359000.5732043684
152846416.0976464450 197119.7138578631
154875244.8437576294 257769.5815147161
154976850.2226053774 258518.3867520094
158572926.9251401126 353465.6967395246
158870901.0037876964 356398.1685792804
161136351.9294624329 398334.1600521430
172959301.7913145721 559710.5657348633
172785848.4777104557 557304.4776000977
173639044.3233858049 566942.6624145508
174052720.0270689428 570548.4357910156
177066450.8380631506 589833.4477539062
183196412.3044050038 599369.3603515625
174410636.5163666308 572748.7847900391
173569513.4496662319 566463.1592407227
152490541.4636498690 166360.7018344011
154292391.7754170299 243228.9258726835
158160445.0544787645 341104.4560111463
173125784.6085620224 562219.1204223633
174250989.3458010256 571440.3317871094
155037423.2051963508 258789.9160887003
154685792.8758386374 252293.7837322950
160896807.4382104874 392650.4108990058
160633955.3253358006 391656.5258892402
160346438.2942187786 384608.7702854499
152614540.9782302380 174465.3102528658
158477515.6496384442 350391.5265677869
158694357.3373380303 353553.9719394147
158563870.3531947136 352784.9273856580
160382452.4046084881 386408.7233401462
160370721.6821157932 386297.4338596687
172956814.5642155111 559027.8614501953
177770478.8272817433 592331.6025390625
154360521.2660730183 244329.6709531546
158334444.4678846598 346981.4781415164
158252572.8914589882 345711.4347676933
158077068.1776188612 338677.3186235130
163280053.4733255506 432307.9580475092
164063525.0540218949 443576.9470160007
163858556.2587472200 442495.4155943394
164357763.6824350953 447681.2299702168
152553123.1217555702 174118.2526156511
152726189.0454562008 181903.2155072298
154236292.4673559368 243005.1283506155
157388951.4219686091 321830.6939897239
157962919.4625624120 337976.3770951927
161683999.4653134346 408735.2752554417
163522278.7059012651 435508.2519743443
172945175.6564912498 558456.5226440430
173102713.7539233863 561142.5697631836
176856795.6525324881 587584.7519531250
176699691.2955206335 586251.9699707031
177463087.1084360182 591305.7426757812
172756743.6061945260 557014.0989379883
177455251.9405481517 591140.4785156250
176691145.8326267898 586035.3959960938
157574494.2981604040 328509.1649369895
160019420.6646872759 379418.4840837196
159722666.3748576045 372642.9995337203
160081431.1133921146 380290.2494119033
173081089.0650380552 560937.0604858398
180843841.3042897582 596292.6284179688
152690737.1170646250 181868.0314442720
161667262.7838938832 407371.7272932529
163630838.1350695491 438416.2142823543
163743605.9669720531 440501.5069029331
164544028.4684222937 450108.3946554661
164594221.1212044954 450131.1908743382
173940800.0567241609 567868.9001464844
174024859.5276717246 569957.3959960938
182241876.2736707330 598270.7841796875
164771427.5086904168 451396.2290725708
164620098.6732847095 451163.0880453587
176377641.4432620704 583492.5401611328
176544124.2605095208 585893.0811767578
164202091.0393821001 446850.3764212132
164371262.3077045083 448756.0891859531
153823986.9978953302 222860.3256818261
164141824.1275925636 445172.5291960239
164154613.7238609195 446233.1586477757
175114490.2424552739 576793.7702636719
182940216.2212444842 599181.4550781250
163688083.2023789287 439993.1331999302
163306903.9285125136 434071.0008051395
163354242.8931347132 434952.8969233036
170899738.4264007807 529674.2695236206
153785292.3860493898 222858.2809838261
162509014.1352701783 421324.7061750889
163170509.0915116072 429248.4286126085
161961904.2604342699 413009.5204737186
162818183.5395525098 426966.3685038090
170914058.4126590490 531039.8550338745
154172678.1738746166 232079.4978912231
153917133.2549005151 230615.8317650761
159508567.2967497706 364726.2714453414
159379667.0777410865 364085.2116900161
181994669.1954613626 598159.5791015625
154070089.0658764839 231776.5473862179
153887053.0814000964 229087.9458475839
157317490.6401331425 321009.9901323020
162317540.2144927382 418243.2504541874
161878831.4443055987 410682.7857649326
162988707.1981463432 427138.7234842777
162794291.4611957073 424173.6406514645
162763039.0047270656 422936.1026346684
157660444.8495223224 330196.3332051933
157279588.7653044462 320078.3260698020
157237623.2703546882 318765.6723069847
159861653.8038214445 375078.4475317672
159559527.8829995394 365966.0434790328
159609370.5491178632 371665.8994360641
162404792.2318639159 420900.8519022465
175291433.5819319785 577313.4166259766
181719963.8962737620 597872.7578125000
175553078.1471443474 579102.7418212891
176256973.2462497652 582136.8621826172
182648159.7919345498 598765.6987304688
157914363.1523926258 335721.4778299034
160141229.1227285266 380679.9903555587
159822930.3182944655 373980.8464346603
160240518.7834221125 383078.5653963760
162096191.8317034245 415274.5152622461
170308748.3754818738 522601.0590248108
176083270.2794183195 581197.8819580078
175365805.1618244946 577718.8017578125
182427604.7019759119 598271.5644531250
182632261.0683025718 598706.4648437500
175848132.7164583504 579128.6326904297
161908564.6166031361 412877.0312163997
175446156.3090294302 578775.2851562500
154175311.9090285599 236535.8240550905
157658367.7881491482 328536.8183793724
162220942.3937319517 416373.1066014320
162021051.1747422218 414862.3447248936
174814312.2517538965 574818.7692871094
174547018.6061198413 573560.7919921875
174628951.2805655301 574149.9113769531
174368167.3138401210 572502.3851318359
173976568.4819832742 567933.5938720703
174865052.0084594786 575590.9981689453
174478491.3353976905 572865.9193115234
181046380.2378824949 596521.7851562500
153765908.5302362740 221568.3859894865
171133344.3524573445 532337.7834541798
171785622.2021983862 537637.7850341797
181070618.9197286367 596900.1508789062
171830876.9306575656 541686.6762847900
171825084.6104578972 539984.0662841797
160222523.0581536293 381119.7411174774
160009126.5190452337 379355.4477530196
161476134.3250063658 402129.3537580967
170428688.5239521265 523663.6471168995
172060548.0789580345 544316.2559814453
161360111.5083606243 400056.1836694479
161358027.8516449332 398467.0151025951
170759422.3723323047 528932.6494362354
180478435.8690084517 593523.1789550781
180720212.4729428887 594027.1485595703
181724243.3543131649 597913.5957031250
160933617.4669989347 393271.5366967916
157487299.6194849312 325329.9256279171
157550007.7057053149 327835.8768510520
170099376.3075569868 516459.3248288631
181161031.1066535413 596965.1811523438
181675517.2278636098 597747.3125000000
181449033.5055787861 597435.3442382812
180358977.4112732112 592712.7370605469
180506920.1577052772 593955.8181152344
153717733.9033517241 220923.8106475547
153654301.6968961358 219985.1587532684
169982264.3650254309 515843.7110593319
171720868.2212836742 537559.6877899170
171713459.7155027986 536088.8270721436
171355704.4309052825 534481.9277491570
170730906.1850870848 526576.7920680046
171436913.9544714391 534830.2389068604
171092949.2082580328 532232.8881983757
170114646.1699980497 518388.3118372560
170215261.9242464006 520644.3357844353
170730003.3789266944 525980.7334742546
170134967.3875703812 520023.4722898006
170504799.6696242094 524649.3042750359
157849679.5850843489 333073.5389148891
157874667.3473908603 334796.9393055141
157538391.6602447629 327039.3885242641
170071989.5096886456 516064.9532489777
155556321.7055543065 268529.3735986062
169775106.8573158383 507233.0270580053
169514953.7147469223 506057.2214552395
169821924.2020015717 509301.0702708960
169889767.3013709486 511744.0799144506
169519712.5835702717 506132.7253732681
155771983.1240532100 270337.0144835420
155773798.6115256548 270371.0520941483
159579280.9452511370 366838.2909367457
169263212.3342416883 501902.3737752438
169534065.5881486535 506691.8148667812
159600600.3666555285 366890.5117496923
157076038.6622683108 307073.2357540708
168227019.6190338433 485831.0655419827
155825886.3874582648 276441.3950850375
155475560.8192754090 268377.5910216279
168418501.6754752398 486092.2239549160
168780925.9634789824 493532.3699204922
156793486.5365971029 305055.8856406584
156770865.9014619291 304941.3928460628
157095588.3872513473 312698.9436273128
157094112.0047219992 312509.4800943844
155420286.8916212022 264943.4602525374
156533663.5525956154 292797.0456917398
156544392.1921319962 298067.0024788491
155339652.1348443627 260738.6710941063
155182009.8628195226 259782.3034664102
156481612.2915397882 291477.1348030679
156604570.1587127149 298316.3259543292
156930229.6884908676 305824.5532600991
168752971.4687916040 492303.9851981401
156715818.3321616948 300205.0534781329
156990598.0501689017 305859.9307151102
156919535.7798757851 305590.0519620730
168689418.8240193427 487367.9966610670
168527539.4600540698 487185.9690426588
169121638.3463909626 496831.7690609694
169051728.1282635927 496352.0084866285
168079054.3409222662 483394.6094106436
168998711.0354023576 494269.8592404127
168206057.4379624426 484707.1145504713
168659244.9432496428 487197.7294186354
168717142.5968097150 492082.4718502760
168706641.3484559953 490935.0827511549
169013607.1153543591 495603.6080197096
155230859.0446538329 259797.5374288252
156373758.3393032253 285514.2202275945
156470775.9751115143 290660.4564532330
156174936.3894423246 282978.8389411671
156426790.2826711535 289751.1414312078
156209583.0438207686 283837.8366496293
156153252.2333109379 276920.4545263005
156162744.5860330760 282922.1562627507
168065036.9873937070 468818.5377460718
167923074.3866280913 468784.2233026028
167442519.6337207556 462776.3112542629
167683571.0005829036 466297.4474236965
167763883.2140176594 466958.7692010403
167357875.2287458777 459028.8217211664
167639828.9048414826 463173.7462518215
167202016.3706397712 457649.1389020085
167401536.9346236289 459332.8771934807
166972076.2853442430 453922.0320485234
167024806.3938748837 453934.4724157453
167100861.5645388067 456342.6164587140
