151780404.6685322225 155021.8316386249
152717666.0856518745 210429.2942055967
152708921.6458040178 209499.5445564296
153614907.4938960969 242327.3740732372
153850196.3977476954 244371.0106962323
153530965.4700136781 238310.0997520145
158422488.5819595456 368015.8112361431
154535287.5967367887 265787.5237326324
176412203.3825085163 594893.8345947266
176227009.3237075210 592832.4091186523
186063234.3852176964 610099.4135742188
152569611.6762211323 201777.1763302591
152716624.9230028689 210407.9252862241
153432928.3362471163 236651.3493520916
153513014.8322333395 236973.4457285106
158766593.2641367316 374810.2639849186
152652273.7057881355 203093.9772364404
152586002.9672870338 201978.8459328916
158781901.5230877101 375830.6264438629
158393310.1842119694 366954.6241838932
176389051.0853680968 594570.2677001953
159140456.0309632719 382043.3044188023
170249703.0184082389 545522.4208068848
176915078.2339607477 597514.4885253906
154546294.7661454380 272527.2157416046
163123615.4456064701 447312.0483824015
176916031.7136462629 598416.7500000000
177083462.0141449273 599028.3286132812
177109461.9046194553 599100.7460937500
186589116.0062353313 610184.4213867188
152773651.8945626915 211076.1679238584
152861675.7944404781 211647.6021736171
174977290.7664325535 586424.3403320312
174598264.8225174248 585896.1997070312
152797305.1930150092 211103.2335212734
153641169.4685588181 243659.7284949571
153629398.0438427627 243651.9166757762
155414221.4780502617 295695.4074585140
151588682.2475333810 99392.0396848675
152553864.1908598840 201766.0555906189
152729531.4990096688 210551.5587929990
154841787.6160781682 281301.4360840023
158660205.5340578556 373410.6949176006
159290842.5996817946 384300.3002905846
152654288.7816957235 208570.9417871740
174671217.5338462293 586267.8056640625
152509146.7462660074 201558.9532772806
152663573.4613308311 209472.4789590146
169289271.4370427728 530060.6786098480
176367430.0696754456 593753.4577789307
153606777.8849178553 241794.2344247997
158526797.2146137059 370443.1832659245
153644557.8774562776 244020.7647211254
158441105.0905511379 368564.3107073307
175029969.0573279560 586973.0034179688
171409645.3318844140 558691.7318115234
172920837.4997501075 573628.1389160156
173263014.4567246735 576891.2480468750
158410993.8431419432 367491.1471331120
153370891.8780913651 235894.3658945262
164032287.3972903490 460376.9873472452
164163420.5535676777 463221.7920347452
163195917.3178036809 449087.2090269327
173477141.1311531365 577746.2006835938
152907505.9012266397 217946.9450381589
156596822.0452845395 325471.3478307426
156289403.4211067259 312730.8053984344
160031648.9341981411 399246.8799818754
154609093.9930992126 273763.1844467819
171232436.6200408340 555920.1610107422
151733089.4471457899 147877.1029925567
169359391.6452481151 533672.2119350433
175126624.7772848308 587729.8354492188
151880264.7268419862 156102.5188214183
151801553.0283133686 155851.9535728004
163459761.3975400627 452034.4642878072
164155320.4926918745 461498.2619473934
169049867.4346279502 529516.9724941254
174903550.5659253299 586390.1608886719
174574471.9036460817 585869.2094726562
160482977.0684552491 405720.5954130888
151923140.0190384984 162572.8427583591
163462155.8144100904 452850.9728609324
176491876.5320259929 595635.1525878906
152188536.2643183470 179096.7806172387
154781654.4351753592 278257.4360480011
151935112.8351013660 163379.1666090709
154555576.4492944181 273536.1490606964
160249805.0895210207 400219.9626005888
169293285.7934138179 532815.4250698090
174063567.8640002310 582569.7686767578
151606176.9323135614 107221.1638803892
173482700.6879414022 578147.5638427734
178518927.7299013138 603122.8139648438
156429983.9310715795 317422.6184131801
178736322.2016912997 603359.2158203125
151774248.3122449517 154745.2833132964
163436506.2793631256 451316.9967046278
163827188.6022040248 458228.5719038248
178451816.2661425173 603091.7744140625
152408746.7557594478 185960.7058648185
160281384.6214223802 403219.0236357450
160167390.5686281323 400019.6099654436
159936154.7111752629 397963.0446318388
155196941.7732905746 289288.7339946926
163472209.1625798941 453689.0806089640
173450494.5562101305 577321.4366455078
178269946.9669131637 602631.8188476562
155099284.6471450627 287734.4442627132
154922728.3915917575 282560.0555908382
178242077.3569642007 602435.3286132812
179125746.3445508182 603719.2729492188
186482582.9338296950 610140.7612304688
152221078.3414136469 179451.7912068383
152004099.2235633135 170189.9390339867
157515599.0746009648 343768.7975566760
163440875.0903672576 451328.8168207901
176056615.1492265165 592179.0578613281
154826733.4656061530 280293.2757497728
178101201.7663659155 601890.4750976562
176220726.4365511239 592316.7105712891
185603507.9661764801 609227.5590820312
152067386.1657622755 172336.6676172912
178092929.7464727461 601402.7861328125
163453873.4750444293 451356.5814016359
185809956.3012317121 609663.4399414062
153347545.7512195110 234569.8232919872
176260347.2033599913 593374.9160156250
162625693.0701700747 440791.9511590498
159381134.5979437232 385951.2276606560
173680289.8142456114 579699.1505126953
152063193.6719621420 171086.2731357829
156984602.2842873931 333228.8986119926
156986013.3858321011 334136.7547554970
154954464.5540686250 282640.5423462093
175959868.3473049998 591603.3277587891
177273021.5491958559 599725.0087890625
159725863.6324746907 392619.5874466896
173604501.7380852401 579044.9868164062
152436798.5728104711 186581.3731110112
154665125.3525340855 274868.4279052913
176513815.4807474613 596151.5546875000
152318712.7604794204 180817.7310211674
152135688.0070923865 177947.4898152367
173595689.3741101325 578775.4290771484
159263678.2781628966 383825.9500434399
176717402.0795008838 596569.8574218750
159291685.0672976673 385317.1295690536
159498568.8116295934 388502.1103181839
155110151.7502640188 288271.0518066585
173987213.4180766642 581268.4997558594
159111570.3752567172 381625.4288713932
176699407.8823836446 596462.0480957031
170178259.1306611896 544060.9255676270
173895259.5032069981 580856.1931152344
151598349.9154644310 100459.1695614271
173921281.5897234380 580964.0217285156
185668433.3788423836 609336.8393554688
155115248.0166634917 288285.6118652523
170256829.9288370013 545944.1623229980
157365964.9757795632 342601.9532418251
170615968.9441914558 549979.8249359131
170772996.3344170451 551232.6662597656
172764858.3264443576 569361.4541625977
163159013.4670041502 448882.6905446546
154823940.5983591080 279976.8934814632
162857980.8891423643 442361.7082524793
163039026.0037946403 447214.8458257215
170413791.6699079275 547704.9253540039
169988225.9971548915 542520.4780883789
155300685.4035489559 290617.0455622375
170544963.5881684422 549829.6157836914
157323812.1229431927 342479.6886544228
155389208.4981750846 294748.4623291194
177189975.8666968942 599276.7788085938
163394019.5009754598 450571.0911202431
159840255.4961950481 394854.0441596508
152182030.2587424517 177951.6741754428
153102721.3044132888 225110.0974100139
164484404.3833313882 465765.5753990412
185413051.0376957357 608940.0561523438
152772712.3384601176 210608.6513220575
156950221.0786089897 333119.1508438289
154747198.3436986506 275537.7939941585
164121358.6089182198 460487.3971766233
185537134.1286625564 609176.7661132812
169496183.7224345207 535257.4218444824
159441827.0731112957 387176.9628572464
164477893.8820573688 464411.7293078899
177555133.0153380930 600356.7504882812
185215371.2802852690 608765.4531250000
169092147.8757494688 529856.5756950378
170187510.4342880845 544412.0403137207
151663974.2719386816 120550.6507555600
158948906.7561948001 377310.8919579685
158650767.4094405174 370839.6145365238
170673529.5071690083 550192.2544555664
158106439.1570039093 360698.8507506847
177989661.2503370047 601290.3706054688
156899299.1222957969 332836.8740202882
157263738.4013202488 341522.8734078407
156504120.1675451696 319966.6908237636
151608535.9622488618 108260.7515824996
151702363.8507420123 122349.3841825128
151882648.9015105069 156389.0183734000
169758923.3567731977 537952.9180107117
157716761.0131621063 349619.9190866947
157937284.8902184069 354950.3097085953
158208327.6414185166 362707.8604898453
156924076.9664082229 332902.5254013240
157551908.7792108059 345540.4172525406
158285395.5118024051 364038.3978219032
157986553.1481391788 357037.9749703407
172436945.1863560379 565114.9394531250
172555193.2870240510 565127.2050170898
151655220.7318128645 120281.5223154388
151626236.3466693759 114268.0730305668
170526355.6674641669 548006.8982658386
162584913.1318215132 436571.4762082594
172334745.9289678633 561809.1213378906
169590914.3910018206 536823.6563835144
172612923.4883472621 566605.0385742188
184796888.0622482002 607536.4697265625
151694128.1002144814 121197.1008608546
153034209.9268549681 219367.7338547017
172344986.5651278198 563972.8433837891
153040548.7434400022 220411.0822179820
184870545.7281408608 607727.4208984375
152938380.8182007372 218321.3001081254
156718196.7596269548 326921.3909545839
154741942.7998704612 275365.5089904964
157226005.2340761125 339001.2103191316
184330051.5321531594 607257.1455078125
154176895.6528912187 258247.1889424324
161516437.2682396173 418496.2263002396
169175130.4728190303 529871.0576744080
152937150.0004084408 218236.8154930379
171994018.5940671563 560581.6104736328
172075794.3937564790 560880.9718017578
172110899.8498591185 561348.6569824219
161848458.1070227027 425422.9994316101
169048015.2227931619 527962.0465812683
172159698.3398229480 561379.2067871094
172143168.9658058882 561353.3435058594
169014292.0043517947 526154.6104087830
184723748.9767116010 607343.8002929688
184148876.6264353096 606739.5966796875
157909166.1474235356 351325.1821360290
184269142.5440489650 606819.8100585938
162297262.1832627058 432283.7378950613
162458613.8588147461 434596.5633165138
154721868.0094469488 275157.5957979858
161797002.5000976622 423833.5492134094
152442248.1483336389 188932.1581760943
154268629.7998401523 260240.6271545589
162389253.3231657743 434359.8208749788
156101698.7882455587 310249.9278102815
162062306.7574175596 428012.7344856262
156141253.9454306960 311565.8516129330
161734218.3444124758 423361.1607246399
162519482.7638914287 435764.9883459108
161515567.2835162878 418345.5299682617
161422474.3478781879 417230.6429994106
162124062.7021884620 428869.9570922852
183755439.8935657144 605832.1372070312
155889051.3262818754 304164.9160308838
155858910.5690135062 303422.6341548860
161218127.1711901426 410153.6903370734
155773345.6738665402 302492.3770290315
155781676.2852154672 302657.3612056673
161111130.1331574321 409486.8967274543
161031217.4971166253 409096.2098988410
152440325.7969440520 186780.1803041305
183857615.9494399428 606041.6269531250
156036970.2231529951 307497.9103942811
156293360.4667063653 313030.9529120922
155739742.4920139611 298012.3958803415
183898913.5269320309 606062.9189453125
153930853.9035297632 248919.3250852525
183443054.9724733531 605137.6743164062
183009791.1235401928 604110.3491210938
154126263.8295396268 255658.9663122296
183570642.6393046677 605218.1508789062
183257487.0774199367 604269.8300781250
154014609.4229692519 250580.6680755615
161309598.0118839145 411100.1694133878
161362817.4068228006 411804.5702922940
153955159.8207098246 249478.3400131166
153902553.3659856617 244406.0026343670
168689418.8240193427 487367.9966610670
168527539.4600540698 487185.9690426588
168079054.3409222662 483394.6094106436
168206057.4379624426 484707.1145504713
168659244.9432496428 487197.7294186354
168717142.5968097150 492082.4718502760
168706641.3484559953 490935.0827511549
168065036.9873937070 468818.5377460718
167923074.3866280913 468784.2233026028
167683571.0005829036 466297.4474236965
167763883.2140176594 466958.7692010403
