158208760.8838445544 357312.4272520542
158259107.4786148965 360494.5257459097
158370175.9414781332 363870.8908557892
158304451.4874297082 361590.4462680817
154411071.3701341748 267050.3930847347
154573074.7321510017 267568.9242345989
157488708.5342489183 343516.7820992470
157986553.1481391788 357037.9749703407
157952467.9442936182 353429.3256168365
159385945.3729245067 381123.7249032110
163591852.0316433609 451612.5856033564
163705489.3920754492 452233.4236694574
163299004.3520716727 447629.7069946527
170935063.6291112602 550261.9857902527
177053232.2585294843 596357.4040527344
177002227.5365786254 594902.6089477539
177037003.6134299338 595616.7843017578
151786816.7291332185 148277.6224686519
151892726.7756266892 156038.5450782196
157953873.7493994534 354456.6630154848
163567504.5084139705 451542.1318062544
169343664.6126063466 530366.0526237488
177481091.6193373203 599509.1293945312
154893811.6220821738 276517.3647033870
161596449.9511960745 419393.6120033264
170993645.5736292899 551381.3687248230
172436945.1863560379 565114.9394531250
172555193.2870240510 565127.2050170898
151655220.7318128645 120281.5223154388
157635071.1670386195 349280.4241890907
185875263.5088666379 608482.6274414062
151626236.3466693759 114268.0730305668
151969892.1179024577 163143.0741888002
157599482.5336363912 345740.6516828537
157621591.9372329414 347908.4293603376
185762998.8070848584 608467.8627929688
151862398.7056953311 155647.6654678599
157666310.7333017886 349287.3815770037
163365774.6741437912 448983.8841415644
171231737.8223115504 554530.6151046753
157748458.1086293757 349529.7044951916
157476917.0383509994 342870.8597664535
157269672.3912610412 341522.8734078407
173058471.8317045271 570406.4385986328
176861144.8322008848 593522.6571044922
163769189.2904602885 453643.8448883295
173190049.1704197824 571391.8992919922
185994368.3544613719 608586.9101562500
151811166.0836758614 154552.4070414022
157330956.5583063662 341903.4274784029
154927897.5907959640 281519.3708069026
169369270.2740596235 532210.6480827332
170737963.8482852280 548611.7641906738
176692827.9192239642 591940.8576660156
157009597.8886012435 333225.5965743959
170885877.7568938434 549413.3134269714
170407943.9377507269 544652.3135490417
186008920.3373119831 608764.3007812500
151720820.0210882425 121961.1398521420
151741884.3118141592 122092.8548348900
151898750.5867603421 156236.2284133434
170526355.6674641669 548006.8982658386
173609992.8174870908 575272.4901123047
155206747.8191333711 288436.5594455898
162584913.1318215132 436571.4762082594
169561470.3830112219 534678.3067741394
172334745.9289678633 561809.1213378906
172818617.0615592301 568586.5039062500
178464272.7074570656 601223.8857421875
169543801.7341278791 534307.4007301331
169590914.3910018206 536823.6563835144
154625584.7737924159 273761.8200256526
156966298.0436216891 332961.7659941614
170198113.6178267598 542593.9998893738
157143656.8702334166 334855.2964749336
159354898.9389039874 380450.4155041724
170289835.2527677417 544336.5948600769
172612923.4883472621 566605.0385742188
173936706.3165233433 577382.5102539062
159452594.6591661870 382312.3361245245
171954745.8089991212 558539.9343261719
172800556.7473388016 567685.6819152832
184796888.0622482002 607536.4697265625
185614664.1581154168 608328.7724609375
156930732.1164300442 331018.0876708925
151694128.1002144814 121197.1008608546
153034209.9268549681 219367.7338547017
154620672.3475385606 272687.6662323177
169554819.9393345714 534542.2334709167
172344986.5651278198 563972.8433837891
176798041.9644808173 592816.4988708496
151765545.8373701572 128136.6182715259
185420696.2766756117 608083.3022460938
178128879.4367834032 600883.1572265625
153040548.7434400022 220411.0822179820
177831346.2675149739 600165.4458007812
178119260.5584883094 600828.7924804688
184870545.7281408608 607727.4208984375
177222183.0046314299 597210.1875000000
178092351.8320023119 600681.0317382812
151862330.2746593356 155380.7507761435
154677206.1702163517 274132.4561422765
170376961.6426066160 544424.6368522644
152938380.8182007372 218321.3001081254
156718196.7596269548 326921.3909545839
152787733.6884508431 210479.2647117879
154741942.7998704612 275365.5089904964
155009892.2971714735 281775.0937492549
156928913.7786237299 329509.7419677675
156802494.0433503091 327184.6766601503
157226005.2340761125 339001.2103191316
152106567.1668088138 171566.4785230234
156693736.6339527667 325642.5515380800
159055028.9181822836 376312.0071261972
158802602.5417807400 370418.7450448126
184330051.5321531594 607257.1455078125
161818212.3536208868 424342.5338263512
169422087.0504796505 533585.1560173035
156971385.8852071464 333173.7059875429
154176895.6528912187 258247.1889424324
159009415.9714205861 375157.1961556524
161516437.2682396173 418496.2263002396
169175130.4728190303 529871.0576744080
178109715.3873594403 600741.2148437500
173290300.0893930495 573204.6143798828
152937150.0004084408 218236.8154930379
154391157.7417553365 266004.2692444026
158966152.7621572614 374746.6926766485
171994018.5940671563 560581.6104736328
172075794.3937564790 560880.9718017578
172110899.8498591185 561348.6569824219
170263050.9437470734 543665.9247550964
158761627.8659275770 368861.0246127695
161848458.1070227027 425422.9994316101
154612069.0277261436 268639.6651184261
156669064.0843259394 324931.9747463167
156506226.8289712071 319588.0594089925
152148071.2734850049 171827.0631398857
169048015.2227931619 527962.0465812683
172159698.3398229480 561379.2067871094
172143168.9658058882 561353.3435058594
154647459.9360319674 273976.9615623653
169014292.0043517947 526154.6104087830
152261751.3180702925 179323.9445585907
163041871.8359278142 443101.9576566713
177023552.0406506658 595007.7358398438
169136136.3330570459 529208.7393227816
171566504.5627257228 557517.9671630859
184723748.9767116010 607343.8002929688
154871327.0101473033 276460.8159973323
173556345.4747439325 574469.0778808594
184148876.6264353096 606739.5966796875
176907152.5791995823 594548.9043579102
152230178.0827881396 172996.3218753338
152320405.0845097303 179716.7934550941
153507923.4878543019 236057.8084143102
152151634.6818690002 172892.4264921844
157909166.1474235356 351325.1821360290
173759951.8503525555 575314.7106933594
184269142.5440489650 606819.8100585938
162297262.1832627058 432283.7378950613
162748426.9432803690 439877.7523828046
162458613.8588147461 434596.5633165138
169929820.9813576937 539214.5092887878
152095541.4488177598 171566.3937773407
151758687.5184995830 122486.6744540632
154721868.0094469488 275157.5957979858
174463004.7233631909 578870.7515869141
152561217.2434327900 195934.4631113708
176597016.5980538130 590745.5112304688
161797002.5000976622 423833.5492134094
156494399.9926822782 319328.8510340154
163516306.2254123092 449648.1668897169
169159746.5090366006 529702.1804504395
176549282.1063170135 590342.2307128906
174263425.1721296608 578013.6343994141
152442248.1483336389 188932.1581760943
152597814.9303358793 198465.8970720470
154268629.7998401523 260240.6271545589
176477108.6740417480 589743.1601257324
151983774.4191736877 163756.1466145515
151860142.8642667830 155068.5857625008
169093720.7787404656 528726.0491027832
162389253.3231657743 434359.8208749788
154409809.1786358058 266012.0727464855
163020745.0835391581 442987.9971769350
163281830.2935912013 446883.1410215395
156101698.7882455587 310249.9278102815
169855094.9896763861 538665.8231315613
154824348.5786035359 276144.7694885433
153563117.1079024374 236941.9543413818
169066401.9149988890 528401.4915959835
162062306.7574175596 428012.7344856262
174099214.6263206303 577384.0739746094
156141253.9454306960 311565.8516129330
151772699.6160559952 133790.6972271055
153526638.0985221863 236061.0929778516
170702330.7445502281 548015.6893844604
153106717.5944506228 221581.3666080739
153352722.6715058088 229902.4876749218
153453753.5679555237 234766.2943429258
174295136.9553447068 578618.6695556641
153346091.3887283802 229370.0772372987
153227618.6588170528 227865.7758456971
162959375.8012260199 442202.1912916200
161734218.3444124758 423361.1607246399
174168149.7085896432 577967.2296142578
162519482.7638914287 435764.9883459108
171134850.3575432897 552490.5571289062
152729503.5058534145 205534.0635778606
158230679.3815803230 357808.6860063076
161515567.2835162878 418345.5299682617
170904762.7053720951 550145.9277267456
161422474.3478781879 417230.6429994106
162124062.7021884620 428869.9570922852
183755439.8935657144 605832.1372070312
170856427.2204248309 549191.6098556519
155889051.3262818754 304164.9160308838
155858910.5690135062 303422.6341548860
176834019.6087002158 593034.5410156250
156290698.6581984758 312633.4317428172
170481694.0095509291 546179.6314620972
161218127.1711901426 410153.6903370734
152401040.3964949846 180430.7102158871
155773345.6738665402 302492.3770290315
155781676.2852154672 302657.3612056673
161111130.1331574321 409486.8967274543
152757924.4723716378 205890.1811585929
161031217.4971166253 409096.2098988410
152440325.7969440520 186780.1803041305
152885454.2188699245 212567.1500831153
183857615.9494399428 606041.6269531250
156036970.2231529951 307497.9103942811
155150926.1246516705 283584.4597831666
176268645.6810588539 586280.2048339844
175876785.5241878927 585265.9589843750
176383800.3667955697 589589.7543945312
156293360.4667063653 313030.9529120922
154962838.1901796460 281585.7383571565
176278038.3624851406 588122.2125244141
155614157.1717189848 296824.6417995393
155560756.3125397265 295822.4011856019
155087566.7683739662 282348.1655996740
155739742.4920139611 298012.3958803415
183898913.5269320309 606062.9189453125
159751090.1618922353 383392.4081650376
159842781.4711410403 384065.8016557097
155187652.0551948249 285193.6617126018
159987141.3627578318 387253.7988359332
153930853.9035297632 248919.3250852525
155327018.0080767870 290085.5710144043
155381704.1029936671 290566.2060916424
182779030.3451504111 602307.5488281250
160133017.9559054375 391043.5267792344
183443054.9724733531 605137.6743164062
152550057.4557695389 189583.4491556383
183009791.1235401928 604110.3491210938
175937976.5476942658 585444.3395996094
154126263.8295396268 255658.9663122296
183570642.6393046677 605218.1508789062
183257487.0774199367 604269.8300781250
160806032.1077689528 399516.6601360440
153833615.3068600893 242479.7111705318
154014609.4229692519 250580.6680755615
182816071.0908108950 602692.7114257812
161309598.0118839145 411100.1694133878
175232526.6175288856 579634.5867919922
161362817.4068228006 411804.5702922940
160977577.1731008291 405280.3022258878
160878816.9450144172 402281.2197471559
160928883.1860867441 403891.3340049684
160461480.8130565882 393823.9321494997
160589093.1152603328 397831.2976009771
160360701.4997475147 392150.5198910162
175243775.0689497888 580111.1456298828
153789916.9759250581 241735.4042383134
175261242.1408097148 580230.3646240234
153955159.8207098246 249478.3400131166
153699912.5332264900 241161.7743040025
153899322.2282647192 243663.7207583692
153902553.3659856617 244406.0026343670
182719742.0675033927 601358.1162109375
168689418.8240193427 487367.9966610670
168527539.4600540698 487185.9690426588
168079054.3409222662 483394.6094106436
168206057.4379624426 484707.1145504713
168659244.9432496428 487197.7294186354
168717142.5968097150 492082.4718502760
168706641.3484559953 490935.0827511549
168065036.9873937070 468818.5377460718
167923074.3866280913 468784.2233026028
167683571.0005829036 466297.4474236965
167763883.2140176594 466958.7692010403
167357875.2287458777 459028.8217211664
167639828.9048414826 463173.7462518215
167202016.3706397712 457649.1389020085
167401536.9346236289 459332.8771934807
166972076.2853442430 453922.0320485234
167024806.3938748837 453934.4724157453
167100861.5645388067 456342.6164587140
