185216129.2183469534 5816850.1523437500
188545462.5555239320 6256050.6132812500
189539973.0338611901 6336519.9257812500
190157061.7400230169 6378537.7187500000
190389589.9310967624 6387288.3476562500
190126618.6021967530 6374128.4726562500
193679919.4785393476 6489914.7304687500
197052164.9530470371 6547402.5781250000
188522550.1632893384 6250367.5039062500
192856649.7685203254 6468075.4609375000
197280998.0695872009 6548922.8242187500
190462425.8481095433 6389222.7500000000
194072125.0880391002 6500714.6875000000
185643668.3171328306 5911769.5234375000
185609529.0900228620 5907624.6718750000
187211691.6883071661 6113078.9687500000
196564549.7670176327 6541170.8281250000
185577788.1518237889 5902247.5546875000
186266093.8071132004 5998233.7382812500
189661507.8862392902 6346498.0273437500
190824280.5420231223 6405716.5273437500
194050097.4145000577 6500224.4921875000
196817024.4301095903 6547023.7226562500
196654646.6963494718 6541641.7929687500
185723926.6550999284 5923578.9414062500
187458979.2191887796 6139153.5351562500
193548944.9869993925 6489450.7773437500
196786813.3099656105 6546969.8789062500
188497885.5192921758 6249644.9023437500
193889371.0129580796 6496347.7539062500
185534001.9241036773 5893457.9570312500
188484757.2493176758 6246847.4804687500
189422745.4260268807 6328890.2851562500
189683821.4807277322 6349619.0273437500
192639861.2337249517 6462534.8750000000
184492623.2961016893 5605639.4765625000
190933610.3168175519 6406613.2968750000
193741789.9622051120 6494059.9335937500
185663559.6661200523 5916123.5937500000
185741748.6459428966 5928410.8515625000
193997637.7417394817 6498725.0312500000
184399339.4633698761 5571920.2812500000
185243405.3644590080 5826466.2656250000
185554684.3027025461 5895269.0156250000
187371746.4885470867 6130657.3125000000
189715043.6323710084 6351752.3593750000
190240314.9165678620 6381403.2773437500
189902943.8429675698 6366143.4453125000
184173285.3113288879 5476444.6132812500
186753938.1634956300 6039364.0703125000
196333255.1147561371 6535618.4882812500
196644449.4379093051 6541641.2109375000
184568694.3203728199 5617424.8398437500
189557078.9723351896 6340899.7617187500
192974645.6226561069 6472001.5625000000
197493948.5293144286 6551263.1210937500
200719071.4470759928 6563502.0468750000
204145134.6632826030 6565466.4062500000
201666026.2822596729 6565139.4492187500
189963266.5414948463 6369848.4531250000
184428163.9461865127 5585888.7734375000
185406770.1929568350 5861910.5390625000
189763146.9206900597 6356408.0664062500
189762367.6620254815 6353557.0195312500
187209059.5364516973 6110531.7304687500
189821525.8156939745 6361943.4960937500
201708633.5384922922 6565149.4921875000
190299629.8369173110 6382716.6992187500
193694156.4560832679 6493620.9179687500
184342118.8587149382 5551503.7812500000
190074772.2823160887 6373823.8398437500
185500119.1164514720 5886702.6796875000
185449310.9164694846 5870612.8437500000
201218287.3194207251 6565054.3984375000
185522655.6860061288 5892609.9687500000
191068901.8745136261 6410811.7617187500
197853915.1908694804 6553371.8828125000
184327390.2737447917 5549991.4843750000
190728698.6589533687 6401894.5976562500
184128745.7925521135 5454859.4882812500
186753993.2753543556 6041382.3945312500
186371255.5007563531 6014228.4453125000
186345442.2550259531 6008881.5234375000
193785216.4819887280 6494854.9843750000
184155411.2396583259 5462551.6367187500
185922022.2212016881 5948703.4882812500
194597155.4321302772 6508102.9062500000
184882098.9975330532 5717623.7460937500
184169125.5470646918 5472190.7460937500
186342113.3613438606 6008851.4648437500
194209090.1708389223 6501708.3828125000
188975568.6737439334 6290878.1601562500
188621286.8279641271 6261584.6406250000
194355650.6821519434 6503200.8945312500
202167709.0317755044 6565382.9140625000
186588884.5475749671 6036359.1367187500
185936750.8061718345 5950280.3945312500
186443470.9508340359 6018955.8398437500
186486120.4067214429 6027806.8164062500
186626053.1531684101 6039359.7734375000
186371563.0331496298 6017049.9960937500
184353883.0130454600 5554679.0039062500
185999051.6146100760 5966234.6640625000
196257800.2251145542 6534297.3906250000
188862610.2025461495 6281765.2148437500
185897454.7346670926 5938456.0937500000
196665501.1813403070 6541920.2031250000
184126312.2701933980 5450605.6210937500
190511534.0449721217 6392145.2539062500
190700988.3402718604 6398847.0117187500
190574774.7702834308 6393986.2812500000
184815859.0508101583 5697031.3046875000
190528806.9991632700 6393099.9765625000
193859301.4349571168 6495969.0781250000
197867406.5523177087 6554079.8789062500
197595045.3647707403 6552419.4296875000
184407854.6084535718 5572761.9375000000
190286528.6394977868 6381449.8750000000
184936678.9331283867 5718647.8593750000
184401577.7793192863 5572332.9414062500
196712565.6376988590 6543622.3359375000
184372096.5705139935 5569173.8789062500
191756282.0670893490 6432689.4882812500
186159118.3062148988 5988758.5781250000
193060440.8829594254 6474415.4804687500
191720580.8312056959 6428268.1328125000
196392206.7749462128 6538865.6601562500
187324626.5848767459 6130431.5546875000
186287869.1328960955 6005715.1406250000
201174824.2057544291 6564864.0234375000
185276767.5826326311 5838056.8359375000
186102753.0675797760 5978125.6953125000
186271320.0932616591 6003328.3593750000
187275213.4752038717 6123045.3085937500
187465413.8109255135 6140966.6054687500
187671474.9570646286 6162644.5429687500
201106349.4952638447 6564824.0117187500
188743292.8419620395 6273309.0781250000
184470226.2562318146 5593972.8437500000
197961828.6599529088 6555043.3320312500
187322200.9118980765 6130174.4648437500
189385532.3631846309 6322202.0546875000
189333560.2302259803 6320991.8164062500
185330786.7867251337 5849558.5078125000
188912254.4830155075 6286067.7851562500
187331065.3369191289 6130629.7382812500
187514294.3499068022 6150318.3242187500
191432859.9021630585 6421337.6757812500
186177971.9390579462 5991170.9257812500
187722376.6789783835 6168943.4453125000
193854588.4773806334 6495242.5195312500
185390866.6416596174 5861661.4453125000
187490909.9724970460 6142466.5781250000
193291366.2357196510 6482246.8437500000
196063639.9187133312 6530881.0117187500
189397488.3468248546 6325571.5351562500
191357990.7158386111 6418288.2929687500
191970623.6166750193 6433388.7031250000
195783646.7495003045 6527234.4453125000
187612012.3816849291 6157500.8671875000
191516987.4173023999 6424571.9843750000
184849240.5885344446 5706782.0507812500
184784422.0181261301 5695648.8593750000
185337285.7041671276 5850188.1523437500
194487272.5637279749 6505787.2343750000
188735084.9982472658 6268800.4921875000
194328907.7480053008 6502615.8789062500
185148104.9669968188 5802572.5039062500
185415341.3385629058 5865301.4765625000
185844053.6903434098 5935149.7734375000
187894972.8424052894 6182848.6250000000
189471258.1484617591 6332031.2304687500
185119907.8285887539 5786385.1875000000
185353096.2132420838 5852530.2070312500
191247212.3610546589 6414403.5937500000
194408328.8970682621 6504239.3554687500
196061659.5689066648 6530724.9843750000
184259028.5959725380 5508830.4414062500
193948042.3255491555 6497037.2851562500
198252026.7391270697 6555539.9492187500
193632149.6724312901 6489696.4335937500
195618474.0116456151 6523669.7070312500
188820834.4911499619 6278227.8867187500
191481195.2502044737 6422629.8398437500
195941846.7365293205 6529270.2343750000
197750660.5548173487 6553300.2304687500
191458053.9176061451 6422502.2851562500
184760796.2558996677 5679654.8242187500
195986647.4005859196 6530624.0234375000
184197347.3033089936 5485774.4179687500
184423880.7369742692 5578587.5429687500
198411428.9569681585 6556516.9453125000
193476218.2669608593 6487668.0390625000
193262769.7950843871 6482065.3359375000
193470065.9408091307 6487321.7617187500
195660685.8745641112 6525503.7226562500
189065785.7660252452 6297329.2500000000
192636823.5420792997 6460796.9414062500
195759998.6602981389 6526426.6015625000
184219254.2945725918 5496013.1132812500
189205702.3539671004 6308604.3671875000
200686734.9120160043 6562872.4023437500
185174749.5808522701 5811020.6601562500
193144584.9506518245 6478055.4921875000
184409591.9816572964 5573538.4570312500
198505619.2078906000 6556537.1835937500
184234271.6475164592 5496997.5742187500
184777214.9278219938 5691742.0820312500
185216278.2844684422 5820721.5234375000
193035029.4400164783 6472489.4648437500
185169591.6075955927 5806434.8359375000
186106590.5221965611 5978326.0468750000
192775449.9336032569 6466502.1289062500
198279572.1623908579 6555762.5234375000
184176144.1097141504 5476976.8398437500
184729914.8760912716 5678289.6093750000
185193502.0058875680 5815442.1132812500
200993871.4929616749 6564540.5234375000
195095547.2449105084 6510269.7031250000
198925233.5423130691 6557702.9140625000
184320612.2947701216 5533998.2851562500
197275811.9078417718 6548360.5898437500
198311184.4605504572 6555952.0312500000
186079855.7588978410 5974735.5312500000
192733587.8560757339 6464463.5234375000
184719718.2182311416 5675893.5625000000
184688716.3195472360 5662708.0781250000
185983964.4299329519 5961284.0820312500
185897689.2392425239 5944874.0117187500
185822280.3236325383 5929653.5820312500
198351483.4893601239 6556302.9375000000
192756479.1714915931 6465114.7148437500
189139478.1028190255 6301820.7148437500
192736267.6768757105 6465079.7617187500
195309320.1902427971 6517106.4492187500
198169860.5069157779 6555251.7187500000
187754613.6033825576 6169499.1171875000
184694062.5070032179 5667407.8281250000
192435352.2238809168 6450862.8007812500
187969181.4229333699 6189072.4218750000
184298798.1655232906 5526356.1992187500
195098945.5502617061 6512149.2617187500
200942594.5841175020 6564175.8476562500
192482048.6759881973 6456623.6250000000
187961696.9646249115 6186652.6796875000
195378338.0604653060 6519989.1601562500
201070281.9763102829 6564603.4843750000
195192656.4615981877 6514458.9453125000
200594951.0585354269 6561671.2187500000
184295593.0345211029 5523197.5078125000
184147892.8025025129 5459322.8906250000
184608453.3170134425 5627504.9218750000
188075146.2530656159 6191300.3593750000
200534606.2255266607 6559528.5781250000
192602022.7771213949 6456776.9140625000
192632769.6172131896 6460013.3789062500
184246594.8606776893 5501986.7343750000
192625868.1194766462 6458921.2226562500
189141493.8570954800 6302792.1875000000
185230544.2202695906 5823379.8320312500
184261670.0291816890 5509901.3164062500
184249224.0826763213 5505956.2304687500
184675950.2863915265 5656700.9687500000
185257188.8341250420 5831827.9882812500
188052782.8381387889 6190698.8281250000
192322617.1782636344 6450630.7187500000
195711550.4793248475 6525568.8593750000
191608573.6001404524 6425810.9882812500
191698325.7442961335 6427754.4375000000
191611731.4535747766 6426372.4062500000
189162675.5511474311 6303185.3007812500
195527487.1172040403 6520780.7187500000
189263370.6564176381 6312024.8828125000
184648828.9618559778 5647665.7031250000
196146237.5416274965 6531603.5976562500
184767306.8971405327 5683256.3476562500
185868863.2902570963 5935298.0898437500
187928654.9323542118 6185067.0664062500
192034902.2747099996 6436707.5820312500
187832777.7332068086 6176898.0429687500
187937558.3698650599 6185668.5976562500
187654323.5434722006 6159891.7031250000
184607579.2033627331 5621789.2226562500
184637705.2704453170 5634472.3007812500
200493405.5059124529 6558378.7617187500
184603090.8916074336 5619696.3554687500
184643002.5196180344 5636011.3085937500
184647688.4536311924 5638878.7500000000
186914784.8171013594 6058736.9453125000
186912323.5211019516 6055380.0898437500
185026045.2623062730 5733328.5039062500
186902518.6435778141 6052487.1953125000
186888185.6740096509 6043114.7968750000
185008722.6515308619 5726944.2031250000
185070016.3492633104 5743340.3437500000
186900373.9456279278 6048035.4648437500
187001641.7088440061 6067457.5859375000
187002810.4305423796 6068528.6015625000
185094664.0379683077 5745084.3320312500
185102012.8058001399 5746187.3710937500
