191953266.1685068905 6445271.5742187500
194279712.5170648098 6505277.3398437500
193739391.6019145250 6493067.4218750000
195656130.3745086193 6526654.2695312500
187561462.8303865492 6165186.4570312500
190738055.4817392528 6407413.0468750000
187391780.0431905091 6145378.7226562500
193926540.0045774579 6501887.5859375000
194351410.3387160897 6508220.1132812500
186610545.7839582860 6045669.5742187500
187773015.3945465684 6176718.3242187500
187433876.8546154201 6151175.6523437500
189375012.8752028048 6332012.0703125000
189756008.5672079921 6357391.4921875000
191976864.4500656128 6450281.1992187500
195995860.2239926457 6533163.6757812500
198670944.0394748151 6560075.8242187500
185477014.4754805863 5882497.6054687500
187464764.9700519145 6157335.3437500000
189701720.3968023956 6353758.4570312500
184091536.2881301045 5432262.4570312500
184125152.0156917870 5458990.2031250000
185390153.8936693370 5860072.0664062500
185468273.3912625611 5881278.8242187500
185883247.0878301561 5957624.8203125000
189842457.6455080211 6362902.5078125000
192303140.1440370381 6459979.2656250000
190389578.2006247342 6392337.8359375000
191318026.5046133995 6428740.9062500000
193533330.6113371253 6488043.7460937500
184155071.9441992640 5481217.0585937500
197112078.7709842622 6551133.7382812500
192249829.6750116646 6459060.3710937500
195536958.8162296414 6526445.3242187500
184127047.3395526111 5461962.5859375000
187619077.4786009192 6165929.4531250000
197082589.3064127564 6550478.8007812500
185943399.9487716854 5957778.2460937500
186013967.4225364923 5978726.6718750000
187718263.8995304406 6173633.8828125000
187689675.4763302207 6171457.6210937500
189726474.6841640472 6354068.1757812500
204577492.7698493302 6567318.1015625000
184090151.1285236478 5419223.8359375000
193826326.5277363062 6495237.1718750000
198744364.5267690718 6560603.7734375000
186003811.8684968650 5978685.9804687500
185429484.1359287500 5878720.9023437500
196102206.9526215792 6538698.7695312500
195977734.9303848147 6532994.3632812500
184530428.9411900043 5623953.4335937500
203831117.3521728814 6567208.8046875000
203621795.7890745699 6566860.0468750000
189081626.9238604307 6305955.7070312500
196219488.2945546508 6539092.1250000000
184674307.4456723630 5663093.1132812500
196856446.0275075436 6547528.7343750000
184510083.0438588560 5617362.6718750000
187539981.2948023081 6158411.5898437500
189254412.1552512348 6318612.9492187500
196844450.7703800797 6547136.7460937500
194134807.4754071236 6503902.4570312500
201478696.8476310074 6566428.0898437500
186073907.8136867583 5983633.5273437500
186187696.5699828565 5999645.3828125000
193956976.5096301436 6501907.7421875000
195998424.5711816549 6534833.0156250000
195728891.5031933188 6532572.1601562500
185765754.6510431468 5935279.0703125000
185702540.6585114896 5930721.8515625000
198351416.9556847811 6559841.3398437500
185089246.8644451201 5791214.1601562500
185045314.4878349900 5780913.4804687500
186504242.8617878854 6040308.8750000000
184139309.4340359867 5467643.8632812500
186466862.1802352369 6035876.1679687500
190784214.6612525284 6410081.2031250000
184151759.0990098119 5472331.3828125000
184645162.4649677575 5659741.8984375000
185065929.3730476201 5781351.5312500000
186247386.5780541301 6008584.4335937500
191405609.1778121293 6434477.1679687500
193461498.8265962005 6482860.5273437500
190712466.6304137707 6406856.6054687500
190568434.9663673043 6401735.7031250000
191456099.2215809822 6435148.9023437500
195257840.3054320216 6523966.6132812500
184625435.5176173449 5656633.0195312500
195444941.1925356984 6525302.6601562500
184607023.9974393547 5652046.7695312500
186510866.2495904565 6040420.6132812500
197315651.2722762823 6555590.9101562500
190402286.4795851409 6394825.0000000000
192056990.6195740104 6451477.3789062500
197199677.9714317322 6555016.6562500000
184180270.3383387625 5493203.3671875000
186334983.7004829943 6022538.0976562500
187160314.7240873575 6109347.7890625000
189152066.6600999832 6312967.7929687500
184196876.1581589580 5497374.3828125000
184568244.4042439461 5642500.6210937500
196873055.7516824007 6549666.2851562500
184093002.5224656165 5433310.2578125000
189781286.3678700328 6361757.2031250000
197202943.4307858050 6555041.7812500000
190473654.7365472317 6398621.8125000000
195111246.6617178917 6521749.7187500000
201565836.2191723883 6566723.0937500000
197179007.9365733266 6554976.6445312500
191381497.0517334938 6434230.0078125000
189359925.4682196081 6332010.5234375000
186540031.3316017389 6041698.4921875000
184107052.8022406101 5453148.9882812500
195396976.0051345229 6525003.8281250000
198295202.6301660240 6558927.7109375000
191378563.9410066307 6431036.0429687500
194883659.9940016270 6514590.4921875000
191101914.2752581835 6418419.1875000000
185971758.3584246933 5969187.6523437500
203673037.0702789724 6566941.0781250000
184592800.9961597323 5646506.8281250000
195500269.8367969394 6526388.5937500000
184102327.1467454731 5445877.4882812500
184392000.3635306656 5574985.1757812500
191124444.5549037158 6418695.3671875000
195688063.0245690346 6530213.3984375000
188447435.2184453905 6241392.6953125000
195260400.2364291549 6524476.9375000000
186883465.5344197750 6047390.9179687500
201565139.4748956859 6566683.0820312500
197751770.4624124169 6557039.2656250000
185990913.3571735919 5971614.9570312500
186342814.4445873499 6023587.0625000000
197369962.3483387530 6556071.5625000000
198129618.1868343651 6558905.5117187500
187288679.2339557707 6131735.6210937500
184350935.7197759151 5563286.3242187500
184533533.1600595415 5631532.0312500000
194893361.3737298846 6516052.5507812500
197607356.2755825222 6556658.1054687500
197855777.3139841259 6557966.8593750000
189397226.2945825458 6336740.7304687500
191242806.3019487560 6427276.4140625000
197990247.4085004330 6558515.5820312500
185223996.8109486103 5818630.6757812500
185178289.2785427868 5811951.7304687500
190307979.9064806402 6387399.5781250000
189210141.8506047726 6315702.5976562500
184154440.0620391369 5478706.9218750000
186431571.1944020092 6033759.8750000000
184465226.8099093437 5602973.9492187500
186278924.2573168874 6016515.7460937500
194912926.5120391250 6518641.1914062500
184286083.0135880709 5513265.8437500000
194909965.2043312192 6518616.0781250000
185179961.9923349023 5817534.0742187500
198084189.2743935287 6558590.5625000000
184118290.0161674917 5458312.7500000000
189449132.5185717642 6341189.8828125000
197822307.1854741275 6557960.7226562500
186220969.6628367901 6007413.0703125000
190309406.4662381113 6387734.6757812500
188373252.7392959595 6236724.7460937500
197543444.8428052068 6556370.1210937500
202030987.9522418678 6566824.2070312500
184427180.3910818100 5593432.9414062500
185734641.5598486662 5930781.0625000000
186143559.8813869357 5997885.9492187500
189506068.2910456061 6342041.4296875000
184400498.4757572114 5584624.2851562500
189552189.3596821725 6345854.8164062500
184253168.9081322849 5512536.3085937500
185230150.8939578831 5823902.3789062500
185315105.3694230318 5839554.2500000000
201766096.5847038329 6566759.7148437500
194831363.7613168657 6513938.5937500000
191551218.7035483718 6435984.1718750000
185966672.4636031389 5967215.6875000000
184239548.7388173640 5510467.0703125000
188422385.9786104262 6241221.4101562500
189864764.0616775751 6366651.7226562500
189984004.7243390083 6372941.9179687500
185866210.9411043525 5954972.8789062500
188465073.3164611459 6241664.1250000000
190325655.5384871960 6390606.4960937500
190298597.1921417415 6387396.6445312500
192192055.9468853176 6453490.0156250000
184491791.5507787466 5615415.3085937500
184449767.8208209276 5599340.6289062500
191880599.8100734949 6444530.5273437500
192599033.5070449710 6461254.4882812500
194636208.2889335454 6511389.2382812500
184418764.3707552850 5586434.5429687500
184465335.4358333945 5608135.2500000000
185827710.2900841236 5947294.3320312500
193602315.4140003920 6489057.6757812500
189650690.5350163579 6353739.3476562500
194096725.5256089270 6502933.1015625000
196509728.0130144954 6541709.1406250000
188486830.7583329380 6252524.6679687500
201913563.8972937167 6566818.6054687500
194065745.0155621171 6502187.8554687500
196781490.4784322977 6545708.8398437500
192105511.4154126346 6452622.1562500000
185156830.7955183387 5806293.0351562500
188582343.7001065910 6262059.3125000000
185600331.6157185435 5909265.5000000000
188783529.7474808097 6273374.3164062500
191779232.3062722087 6443579.1914062500
184398387.9746514559 5575751.4765625000
185951235.8784091473 5961327.5156250000
196367533.2033829689 6539129.9804687500
185784825.8597345650 5941304.4687500000
187272277.7537939847 6124579.4882812500
189889703.1182489097 6368779.5390625000
185694514.8723606467 5926006.7539062500
185540354.6958987415 5899382.9882812500
185169437.8949887156 5811873.8789062500
185559770.2795266509 5902478.3281250000
188466705.1177606285 6248516.3750000000
191139963.5527622700 6420761.1523437500
201270274.7148617804 6565860.4570312500
185642763.4918107092 5917219.8125000000
190286407.6491900086 6386448.2421875000
191011292.5552728176 6412978.5781250000
190073944.7078491449 6378608.3437500000
192634043.1148672700 6461935.7812500000
187211691.6883071661 6113078.9687500000
196786813.3099656105 6546969.8789062500
185534001.9241036773 5893457.9570312500
192639861.2337249517 6462534.8750000000
200719071.4470759928 6563502.0468750000
185406770.1929568350 5861910.5390625000
187209059.5364516973 6110531.7304687500
184342118.8587149382 5551503.7812500000
185500119.1164514720 5886702.6796875000
185522655.6860061288 5892609.9687500000
184327390.2737447917 5549991.4843750000
193785216.4819887280 6494854.9843750000
184882098.9975330532 5717623.7460937500
188975568.6737439334 6290878.1601562500
188862610.2025461495 6281765.2148437500
193859301.4349571168 6495969.0781250000
184936678.9331283867 5718647.8593750000
184372096.5705139935 5569173.8789062500
201174824.2057544291 6564864.0234375000
185276767.5826326311 5838056.8359375000
201106349.4952638447 6564824.0117187500
188743292.8419620395 6273309.0781250000
185330786.7867251337 5849558.5078125000
188912254.4830155075 6286067.7851562500
185390866.6416596174 5861661.4453125000
184849240.5885344446 5706782.0507812500
184784422.0181261301 5695648.8593750000
185337285.7041671276 5850188.1523437500
185148104.9669968188 5802572.5039062500
185415341.3385629058 5865301.4765625000
187894972.8424052894 6182848.6250000000
185353096.2132420838 5852530.2070312500
188820834.4911499619 6278227.8867187500
184760796.2558996677 5679654.8242187500
193476218.2669608593 6487668.0390625000
193262769.7950843871 6482065.3359375000
193470065.9408091307 6487321.7617187500
189065785.7660252452 6297329.2500000000
200686734.9120160043 6562872.4023437500
193144584.9506518245 6478055.4921875000
184777214.9278219938 5691742.0820312500
193035029.4400164783 6472489.4648437500
192775449.9336032569 6466502.1289062500
184729914.8760912716 5678289.6093750000
200993871.4929616749 6564540.5234375000
184320612.2947701216 5533998.2851562500
192733587.8560757339 6464463.5234375000
184719718.2182311416 5675893.5625000000
192756479.1714915931 6465114.7148437500
192736267.6768757105 6465079.7617187500
184694062.5070032179 5667407.8281250000
187969181.4229333699 6189072.4218750000
184298798.1655232906 5526356.1992187500
200942594.5841175020 6564175.8476562500
187961696.9646249115 6186652.6796875000
201070281.9763102829 6564603.4843750000
200594951.0585354269 6561671.2187500000
184295593.0345211029 5523197.5078125000
188075146.2530656159 6191300.3593750000
185257188.8341250420 5831827.9882812500
188052782.8381387889 6190698.8281250000
184767306.8971405327 5683256.3476562500
187928654.9323542118 6185067.0664062500
187832777.7332068086 6176898.0429687500
187937558.3698650599 6185668.5976562500
186914784.8171013594 6058736.9453125000
186912323.5211019516 6055380.0898437500
185026045.2623062730 5733328.5039062500
186902518.6435778141 6052487.1953125000
185008722.6515308619 5726944.2031250000
186900373.9456279278 6048035.4648437500
187001641.7088440061 6067457.5859375000
187002810.4305423796 6068528.6015625000
