206818393.5607244670 6567373.5585937500
184284551.3821758926 5535124.0429687500
185431217.8329439461 5871904.3085937500
187252181.4784217775 6129818.2226562500
185428779.7458903491 5866774.8789062500
194159267.6370256841 6505125.0625000000
184330299.2303946018 5550284.3281250000
188557201.1195683181 6270997.1992187500
188485124.9391015768 6258407.7304687500
191465821.4542092383 6435204.5742187500
194724978.8098863959 6514289.5781250000
185463489.8528061211 5883364.2617187500
186906490.2083071172 6076937.5195312500
188399313.9914267063 6251218.9492187500
188754061.2449770868 6279840.2460937500
190365460.1278358996 6390737.2812500000
192367698.7579587102 6461288.5859375000
185459754.0660789311 5878470.3046875000
186944419.9671645164 6078301.6445312500
188522567.6834751368 6267194.6718750000
189210246.3309191167 6322259.7382812500
197304550.8887320757 6556902.5429687500
184129339.3787399232 5474131.4570312500
185155479.6811771393 5811335.7070312500
186689146.3979239166 6063826.6289062500
186604175.4784960449 6050560.9062500000
186638617.7539536059 6060090.2382812500
184243377.2252458334 5526675.8984375000
199400064.7380311489 6564731.3046875000
186806440.2803148031 6075746.1406250000
186727524.5994328558 6071115.7539062500
189142056.9050975442 6319351.0195312500
187005095.3914190233 6079878.0898437500
186626396.2185131907 6056642.9296875000
188801289.0366079509 6286841.6562500000
192254507.0319236219 6460386.1757812500
197182097.6819162071 6556000.1328125000
186626173.7970259190 6056198.6445312500
201893197.0159665048 6566812.6210937500
189108682.9626363218 6315928.3710937500
199330890.0044192970 6563985.9296875000
184175738.6840347052 5495989.3242187500
192282297.2775163651 6460662.9882812500
197130177.8477639854 6552461.7187500000
193647017.5250305235 6494123.8789062500
187153243.3092776239 6080489.2226562500
192297424.0864821076 6461285.4804687500
199801592.5317430496 6564800.5468750000
188614735.3811442256 6272956.2734375000
189778957.8346870542 6361309.4765625000
184396079.4397405386 5584654.5156250000
185209114.2136364877 5825524.9335937500
184181694.8184233308 5497219.0117187500
184226721.1574153006 5509933.0039062500
192078056.3290396333 6453585.6132812500
199044003.9788706899 6563068.2109375000
187508820.8910059333 6160886.3828125000
186056987.5466908514 5984749.8945312500
192434648.8574748635 6463231.3320312500
189749333.4352198541 6357789.5195312500
189682343.7804274857 6353755.0703125000
190373824.7559649646 6392935.7421875000
199097353.6821836829 6563271.3554687500
185228769.0112233460 5828560.7617187500
194121048.0397763252 6504183.7578125000
184191203.1578193605 5504479.9257812500
194259267.3892408013 6507083.1210937500
185238332.0903864503 5835582.2421875000
185443960.4276840091 5873732.3281250000
186259134.5916389525 6012433.9687500000
184169859.2998337150 5488099.8007812500
188649384.7395124733 6278503.6835937500
193887631.9955945313 6499332.1953125000
193922115.0834043324 6501963.7773437500
194046983.3539676368 6503798.1484375000
199197561.2708518803 6563982.3984375000
189276954.7314410806 6326022.6054687500
193797245.8593801260 6497099.6171875000
199492523.6348763108 6564792.1289062500
189367756.8091010749 6334500.7343750000
193638949.5647307038 6489594.8242187500
185341917.4674281776 5853933.2421875000
199379874.8106591105 6564715.4960937500
185942043.6746127307 5963084.0312500000
199820134.2083547711 6564941.3945312500
185454367.4714652896 5877930.2421875000
184089543.4008415043 5416952.7187500000
194867601.4920938909 6517652.2968750000
184567990.4079563022 5639306.2656250000
185277932.3382983208 5845204.3164062500
186229710.6783302426 6010826.6210937500
194764786.2769578695 6517576.1054687500
194489298.6496034861 6511128.5000000000
194380363.9436299801 6510343.7226562500
184163913.0576561093 5486671.0781250000
187685993.2021062672 6176718.3242187500
186564209.3884529769 6049618.3984375000
186498382.4972736239 6044014.2851562500
186665296.4639781415 6060119.3281250000
186479013.0581869781 6043883.6406250000
192386638.1714586318 6461803.0703125000
188918148.5484026670 6297606.5781250000
198607745.3527930081 6561562.4804687500
190296455.3762642145 6388169.8046875000
196230932.4518074691 6539178.7539062500
184166905.0394277275 5487682.6835937500
184494577.2588179410 5619832.0234375000
185951659.5153033733 5964502.6484375000
184120036.3247244656 5468301.4414062500
192751834.7397414744 6469529.4492187500
185336969.8161465824 5853808.8125000000
185318236.3227937222 5853545.5859375000
193995282.6627739072 6502727.8320312500
194336474.5185837746 6509210.0585937500
188888142.5286459625 6294823.2070312500
184146496.8610501587 5485297.5312500000
195847982.6988666654 6532969.4687500000
196508879.3870378733 6544487.8125000000
185273377.5718326867 5840802.3632812500
185249829.2842881978 5839851.0273437500
197175977.1024811566 6554976.6445312500
185371831.7229778469 5864818.1875000000
185765371.7743532062 5935944.8632812500
185713908.6357911229 5931781.6757812500
196846483.0559663773 6548314.0351562500
192648276.0219875872 6468660.2421875000
186083990.4954688549 5986767.2578125000
189321424.6329652071 6330861.3750000000
192252678.5251477659 6460204.1054687500
193655853.7395756245 6495097.9414062500
195931679.0137817860 6533381.2421875000
196684644.9605665207 6544506.5937500000
185932798.0083323717 5962837.4023437500
192265342.3453677893 6460527.3437500000
185341954.0810121894 5861188.9882812500
186397002.5164324343 6028371.8945312500
199129795.6609397829 6563564.6171875000
198947482.1211325526 6562831.5195312500
187273494.7308843434 6134543.9882812500
188966261.3781895936 6305490.7734375000
189106599.8016267717 6314707.6015625000
201967469.2996208370 6566880.2109375000
184117007.3333134949 5463637.6875000000
196189367.3486510515 6538855.7343750000
204313528.6664849222 6567318.1015625000
192171651.3565699458 6453914.0234375000
190656192.7469914556 6403059.9804687500
191089606.2124233246 6422675.1835937500
189127539.7688688338 6316711.8867187500
191880180.5530239046 6446669.3125000000
184425679.0878643692 5593432.9414062500
191932842.6841712892 6451836.7109375000
185776209.4442293644 5943327.4609375000
187306541.4050985873 6134944.8945312500
190704351.2034777999 6407020.5195312500
185518889.4888581038 5892803.1171875000
187526703.1033169329 6160988.6914062500
189036421.8991849422 6307467.6171875000
198390252.3280301988 6560018.9140625000
187684902.9313964546 6176056.1484375000
186037780.5487767458 5979277.4257812500
195656130.3745086193 6526654.2695312500
187561462.8303865492 6165186.4570312500
187391780.0431905091 6145378.7226562500
187433876.8546154201 6151175.6523437500
187464764.9700519145 6157335.3437500000
189701720.3968023956 6353758.4570312500
184091536.2881301045 5432262.4570312500
185883247.0878301561 5957624.8203125000
191318026.5046133995 6428740.9062500000
193533330.6113371253 6488043.7460937500
192249829.6750116646 6459060.3710937500
195536958.8162296414 6526445.3242187500
186013967.4225364923 5978726.6718750000
189726474.6841640472 6354068.1757812500
184090151.1285236478 5419223.8359375000
186003811.8684968650 5978685.9804687500
196102206.9526215792 6538698.7695312500
184530428.9411900043 5623953.4335937500
203831117.3521728814 6567208.8046875000
196219488.2945546508 6539092.1250000000
196844450.7703800797 6547136.7460937500
201478696.8476310074 6566428.0898437500
195998424.5711816549 6534833.0156250000
195728891.5031933188 6532572.1601562500
185702540.6585114896 5930721.8515625000
198351416.9556847811 6559841.3398437500
185089246.8644451201 5791214.1601562500
185045314.4878349900 5780913.4804687500
186466862.1802352369 6035876.1679687500
190784214.6612525284 6410081.2031250000
185065929.3730476201 5781351.5312500000
191405609.1778121293 6434477.1679687500
193461498.8265962005 6482860.5273437500
190568434.9663673043 6401735.7031250000
191456099.2215809822 6435148.9023437500
184625435.5176173449 5656633.0195312500
184607023.9974393547 5652046.7695312500
190402286.4795851409 6394825.0000000000
186334983.7004829943 6022538.0976562500
187160314.7240873575 6109347.7890625000
184568244.4042439461 5642500.6210937500
196873055.7516824007 6549666.2851562500
184093002.5224656165 5433310.2578125000
190473654.7365472317 6398621.8125000000
195111246.6617178917 6521749.7187500000
201565836.2191723883 6566723.0937500000
191381497.0517334938 6434230.0078125000
195396976.0051345229 6525003.8281250000
198295202.6301660240 6558927.7109375000
185971758.3584246933 5969187.6523437500
203673037.0702789724 6566941.0781250000
184592800.9961597323 5646506.8281250000
195500269.8367969394 6526388.5937500000
184102327.1467454731 5445877.4882812500
184392000.3635306656 5574985.1757812500
195688063.0245690346 6530213.3984375000
195260400.2364291549 6524476.9375000000
201565139.4748956859 6566683.0820312500
185990913.3571735919 5971614.9570312500
186342814.4445873499 6023587.0625000000
198129618.1868343651 6558905.5117187500
184350935.7197759151 5563286.3242187500
184533533.1600595415 5631532.0312500000
197855777.3139841259 6557966.8593750000
189397226.2945825458 6336740.7304687500
191242806.3019487560 6427276.4140625000
197990247.4085004330 6558515.5820312500
186431571.1944020092 6033759.8750000000
184465226.8099093437 5602973.9492187500
186278924.2573168874 6016515.7460937500
194912926.5120391250 6518641.1914062500
194909965.2043312192 6518616.0781250000
198084189.2743935287 6558590.5625000000
189449132.5185717642 6341189.8828125000
197822307.1854741275 6557960.7226562500
188373252.7392959595 6236724.7460937500
186143559.8813869357 5997885.9492187500
189552189.3596821725 6345854.8164062500
201766096.5847038329 6566759.7148437500
191551218.7035483718 6435984.1718750000
185966672.4636031389 5967215.6875000000
184239548.7388173640 5510467.0703125000
189864764.0616775751 6366651.7226562500
189984004.7243390083 6372941.9179687500
185866210.9411043525 5954972.8789062500
190325655.5384871960 6390606.4960937500
184491791.5507787466 5615415.3085937500
184449767.8208209276 5599340.6289062500
184418764.3707552850 5586434.5429687500
184465335.4358333945 5608135.2500000000
185827710.2900841236 5947294.3320312500
189650690.5350163579 6353739.3476562500
201913563.8972937167 6566818.6054687500
185600331.6157185435 5909265.5000000000
191779232.3062722087 6443579.1914062500
189889703.1182489097 6368779.5390625000
185694514.8723606467 5926006.7539062500
185540354.6958987415 5899382.9882812500
185169437.8949887156 5811873.8789062500
185559770.2795266509 5902478.3281250000
201270274.7148617804 6565860.4570312500
185642763.4918107092 5917219.8125000000
190286407.6491900086 6386448.2421875000
191011292.5552728176 6412978.5781250000
190073944.7078491449 6378608.3437500000
187211691.6883071661 6113078.9687500000
185534001.9241036773 5893457.9570312500
187209059.5364516973 6110531.7304687500
184342118.8587149382 5551503.7812500000
185500119.1164514720 5886702.6796875000
184327390.2737447917 5549991.4843750000
184882098.9975330532 5717623.7460937500
184936678.9331283867 5718647.8593750000
184372096.5705139935 5569173.8789062500
184849240.5885344446 5706782.0507812500
184784422.0181261301 5695648.8593750000
185148104.9669968188 5802572.5039062500
187894972.8424052894 6182848.6250000000
184760796.2558996677 5679654.8242187500
193476218.2669608593 6487668.0390625000
193262769.7950843871 6482065.3359375000
193470065.9408091307 6487321.7617187500
193144584.9506518245 6478055.4921875000
184777214.9278219938 5691742.0820312500
193035029.4400164783 6472489.4648437500
184729914.8760912716 5678289.6093750000
184719718.2182311416 5675893.5625000000
184694062.5070032179 5667407.8281250000
187969181.4229333699 6189072.4218750000
187961696.9646249115 6186652.6796875000
188075146.2530656159 6191300.3593750000
188052782.8381387889 6190698.8281250000
184767306.8971405327 5683256.3476562500
187928654.9323542118 6185067.0664062500
187832777.7332068086 6176898.0429687500
187937558.3698650599 6185668.5976562500
185026045.2623062730 5733328.5039062500
185008722.6515308619 5726944.2031250000
