191139541.4696560502 6406262.8476562500
191247212.3610546589 6414403.5937500000
193780612.6813833117 6490655.2148437500
194233544.3430588543 6499150.4960937500
194408328.8970682621 6504239.3554687500
197429054.5117063820 6548756.3046875000
188772949.4962381721 6264850.5312500000
189446866.7025074959 6327048.0820312500
189908239.6678927243 6356813.7695312500
189646509.2282220423 6338886.5000000000
194206680.0561161637 6497820.1093750000
196061659.5689066648 6530724.9843750000
184259028.5959725380 5508830.4414062500
185392264.3189486861 5861464.7578125000
185382700.3324742615 5849135.8281250000
186810902.3879315555 6025351.4765625000
193948042.3255491555 6497037.2851562500
198252026.7391270697 6555539.9492187500
189940664.8705692887 6357473.5664062500
193632149.6724312901 6489696.4335937500
194144508.7366291881 6497309.2812500000
195618474.0116456151 6523669.7070312500
184174748.7231961489 5463429.5468750000
186567709.2856515050 6020077.8593750000
188791647.1144133210 6267771.1093750000
188798501.2229843736 6270601.8789062500
188781541.4056598246 6267122.2890625000
188820834.4911499619 6278227.8867187500
194315942.2284263968 6501787.3554687500
190632403.5090000331 6379655.1328125000
192627036.6067495644 6459313.8281250000
196115533.5538420975 6531323.8164062500
188926427.4017853439 6284208.0000000000
191481195.2502044737 6422629.8398437500
193850342.5755511224 6493910.8945312500
196916835.8691298664 6541697.9804687500
188895248.7284715176 6281001.7695312500
190303117.4543159604 6371357.9492187500
191240729.3357059062 6409838.6875000000
192919668.8231211007 6470136.0429687500
193843487.9891182780 6492384.6953125000
195941846.7365293205 6529270.2343750000
201215063.8245521486 6564670.0625000000
193764586.5959580839 6490418.9609375000
197750660.5548173487 6553300.2304687500
200842404.3341294825 6563991.5390625000
191567389.5960028172 6423118.5234375000
184401369.3713110089 5568847.1484375000
188878806.2235861719 6278462.1484375000
191458053.9176061451 6422502.2851562500
197673656.1516812742 6552425.6562500000
184760796.2558996677 5679654.8242187500
190133464.3067877293 6367651.8398437500
191379418.8094428778 6414687.7187500000
194328282.9332548380 6502196.6640625000
189753745.4043022096 6348787.4726562500
193881931.7428868711 6495637.3632812500
195986647.4005859196 6530624.0234375000
184453572.7552147210 5586385.4609375000
189684850.7755337358 6344301.7929687500
184197347.3033089936 5485774.4179687500
184423880.7369742692 5578587.5429687500
189517179.9153091908 6334551.4335937500
193231215.4877645075 6479120.9492187500
193726089.4020167589 6490026.6289062500
184464297.8147155643 5588873.6796875000
198411428.9569681585 6556516.9453125000
193476218.2669608593 6487668.0390625000
189881492.7391353250 6355677.8593750000
189756434.1365167499 6349016.8906250000
193262769.7950843871 6482065.3359375000
197579107.3577917516 6551574.3593750000
190171675.7251948118 6367977.0195312500
187472786.5573161244 6138044.0937500000
190031544.8473624289 6361509.9218750000
184144184.5259411037 5447406.2304687500
193470065.9408091307 6487321.7617187500
195868174.6946075261 6527083.4765625000
185597108.1094128489 5884616.4726562500
184502097.7472625077 5591449.3593750000
189857606.5858964920 6355480.7773437500
195660685.8745641112 6525503.7226562500
189963374.3940579891 6359669.2500000000
185150530.5402168930 5800046.0429687500
189065785.7660252452 6297329.2500000000
192636823.5420792997 6460796.9414062500
197799071.9987052381 6553530.4960937500
185434652.4985311031 5865037.9375000000
189733007.5937557817 6348431.7812500000
189836779.2458953559 6352666.8789062500
185347264.0206333399 5846418.0546875000
196967612.2780990899 6542331.0546875000
197192995.5563997924 6546928.1679687500
190469792.2283616364 6375266.6132812500
195759998.6602981389 6526426.6015625000
189300535.6735159159 6314347.7148437500
186191893.3222687542 5988271.6445312500
184219254.2945725918 5496013.1132812500
184807104.1825743914 5694857.2031250000
186013611.4307636321 5963380.0429687500
188937371.5193147957 6284874.7929687500
189205702.3539671004 6308604.3671875000
184793088.0406158268 5692018.4101562500
200686734.9120160043 6562872.4023437500
184405968.3030795455 5568947.7070312500
185174749.5808522701 5811020.6601562500
193144584.9506518245 6478055.4921875000
193461888.1121711135 6484407.0429687500
197176217.6276834309 6545797.9453125000
184136419.9509911239 5435446.9843750000
184409591.9816572964 5573538.4570312500
190319465.9719030559 6372890.9101562500
184369243.5987235606 5553040.8437500000
196335580.5097704828 6533493.1757812500
198505619.2078906000 6556537.1835937500
184474892.3482451141 5590347.8828125000
184387457.1561920941 5567535.7187500000
184234271.6475164592 5496997.5742187500
184385784.4423999786 5561953.3750000000
184777214.9278219938 5691742.0820312500
197959908.8507676423 6554551.1328125000
200791384.7603847086 6563117.7031250000
185216278.2844684422 5820721.5234375000
197035056.8548697531 6543339.6835937500
193035029.4400164783 6472489.4648437500
185169591.6075955927 5806434.8359375000
186149117.5455515385 5985990.9296875000
186106590.5221965611 5978326.0468750000
186301157.2572079003 6001202.7265625000
186448366.9011218846 6010616.5546875000
192775449.9336032569 6466502.1289062500
198279572.1623908579 6555762.5234375000
186276012.9115951657 6000071.0742187500
186381695.4873046577 6007412.3554687500
186270049.9287579656 5999882.9882812500
184176144.1097141504 5476976.8398437500
184729914.8760912716 5678289.6093750000
185193502.0058875680 5815442.1132812500
200993871.4929616749 6564540.5234375000
185571054.7011162937 5880929.8750000000
185821994.9743430912 5928508.9296875000
190397556.8007215261 6372892.9375000000
195095547.2449105084 6510269.7031250000
198925233.5423130691 6557702.9140625000
184320612.2947701216 5533998.2851562500
190570673.3117179871 6376796.7148437500
184343504.4622924924 5545538.5937500000
185802157.0542796850 5925986.8281250000
197275811.9078417718 6548360.5898437500
198311184.4605504572 6555952.0312500000
186217563.1801662743 5988613.5781250000
186079855.7588978410 5974735.5312500000
192733587.8560757339 6464463.5234375000
195057366.2631557882 6505139.3398437500
184719718.2182311416 5675893.5625000000
186058848.9257023931 5967535.7734375000
185254624.0518718362 5828440.5976562500
184688716.3195472360 5662708.0781250000
185983964.4299329519 5961284.0820312500
185897689.2392425239 5944874.0117187500
185822280.3236325383 5929653.5820312500
185806104.5177912414 5926796.4765625000
187590527.9779384732 6146133.1132812500
187558499.3612420559 6145578.2617187500
185876485.5217280388 5943936.7265625000
196711586.5189355314 6538803.1250000000
198351483.4893601239 6556302.9375000000
192756479.1714915931 6465114.7148437500
185246031.8880495131 5827655.6328125000
189139478.1028190255 6301820.7148437500
192736267.6768757105 6465079.7617187500
187589979.4457713366 6145764.5546875000
195309320.1902427971 6517106.4492187500
198169860.5069157779 6555251.7187500000
187754613.6033825576 6169499.1171875000
197538015.1602475345 6549114.1132812500
197868363.5785294473 6554036.1601562500
184694062.5070032179 5667407.8281250000
192435352.2238809168 6450862.8007812500
187907928.4389486015 6180310.0976562500
187969181.4229333699 6189072.4218750000
184298798.1655232906 5526356.1992187500
195098945.5502617061 6512149.2617187500
200942594.5841175020 6564175.8476562500
192482048.6759881973 6456623.6250000000
187961696.9646249115 6186652.6796875000
195378338.0604653060 6519989.1601562500
186489853.1618371904 6014648.2109375000
201070281.9763102829 6564603.4843750000
195192656.4615981877 6514458.9453125000
200594951.0585354269 6561671.2187500000
184295593.0345211029 5523197.5078125000
184147892.8025025129 5459322.8906250000
184608453.3170134425 5627504.9218750000
188075146.2530656159 6191300.3593750000
200534606.2255266607 6559528.5781250000
185525011.0061725378 5879859.1210937500
192602022.7771213949 6456776.9140625000
192632769.6172131896 6460013.3789062500
184246594.8606776893 5501986.7343750000
192625868.1194766462 6458921.2226562500
197137556.7708213031 6543782.5351562500
186479838.6850773990 6014578.6015625000
189141493.8570954800 6302792.1875000000
196881830.9878778756 6539404.6601562500
185230544.2202695906 5823379.8320312500
196612010.0350246131 6538418.6953125000
185255882.7843573391 5828579.5351562500
185212230.6776576638 5819811.8945312500
185858321.3854979873 5933941.3476562500
196547626.1235268414 6537482.8671875000
184261670.0291816890 5509901.3164062500
184249224.0826763213 5505956.2304687500
184196866.4348273277 5482804.3398437500
184675950.2863915265 5656700.9687500000
185257188.8341250420 5831827.9882812500
188052782.8381387889 6190698.8281250000
187554290.5068643093 6141399.4882812500
192322617.1782636344 6450630.7187500000
195711550.4793248475 6525568.8593750000
191395394.4694039226 6418181.0546875000
192029037.1005393863 6435876.2734375000
185452713.5840734541 5867936.9843750000
189431187.9421141446 6325071.0898437500
189417922.3174518347 6324119.7539062500
191608573.6001404524 6425810.9882812500
191698325.7442961335 6427754.4375000000
191611731.4535747766 6426372.4062500000
189162675.5511474311 6303185.3007812500
196453917.8940756917 6535938.5664062500
195527487.1172040403 6520780.7187500000
185328170.8157620132 5843709.7656250000
191592049.0126191080 6423761.8476562500
196434131.7613771260 6534670.0000000000
196268995.8518738747 6533022.2343750000
189263370.6564176381 6312024.8828125000
184648828.9618559778 5647665.7031250000
196146237.5416274965 6531603.5976562500
184832645.6376270950 5696844.3007812500
184767306.8971405327 5683256.3476562500
185868863.2902570963 5935298.0898437500
187928654.9323542118 6185067.0664062500
192034902.2747099996 6436707.5820312500
185735787.0642457008 5912275.8281250000
185772786.8219825625 5922628.7343750000
185656102.2579810619 5896969.4726562500
191763990.3273236454 6428587.0703125000
190983942.7483750582 6394554.9531250000
191056319.1903852820 6400296.2187500000
187832777.7332068086 6176898.0429687500
187937558.3698650599 6185668.5976562500
185685860.1397950053 5900280.6093750000
185748140.4951818883 5917144.2617187500
187607628.3552591801 6152122.8359375000
191749228.4026569128 6427970.8320312500
187654323.5434722006 6159891.7031250000
187739594.4505355358 6168678.6445312500
191807610.0182663202 6429369.1367187500
184607579.2033627331 5621789.2226562500
184637705.2704453170 5634472.3007812500
200493405.5059124529 6558378.7617187500
187100767.5975086093 6076860.8320312500
187405550.4720160663 6122550.8906250000
187396190.9420981109 6119722.2148437500
184603090.8916074336 5619696.3554687500
190802165.3282866180 6384817.2656250000
184643002.5196180344 5636011.3085937500
185618589.0230730772 5885493.9218750000
184647688.4536311924 5638878.7500000000
191007704.9024434090 6397491.8437500000
184598936.8653016686 5612274.9296875000
190894040.0412065983 6392652.8710937500
190905622.4642271996 6393604.2070312500
186914784.8171013594 6058736.9453125000
190740672.5882801116 6381781.5234375000
184584610.1199223399 5595906.4453125000
190819344.3376146853 6388159.9804687500
187469252.9601646066 6129101.8632812500
184591272.1136935055 5603630.6445312500
184995867.6057304442 5713642.1523437500
184968327.5879065394 5711650.9492187500
186912323.5211019516 6055380.0898437500
185026045.2623062730 5733328.5039062500
186902518.6435778141 6052487.1953125000
186888185.6740096509 6043114.7968750000
185008722.6515308619 5726944.2031250000
185070016.3492633104 5743340.3437500000
185130229.8486308157 5753186.2304687500
186900373.9456279278 6048035.4648437500
187001641.7088440061 6067457.5859375000
187002810.4305423796 6068528.6015625000
187298406.6671725214 6104581.7187500000
185094664.0379683077 5745084.3320312500
185102012.8058001399 5746187.3710937500
187362650.8497795463 6110627.1406250000
187272897.5949200690 6101757.5078125000
187355590.8801186085 6108518.4414062500
187245854.0146241784 6097712.4023437500
187220613.6307382882 6096534.4257812500
187314658.6759070754 6105309.6718750000
