158029088.7871351242 182311.9237630963
159231249.5695517659 197798.5839539766
175066823.7118065655 337632.1603088379
176919599.2462880015 348386.6036376953
176638702.5061755776 346585.9292297363
176862535.1178538501 348044.2193603516
177042771.0297818482 350272.3737792969
178054829.1470419168 353490.0727539062
153630888.8066132367 122769.7650325168
154162880.5438045561 130386.8814949840
153929019.4977332056 126508.8946966995
154271624.6476061642 130487.1908107419
159491203.5308749676 201283.2257386446
173874530.9278163612 330645.5462036133
176689750.4154196382 347409.0033569336
177854372.8059175611 352526.9689941406
154071784.9056542218 130091.8853328098
153784362.0572287142 125969.5742976535
153544404.9676990211 121796.9509308208
164541173.1957191229 250889.9909397364
165810247.9083807170 262347.6257969849
177244965.0997048318 350929.2199707031
175194673.4444446862 339311.0061340332
174839849.7406629026 337179.4132385254
174643863.1266714036 336248.1130676270
153779302.8759282529 124656.6330567021
172662785.6218669713 320650.7061462402
174115626.9973912537 332140.8614807129
174368875.2402683198 334569.2672424316
177510523.4491880238 351781.7543945312
177914281.3466485441 352938.3796386719
174275360.4218790233 332546.9681701660
174302323.0092131793 333185.9564514160
174044204.4146655500 332011.4631042480
151840063.5951082408 72912.5884587807
152224150.9708380997 96382.0641684402
153293897.9951153100 117109.1791484226
159270728.5382147729 198554.6771546602
165104873.9259080589 255106.8170731366
165251496.1877156794 257901.2551999092
173439306.8307372332 327087.1789855957
175167978.0277372003 337842.2784729004
177690041.1204612851 352479.4521484375
177878470.6172236502 352620.4372558594
152422360.2709366977 100221.2301084846
158706289.7243628204 193038.6036683321
165173556.8193956017 256537.3661228418
151836060.5568074286 72790.2058933526
152415894.6411636174 100148.0475058425
153529431.6780933440 120710.9652740825
174166361.9139095247 332456.5775451660
176173681.2890315652 343834.9244995117
172873789.6531465948 321691.7726440430
151950977.7171550393 90654.9960030094
152261819.7478871644 98868.4787173141
152324271.0083855093 99800.2922708262
153287266.9879737198 116719.7957794536
159025915.1189424992 195062.6617683172
159572536.3974788487 201799.8762950301
159401927.9457246065 200223.8077698946
173591228.6747319996 327684.3079223633
173775969.3225270808 329125.1434936523
159062168.2890323699 197160.9147034883
174921905.7508729696 337381.5516662598
152100090.0735034049 94746.1676821578
161682245.8891244531 222217.3850860596
173513986.0524254143 327535.3382568359
173650518.7504282296 328098.3469848633
176128655.0789711475 343237.4990386963
173734771.2141416967 328258.4462280273
173888896.5102204382 330954.5590209961
173364790.0949144065 326601.8949584961
175965624.7657208443 341878.2304687500
153177303.8712600768 115941.6326620448
175576961.5898483396 340444.5667724609
175190821.1286601424 338913.3386535645
172761525.2810133994 320829.3216857910
174827885.0547819138 336829.8585510254
159167099.2425872087 197537.5938188434
173052768.6094010770 324204.3874511719
174323594.2184459567 333215.1503295898
176581542.8076064587 346548.1907348633
176172285.9503644705 343685.9548339844
151846627.9453897774 83352.6632398218
164932826.5631926954 254621.2125802040
165098034.6413155496 254944.6072450876
172954747.7185481489 323346.8043746948
152123147.6999188960 95350.6263193954
153707562.4858485162 123349.3190338481
165052975.4023271203 254826.6492630243
176143719.7215932310 343490.4673767090
177471855.4608417749 351108.9692382812
164839874.1248394549 254309.2117038965
166790445.2715067565 267114.8150779009
176679291.5178615451 347105.1755981445
152960997.5634294450 111825.6462165732
166270467.9764440060 264802.9264629595
173222424.0560428202 324962.8836364746
173360049.1986803710 325332.1210327148
153468291.0249659717 120450.4351196140
165128628.5265788138 255878.5652585030
165967317.3705055714 263282.5110625140
173315317.7700212300 325273.2725219727
158334277.0924274325 188895.0399931073
166283978.8617697954 265222.9886255674
173756268.7393201292 329026.5670471191
172970487.0604228079 323536.8166809082
152054587.8861584067 91464.7037324086
173092966.7835820019 324547.9846801758
152000439.0908811390 90799.2001313344
153451201.9610968530 120223.1534030307
153746259.0311060250 124412.1415569652
158888641.4455256462 193914.9879967715
173448740.3410110176 327404.1967163086
176483904.3424193561 345040.6995544434
166361195.5382103026 267102.2663461678
151892888.7945969403 86697.1563156620
153730851.5120567381 124261.3275787700
153438361.5448931754 120139.0165436137
165232077.6480147541 257517.3782688379
165154027.8044605255 256376.7989231348
172934928.2045312822 322419.1811523438
176361372.6230500638 344822.1834106445
155114767.5061447322 140667.6176025420
158192100.0458152890 185887.7295536399
158962465.2221010923 194478.3269294500
176522981.3055402040 345164.4064331055
158918214.9438784122 194098.1923205853
158400688.1891907454 189441.7579573393
165765529.8719159961 261607.4211681597
153225426.2788846195 116306.9316897262
152926137.6891373694 111819.3216268886
151856574.6931464374 83388.0486859530
151927873.3686364591 87104.6336983219
152699455.5054680407 107697.0105917323
152756251.6668429077 107857.5489837993
158155766.6648913622 185319.4469221830
158525883.7441996336 189659.1588972807
151824957.1986918747 72788.9984061290
155298564.0722869933 145566.4735410511
155722462.8233884871 148422.9498897344
158553810.6042524576 190452.3785628080
158635091.2304351926 191053.0407966375
165793251.2179696262 262136.5715977661
165675382.3006885052 260832.8064678423
154956833.4110127389 140598.4122982323
165609611.4216906726 259455.5244396441
151894681.0836958587 86886.0063041300
155398396.1902382672 145992.9846065342
161719707.6089367867 223276.8030548096
155773151.5614186823 148473.7646002918
155532603.5731483400 147799.6865108311
166046256.3159464598 264304.0150860064
155126781.2260945141 144300.3745420277
165857312.3717016578 262945.4961651079
165667186.0571375489 259664.1632335894
151888844.5975719392 86534.1010489464
151950951.5993423760 87455.1867378727
161771223.8559072614 223279.9561736584
165351463.5300843418 258544.5281017534
177649051.1481410861 351855.2170410156
154491336.8990333974 133282.8231504261
161687264.5300756693 222613.0157053769
155261475.8357617557 144420.9731053710
164297001.8213082552 248686.0830254555
164668571.7814814150 252201.3727613688
155264668.8347086012 144695.6800199598
151873303.1107588708 86532.6849678531
154701614.2758335173 136875.5943272263
154740377.3580438197 138478.1648331583
154832732.7292478383 140178.0635068715
163875695.4797060788 244607.8707748652
164472624.0996876955 250048.2509962320
154895228.1615118682 140204.9869777858
154901209.6504712403 140229.1425299793
154551605.1067613065 136055.7524717152
158041803.0100575089 183473.8554915190
164815975.3854109347 252946.5492851734
164305217.3757183850 248782.1519972086
154678288.6371508539 136160.6598518193
152569540.5325296819 104460.9377289284
154342198.9446814358 132047.1961763203
153152144.7317984402 114358.0473299474
152852592.9875861704 110075.1979027241
152164682.4272359312 95809.5531277508
172411607.5854787230 315177.2889862061
165118955.1181523502 255689.4399805069
172428852.9123758972 315834.4819183350
158332706.9848991632 187596.1665266752
172589983.0174389184 317172.7318420410
175815909.0982384384 340726.5917968750
176103032.6994776726 341991.3535156250
152476829.3961631358 103574.6995565761
154383530.9504924715 132170.3476246446
161802408.5250352025 223317.5258026123
154062730.9178598225 127652.7311115563
161503968.3171210885 220843.7549591064
153014369.4003705680 112011.3703505863
157893546.3270210028 178986.7026125905
172312976.3680790663 313980.7577056885
152614057.2720223963 104780.8172506560
152552479.8375231922 103901.2037736047
152768163.9646733105 107974.5248610843
172642720.8868467510 317177.9512786865
161359099.7582819462 219270.7529301643
161325859.2845927477 219217.7553526461
161280902.4162182212 219154.4920196533
172358201.8540166616 314957.8774871826
157724714.9224122763 178820.4326045513
160842724.6676416397 213974.6831308603
160873946.1753636599 215032.1809844971
172653421.6871214211 318377.0982513428
152828941.7407573760 108330.6370254029
152695689.4283789098 106148.0855901111
152609885.7371062934 104541.3927112687
157912217.3789221644 179096.5213496685
157937757.0087974072 182239.6533687115
163472025.4308360517 238367.7690500021
163475015.8399561942 238971.1385759115
151845991.6710139811 76555.6704957280
163600562.2949510217 240471.2561868429
164182662.7922719419 246465.2664483786
161052178.0249790549 215496.0955454111
164058493.8657042384 245346.6264494658
164232879.2173532248 247158.2621916533
158270042.2601661086 186361.6106961966
161423695.3723136783 219684.4040971994
163787425.3041494787 243059.6250833273
160815487.1915558577 212659.2660776377
160848756.5435013175 214221.0565439463
160337039.0671370029 208753.6241089106
160149844.3589605689 206766.0590881109
160102543.6736289263 206111.5290650427
160014623.0765274167 204104.6276489496
163560001.1872097850 239398.2309285402
164224441.3173306584 246475.1649800539
163728819.7965693772 242352.8539448977
160218788.6032396555 207465.9962402582
162131931.8584791422 226733.7531820536
162605528.2815752029 230908.4226094484
163329810.5568991899 238230.5429097414
163295740.0951175690 237171.1249409914
162935785.1960066557 234289.1337058886
160114676.5842194557 206762.9059692621
162882506.8760880232 234108.2318745852
162813047.2853611112 232488.1173115969
162512778.4436031580 229947.2630404234
162408696.1534609199 229439.6602267027
160423989.9856508970 208864.4839111567
175904872.0522056818 340807.7478027344
162777584.5552005768 231864.4426974058
162803787.9756193459 232232.7921285033
162025467.1621677876 225317.3491915464
162847643.0392891169 232641.3072718382
162070668.9544762373 225847.8700088263
162491954.5018964708 229920.5731409788
160645513.4854303598 211781.5936017036
160226294.5120697021 207523.8484131098
156276724.3650643826 155039.0208471566
160030200.0320617557 204270.0779714584
156273971.5450330377 154344.8705786020
156137564.9026011825 153772.9218481332
156581195.2597081065 159341.9006186128
156669415.8005372882 160090.0789298266
159922654.8975301385 203247.0892150998
156542099.1861582398 158471.0617671758
156589180.8406133652 159397.5609298032
156427191.8442024589 157895.2328832895
156906380.3693893552 163337.8515878916
157093019.1103233695 164217.7917840481
157009692.3955059648 163957.4224437475
157142076.8721084595 166942.9465563893
157163353.4275189042 167261.8525084844
157435825.8918370008 170922.6397801638
156877407.0399445891 163292.1368951797
157352585.5142224431 167546.8094617128
157381750.7770912051 168799.0173050752
157261567.9041554928 167417.6705882549
170690529.2849424779 278253.5870126486
170292798.1116294265 275623.7346109152
170545750.0901190042 276846.7532571554
172007611.0618085265 289379.2067718506
171975630.4412557483 288680.8039855957
172110729.7663709521 290708.9721679688
171219454.0177628696 282727.0977478027
171706217.4614552557 284253.1438293457
171397473.5136063397 282860.7205734253
171717885.9204168618 284791.7744445801
171741090.1602241993 286859.6418762207
171435251.6041505039 283999.5609450340
171008203.0545990765 280774.5903258324
170155658.4378482997 273904.0875239372
169924524.1089445651 271208.5720361471
169535821.6022340357 269505.1746274009
170391124.2942378819 276534.3007959127
169936007.9214489460 273471.4077295065
169458743.3219348192 267169.4487680197
169719967.9950659871 270803.4326547384
169919720.3630959392 270966.2041910887
169547963.9218895137 269571.6156762838
