158070907.6316975951 185289.3795143366
173472374.1757687926 328561.2699127197
152576458.8352387249 104920.2460632697
157449853.2613632679 177035.7097013593
173515824.4377646744 330330.0311431885
173798303.3769074678 330598.9233551025
173995731.6915936470 333435.6562042236
174545881.2933863103 337630.5537109375
157596861.7011170387 177450.6086576581
163059320.6217951179 239792.6144715995
174149105.1351613402 334127.2528839111
174934868.1378475130 340383.0106201172
175094950.6694632173 341320.6427001953
177536008.7764439285 353490.0727539062
174982714.3874937892 340805.9552612305
174441446.7119565606 336962.8017578125
153937275.3165392876 128328.7608249113
162866954.7274641097 237131.2427064627
166840098.3311966062 271472.5881142616
173814299.3664526939 332872.6474761963
174681066.8866195083 339513.9632568359
174235895.7326453328 336291.8682403564
177301036.3259750307 352848.0676269531
152664203.8046545088 107920.6622277275
154241850.3348115683 132374.3665987849
158933521.1832319498 193829.1279315348
174337082.6846950948 336313.2235717773
175450319.5915914178 343787.6923217773
151719732.7939751446 76236.4932019636
153711296.1175187230 123831.7103827149
175413304.9606195986 343058.7090454102
177259948.6529539227 352587.2790527344
177427023.5775605142 352859.6892089844
151920387.9791131318 87446.4558136836
153702083.9671159089 123831.7103747055
152024952.7696335614 91608.0613396391
152299397.3352565467 99171.9159972891
163023002.9447185397 239275.1668605432
177020142.6788488328 352512.0632324219
176766794.9343560338 351564.4812011719
177447389.2031476200 353057.0002441406
151673279.5128526390 72135.1813183967
152057894.8540141582 95446.2915603369
166899082.8438573182 271489.9261503220
153075358.1977620721 115587.3701050058
166952542.6147683263 273042.5593173504
152584614.2095544040 106785.7536419109
152458729.7013356984 104713.5650329962
162569996.3566539586 235670.3034364432
152035117.9267027676 95014.2195160016
157732355.3602345586 180650.4179227948
158250314.6563828588 186350.4960085750
162342546.9152865112 232941.7548524588
162980814.0629380941 239089.5242006034
164261874.5528390110 248268.4523747563
164021973.5420356095 246382.8242984638
166357979.4758801162 268476.0842213631
166539852.9082230330 269752.5027260780
175280740.9844137728 342740.9591674805
174636498.5251378119 338962.2701416016
177170806.7397913039 352542.4907226562
152624903.1659538448 107819.2131275982
153892987.7459729910 127976.2103751749
163874811.3863548636 245608.2267668843
176666522.8649118841 350515.7048339844
164057021.5171605945 247524.7951556072
163228435.5609937012 239969.7607221976
152613997.7744126618 107776.3532167003
162197961.5454687476 231128.9012622386
161438703.8700525761 223238.0967273265
162552389.1251729131 233127.6871034354
163514921.2143175304 244091.9575992450
163455996.8169059753 242810.4637355432
151685512.6624618471 75668.4663617536
161945909.8515395522 228401.0919237286
175148672.0907171369 342495.7003173828
175906476.7035745382 346285.7049560547
154010101.5665380955 129310.2524293065
163326760.2281200290 240316.8584804162
163332906.6335914135 240957.8914699182
163069467.3011137843 239947.2708644494
166382742.8793980777 268830.0009560585
175681847.6441320777 345035.5365600586
176248778.7337552011 348476.1242675781
176705887.9198287427 351131.4086914062
152410826.8113478124 104055.0976062790
152594112.8183418214 106846.9810486212
152402754.2752594650 103798.3511925712
152367513.9852271378 103654.1470642462
162304504.9560254216 231872.7436219901
161170886.3485758603 220075.2556851953
151751399.2396747172 76240.4150922224
175557225.8798993230 343979.9171752930
175627602.0436910391 344193.8510131836
154173473.6558362246 132032.4531434178
175427950.6002431214 343650.0403442383
176209437.1608572304 348068.5156250000
151976769.3299501836 91594.9987518415
158986551.2082437277 194203.5642909552
151899452.8867273033 87276.5265900865
153967142.0448870659 128680.2501214147
154188701.9470552206 132373.1454957128
175732818.1904369593 345914.9210815430
157391181.4864075184 176528.1068876386
161034115.4372134507 219017.7988247126
176532453.3587411046 350240.2282714844
162213794.4323501289 231645.5518186241
166703195.8496471643 270906.9850869179
175874595.9159284532 346110.9943847656
176517294.9555124044 349665.9831542969
175976617.7683444619 347026.0773925781
154264998.7276045680 132395.4549901187
151786621.2538276017 79791.1656019613
153894056.2089267969 128250.8344605565
176132263.8247399032 347483.7684326172
153201508.1855401695 116663.7837179676
176292453.1549534500 349141.9169921875
158045826.9578784704 184857.1542667486
161928723.3559107780 227322.1951770335
161742175.0033701658 227006.5902270824
152234385.3901459873 99136.5305511579
162090106.5600111485 229427.4781665355
152318800.2498442233 99890.5120614544
157404712.6212776303 176529.0281660557
161325349.8307470679 221376.8623746485
165687826.6526067853 261669.1399179697
152813230.0200734735 109098.4788534511
161220023.5238346756 220558.6396721601
165968629.3419277668 263927.7847543955
161606264.0902958810 224664.5415133906
161470650.0439123511 223587.3694629222
165993078.2239295542 265358.4004770517
161645518.7002379894 225014.2523364574
161352018.8788069189 222884.2791919261
160922023.4582879841 218313.9693082422
161846322.2782110274 227070.7702759653
165555082.0087028146 259728.5376840830
151774266.3033247292 79790.7773969099
153440092.6828948855 120254.7844915166
161300009.0448069870 221169.1468802243
152959754.3725487888 112035.5917272344
153735512.2658673227 124934.5239839721
161321990.7861796319 221251.3304905742
166308254.9496968389 267254.7143341303
151800165.6119659841 82646.8982054815
153490179.7646093369 120767.6830358282
172958098.7158952951 323700.0560531616
151928273.3952917457 91019.5288670436
152166091.6478689611 95936.6164033189
160640293.6173267365 214322.7465071082
165786351.1547110975 263130.2460581064
166166819.7306561470 266193.1391245127
165785874.2213979363 262910.8345590830
153467393.5310630798 120560.3250036016
165618129.1934648454 260878.6524912119
151867881.2959822714 87143.6245168075
153380164.1285683513 120215.8678807989
160553800.8486330509 213804.1682991982
173404740.5943049788 327432.8426208496
157383926.1247099042 173536.2107005715
159904762.9587543905 206174.1938015223
160821012.4975276291 215382.1644758582
153339321.7746569514 119708.2650670782
153254387.0870085657 117946.9786901250
153338030.8367369473 119367.5727147833
165342219.2063395083 258650.4980722666
159994999.5989961326 207322.7602573633
160468898.6482718289 211601.7379184961
165490212.1513113678 259464.8221727610
151812489.6951784194 82867.6831381395
153170830.6843262017 116115.7458109558
153192796.6429193914 116144.4387457147
160548203.7011726797 212767.0756870508
160277696.9259716570 210374.4570957422
160195079.4249321818 209698.4963432550
151755368.6724253595 78821.4002210200
157892969.8058378696 182675.0942917466
151828008.0708399117 83589.5757176578
158123607.5235807300 185811.2326584458
164645265.4725663066 251580.6631199121
160145373.1540167034 209683.7849155664
164829550.8964619040 253876.1391941309
158011178.0919731259 184772.7289579511
173336780.1801398098 326629.8935546875
173343780.4731611609 326841.2034606934
159985694.7365405560 206596.2545342445
164808441.2811748981 253606.1214329004
152920480.7924415171 111979.8600189555
157767211.2039175034 181337.0453220606
159548064.3293621838 201958.2648931742
154404573.2555052340 133333.7086655963
158407904.2435674667 189698.8229621649
173431130.2880485058 327730.0342712402
165255438.6462393403 257901.2551999092
154109095.8717184365 130301.2216940094
159632037.7033669353 203044.5121155977
158107402.7220373750 185293.8958917111
157778750.7014170885 181688.9216232896
159761185.7310434878 205415.1391631365
164914578.8509233892 254638.9880746119
154266451.1264747083 133157.4337301422
158683974.9374686480 192314.2607572675
164411961.4794216156 250157.3137423396
154300132.2423104942 133157.4337381516
159589249.3541161120 202108.6004668474
164835268.5799190998 254309.2117038965
172408197.9957622588 317468.1918640137
151849066.8050117195 86769.5974456891
152299520.4430336654 99840.6430981010
157741468.0122551918 181171.3497884870
158644144.8232985735 191153.8385770917
158747511.5426465273 193532.3342515826
172308835.4636116326 317163.8409729004
158999331.1037638187 196177.8165490176
159355346.0944948196 199290.8878480196
172570553.3436888754 318272.5518798828
159432993.3541260958 201283.2257386446
152196090.1537516713 97346.8179520145
172636734.2468073666 319762.7473144531
172262776.9499227703 317040.0880393982
172675946.7801932395 321128.7639160156
172804340.9777338207 321277.7335815430
151866046.2017627060 86772.1653892621
153976813.8457048237 129035.1226949859
164770288.3894670010 253017.1495090723
153784362.0572287142 125969.5742976535
164541173.1957191229 250889.9909397364
172662785.6218669713 320650.7061462402
159270728.5382147729 198554.6771546602
158706289.7243628204 193038.6036683321
172873789.6531465948 321691.7726440430
159401927.9457246065 200223.8077698946
159062168.2890323699 197160.9147034883
173052768.6094010770 324204.3874511719
172954747.7185481489 323346.8043746948
158334277.0924274325 188895.0399931073
173092966.7835820019 324547.9846801758
153730851.5120567381 124261.3275787700
165232077.6480147541 257517.3782688379
165154027.8044605255 256376.7989231348
172934928.2045312822 322419.1811523438
155114767.5061447322 140667.6176025420
158192100.0458152890 185887.7295536399
158400688.1891907454 189441.7579573393
155298564.0722869933 145566.4735410511
155722462.8233884871 148422.9498897344
158635091.2304351926 191053.0407966375
154956833.4110127389 140598.4122982323
155398396.1902382672 145992.9846065342
155773151.5614186823 148473.7646002918
155532603.5731483400 147799.6865108311
155126781.2260945141 144300.3745420277
155261475.8357617557 144420.9731053710
164297001.8213082552 248686.0830254555
164668571.7814814150 252201.3727613688
155264668.8347086012 144695.6800199598
154701614.2758335173 136875.5943272263
154740377.3580438197 138478.1648331583
154832732.7292478383 140178.0635068715
154895228.1615118682 140204.9869777858
154901209.6504712403 140229.1425299793
154551605.1067613065 136055.7524717152
164305217.3757183850 248782.1519972086
154678288.6371508539 136160.6598518193
152852592.9875861704 110075.1979027241
152164682.4272359312 95809.5531277508
158270042.2601661086 186361.6106961966
156276724.3650643826 155039.0208471566
156273971.5450330377 154344.8705786020
156137564.9026011825 153772.9218481332
156581195.2597081065 159341.9006186128
156669415.8005372882 160090.0789298266
156542099.1861582398 158471.0617671758
156589180.8406133652 159397.5609298032
156427191.8442024589 157895.2328832895
156906380.3693893552 163337.8515878916
157093019.1103233695 164217.7917840481
157009692.3955059648 163957.4224437475
157142076.8721084595 166942.9465563893
157163353.4275189042 167261.8525084844
156877407.0399445891 163292.1368951797
157352585.5142224431 167546.8094617128
157381750.7770912051 168799.0173050752
157261567.9041554928 167417.6705882549
170690529.2849424779 278253.5870126486
170292798.1116294265 275623.7346109152
170545750.0901190042 276846.7532571554
172007611.0618085265 289379.2067718506
171975630.4412557483 288680.8039855957
172110729.7663709521 290708.9721679688
171219454.0177628696 282727.0977478027
171706217.4614552557 284253.1438293457
171397473.5136063397 282860.7205734253
171717885.9204168618 284791.7744445801
171741090.1602241993 286859.6418762207
171435251.6041505039 283999.5609450340
171008203.0545990765 280774.5903258324
170155658.4378482997 273904.0875239372
170391124.2942378819 276534.3007959127
169936007.9214489460 273471.4077295065
