152290732.7448754609 104172.3933307305
152620602.8579522371 109599.4984293953
155300264.7770459652 147996.7806153595
160855612.7409039140 219522.9155080169
175617143.7898892760 347891.7366943359
152203429.6911134422 100123.9329028651
155235250.0145786405 147981.7213472724
161709177.7059569955 228573.2128427476
161018934.9891583323 221683.9555594176
172804673.4704005718 328662.9497070312
174747317.4823102355 342685.0057830811
153795407.2036236525 130137.5463575497
153645245.9290072918 128415.1941200867
155019346.3777289987 147266.7244920656
163443612.6907102466 244752.6971305013
152677779.2707729340 111265.3993083015
155227693.0679188371 147939.1164713129
172369145.8486888111 325243.7289428711
153826987.1075218916 130138.9624306336
161963129.2328178883 230898.3689734191
161881913.6266784668 230762.9695975035
171349592.5559981763 314432.9460315704
171704179.8835009336 317204.3917078972
175277254.8650158942 347015.1322631836
175986495.1496980488 350779.1665039062
176601723.3730618060 352938.3796386719
176677474.1637070179 353490.0727539062
151463166.0795416832 53065.8968657739
163888765.0687861145 248991.1470816731
171932547.4865611792 321693.3666381836
174992224.5960686803 344828.8436279297
175036570.5183208883 345239.8670654297
162507210.6223016679 237283.4810922593
174864280.1374000311 344515.2479248047
176136742.9143877327 351837.4470214844
153676849.6288446784 128546.1293257996
164223227.9490591288 253799.4907698035
164536501.9989152551 254755.8947824836
163195979.7058005035 244016.0051336884
162827293.8023783267 240139.6931283921
172482896.2299452126 326041.7412719727
176524986.8025245965 352839.5629882812
171712482.2447813451 317928.3034815788
174819224.7588276565 344171.6506958008
175153495.0862098038 345240.5548095703
164295938.3718825579 254034.3076242805
172205207.8869822025 323940.7118225098
171773450.8192572892 320470.5607447624
151494240.5893836617 63843.0701913126
172405180.2740654647 325676.8381958008
162908230.3876188099 241204.1238469929
175365927.3839976490 347776.0747070312
161525141.9871177673 226747.6724603176
151815560.1606312692 84435.5671964064
161226140.7151057720 224412.5041434020
162656542.2111313343 238243.5953290910
153965775.6727040410 132672.0873212740
161178494.3096981049 223221.4377981871
162464273.1767487824 237076.8000619859
163115342.9329791665 243333.3558665961
171382760.5823710561 317179.9510188103
171816623.6887139380 321172.1524963379
152215007.1926480234 102999.3847266212
175238121.2273313701 346883.9907226562
175649085.6083180904 349611.2639160156
158796241.4498825669 195528.5955659151
163538112.1203086674 246040.3582633138
155050764.0907694697 147938.9663190767
152131714.7237000167 99820.9679728523
161621995.3001002371 228074.2700125426
161435388.6040448248 226640.6585623473
161968146.4622943103 231993.5895926207
163987251.8759671152 251641.9544138312
161408219.1658478677 225509.0187613219
175349978.4566908479 347578.1409912109
152283466.7170256674 103395.5166530386
172139602.0608221591 323533.8803100586
172010563.5341744721 322701.1126098633
153934706.5981316566 132068.1430707444
164161818.7247703969 252345.1406621486
159250106.9509184361 201992.1218808889
175741424.2275483310 350434.3530273438
151847844.5000929236 87338.5634108484
162356422.0454533100 234500.7988146394
163221502.5960288346 244062.0249503255
172777778.6724230349 328443.5382080078
159318885.0590204000 202691.2064532042
162358139.3460892439 235109.3489309996
162041801.5912574232 232559.7636648864
159460771.9863401651 202817.8052865863
158921953.0774905682 198572.9011167288
153044333.8427276015 117269.4722705856
153721271.5183137059 129079.5444618836
153317469.1738089323 122788.7754932418
153493818.4857267141 126016.6513954774
171862331.3723394573 321437.0228576660
151518885.1409777999 64000.0073920921
154851934.3194605708 144577.5598511994
176026315.5584573448 351156.7766113281
172128864.1487185359 322988.3021850586
151719174.0275965035 83216.2523756921
153210749.6847607493 121391.7833057418
151534924.2408420444 64570.5280728154
164185187.9560581744 253399.3024229407
151648186.2169892192 75599.6277108658
172236048.9308724701 324810.6564331055
172661268.8158818185 327701.1962890625
164551077.3821071982 256655.7028059363
173462388.2585846484 333520.9246826172
172695305.0737232268 328229.8771972656
172649630.7401120961 327601.8195800781
176374927.4980674088 352512.0632324219
162129694.2346155643 233619.1816336364
153611081.7489857078 127023.7533124015
162045794.9508778155 232916.0913626403
157874588.8554869890 184669.6806305642
172838363.8269958794 329090.0260009766
164916118.5266094804 258905.4020207524
153192273.2251856327 120400.0945057645
151481087.2692472935 60373.9068423938
158519821.5070527792 193394.9664300079
154449799.0155274868 138893.9641909525
159388503.9478411674 202699.7465716600
165001960.6167008877 259274.9756839871
165088532.6789398491 261071.7697513700
172615313.6434372365 327038.8108520508
159399862.7729681432 202713.5625651777
161710001.8151623607 229496.8705984801
153888247.6237321496 131252.3946457878
162567806.5635235310 237779.8903329819
173605197.1801215112 334008.3939208984
176077894.6641406715 351157.5017089844
153884008.4219425917 130853.5980910435
153856315.5832476616 130749.8829109557
173163793.0468213260 331334.6360473633
152361645.3096482158 105501.2258960381
173002455.6202393174 330458.0316162109
172567421.7727276981 326809.2854309082
153565513.2967577577 126627.5265560523
173354405.4778271317 332288.7752075195
152946995.2627344728 116763.0818667784
153396432.0162383318 124055.4476986304
153490753.1832292080 125006.0307900086
152314259.9073619246 104265.4837256446
158694708.9209552407 195031.9091725945
158394329.9271959066 190909.5981374383
162409061.2057384551 235978.9844290465
173934640.6345046163 334519.4515991211
151967442.2320732772 94527.1414342746
153039448.9464047551 116837.1289940253
152960345.3136718869 116797.2304630652
165438071.9817378223 263917.5634525418
152042091.3770515025 95676.9096572399
151524903.2314655781 64440.3016084097
152493250.8718723655 108003.9749170393
151643841.9291533232 74733.5007541813
163321790.9961107373 244582.4466155022
152762317.0409871936 112622.2279606238
159015898.3935437202 199186.5632976890
158009399.3997452259 186256.6136330361
153159604.8228637576 120381.1627002731
165411513.4682247043 263397.2867191434
151612577.1126031280 72527.4744675010
165677036.5126817822 266623.2586340308
165604360.6924839020 265400.7618167996
152915870.2703350782 116259.7729435340
165265409.1188761294 262533.3562076688
151865581.4182281196 90518.5851388797
164777288.0011373162 258332.6091831326
154710805.1541463137 142299.2490182444
164900849.2878105938 258580.1633365750
172944428.3298903108 329694.3883666992
165666410.6246335506 265757.0895145535
152241724.3200488687 103144.4118734971
165182796.4003320038 262337.8687503934
165108872.1704302132 261332.5676334500
164694859.0314597785 257913.3468692899
173663944.6426082850 334220.8496093750
154796402.1552706957 143850.0994176790
161008490.7775014341 221252.2485281676
151501953.7201512456 64000.0015185885
153051915.8949612975 117772.9506035820
163357659.4164439738 244616.7798369378
174438210.0053260922 339158.9052429199
152844336.1590350866 113849.7567117587
152422938.9052058458 107439.9013238400
154731960.7198870778 143002.3392892405
170969998.2637352645 311521.1787252426
152059878.5765901506 98898.4662028328
152006706.2777774036 95583.1854811609
163495466.5693479776 244848.2598784417
152237040.2697669864 103020.7937277630
158398865.3960543871 191221.2244177163
154444464.4391614795 138880.0282540843
163596487.6920626462 247513.7327517718
152337308.1973953247 104274.3717700616
154438554.3123976588 138326.0967239514
174140403.3430621624 336488.5441894531
161160884.6690314710 222311.6664969176
152155612.3865431845 99960.9217387214
152437316.6105458736 107517.8276881948
173981486.3441361785 335037.9041137695
152219163.1941590905 103020.7772379890
154564395.0238696337 139698.3499474451
151695260.1495562196 79609.4241559803
161336513.4864913225 225374.5595633239
161870970.4978262186 230691.6879431456
170683017.2621385157 309014.8320245743
174238002.5649740100 337771.2119140625
171158840.6210844517 314063.7950582504
151792927.7468748689 84157.4654962122
171255275.3010820448 314073.5557699203
151582996.0047674775 71667.0656624250
154228725.2616935968 135074.7003046274
158708023.7308474183 195158.6931024194
151552389.6921343207 68122.3125537448
154230156.6835494637 135179.8034815714
173742744.7188954949 334367.9877929688
153085215.8877015114 118018.5941684693
161868601.4352770150 230565.0869681090
151577872.9164573550 71591.4759026635
161755232.9762848914 229703.5516287535
163960985.1195703745 250140.6866526008
156272684.2075929046 162755.2326453924
163243924.2465587556 244092.3820078820
155817343.3167922497 155558.5651699249
154188272.1631714702 134777.8872539327
156289692.5821021795 163055.4239965677
174188525.7294366956 337640.0703735352
156227055.5695637465 162643.9560469911
156116069.9979025126 160355.5048671905
155928124.9112177491 158621.4582363311
159809967.6267322898 206893.0829845220
159726509.4884782434 205351.4115159661
159740929.6424623132 205693.5434225053
173983331.1310939193 335564.2245025635
159559675.9905417562 203202.5990865678
155615048.2341160178 152131.6152201239
155504032.1946820021 151780.3013773505
174009648.3776779771 335785.7797851562
174344403.3151621819 338552.5165405273
155665343.9927316308 154499.8672687653
163028366.0040523410 241448.3106624931
155716093.2894553542 154811.1731434464
151678315.9811220169 75951.4551199973
155494725.7700849771 150810.2578592841
155348750.2147768736 150377.2073832098
152914128.2994278073 114729.0205685869
174707642.7652263045 340813.1078491211
151652640.7248032689 75931.9872035086
155415808.5000903606 150751.6226593796
162758350.9742370844 238626.7131616324
157686475.7456998825 181340.0997627969
151698979.5885976553 80035.1544610560
158636040.8737760782 194373.9755990952
155390249.6136687994 150377.2132567135
157907158.9698271751 184793.0953835244
174706970.2582238019 340266.6397094727
157957261.5028521419 185852.5133522744
157726939.9898950458 181731.4470380540
151908389.9148148000 90893.3245539293
157830094.6570968032 182757.5505873109
151766944.3699623942 83703.0539948791
158100816.0787004232 187395.4525278062
157940985.6096170545 185303.8902971596
157595511.0161699057 180757.0205788016
157165687.6680701971 173281.7480295300
157285728.4321521521 176528.1068876386
157453156.4983642101 177794.2058866620
157449853.2613632679 177035.7097013593
166840098.3311966062 271472.5881142616
166899082.8438573182 271489.9261503220
166952542.6147683263 273042.5593173504
166357979.4758801162 268476.0842213631
166539852.9082230330 269752.5027260780
166382742.8793980777 268830.0009560585
166703195.8496471643 270906.9850869179
157404712.6212776303 176529.0281660557
166308254.9496968389 267254.7143341303
151928273.3952917457 91019.5288670436
160640293.6173267365 214322.7465071082
160553800.8486330509 213804.1682991982
160821012.4975276291 215382.1644758582
159994999.5989961326 207322.7602573633
160468898.6482718289 211601.7379184961
160548203.7011726797 212767.0756870508
160277696.9259716570 210374.4570957422
160195079.4249321818 209698.4963432550
160145373.1540167034 209683.7849155664
156906380.3693893552 163337.8515878916
157093019.1103233695 164217.7917840481
157009692.3955059648 163957.4224437475
157142076.8721084595 166942.9465563893
157163353.4275189042 167261.8525084844
156877407.0399445891 163292.1368951797
170292798.1116294265 275623.7346109152
170545750.0901190042 276846.7532571554
170155658.4378482997 273904.0875239372
170391124.2942378819 276534.3007959127
169936007.9214489460 273471.4077295065
