202309879.0330732167 12439.3005523682
202599329.0376738310 12453.2182922363
190830111.0674027205 10307.7610126125
202323552.3786825240 12450.8041305542
201668335.1728772819 12399.2669525146
185654595.9177541733 6669.3502390604
185624661.2189984918 6662.9028084576
186318520.4089662731 7582.6709293855
190945659.6235109866 10411.6116858112
190914525.2150649726 10336.0787542449
193122918.5343125463 11045.4566874746
192735606.1249602437 10992.7637875471
199456086.4810298085 12216.8119454384
198833178.4464141726 12128.7379727364
199515172.8197237253 12224.8774757385
200052669.1822203398 12277.6481399536
201955821.0857565701 12433.0044555664
203868905.5938628316 12457.0160884857
187015038.5773392022 8226.4288338795
187117708.5027113855 8312.0027476922
192892882.8156896830 11003.4930749182
199302108.6334879994 12197.3816909790
199439183.7840307951 12209.7396736145
199539339.9582558870 12258.2604522705
199465389.3672291040 12220.0965042114
185727590.4316996634 6971.9960846152
187325502.6015483141 8320.1342201084
186879990.0038614571 8199.3356181756
190972170.5974279344 10422.8680475341
192326993.0473461747 10831.8944743071
193316689.5345468521 11083.6038426254
194108974.4663643241 11210.4319482089
199610780.7027174234 12266.9379882812
198760427.2212989330 12125.9221959114
199019906.1239297986 12150.6608185768
198714883.1533079147 12100.0062661171
199049111.0954868197 12171.9895539284
201323945.6463419199 12326.5004081726
193001588.1366966367 11027.9844080005
201509580.7045653164 12370.7448959351
186848685.2056927681 8107.7414334491
186810245.0968505740 8097.5654712990
191549351.3556835949 10605.0841856493
191150550.0892244279 10492.9716241943
192726109.5310298204 10948.1589587126
192474464.9864310622 10918.7791827116
198648364.9036899209 12073.4504508972
199065514.0537782311 12188.4589676857
201782212.6886797547 12422.4401626587
204035173.1674544811 12480.2821807861
185657921.3757446408 6862.8993787985
185594565.1414872110 6657.9122370403
186321303.4569522738 7593.9403185380
186980472.3094802201 8209.8649884783
186650398.6735174954 7970.9715591148
192551742.9671092629 10924.7326531205
193216044.5013772845 11070.5408442412
205004355.4270735979 12512.6656723022
204503225.0087070465 12511.9916992188
200602985.6403663158 12293.5799980164
186327240.1612786651 7622.3352828116
186333737.2790490985 7678.8663886425
194180369.9070653915 11215.6560435146
200592747.1437419653 12292.6459884644
204435928.6029386222 12496.4107437134
185717037.9324135482 6962.4831222022
186346477.6114426851 7679.0041626483
186835746.7382822037 8098.9376271442
191756882.8192503154 10675.8767156737
192344428.7405723929 10836.9482317944
193870052.7978659868 11204.7438957933
194341373.1511493027 11253.4323632400
200531338.4061208367 12277.9382286072
204450472.0198767781 12511.3012924194
205289606.1743423641 12514.6672744751
185677004.7912429571 6871.5173018897
185803100.1214272976 7088.7388682903
186187896.4134617150 7569.1505398286
186877816.2279485166 8149.8818635121
187296712.8475810885 8312.3732127938
191220471.6350061595 10520.4418314086
191575810.8454649746 10634.5797262328
193535863.2296339273 11119.6422901843
193718950.7525669336 11177.1285701040
204292369.6751453578 12493.0203857422
186709567.0902234018 8043.0662212559
186927798.3625605106 8200.1192329749
186749892.0044222176 8090.8811391070
185948070.6050303280 7276.6527736900
185961509.4054195285 7335.2127747103
186127690.9540333450 7499.2549049334
186483331.2632940412 7746.9323132634
186667144.2055710256 7981.4209950641
191372544.8649084270 10550.3160912693
191546092.9390985668 10596.8430052294
193991497.9736670852 11206.8784255905
186565460.6528484523 7906.9004021659
191099389.7497731745 10431.7562158691
191501911.9790926874 10575.4095686065
205329394.8336992860 12518.3678665161
185780360.8156176209 7078.9389753880
185919945.5831958652 7272.7651232016
191639622.2426379621 10637.4127455248
191410180.4187478125 10552.6160603004
191345764.4903371036 10546.1173648351
192952540.1415531635 11009.1547387034
194185651.4342968464 11217.1903033108
201406375.6931459606 12346.8236503601
193577708.8542384505 11144.8333087210
193359416.3341561854 11091.9396736622
185992112.8629025221 7337.1315981579
191215047.5014495552 10513.1338642428
191235600.6031524241 10525.3001840698
193185031.7916610837 11066.0834477339
193522456.4232377410 11109.2043499891
191680120.2115650475 10638.7978415830
192647867.7921103239 10936.8972218428
193482584.1008859277 11103.9340441618
186062179.3198348582 7393.3248717320
191111672.0171872675 10438.5167908115
192714898.8168789744 10940.1595160514
193140971.7646689415 11057.0204546843
192471725.7793488503 10874.3119109068
185727666.1146361232 6986.5445566715
185764368.2715433836 7037.1968831663
192728665.1604799628 10964.4430239592
185846387.7834187150 7161.6551149619
191473463.0471516550 10567.4074151559
192201267.6064262986 10811.3294871245
186004185.4311286509 7380.6109356416
186034175.1284841597 7380.8036478889
186563037.7673684657 7822.6481703594
186053524.1404702961 7380.8377964926
185900914.4995028973 7271.1152590049
186594448.3624872863 7918.5473803356
191913790.5810986161 10681.7560212081
185844766.5965204537 7161.0152233364
185861099.1426458359 7207.2186229946
186076735.6322047710 7399.1246643919
191312496.7331064641 10529.5612447305
192434710.3205858469 10863.8604692090
191502916.9668225348 10593.4646081874
192393474.7212741375 10861.8047307518
186390584.5703262985 7696.1677307352
186629347.1489564478 7918.7509073038
186477733.1959747672 7699.0230723638
192066638.0412400961 10744.1315053490
192143960.0512886643 10793.6890476730
186516759.3333772123 7808.4832164068
186380169.3924682140 7690.0949082766
190779074.1956259906 10233.4518462289
192223349.3831816912 10812.1536305931
190781604.0685556233 10251.1986876596
192192279.4542910457 10808.2956975487
192311555.8103807867 10812.9809813891
190663545.3458129466 10159.8841261435
190706846.5024972558 10161.1485940982
204310960.9702205360 12495.1012191772
204239323.9144494832 12486.9317817688
205121112.2367390692 12513.2392730713
201080736.8065240085 12299.7182083130
201353084.7310592234 12344.1595420837
190747001.7460959852 10165.2321846057
190820609.7510974705 10266.3610899020
191969541.8126763403 10702.7175822338
192017766.3672659099 10721.5097527888
190775782.6681211591 10179.0630204398
204028285.8251506984 12464.0956039429
190565235.3238202631 9859.2445369922
190508380.7768068314 9849.9490143023
190626259.0888226330 9953.1538654529
190622560.9301203787 9862.1294005327
190354944.0930304229 9702.6340279691
190271440.1595087349 9688.1079049222
190255727.6797844470 9684.0501504056
190401461.6809413731 9800.2078118436
190370036.6477859318 9782.0172333829
190365991.3905172050 9702.9283981846
190222116.7204485536 9576.4199905918
189691496.7106567025 9175.1417212114
190193433.4856667519 9385.9410050565
189823577.5788843036 9284.2887780294
189763072.2600554824 9276.4808554277
189758341.3349062204 9245.0333302468
189729344.9928498268 9235.5591986626
190105654.4113376737 9374.7272174433
189923692.7508113980 9302.1759211663
189710992.8634934425 9207.7440368980
189880022.8966701031 9284.7905352265
189893181.2286674976 9295.8454993218
189899476.3099941611 9296.8556912616
189653339.0559406877 9118.2726328820
189985546.6009563208 9361.3632037285
189976001.7044198513 9303.0692161600
190113797.7333371341 9376.0970841701
189388715.6673429608 8866.6726643389
189634885.1289791167 8967.9342256247
189430350.2194122076 8892.8819289862
189365498.6826419830 8793.3070423661
189390983.1723131537 8886.8173232733
189648115.8208352923 8982.1518464743
189476946.6485228539 8896.3300204931
189579252.5868865252 8929.8344209849
189517696.3630375266 8917.2957721411
189634374.6623177528 8961.8326109799
189444761.1812762618 8894.9208245932
189517135.0853279233 8903.9817948996
189497177.3561850786 8898.9506402670
189169084.2237367928 8428.0111092882
189302606.6804700792 8564.2096887980
189315340.1145458221 8703.1929349809
189186185.2829730809 8504.2365351472
