197876288.7513058484 12361.4731254578
190610776.2528472245 10695.9301392742
191542977.9462180436 10911.7795877017
196532808.5578280985 12165.8603811860
197689534.2573700845 12322.1758232117
197106102.6389601827 12256.7525296211
198272167.1928010285 12391.9164848328
202560948.7204680145 12589.5334854126
202013317.4523229003 12562.0576362610
187473394.3127074242 9146.8767570237
187629194.8978834152 9229.8954577594
196615829.9147330821 12184.8350932598
202654134.5031060576 12633.8817138672
184687018.4339820445 6171.1512721817
187515383.1970790327 9226.5146212726
191656587.9610121548 10921.5620567061
196380649.6537494957 12127.2750578523
185541589.4353909194 7638.2248471297
187142645.0001680851 8922.4789195531
193766761.5184499025 11568.1393294875
197942308.9811576307 12373.0721778870
186231230.2607034445 8412.1721872903
190982566.1918965280 10784.1157620461
190686389.7319504917 10699.3105849929
196588702.3542677462 12181.0274496675
203245990.7167474926 12658.6808929443
184711376.6131447852 6173.8364197056
187215404.2190875113 9048.2683466006
196223263.3313687146 12104.3993559480
198086822.0072616935 12381.1758613586
184313182.0243118405 5076.5858961234
190348155.2829256952 10525.2512206372
190964377.9091876447 10769.9384209819
196424074.6647300422 12164.6633825898
196976406.9028607309 12249.8176107407
198460755.4305245578 12407.9036140442
203068146.4985411763 12640.3980636597
204706978.9889727831 12693.9523468018
186001957.0946433246 8227.9369177512
196844757.7295198739 12236.6580853462
204546413.3914749324 12692.9476928711
196823750.8117966950 12236.3253521919
204010691.8796386123 12682.8552398682
187152142.5296132863 9027.6241673211
190306099.7032134831 10500.1973270711
191169404.0491583049 10830.3735038497
197472128.9484217763 12306.1193938255
202600530.6906610727 12606.9174118042
187300652.3654155731 9116.6506599168
203893433.8700458407 12681.0217208862
191602998.6768881977 10913.3998386122
184716421.8579359651 6208.5600877221
204449870.8791717291 12687.2086639404
186295690.6812407076 8443.6810040694
187608659.7381590307 9227.2407045120
203121616.3927608132 12652.1775360107
197196616.7818748057 12261.6208200455
190255746.2362022102 10496.1944140869
190404604.6248656213 10531.0006713208
190446757.0274229944 10621.1909751233
191703026.6993771493 10963.4200137556
197727805.1238660514 12335.5587654114
197754119.1525606513 12338.7938270569
203068162.5708912313 12640.9776992798
184648675.6104274392 6102.0831239636
196803042.9730197191 12200.3296704292
197595095.0283935964 12315.0173788071
197813146.1824367046 12353.4460334778
187391815.4629543126 9135.1044768671
191297640.9733901918 10895.1204215743
191727434.0992396176 10981.7575076520
191867649.9535268843 11037.1713043004
202516139.9280675650 12576.9776668549
192048766.5579554141 11096.6386323720
197411575.5158709288 12299.9927206039
198976806.2293251753 12421.8504257202
203127872.9933045506 12657.2377090454
204017007.2648828030 12683.5131149292
186253247.0786730945 8425.2672003723
196936954.4842114449 12245.1534771919
185450562.7100632191 7394.4026670821
197801781.9377231896 12349.6746635437
197448873.7722829580 12302.4331731796
187438652.0758963525 9145.7411521653
196556356.8703270853 12176.7838101387
184391366.8152386546 5288.8066013406
197268757.2571345270 12294.5902013779
203839387.7684338689 12670.4006347656
184307697.1293012202 5012.4891024444
186064276.5629072189 8291.1915234245
197055671.9769623578 12252.2399568558
196916350.5413364768 12244.6778988838
185470376.3145386279 7490.2659540541
186108106.4619742036 8338.9159377934
187350598.9138407409 9128.3367020244
204506161.3815609515 12689.5990753174
184297387.9481261075 5012.4878781925
198855320.2067832351 12415.7947540283
198903293.2756594419 12420.7929458618
205713857.2260329127 12696.7979812622
186261360.1809543967 8442.2163126962
187214599.9360387623 9029.5205329637
184586768.6109317243 5857.2904701571
186158620.4215829074 8364.3976776497
187208058.6744498014 9027.8455814103
184591495.4296351671 5966.3270956318
192170782.9824670851 11126.5463138372
184355109.3594199717 5181.7110713243
184371699.4566469193 5278.7100820641
203641670.4310404062 12669.1564483643
191696589.8924766481 10960.9334139968
194789861.3999997377 11804.2115212679
184417595.8308161199 5379.1315987015
194855741.9607406855 11805.3391743898
186249826.6579447687 8419.7496326687
187286930.0192879140 9069.8717178086
187699946.7273406982 9234.7505356761
187372237.0609393716 9129.8456824998
184329814.8951974809 5179.3464572977
185672756.2205898166 7811.6902737810
186351652.0338681340 8454.2265341403
199121226.1102163792 12430.4335632324
190715824.6227975190 10711.8439343484
191868101.9726199210 11038.6895869672
204256130.4413835108 12686.1590499878
196357362.8475253582 12117.1896405220
190802984.8976054490 10719.3889329143
194563703.7615271211 11753.6454099957
194743842.8739999831 11792.8078125715
186377788.7789244354 8454.7048730449
199057832.4876208305 12428.3901519775
190764994.8036204875 10716.6684048684
204914099.8843489587 12694.5106887817
184433347.5427337885 5390.2519885672
184453921.7234506905 5390.5005085242
191755252.1112536490 11025.1691974103
194517901.4141594768 11734.3906919304
185534964.4296829104 7599.9902659423
196036596.8347156942 12049.0768523812
184400764.3513264656 5367.5832891387
184374046.4258956909 5280.9251948220
185696611.3165048659 7825.0555567063
190882695.6140761077 10747.9361130901
194664014.9306486249 11787.6195387188
186019189.0785429776 8244.9893682190
194292627.9041309059 11701.0584127251
196096217.7833143771 12066.9025569558
205553291.6285350323 12696.0439147949
186128843.5659770072 8349.2237866046
191752771.5464855134 10984.8070376813
191986420.8322669566 11065.6702960432
185486240.4768444896 7491.9563627608
186046776.7706563473 8248.2459944255
203563218.1099522114 12664.2614898682
185983528.5564385355 8227.2903069850
185452817.9691714644 7482.1203041442
205455017.9210606813 12695.1155090332
184609913.0869836509 5981.3415371674
191774849.6541014016 11028.9752734601
203504967.8179932535 12662.1866607666
195961742.6412338316 12035.7964320779
204939582.0737249255 12695.0266113281
195996940.7938479483 12043.7031202018
195694104.0328078270 11997.4671702981
195856771.6043232083 12030.1273112893
195406346.0226863921 11927.4242444634
195303454.4633804262 11921.1109095216
199179635.8283385634 12436.1858291626
193737503.2173876166 11546.0813222229
194395236.0136153102 11712.0949244648
195809987.9880949557 12026.6451259255
184459780.6076847315 5397.0506447300
185891655.3023642004 8128.8107716955
195291977.6476574540 11909.8268086258
195474339.8202336729 11934.0676952004
185515623.1508527398 7597.6532999493
187092226.6632532477 8920.0636821816
195596561.6458585560 11964.2975621819
185536870.2045355737 7601.3759622939
185949131.9899868667 8157.3643899403
185588762.1301908493 7702.5756163515
204293422.0164305270 12686.5683975220
195684625.3472398818 11982.8300891519
199053574.7143930793 12424.6805267334
198977164.2310444713 12423.6230468750
204367907.2177150249 12687.2059020996
195214117.9280667901 11881.7333434820
184646161.5333802700 6066.9059061672
191233379.3107549250 10836.7279268213
185467087.1770094037 7488.4652179695
195220176.6078721881 11890.6034644842
185616169.8375807703 7715.5598800696
185448857.2170137465 7388.0716424353
185491201.1325054467 7587.8555727370
191669715.0759010017 10950.3918653280
195014028.0737688541 11813.7561592404
184537949.1570362449 5770.4319576587
186258691.4622243047 8426.0725296434
194553162.9741809964 11747.3366529290
194608341.7577390671 11763.4737905804
185572878.0984090567 7697.3157167800
191390308.2392024100 10909.2970959381
185723890.5343366265 7827.8631758012
191707082.6969270408 10971.2902780324
184601401.8376474380 5966.5501960184
194272468.7471573353 11692.5369478464
185719136.1990542710 7825.4657921113
199935693.0551684201 12448.6422271729
199475410.0008169711 12447.6134185791
194257434.8913858533 11688.9837819878
194192668.1622117758 11680.6312352959
200008481.2650542259 12450.6243896484
184586393.7327797115 5852.9249988276
185691175.2568286955 7816.4841096881
199366917.7701045275 12441.2245788574
185605862.0952407420 7709.1377132453
194237580.5743641853 11680.8415395562
184562832.7705685198 5845.6669858809
199981319.7526723742 12449.8315124512
191274307.0314106047 10857.6212485887
191142195.6358102858 10823.4902738277
191058799.4951595366 10809.4120505907
185637885.1590798497 7753.6759768224
193655993.4703788757 11534.9044451062
185644696.4285477996 7811.4590900458
187932866.9517773390 9313.8786795792
187928206.5842210352 9304.4408632225
199318401.9163156748 12438.6010208130
185727754.2237097025 7920.9547666825
194084133.6620219350 11631.1336597744
185685224.3302162588 7813.4378428973
187959425.2768191695 9316.1922073717
193990180.4551486373 11615.4431412313
184477563.9162035882 5513.7583506586
184512337.4176936448 5519.0927118393
185798656.2368930578 8014.4987348832
184537140.7043087184 5636.7019825312
185738801.3260330856 7924.8791336931
185836824.5241192877 8022.4687523760
187771757.6716166139 9248.4457118286
184518265.0333983898 5613.5541177871
185838320.6700103581 8033.9646765210
187765321.4963645935 9247.6260283408
192840305.4338502288 11283.3250022978
187103471.3162590563 8920.7819677422
192932411.3169044256 11327.1551643461
193099238.2576360106 11379.2647567838
193415985.4710052311 11450.9621452931
193551234.4008131921 11504.7216019277
193589496.4184958041 11512.1801075581
193601745.1905436218 11513.3148449063
184945457.0428823829 6295.0698779175
193521959.3036464751 11492.3507335782
193332681.6316038072 11441.9151523709
185857629.3030354381 8051.7389857389
193116690.9406777918 11383.0711914152
185890843.0456652343 8115.0075773813
185003810.6388208568 6396.7814219124
193055481.5877261460 11335.8121078916
186952632.6153281629 8811.1309023033
187009836.7845464051 8847.7035459558
186978436.8425103426 8839.7362604270
185041400.8157882690 6412.2771643272
186910630.9786672592 8773.5640804694
192673514.1961030662 11223.4717434205
184983273.9095526636 6302.9675924243
192594060.8622530401 11211.9954108752
186473362.1134712100 8525.7515790276
186480146.5558855832 8533.2289695736
186872795.9862657487 8743.2403813800
192427367.9569415152 11156.5666633550
192393982.5551737845 11138.4761215154
184952103.1612700522 6296.5275196643
184932228.6629613042 6286.9143826576
184930788.4891242385 6272.9327584873
186458781.9983325303 8523.2449431416
186860257.1639910042 8742.2334767780
186897812.4811656177 8746.3531112870
200806192.8676727414 12452.0296630859
186554008.6295526028 8569.2392183721
186688795.8843171597 8648.6186210526
186653880.8794565201 8639.1862194738
186634237.0845661759 8638.9579771659
186437383.7425065935 8518.6447386738
186428412.0956020951 8471.8256759416
185235333.0501993299 6624.5912233430
185179185.1472168863 6507.3417821365
185233628.7849574387 6523.1105193729
190226311.0201986432 10161.8882488721
185231856.9256909192 6523.0592203374
190219757.3959016204 10158.6851906293
185304671.7358262241 6627.8724169965
185218150.0464320779 6513.4461424584
185395934.4330486059 6726.3538347716
185379857.6932086647 6725.6422076608
185341034.2491023540 6654.8444703913
190105654.4113376737 9374.7272174433
189985546.6009563208 9361.3632037285
190113797.7333371341 9376.0970841701
