190448659.8566929698 10605.3710095592
193888123.1814984977 11580.3823100869
196340752.4165561795 12125.5185627937
196351289.7817675471 12179.9348721504
196721827.7315272391 12212.2382168770
191348986.2466027737 10898.6410626926
193983961.4738541245 11597.9076167885
196668119.6925392151 12197.1833453178
196744781.2313719988 12248.3307003975
186009200.4007371664 8241.6322135247
191451584.8607850075 10904.5261449374
195536211.7880319357 11938.2376720905
198893324.9137333632 12424.2671661377
202911651.7118804455 12651.3687820435
203490667.9909715652 12670.6386795044
205165209.0152854621 12699.0277709961
186069443.8937542737 8302.7879894890
187706518.2110072374 9295.6549929006
190860788.5752869546 10775.9774512059
191612180.9582490921 10956.4817018069
185908124.9708756208 8129.5454863526
187498659.5874046683 9174.9636397509
191677734.8317565918 10974.2126728921
202469301.9906491637 12612.0172729492
202917967.0971246362 12652.0266571045
205494721.1500349045 12702.1194152832
195602894.5159220099 11999.8828423023
198127294.4108690321 12393.6009979248
196000252.9845102429 12064.5693924427
204004465.4287074208 12686.5242004395
184383674.8902003765 5295.4061211969
187632048.5768103004 9232.0543642192
191743262.7730251551 10991.2234353423
195588251.3648444414 11973.1344215870
186346741.9234293103 8454.2265341403
190716129.0047125816 10719.3873510435
190529235.2997781038 10696.5137650676
187433875.6552090943 9145.1838607936
186039473.4125874043 8247.7632992389
190018064.5797809362 10429.9305281852
189967753.3841655850 10364.8574347708
187635555.9521061778 9246.6930397226
197094500.4791464806 12270.5967192650
197579296.3736355305 12336.1569700241
198279181.7446778417 12410.8043975830
195857783.0019166470 12040.2511923313
190161051.4039505720 10485.1198590014
184707469.0536253750 6209.1317915435
190343026.0345956683 10589.7257086940
187103013.0680507421 8936.5313557366
197995149.0341669917 12382.1582107544
202874087.4001452923 12636.9639663696
184762060.6737480164 6403.0572769831
187007743.7654801607 8922.4483669976
190770528.8511496782 10740.0005108778
195585345.1754327714 11964.7379906178
195724573.9880779386 12027.8887363076
196199954.3268123865 12101.8390917778
187927432.5261197984 9349.3929176773
187793206.5526098609 9339.6147563438
205005536.2348909676 12695.4128417969
184722914.7102904618 6293.6884953420
187139760.5147627890 9029.1087864617
187849987.2682635188 9339.6153445392
187866834.6556035578 9348.9282524733
202275795.7099111676 12599.6954727173
189983424.5616916418 10367.2532210562
190101034.0176455975 10466.6058306906
195282696.0511430502 11919.1976256222
202626420.8620359302 12633.4824981689
190959502.5926186442 10806.4542849904
191165455.0835746527 10862.4595393781
187731259.8392672837 9314.1190639267
196522414.2076692581 12195.2500333786
191038654.2098460197 10845.0189923801
203213397.9268103838 12658.8562622070
186098676.6370669603 8320.7640777297
186307215.6479462981 8443.0713528313
190467226.1890376806 10635.5788340278
191016779.5793599486 10810.8546704807
195417338.8863004148 11936.2402927876
184272715.8059842885 4879.5858333807
195646000.9264929295 12022.4990074635
196287904.1967806220 12104.9515614510
190757233.6917934418 10719.7809877221
184287780.3402583897 4991.2059384834
189992461.3766775131 10379.6075606559
190909675.9651901126 10777.9702817749
184321983.5609868467 5098.3727711688
184362561.2889645100 5265.7252597172
189900360.9907865524 10354.0091328833
191036927.2509749532 10822.1284052588
196214419.7915692925 12103.0067136288
184827667.9166363776 6520.6726427565
190037680.8451142311 10460.7971892569
197187763.6856021881 12290.3846845627
184362662.3973782957 5288.8066013406
190528378.2650046349 10639.8251163520
193411545.6264867187 11488.4475019286
190913901.3548142910 10806.0896558322
197507880.9091418386 12325.7773046494
197863735.1679875553 12368.7588081360
190244841.1196148396 10541.8526362989
187136798.4059422016 9018.3332661370
187650440.2460001707 9292.1243016868
196833601.8330188394 12249.4066205025
198131992.1530500948 12398.0532913208
198601115.4541980326 12420.4743728638
184861812.5072922707 6538.7861338894
184754025.5774165392 6402.9641061018
196975097.6417386830 12265.1703457832
197377392.6586911082 12319.3173246384
196876299.1801418066 12260.7140226364
184811584.5334839821 6430.8448047917
204850674.2559456527 12694.7753372192
184341071.9388519228 5192.5884968208
184984034.5090498626 6547.9742845510
193521017.5369744897 11495.7979316749
184765457.7072746158 6421.0464070181
185860617.4159850776 8059.9972052045
186234339.1490021646 8428.1483692743
202860132.3430420160 12636.9266662598
187513016.6453432441 9230.1552004962
184312031.9255619645 5089.6556667041
197310487.7436686158 12303.4956769943
203800738.9375150204 12675.4369735718
196682303.8373403549 12205.2761540413
187062372.0938948095 8923.7734941224
203158540.8494076133 12657.5323333740
184731457.0015690923 6326.4687189202
184815327.4222256541 6438.8613231446
187373197.5511794090 9139.3533326218
184716730.4067070484 6234.0894844564
184745636.9777974784 6331.6632683309
187103863.0185385346 8937.4163857967
193639138.3774934411 11514.6101943795
202619922.7382959723 12622.1452255249
184638903.9271364510 6110.9132211621
186131796.5536374450 8350.7567724801
184707865.4141683877 6218.6294347759
184673454.5263481438 6208.4669168408
190693332.9487663805 10712.8104718240
190857922.6856254637 10753.7103173442
198495745.0498074591 12415.4949073792
198585741.9026645124 12416.2161445618
184283613.3912715912 4988.9126271259
185462674.5415384173 7491.9563627608
198473093.0784473121 12415.3172264099
196023412.7979228795 12074.3424628377
187786101.7155542672 9335.9747653155
202013317.4523229003 12562.0576362610
202654134.5031060576 12633.8817138672
185541589.4353909194 7638.2248471297
193766761.5184499025 11568.1393294875
197942308.9811576307 12373.0721778870
186231230.2607034445 8412.1721872903
187215404.2190875113 9048.2683466006
196223263.3313687146 12104.3993559480
204706978.9889727831 12693.9523468018
204546413.3914749324 12692.9476928711
187300652.3654155731 9116.6506599168
203893433.8700458407 12681.0217208862
204449870.8791717291 12687.2086639404
203121616.3927608132 12652.1775360107
197754119.1525606513 12338.7938270569
191297640.9733901918 10895.1204215743
191727434.0992396176 10981.7575076520
191867649.9535268843 11037.1713043004
192048766.5579554141 11096.6386323720
203127872.9933045506 12657.2377090454
185450562.7100632191 7394.4026670821
197801781.9377231896 12349.6746635437
197268757.2571345270 12294.5902013779
184307697.1293012202 5012.4891024444
186064276.5629072189 8291.1915234245
186108106.4619742036 8338.9159377934
187350598.9138407409 9128.3367020244
204506161.3815609515 12689.5990753174
184297387.9481261075 5012.4878781925
186261360.1809543967 8442.2163126962
184586768.6109317243 5857.2904701571
186158620.4215829074 8364.3976776497
184591495.4296351671 5966.3270956318
192170782.9824670851 11126.5463138372
194789861.3999997377 11804.2115212679
184417595.8308161199 5379.1315987015
194855741.9607406855 11805.3391743898
187286930.0192879140 9069.8717178086
187372237.0609393716 9129.8456824998
184329814.8951974809 5179.3464572977
199121226.1102163792 12430.4335632324
191868101.9726199210 11038.6895869672
194563703.7615271211 11753.6454099957
194743842.8739999831 11792.8078125715
186377788.7789244354 8454.7048730449
199057832.4876208305 12428.3901519775
184433347.5427337885 5390.2519885672
184453921.7234506905 5390.5005085242
191755252.1112536490 11025.1691974103
194517901.4141594768 11734.3906919304
185534964.4296829104 7599.9902659423
184400764.3513264656 5367.5832891387
194664014.9306486249 11787.6195387188
186019189.0785429776 8244.9893682190
194292627.9041309059 11701.0584127251
186128843.5659770072 8349.2237866046
191986420.8322669566 11065.6702960432
186046776.7706563473 8248.2459944255
185452817.9691714644 7482.1203041442
184609913.0869836509 5981.3415371674
191774849.6541014016 11028.9752734601
204939582.0737249255 12695.0266113281
195996940.7938479483 12043.7031202018
195406346.0226863921 11927.4242444634
195303454.4633804262 11921.1109095216
199179635.8283385634 12436.1858291626
194395236.0136153102 11712.0949244648
184459780.6076847315 5397.0506447300
185891655.3023642004 8128.8107716955
185515623.1508527398 7597.6532999493
185536870.2045355737 7601.3759622939
185949131.9899868667 8157.3643899403
185588762.1301908493 7702.5756163515
204293422.0164305270 12686.5683975220
199053574.7143930793 12424.6805267334
204367907.2177150249 12687.2059020996
195214117.9280667901 11881.7333434820
195220176.6078721881 11890.6034644842
185616169.8375807703 7715.5598800696
185448857.2170137465 7388.0716424353
185491201.1325054467 7587.8555727370
195014028.0737688541 11813.7561592404
184537949.1570362449 5770.4319576587
194553162.9741809964 11747.3366529290
194608341.7577390671 11763.4737905804
185572878.0984090567 7697.3157167800
184601401.8376474380 5966.5501960184
194272468.7471573353 11692.5369478464
185719136.1990542710 7825.4657921113
199935693.0551684201 12448.6422271729
199475410.0008169711 12447.6134185791
194257434.8913858533 11688.9837819878
194192668.1622117758 11680.6312352959
200008481.2650542259 12450.6243896484
184586393.7327797115 5852.9249988276
199366917.7701045275 12441.2245788574
185605862.0952407420 7709.1377132453
194237580.5743641853 11680.8415395562
184562832.7705685198 5845.6669858809
199981319.7526723742 12449.8315124512
185637885.1590798497 7753.6759768224
193655993.4703788757 11534.9044451062
185644696.4285477996 7811.4590900458
199318401.9163156748 12438.6010208130
185727754.2237097025 7920.9547666825
194084133.6620219350 11631.1336597744
184477563.9162035882 5513.7583506586
184512337.4176936448 5519.0927118393
185798656.2368930578 8014.4987348832
184537140.7043087184 5636.7019825312
185738801.3260330856 7924.8791336931
185836824.5241192877 8022.4687523760
184518265.0333983898 5613.5541177871
185838320.6700103581 8033.9646765210
192840305.4338502288 11283.3250022978
192932411.3169044256 11327.1551643461
193099238.2576360106 11379.2647567838
193551234.4008131921 11504.7216019277
193589496.4184958041 11512.1801075581
193601745.1905436218 11513.3148449063
193332681.6316038072 11441.9151523709
185857629.3030354381 8051.7389857389
193116690.9406777918 11383.0711914152
185890843.0456652343 8115.0075773813
193055481.5877261460 11335.8121078916
186952632.6153281629 8811.1309023033
186978436.8425103426 8839.7362604270
186910630.9786672592 8773.5640804694
192673514.1961030662 11223.4717434205
192594060.8622530401 11211.9954108752
186473362.1134712100 8525.7515790276
186480146.5558855832 8533.2289695736
186872795.9862657487 8743.2403813800
192427367.9569415152 11156.5666633550
192393982.5551737845 11138.4761215154
186458781.9983325303 8523.2449431416
186860257.1639910042 8742.2334767780
186897812.4811656177 8746.3531112870
200806192.8676727414 12452.0296630859
186554008.6295526028 8569.2392183721
186688795.8843171597 8648.6186210526
186653880.8794565201 8639.1862194738
186634237.0845661759 8638.9579771659
186437383.7425065935 8518.6447386738
186428412.0956020951 8471.8256759416
185235333.0501993299 6624.5912233430
185304671.7358262241 6627.8724169965
185395934.4330486059 6726.3538347716
185379857.6932086647 6725.6422076608
185341034.2491023540 6654.8444703913
