196250520.3103431165 12088.2581923604
196096217.7833143771 12066.9025569558
203398480.9120551646 12642.7578353882
205553291.6285350323 12696.0439147949
184384255.4408271611 5173.6416262531
190662898.4458868206 10667.6080796428
192117965.2589029372 11076.2883452917
203977279.3370916843 12679.1218719482
203448099.2134167552 12647.0051879883
186128843.5659770072 8349.2237866046
190996606.9076162279 10759.6260388406
191752771.5464855134 10984.8070376813
191986420.8322669566 11065.6702960432
192154913.8490837514 11089.0594447553
202987303.0499092042 12615.6191825867
196804398.8350078762 12164.6445059776
196788950.3037641943 12162.5161719322
185486240.4768444896 7491.9563627608
186046776.7706563473 8248.2459944255
194271266.0336728692 11691.3361455742
198710141.9971889257 12394.4568710327
203563218.1099522114 12664.2614898682
192151452.0032572448 11081.3795706332
196944630.3412381709 12179.1513915062
185983528.5564385355 8227.2903069850
194698045.5248426199 11773.2086660210
198409508.0515681505 12353.6470642090
197342395.9578884542 12229.1578941345
184715973.6544545591 6084.0884235467
187520846.7676575482 9141.4305911137
198469396.6530353427 12357.0143356323
198349403.9501388669 12347.8381977081
204575536.7641763389 12691.4844970703
187361738.7945711613 9078.8591729234
195482554.1737273633 11951.5866747499
202879604.6618266404 12579.8423843384
190568775.4179180562 10641.3155076213
196524265.1205935180 12113.3800063133
185452817.9691714644 7482.1203041442
187390895.0682590902 9087.9122834779
205455017.9210606813 12695.1155090332
192354674.7566945851 11131.5817340314
185942729.5602315664 8135.7336539246
195638866.1260437667 11971.1568446755
184364266.0234019160 5087.9123533440
184609913.0869836509 5981.3415371674
192220126.4800728858 11121.5527041852
197037714.4157950580 12200.4946098328
191774849.6541014016 11028.9752734601
203504967.8179932535 12662.1866607666
203158907.6730888188 12641.2001876831
186059763.9122166932 8248.9943200864
191639003.5843978822 10944.7139380872
194342401.2067329884 11696.9953023735
195961742.6412338316 12035.7964320779
195113059.8070023358 11845.8985357881
197327263.5268495381 12210.4397468567
204939582.0737249255 12695.0266113281
184346784.9457394183 5085.1197582108
185477215.1927510202 7488.4859638887
190328363.2262616456 10486.1183963873
196687947.6621194184 12157.8359503746
203413428.6318392158 12644.0976181030
196850735.8286117613 12165.9894690514
184387403.6532275975 5266.7746187442
195996940.7938479483 12043.7031202018
195694104.0328078270 11997.4671702981
195856771.6043232083 12030.1273112893
203984860.2674273849 12680.1789703369
204513067.1040685177 12688.1826782227
204577667.5445866287 12692.9476928711
203679165.6899532378 12665.8679962158
184737539.6176182926 6178.7300760414
190443181.1231214106 10535.0821138479
195406346.0226863921 11927.4242444634
186162997.1970108151 8359.9553812267
196851475.9857665002 12175.0674185753
195912514.5974179208 12034.9976726174
195303454.4633804262 11921.1109095216
196634943.1315270364 12154.1636252403
199179635.8283385634 12436.1858291626
184778730.3512136340 6179.1546199950
198500059.5858757496 12361.9882698059
190632838.5467756689 10656.4618781664
190460209.3935457766 10581.3248878576
193737503.2173876166 11546.0813222229
194395236.0136153102 11712.0949244648
195809987.9880949557 12026.6451259255
184459780.6076847315 5397.0506447300
185891655.3023642004 8128.8107716955
195291977.6476574540 11909.8268086258
195474339.8202336729 11934.0676952004
196470749.4327912629 12106.0931782722
196502149.2141456306 12110.0802540779
185515623.1508527398 7597.6532999493
190837869.7903588712 10717.4907306738
184422609.9160891771 5367.0877769434
184763425.9294258654 6178.9451160371
190783190.9174459577 10715.0386375047
195892265.1625829041 12031.2696757913
198958194.3002613783 12422.4656219482
203136837.1421574652 12616.9638977051
187092226.6632532477 8920.0636821816
195596561.6458585560 11964.2975621819
185536870.2045355737 7601.3759622939
185949131.9899868667 8157.3643899403
190836115.8265932500 10716.1025358297
203449373.4267425537 12653.4407196045
190759610.3648364842 10710.1099723436
185588762.1301908493 7702.5756163515
204293422.0164305270 12686.5683975220
195684625.3472398818 11982.8300891519
184453228.5012563467 5385.6489442392
187238284.6073424816 9015.3877755235
199053574.7143930793 12424.6805267334
194597227.5096221566 11748.1372920815
190853955.7415502965 10737.3589712240
191773229.3605317771 11006.0869146883
198977164.2310444713 12423.6230468750
204031631.8276417553 12680.4172592163
203932652.5840872824 12666.4814376831
191738852.4343995154 10981.3390353620
184444969.3940005004 5380.1896674885
204367907.2177150249 12687.2059020996
184446052.5156234503 5380.2755389912
195214117.9280667901 11881.7333434820
191173976.3734994829 10828.8568283029
184795747.8247047365 6186.9412215431
184646161.5333802700 6066.9059061672
191233379.3107549250 10836.7279268213
185467087.1770094037 7488.4652179695
195220176.6078721881 11890.6034644842
185616169.8375807703 7715.5598800696
184660762.2234547436 6076.0103400613
191358724.7637795806 10878.0346890396
185448857.2170137465 7388.0716424353
191228410.2254266441 10835.5723914565
186245095.6751554012 8391.0109180953
185491201.1325054467 7587.8555727370
191669715.0759010017 10950.3918653280
198318043.5003729463 12292.0217247009
195014028.0737688541 11813.7561592404
184537949.1570362449 5770.4319576587
186258691.4622243047 8426.0725296434
194553162.9741809964 11747.3366529290
194608341.7577390671 11763.4737905804
184395524.8546471298 5287.5898177875
184596681.1007996798 5878.5385644178
185572878.0984090567 7697.3157167800
191390308.2392024100 10909.2970959381
198113976.1990516782 12283.8768939972
191549052.0437106788 10932.5917666852
203942701.7121494114 12673.4343948364
184724976.6918446720 6108.9425015564
185723890.5343366265 7827.8631758012
191707082.6969270408 10971.2902780324
187448919.4841485918 9093.0723916123
184601401.8376474380 5966.5501960184
194883211.4844960570 11792.7943786923
194272468.7471573353 11692.5369478464
185719136.1990542710 7825.4657921113
194303673.9759203792 11696.2133430783
199935693.0551684201 12448.6422271729
199475410.0008169711 12447.6134185791
194257434.8913858533 11688.9837819878
194192668.1622117758 11680.6312352959
200008481.2650542259 12450.6243896484
184367642.5208302140 5170.9695385837
184586393.7327797115 5852.9249988276
185691175.2568286955 7816.4841096881
199366917.7701045275 12441.2245788574
185605862.0952407420 7709.1377132453
198858750.8431414962 12411.6577148438
186235590.1848737597 8380.3630265143
184676099.4349772930 6082.0235196020
194237580.5743641853 11680.8415395562
194840178.3489582539 11790.3264446855
194758007.5420069098 11778.2208539788
184562832.7705685198 5845.6669858809
187679960.8108391762 9205.4700585733
199981319.7526723742 12449.8315124512
191274307.0314106047 10857.6212485887
191142195.6358102858 10823.4902738277
194601664.2029011846 11750.1672205273
186024872.2761563063 8238.7084143307
191058799.4951595366 10809.4120505907
186107930.0713182092 8336.4513367560
185637885.1590798497 7753.6759768224
198609726.9617669582 12374.2039794922
193655993.4703788757 11534.9044451062
185644696.4285477996 7811.4590900458
187932866.9517773390 9313.8786795792
187928206.5842210352 9304.4408632225
190410403.1270424128 10517.7150263049
191302123.9238786399 10867.7650848486
194939531.7579396367 11796.7221302334
199318401.9163156748 12438.6010208130
185727754.2237097025 7920.9547666825
194084133.6620219350 11631.1336597744
199090691.4254807830 12425.3342361450
185685224.3302162588 7813.4378428973
190425674.7301429510 10530.8391963698
190375126.1472972035 10499.3464626528
187710419.2625030875 9219.8442978226
198871757.8177219629 12413.3852920532
187959425.2768191695 9316.1922073717
193990180.4551486373 11615.4431412313
185705884.5093799531 7821.6109251298
184477563.9162035882 5513.7583506586
187222140.5885344148 8953.9050007890
184512337.4176936448 5519.0927118393
193564342.7731878459 11509.0812439565
193555089.1084961891 11508.6273789052
186788590.3356918097 8726.1211057504
187628452.3222948909 9203.8906327317
187167070.9996593893 8933.7349635194
185798656.2368930578 8014.4987348832
184537140.7043087184 5636.7019825312
185738801.3260330856 7924.8791336931
187626545.7912226617 9180.4268187116
185836824.5241192877 8022.4687523760
187572927.4873245358 9150.5849014471
187771757.6716166139 9248.4457118286
184518265.0333983898 5613.5541177871
185838320.6700103581 8033.9646765210
186798300.1158843338 8726.3836783539
187765321.4963645935 9247.6260283408
193277637.1432628036 11395.7983641177
197999217.6260519624 12257.6385669708
192840305.4338502288 11283.3250022978
187480186.7079238594 9103.7995317521
187103471.3162590563 8920.7819677422
194166942.3813912272 11638.4474660698
193616493.5683529675 11518.1420892626
192932411.3169044256 11327.1551643461
193297711.9390912950 11412.1441712026
193099238.2576360106 11379.2647567838
186822030.6111256778 8736.3929991271
193415985.4710052311 11450.9621452931
193551234.4008131921 11504.7216019277
193589496.4184958041 11512.1801075581
193601745.1905436218 11513.3148449063
184945457.0428823829 6295.0698779175
193521959.3036464751 11492.3507335782
193332681.6316038072 11441.9151523709
185857629.3030354381 8051.7389857389
193116690.9406777918 11383.0711914152
185890843.0456652343 8115.0075773813
185003810.6388208568 6396.7814219124
193055481.5877261460 11335.8121078916
186952632.6153281629 8811.1309023033
187009836.7845464051 8847.7035459558
186978436.8425103426 8839.7362604270
185041400.8157882690 6412.2771643272
186910630.9786672592 8773.5640804694
192673514.1961030662 11223.4717434205
184983273.9095526636 6302.9675924243
192594060.8622530401 11211.9954108752
186473362.1134712100 8525.7515790276
186480146.5558855832 8533.2289695736
186872795.9862657487 8743.2403813800
192427367.9569415152 11156.5666633550
192393982.5551737845 11138.4761215154
184952103.1612700522 6296.5275196643
184932228.6629613042 6286.9143826576
184930788.4891242385 6272.9327584873
186458781.9983325303 8523.2449431416
186860257.1639910042 8742.2334767780
186897812.4811656177 8746.3531112870
192174541.3804756701 11099.5467849675
200806192.8676727414 12452.0296630859
186554008.6295526028 8569.2392183721
186688795.8843171597 8648.6186210526
186653880.8794565201 8639.1862194738
186634237.0845661759 8638.9579771659
186437383.7425065935 8518.6447386738
186428412.0956020951 8471.8256759416
202683667.0564948022 12530.2929153442
202385734.0259151161 12518.7152786255
202275631.7085487545 12473.6089859009
202757838.4000369012 12532.9304275513
185235333.0501993299 6624.5912233430
185179185.1472168863 6507.3417821365
185233628.7849574387 6523.1105193729
190226311.0201986432 10161.8882488721
190322959.4547967315 10180.7017244809
185231856.9256909192 6523.0592203374
190219757.3959016204 10158.6851906293
185304671.7358262241 6627.8724169965
185218150.0464320779 6513.4461424584
202194383.0690961182 12453.8848419189
202220444.8062676489 12461.7183380127
185395934.4330486059 6726.3538347716
185379857.6932086647 6725.6422076608
185341034.2491023540 6654.8444703913
202839994.8233918846 12533.1600570679
190105654.4113376737 9374.7272174433
189985546.6009563208 9361.3632037285
190113797.7333371341 9376.0970841701
