50673295.1916678473 721540.3608398438
51680016.6975959092 888550.8867187500
52904708.3228318170 945101.0664062500
53352990.5587306693 958122.7353515625
52804249.6108647808 940774.4882812500
57247798.0700692907 995886.2480468750
56364834.5321434885 992151.9707031250
50654765.5980500057 706330.6447753906
52939739.8661353588 946775.8066406250
52882371.3028831109 943479.4848632812
56941575.5372668430 994461.7197265625
53262021.8592767045 954619.0605468750
54495122.4110423848 973481.6455078125
56647903.8217806295 994036.3671875000
51599145.8359902948 881946.4179687500
51930163.7632392719 901062.9995117188
52548497.8625417799 928837.2109375000
56645755.7374363989 993938.8662109375
50666144.4052529782 713213.2243652344
51012922.8617270291 816929.8867187500
51610827.3683163896 882317.9975585938
51699860.8498775065 890270.1616210938
57094961.3956461549 995717.3134765625
54422022.0683329478 971518.1796875000
50960084.9115939513 812772.5466308594
55800425.1046060994 985876.7480468750
56098463.4210509062 989694.9707031250
51160698.0889221653 839706.1625976562
51615554.3339384645 884243.8012695312
53156516.8890137970 953427.8515625000
55968811.9179962575 988556.7617187500
55424939.3606864288 982051.2636718750
51928143.4053935111 900008.6914062500
52537774.5205077007 928368.5913085938
52950695.1489916891 946891.4970703125
54395521.4725851491 971400.3916015625
54047933.6346160769 967711.4804687500
56431264.8612287939 992562.9130859375
57144725.2847733945 995823.2626953125
56982386.4732925445 994609.0517578125
50680567.0056844428 734518.5700683594
51641076.0697341785 884774.6113281250
53765795.6979768872 963637.2910156250
54260083.7727603391 970005.3974609375
57848472.7755743861 998382.6328125000
51006092.2221791446 814593.4384765625
51464604.8544424698 870686.2939453125
51554758.5082032233 877524.6733398438
51737960.6867735386 893205.6176757812
51808696.2067763731 895342.6425781250
53447904.9317632318 958630.7451171875
53331749.8651874214 956124.8007812500
56170768.9140580371 990135.3574218750
50793811.1948187724 753638.8789062500
50689757.3012856543 741168.1604003906
51255554.1226036847 847791.1235351562
51233795.1375427321 846665.3374023438
51677136.0405366495 885349.2866210938
53754247.1516149938 963463.9619140625
54842196.1718783602 975561.6093750000
57583342.3082763106 997365.8955078125
50697085.0217201561 742475.9467773438
51576723.4187554941 880055.1289062500
51901753.6870625094 898573.6528320312
51902198.1540071815 899642.6826171875
56178401.5459843650 990158.8007812500
57864158.4237006232 998421.8125000000
50802007.6196175888 763070.5166015625
50723623.0330653116 750453.5559082031
51814968.3280783519 896542.3305664062
55567292.8083493114 983914.1015625000
50953943.9269286916 808281.6979980469
51112209.8905601203 833334.9067382812
53482127.9846432954 959370.8750000000
55455201.0351928622 982377.8974609375
55876299.8217178583 987892.4531250000
50922777.1160657406 801257.8715820312
53564751.6000029445 960845.5556640625
57924546.3785003498 998494.5585937500
51333013.6356967241 857659.9897460938
51113750.9951722845 834661.6201171875
51568222.4016886726 879293.7529296875
51580085.7791770995 881892.6450195312
52400191.6338432878 917043.8925781250
53192525.6794292554 953941.1982421875
53633136.3810889348 961564.7910156250
50909708.3542462587 799201.4338378906
54387918.0667055845 970779.0205078125
54979208.1438255012 976662.3007812500
55180482.1431871727 976982.3417968750
52558638.2675797418 929531.6938476562
52754725.9382297546 938171.7158203125
55750321.2920447811 984893.8886718750
51721468.2559009790 890913.7592773438
52922166.4893811941 946583.2812500000
53121781.8389115557 952054.8876953125
54218981.9725568816 969104.2333984375
58494069.8549710736 1000259.7529296875
51684696.2431231141 888850.9145507812
53829510.5011963323 964347.9462890625
56071675.8479411080 989363.9843750000
50929434.4754503667 804879.2675781250
51961122.6641857475 902231.2895507812
52957363.6988499388 947675.9121093750
53095782.5663862079 951886.8232421875
56187055.0094601661 990221.3046875000
58352486.6246905923 999918.0488281250
52510092.8154477775 926430.5649414062
53324720.4395723119 956010.3642578125
56380695.4305763468 992221.0527343750
50974691.2207710072 814022.1621093750
51661579.4168681353 885340.1899414062
50998786.5663379058 814470.5678710938
52428607.7352667600 921407.1040039062
52858289.5734163001 942979.1347656250
55711533.1288037747 983954.7539062500
51083192.3861691728 826416.2475585938
52040655.1518173963 902535.9013671875
51777498.2063005939 894487.3325195312
51688989.2547215745 888873.4428710938
52560587.0102309585 930092.9174804688
55863142.6634445339 986728.5351562500
57278541.3653032556 996068.0957031250
51178252.8952402696 841509.4721679688
52840997.9418562353 942719.1113281250
54800356.2912712172 974766.1552734375
55792499.4043101817 985245.5205078125
51773640.0404561907 893577.6479492188
51975056.7638806179 902259.1787109375
53546145.2744142115 960225.9462890625
54335610.5742668658 970672.3798828125
54968579.1361606196 975754.1425781250
56013825.1217373908 988998.1582031250
58151516.4140788242 999876.9433593750
51729972.6883650646 892834.6381835938
55325989.1936758831 977772.4843750000
52235860.5868356451 905737.0327148438
54586787.9522244334 974340.8027343750
55809332.1267346889 986415.7294921875
56284253.6139421612 991317.9404296875
51517751.9558667839 873246.5214843750
52203142.0696372539 904775.8393554688
53066131.6769829765 951084.3447265625
53138943.5122596323 953235.3261718750
56718722.5863810480 994183.6992187500
57604681.8492605984 997451.8427734375
52062268.5632286742 902566.7592773438
52072401.2499923930 904119.6201171875
52276562.9843292385 907777.1015625000
57667591.3000543341 998098.4960937500
51045987.1094940156 824723.2763671875
50951150.8362354860 806544.8742675781
51853183.2157789394 898075.8383789062
52699799.5466155559 934229.6279296875
52441911.4923834056 923822.6313476562
54042308.5840038955 967423.9501953125
57613116.8414174318 997860.5380859375
54783449.5708439425 974458.6796875000
51017745.6178745925 817807.1777343750
51529754.4317108020 873413.1943359375
51805176.9983000085 895289.9291992188
57068336.1705613658 994648.3554687500
56601297.3644113019 992918.1640625000
51385072.8473667800 862069.5595703125
56517280.9419516549 992869.9082031250
57656993.5590543970 998020.4033203125
57815679.6592642292 998130.6171875000
50778530.2718289867 750990.8969726562
51199129.5351547003 844547.5161132812
51502551.7026683986 873111.6210937500
53800048.1445068866 963900.7402343750
50723407.6675419062 742483.3251953125
51196446.5025938004 844530.4863281250
51323643.6358725280 853096.7441406250
53087794.5679777339 951763.6884765625
53956857.8350813389 965483.2490234375
50994720.2715468332 814413.2485351562
56281670.9448220879 990479.9472656250
56642637.6405459419 992933.8554687500
52900086.7387521863 944480.5488281250
53245171.7946197912 954259.6660156250
53344639.9387201145 956412.2998046875
56874813.6978989393 994364.2187500000
57957110.0346560702 998624.9013671875
53014033.2534775436 948900.8945312500
54219089.1642337367 969416.1591796875
51267669.9916465878 850805.7978515625
54090567.3349094614 968758.8525390625
50967751.4498305395 812872.7563476562
51107484.0131330118 831100.5617675781
53225546.4226795882 953990.4560546875
57892600.4225216806 998453.9072265625
50970935.6288873851 813568.0136718750
52855187.8594580963 942774.6523437500
53958112.5597342029 966219.1064453125
51305555.9606168270 852840.4150390625
52700203.2810890153 935649.9970703125
53046660.0139564723 950221.2451171875
53801832.4118996039 963913.7597656250
53024919.1137194335 950015.5947265625
51103307.6512177736 829801.5747070312
52524209.3634759858 927031.9409179688
53267873.4860689268 955203.0263671875
51302495.4597418085 852415.0625000000
52712887.2361658216 936430.6416015625
51290312.2434144989 851587.5698242188
52863043.2835007012 943457.6503906250
53078209.1896320432 951694.2978515625
54078738.0065851361 968492.8857421875
57975133.4672604576 999451.5908203125
53611538.4526271522 961417.6464843750
53907225.6724447012 964515.4169921875
52537211.4996058121 927631.6025390625
53286841.3540408239 955324.4570312500
51451153.7930450216 866612.4653320312
51189555.7547308058 842755.8286132812
51501491.6727073044 872472.5634765625
54297286.4820718914 970406.4130859375
52561969.3709581643 930556.8041992188
53538877.0172123164 959675.7138671875
51015617.0290466100 817634.5131835938
51196312.4802348539 844364.8662109375
51178762.7385354415 842315.1928710938
57388152.9991982058 996214.0996093750
51192270.3776907921 844035.5561523438
52578510.4769075438 931162.7348632812
53953242.3774853349 964774.2451171875
54253223.2426911220 969428.6455078125
52657929.2918646187 932408.1782226562
53681639.0574531034 962803.5576171875
54051388.6066899672 968022.2041015625
54153752.1246401221 968896.3105468750
53798613.4585188702 963812.1328125000
54061164.6298309714 968300.3603515625
53672648.0518302843 962668.1923828125
53478126.6482372731 958904.7392578125
52417782.9047486335 919005.3276367188
52991575.0119314268 947875.6718750000
52954712.8273441717 947048.3310546875
51252760.5379407927 847551.6948242188
52826738.8257344365 941004.4316406250
52753964.5687854588 936949.4980468750
52882513.3619980216 944288.0234375000
53656361.5388838202 962409.3642578125
52601706.1331050768 931720.5991210938
53116959.4277861342 952002.5136718750
53496080.7035394832 959536.3476562500
53307442.3589639291 955793.8046875000
50882729.6079781502 767821.0295410156
51026574.1449490190 820057.9643554688
57518046.0964012891 996246.2207031250
50905739.1582080573 770297.9799804688
50871466.6473264024 764224.1169433594
50888170.1154482216 768073.8901367188
52669989.9739029706 932477.3334960938
51040404.6629705206 822088.0634765625
51151356.3970639408 836247.2290039062
51083402.4107954651 827377.5449218750
51075344.2757717893 826318.8935546875
52670099.6618842930 933144.3159179688
55382307.9248196855 978020.9707031250
