51274036.6140467525 868490.8183593750
51495032.9942376167 886746.6835937500
50926293.2746129632 827934.2929687500
50821651.3947754279 809727.0017089844
50832027.4799727425 814298.3427734375
50595217.9258333668 721637.9941406250
50661325.8473182768 755685.7832031250
50728440.4172819704 787003.2053222656
50583837.0179898888 705512.1347656250
51813074.7534361929 903263.4013671875
50774539.1378545389 796765.6931152344
54871408.8880045265 975890.5908203125
50913410.4747113585 821980.9262695312
50896054.8562418073 819476.9218750000
55159461.1976109073 978829.2597656250
50640146.2435052991 751545.6274414062
50963883.5187537894 829786.2177734375
50795136.4649987891 804335.0632324219
55345288.0095874742 980946.3818359375
50849783.7701296583 815768.1953125000
51163117.0707175955 855981.9951171875
51849606.6882020012 905078.0253906250
50583825.9315794185 703514.6672363281
51499629.9996848255 886795.3500976562
50970548.8644848019 830264.3632812500
51362752.6504827961 872854.1269531250
50917077.8310829401 824991.3701171875
51623045.1140014306 892521.2045898438
50577381.8745599538 692675.0070800781
53147703.6221528277 943561.4189453125
50664069.6687016636 756400.8095703125
51091240.8948840871 846490.5283203125
51684074.9683820158 896326.4707031250
50757667.9921023846 793980.7375488281
52457424.3561064154 928912.3710937500
50865859.4313859418 818998.9375000000
54811293.6997437701 975263.7792968750
50625376.6466784626 742365.5605468750
50748262.1692172661 791415.5981445312
50837398.7386458591 814920.1401367188
50854422.3581989408 817798.1113281250
50744049.6076345742 791172.1115722656
50879631.1709671468 819425.7426757812
52588021.2930580527 932321.6152343750
55571847.7433096692 982506.7978515625
54761747.9519855380 974338.6289062500
53389614.6302876547 949108.8935546875
50658518.0108295754 755147.3159179688
53519689.9374252334 951798.2695312500
52167175.6668807864 918574.6679687500
51725575.7260946259 897775.9677734375
50835963.8188760206 814787.6674804688
53218814.9042569920 944830.3935546875
50720592.5049382895 784848.6411132812
50767131.0826207250 795054.4509277344
51256162.1606675833 867369.9794921875
51127241.8488812968 853622.0590820312
50737180.8797536790 790635.5251464844
50780173.5444000289 800673.8488769531
51753856.8394471332 900154.8662109375
53627224.4981383607 953967.0058593750
51134700.1482188478 854332.1542968750
50682105.3450162634 770315.7121582031
51782623.0443330407 900751.0039062500
50675462.6707030609 767943.6064453125
50629942.5906867236 744804.8557128906
50997388.7649799064 833149.5068359375
51756503.5339994505 900460.4785156250
51064645.7322487608 843627.7709960938
55128692.9678012207 977972.0449218750
52240027.7768205255 921802.8642578125
54749104.3546179980 972659.9257812500
50754343.5166037083 792564.2961425781
51637910.8124572560 895515.7539062500
52433850.7099499106 926969.3574218750
55176272.4756507203 979853.1845703125
52504199.3220597506 930482.7119140625
50629327.1641377136 744212.3735351562
50717468.8522585183 779246.9182128906
50775657.5543847531 797466.8386230469
51123849.7107587978 853337.8085937500
52384493.0099020600 926341.7763671875
51165691.5533750504 856379.5634765625
50572988.5330689996 671408.6654052734
50598003.0361995995 723506.3698730469
51053548.4687273875 841715.3349609375
53140019.0102704242 940603.5317382812
51110550.6241952404 848575.9243164062
51120373.1210004017 852885.2231445312
52283011.0146752000 924197.9570312500
50588180.5890153199 709033.6459960938
52395682.8531567454 926478.4707031250
52171256.0789403468 920269.3564453125
51114646.5329893753 849071.0649414062
50816008.9897486195 808472.1582031250
50613204.7431727201 734266.3312988281
52400499.4475038946 926755.6523437500
50648582.6311211884 752923.8723144531
50619409.5533738658 739256.1398925781
51160247.4057216942 855424.8745117188
50592844.3634744361 716737.7377929688
50612218.6828441992 733356.0783691406
51118307.6460072622 851816.2651367188
55410492.6732824519 981280.6455078125
50687913.8992599100 772584.0197753906
51165132.5244531035 856314.7675781250
53447620.3060718849 950679.5693359375
50898875.2513014600 820452.2851562500
50821321.0886880979 808934.5224609375
53308128.8800562695 946613.0644531250
51196699.2914469913 860495.0991210938
51544921.0310164839 888792.7827148438
50591013.5670473129 716088.5744628906
50641675.3052573204 751737.4741210938
50583164.4402856007 701258.7407226562
51222476.2304671481 863101.7094726562
53230377.3744762912 946225.9628906250
51879063.7880033478 905778.5605468750
51578261.0244238377 890053.8886718750
50644550.7628655359 751991.0275878906
53139459.5779303685 940462.7397460938
53187142.5101730302 944102.2353515625
54722685.2603523955 966888.9433593750
50765245.6508192271 794965.2902832031
51169964.1231410354 856557.3100585938
51340834.3018713966 872740.3974609375
54709163.6125797704 965298.8710937500
50613937.1842667684 734710.3088378906
53320253.6604889110 948297.5917968750
53596372.5870318636 953034.6337890625
50667200.7151270583 757102.6000976562
50636444.0449085757 749166.8940429688
51628704.4862367213 893666.3261718750
50636614.4624235332 750190.1655273438
50805991.8354336917 804495.4687500000
50611430.8564859554 733229.3146972656
50573852.7588492408 676244.4453125000
52146894.8294897527 917621.3876953125
52756969.0167402849 934262.7451171875
50581034.6502682567 700472.2258300781
50612821.8640721738 733435.8371582031
50624765.8333931267 740805.9003906250
51204268.0737861916 861820.3984375000
50694923.1877021492 774682.5937500000
50679744.1260921881 769038.2302246094
50612922.5237725824 733525.9123535156
53661636.8690307364 954370.0117187500
50572914.0134576038 670214.5976562500
50606751.0666459873 727599.2631835938
51380509.2079737186 877559.4633789062
50980863.1804471388 832919.2253417969
50753707.9825748056 792169.8840332031
55018384.5860824287 976811.3378906250
50617532.1458867788 737065.2749023438
50739504.2161040306 790804.4450683594
50791130.6603024378 801979.9067382812
51411403.8418396562 878519.1396484375
51475964.5825094283 884844.9892578125
50709133.1575529501 778598.3886718750
50697852.4379214793 775846.5847167969
50807629.8385982513 804766.7958984375
50731844.7671022862 788516.8586425781
51423784.3284439743 878556.2519531250
51946456.6384353936 906465.2465820312
50633851.4039238468 746990.6342773438
50619754.6734877303 739797.3754882812
51218197.3947861195 862438.5957031250
51481171.4603619128 885791.4648437500
55053534.5179661065 977072.3056640625
52228570.3868121356 921479.8564453125
54714953.3724232763 966395.6855468750
50614309.7561028823 735515.0266113281
50607406.5323681235 732272.2749023438
50692020.0534154922 773629.6242675781
50809095.4339437634 806561.7963867188
52018267.2397729829 911799.3144531250
50727392.3852549344 786320.6274414062
51741946.9660123736 898006.7504882812
50743095.6521435156 791123.8259277344
51508035.5267019942 887063.6279296875
51189443.3503440022 859308.5541992188
52168513.9125103578 919410.1855468750
50594778.4545708895 718355.4251708984
51219900.5517859384 862775.6171875000
54883368.8933943510 976264.5292968750
53190665.9873185381 944243.2011718750
51156416.4772054553 854686.3691406250
50727779.4110854045 786936.5183105469
51460757.7593667507 883970.2050781250
52720508.4347621053 933482.3369140625
53338697.4377021119 948706.0341796875
51000166.2455290630 834079.5849609375
51440113.2441388443 881273.5546875000
50701077.5169096589 776346.1882324219
50684521.3192266002 771455.0773925781
55265038.9954733253 979924.4589843750
51688331.0273698643 897068.5952148438
50574528.6653029919 681604.9582519531
51211865.4858782217 862261.1923828125
50671759.8191410005 764740.1594238281
50701379.0077086687 776372.0678710938
50707770.0164572373 777559.3654785156
51595356.4611511901 890934.0737304688
50571870.8917325661 665809.7255859375
51466518.2309867293 884586.4321289062
53411270.4644451365 949336.3330078125
51227633.5010570884 864464.5849609375
55456289.8074848950 981340.9394531250
50589994.1024045125 713577.5119628906
50578726.6061389148 694412.4169921875
51453342.6470643505 883422.4521484375
53838031.3854462728 956687.2011718750
51042251.8027342707 840530.8403320312
51702469.4964997992 897089.2089843750
51323549.1253953204 871051.4296875000
52120897.2488166243 915238.5712890625
53734276.9735327438 955176.0478515625
55652619.8777023479 983455.3388671875
53920245.4737369642 957703.2724609375
50942376.0205251127 828463.9636230469
51199722.7339889035 861141.8632812500
55507701.7441025674 981682.6435546875
51425683.5067058951 879667.1640625000
51973472.2560963556 907048.0024414062
55397442.7227556482 980971.8964843750
51179360.3733076975 857069.5668945312
51667817.3735582381 895947.7563476562
52061434.9256722108 914241.2612304688
51202026.0984067768 861654.7783203125
53699442.5613986328 955000.3105468750
51884433.3331117332 906296.3657226562
50670245.1379949376 757892.1232910156
50573960.1614509597 676446.1232910156
51719344.2315137014 897113.9926757812
55297560.5661656559 980613.6855468750
50575868.5704138577 688427.6367187500
52046329.5850958824 913215.5551757812
53509908.3658228740 950693.9550781250
56044358.9443953931 985242.2714843750
55927150.0749073848 984274.2636718750
55700999.2659787014 983561.3251953125
56424719.1829013601 986550.3105468750
50574950.4744888023 682877.3386230469
50778980.0886254534 798475.7119140625
51332063.9038885459 872326.9594726562
51308392.8895302564 869349.3569335938
55757045.4241790250 983708.6572265625
55932682.9992010966 984960.5712890625
50588592.1113400832 712597.9934082031
50574212.9350585490 678644.7551269531
50572219.0250817239 666759.5363769531
52003917.0972677693 909763.0126953125
53839134.1614840254 956747.5507812500
53843946.9526999518 957698.5068359375
56057390.1284328774 986268.6103515625
54099263.6567001417 960977.4873046875
51982194.2277138308 908138.7612304688
55865187.2026043981 984093.9169921875
50579067.1170412078 694892.6054687500
51032728.2774122134 837241.1074218750
53942663.6627960429 959348.2900390625
51605099.7997207195 891274.7153320312
53737980.0022489950 955954.6865234375
51376863.9474711791 875842.2045898438
50573004.9377472177 675893.7521972656
50584965.9819303304 706353.3229980469
54092909.9506025389 960812.7988281250
50585312.2491573915 706456.2390136719
51314304.7871920168 870880.0283203125
53113323.2717902660 939782.2724609375
52936938.3984941393 935375.7724609375
50583596.3927015513 701959.4211425781
50599405.0272640288 724088.5273437500
50591934.9522810131 716618.8930664062
53027407.5097735524 935989.3837890625
53026584.7878264785 935691.4580078125
51086889.0691557974 844730.1704101562
54024757.0818044171 959806.8564453125
52927358.8943610787 934965.0683593750
51006095.0673307255 834219.1669921875
53785071.5035005584 956121.3691406250
50581666.7812184617 701245.6633300781
51017763.8860426173 835937.4868164062
51019574.5710442290 836323.8745117188
52987048.9012556523 935686.1230468750
69254906.8483417630 997544.7392578125
54142996.1216161326 962027.1064453125
70207132.2525709569 999692.5859375000
70244929.5154348463 1000259.7529296875
70173070.1403768063 998205.9238281250
51007614.8275400326 834729.7348632812
53096379.8143777400 936479.3955078125
50601082.8167912290 724695.6166992188
50601714.8941732273 724839.3732910156
54509583.5481522977 962247.3203125000
50597970.1074941829 722817.4760742188
50597048.7222604901 722287.1574707031
