41996892.2623674572 25399.7263359278
40552887.9763163477 7570.9347270075
41750149.6699193418 25245.0463646650
41602199.3855532259 23563.7350113839
41435717.3319166154 23143.1756241769
40707477.8941498920 11170.1789425015
41691822.8897800148 25161.0680626631
40621988.1712946072 9401.3377338275
41259841.5878152549 19321.1396850571
41617098.3150937632 24922.0945065543
40991094.8987856656 17030.2852760851
40768085.5772117078 12900.3943966627
41673636.5182064772 25139.3961853012
41501139.1257976145 23204.6053534746
40582839.1456100941 7645.7685323302
40661945.5081349835 10885.6510677859
41661597.5351888090 25138.6239199862
40598218.0374708325 9137.0370967984
40552321.7822257504 7392.4431024566
40610053.5965532884 9340.0519076530
41065528.0601214468 19063.4271217883
41743137.1372096092 25210.8529480696
41367675.6220299304 21322.9850524887
40997335.3288393840 17040.2167720497
41521704.9015497416 23216.9555377960
41551276.6550074071 23526.0414614901
40609487.4024626911 9146.4890834466
40913467.4908790439 15264.6225092784
40883464.7161123306 15197.2065476179
48316174.0751906186 44429.5672607422
48892842.6482434571 45104.8627929688
48821546.7092613205 44463.0876464844
41473982.0326243341 23146.3536077738
40643683.8784579933 9604.0765727106
41423991.5923437476 22926.4635314047
40710958.3432564288 11347.9212308768
41418834.5565623119 22906.3255990073
40544211.3215328604 7130.8459693566
40570349.3216006905 7615.5778087620
41006347.2758281827 17190.7377423048
41283723.3877482563 21090.4854320511
40703951.7122238129 11081.8223790899
41035607.0328821838 18974.0070294142
40939193.7544408441 17004.9589631855
41368556.5619625747 21419.6049865708
41279031.1628765017 21048.4910753965
40921732.4091565013 16949.1793564558
40672134.2549882159 10889.7609899938
40549503.6858203635 7306.9100619499
41534398.8001749665 23245.6560612917
41218291.2315931320 19299.2480358183
40621959.7195106819 9365.6662295405
41310071.7511054724 21165.1853092015
40549167.1887987033 7156.3995656371
40978194.3437961489 17019.3333587348
40797881.9710890204 12995.9193792045
40877310.2428184450 14938.8083037138
40680417.3379326686 10957.8417411447
40822836.0376712456 13055.9124572650
40835254.7017057091 14933.4104489088
40766200.6243052930 12900.2686032057
42808862.7921023518 29530.5368051231
42261030.6746385396 27273.5408334732
48266585.1302277595 37092.5036926270
48252940.3796273321 37049.9023742676
43943005.7928361595 30559.9401850700
44247439.0875582099 30748.5102806091
44499533.1671229005 31152.8327903748
45406630.5521938130 33015.2952308655
44667717.9807329774 31510.1486511230
44762926.0880879164 32810.9263191223
45076072.3887354955 32841.1457786560
46324393.3037711829 33816.2947845459
46563339.2773334235 33841.9066619873
46808017.8465740085 35409.1974792480
46620427.6885095909 34923.5799713135
47626278.3521232456 35753.3926086426
47691633.7586825639 36878.1972351074
48277426.1257722825 37110.4253540039
