41381553.6668253094 23254.4044072405
41109191.2421369702 19127.5231766107
40572729.8291080743 7624.9937860204
41013230.0118682981 19029.7866361439
40908271.4723159075 15274.7435090244
41056225.9121467024 19038.1008088887
48187007.7167916745 44438.5397949219
48257970.9449285716 45104.8627929688
47953865.4038315415 44321.2663574219
47737081.2404438555 42391.9302978516
41624504.4102301300 25452.2439320609
40915111.2831514180 17004.9589631855
41618468.7381622046 25387.6927415654
41666119.9257647544 25571.8960068747
41320437.6458970159 21337.1276006866
41706360.9983592927 25768.4120713994
40625682.8343702853 9604.0158471037
41736274.7237936556 27157.1935074851
41194147.5565207005 21078.3310166299
41730035.4348409772 27150.2367661521
41298991.4341372699 21306.9667192996
41569337.2926888168 25217.1378610432
41093414.0641730130 19080.0549744368
41197091.8204258680 21096.5689674914
41529008.0760716349 25191.2424595878
41635723.9109549224 25526.3108265921
40570349.3216006830 7615.5778087620
40609256.4602342248 9217.2721374631
40978679.7045167983 17230.3483933210
40564168.2861307263 7615.5170831550
40608950.8927221000 9198.8180572912
41457557.8397029340 23528.1829454228
41676619.3216627091 25598.1007356644
41438071.6137706339 23493.1689808890
41478978.4402184933 24892.9231862128
40670444.3740922138 11152.6802108884
41335509.1224511862 23121.3966404498
40640917.3486365676 9604.0765727106
41416188.9531016499 23419.8743516728
40672302.5663678646 11170.0531490445
40893451.9567803293 15203.3663345613
41302754.4412998855 21321.4090501592
41604375.5355741978 25356.3962632939
41691100.5697165132 25699.2716905400
41761346.6856035143 27160.3304769024
40623060.4398119077 9601.6490407530
41142330.1223954260 21007.1488751173
41710540.8711843342 27139.6655504033
41415308.0131690055 23323.2544175908
41578561.4020354152 25308.2548313141
41128765.8208188713 20834.9536675513
41483389.7812348604 25106.5237047002
41116218.6162012666 19255.1760662794
41006182.1450771987 17277.4233750105
41783999.3774796426 27247.2868016288
40729902.0854350105 12900.3943966627
40619365.7767362297 9400.7074020505
40685634.4725934789 11347.9212308768
40969902.8366645277 17046.9131287336
40677193.9309947267 11170.1789425015
41172047.1835588813 21032.7228075564
47788117.7747310773 43594.6773071289
41387738.3478293121 23256.4211292788
40914563.8285883069 15400.9586362541
40665235.9075393379 10931.8589894250
41013169.2027787119 17369.7387436628
41008682.4792835116 17297.7643549815
42081657.5076030940 27255.6889194697
40869840.4975748062 15174.4408135060
40582839.1456100866 7645.7685323302
41283683.3295691013 21127.4067166299
41057852.8024444878 19045.1891709268
40653715.6505251825 9637.7598691527
40822276.8022543490 13308.8734558821
40552887.9763163477 7570.9347270075
40621988.1712946072 9401.3377338275
40661945.5081349835 10885.6510677859
40598218.0374708325 9137.0370967984
40552321.7822257504 7392.4431024566
40610053.5965532884 9340.0519076530
41065528.0601214468 19063.4271217883
40883464.7161123306 15197.2065476179
40544211.3215328604 7130.8459693566
40549503.6858203635 7306.9100619499
40549167.1887987033 7156.3995656371
40797881.9710890204 12995.9193792045
40835254.7017057091 14933.4104489088
42808862.7921023518 29530.5368051231
42261030.6746385396 27273.5408334732
43943005.7928361595 30559.9401850700
44247439.0875582099 30748.5102806091
44499533.1671229005 31152.8327903748
45406630.5521938130 33015.2952308655
44667717.9807329774 31510.1486511230
44762926.0880879164 32810.9263191223
45076072.3887354955 32841.1457786560
46324393.3037711829 33816.2947845459
46563339.2773334235 33841.9066619873
46808017.8465740085 35409.1974792480
46620427.6885095909 34923.5799713135
47626278.3521232456 35753.3926086426
47691633.7586825639 36878.1972351074
