178133165.1840775609 6465474.5859375000
178910937.8780412376 6638048.2656250000
178939649.6514037549 6644053.4882812500
180667693.1797563136 6945427.3789062500
180921652.4409205914 6972149.3867187500
180970159.6565759182 6976449.4726562500
185160074.7953231037 7293448.2929687500
189176796.4919173419 7421052.7070312500
189198785.3026119769 7423758.9570312500
179059094.7519068420 6659043.1875000000
182069953.2355799675 7085666.5429687500
182200479.8862376213 7096755.9179687500
182518812.5686654150 7119603.3554687500
182673311.9929307401 7131475.9414062500
183838530.7611065507 7211485.0429687500
183661304.7659681141 7201211.1679687500
180947993.9555541575 6974324.6914062500
179002482.2916154563 6658026.4609375000
180854626.6385944486 6962834.3984375000
180803549.9027269185 6961262.8164062500
182756687.4874410331 7135574.6914062500
187310973.3531165719 7370963.5664062500
188111330.5117552578 7399127.5429687500
178019828.6228478551 6449924.7421875000
178088672.2765806317 6465221.8437500000
180542717.6156142652 6920920.9257812500
187311786.6174581349 7370987.5585937500
190489786.9368297756 7438926.9492187500
178793347.4786519408 6620642.0078125000
181167540.1117426157 6996085.9101562500
183879015.3827269971 7217408.6210937500
184620647.6672169566 7262899.7851562500
190509550.6939936876 7438999.7851562500
190181077.4858487844 7436051.2929687500
177902103.6050760746 6418890.5703125000
177940938.1546007395 6430071.5703125000
182190670.3866619468 7090925.5664062500
182639422.4168636501 7128636.9960937500
183639139.4240234792 7191908.2460937500
183965639.2634678483 7219962.4179687500
185217140.3154518306 7294263.7070312500
187314573.5805529952 7375003.7851562500
187961355.6076123714 7393580.9570312500
190257383.8760403991 7438285.4492187500
190719902.3040543199 7440025.0742187500
193145156.3952316642 7451088.4492187500
193999977.6103618145 7455987.6992187500
180529966.0169164240 6918042.8554687500
178941982.9469380677 6646567.8828125000
186709975.7279424965 7354876.9960937500
187312536.7565491199 7371701.8554687500
193215411.5189755857 7452080.6289062500
185285072.3420987725 7296783.7304687500
185347770.4710433781 7301545.1601562500
185415146.3156936467 7303323.5664062500
177435484.5512731969 6231679.5898437500
177742669.3313738108 6362079.0039062500
177981938.0620561838 6442660.5507812500
182376461.0838322043 7109923.3632812500
184487681.3686224818 7254222.9335937500
187244028.6682248116 7370952.2617187500
188388485.2534492612 7401243.4648437500
189634598.5566383302 7430696.4804687500
190464653.7436461151 7438438.9023437500
190450773.3593295217 7438348.9257812500
177351118.0958331525 6192268.6562500000
177742094.6413987875 6360894.2226562500
178809908.5435118973 6623107.7187500000
181397888.0258185565 7019765.7226562500
188245762.1951410770 7400645.8710937500
189453304.6545221806 7429357.5898437500
189685594.8545919359 7432174.9335937500
190596175.9428437650 7439087.1601562500
177829334.9916406274 6396333.3359375000
178222632.8190485835 6490080.8984375000
178971140.5427044332 6649062.0000000000
182665797.2840244472 7130612.1289062500
182763477.9089752436 7137591.0664062500
182803353.3112127781 7143879.0351562500
183975459.2226532400 7220009.3476562500
185243925.8519200981 7296281.0664062500
187328744.4914807379 7375987.6914062500
189546000.2915770710 7430541.0117187500
190272065.1220349073 7438338.3398437500
190192521.2465451956 7437404.2539062500
189980308.4641424119 7434831.2851562500
193268624.9335899353 7453037.6445312500
193675146.7807797194 7455232.4414062500
185147540.5305214822 7292426.0039062500
193521072.3770496249 7455186.8789062500
193258344.8771166503 7452213.9257812500
193333657.3375742435 7453991.1445312500
177367930.4638409317 6210709.3125000000
178285170.3347662687 6499725.6796875000
178980123.8341005743 6654335.1953125000
178947882.4307207763 6647940.5742187500
180561217.7322918177 6926981.1210937500
182301148.7076963186 7104104.6523437500
182767914.3943425417 7141532.0195312500
182926248.7175932527 7151118.8320312500
185164950.4286150634 7293522.2539062500
188390354.2490348220 7404418.1992187500
189427168.2180673480 7426503.9414062500
193261884.2846968770 7452958.1757812500
178251106.7291486263 6496549.1484375000
178865020.0829892159 6636726.7851562500
182566363.7814601660 7125112.1367187500
185704823.7409825325 7311855.9492187500
187075002.3211435378 7368508.5664062500
187915746.5567019582 7389207.1992187500
188243917.8550559878 7400625.7617187500
177508475.9159721434 6249639.4843750000
178784968.8574042618 6618036.5000000000
178823981.0174646080 6630324.6562500000
185897089.6009553969 7314503.0664062500
185827353.5284792483 7312981.9570312500
187069787.2419645786 7368159.6367187500
186984456.5501866341 7364240.2226562500
189664704.1134221256 7431240.4492187500
185009566.8030169904 7284317.3320312500
182917584.6086716950 7149767.0039062500
185522733.1462830305 7306203.7929687500
177408973.0988891423 6227718.5625000000
177474946.9462809265 6243927.0859375000
177917106.3561438322 6425262.3515625000
178712838.5409002304 6601210.5156250000
178700706.2756813765 6597567.1835937500
180486542.4684475064 6913369.5273437500
182646647.8102232814 7129745.5117187500
184528739.5077569783 7256217.1289062500
184571431.1107818782 7261906.1210937500
185525839.5626687706 7307791.9414062500
192762689.9583492577 7450490.6367187500
178216804.7779893279 6486342.4609375000
178165230.0680345893 6483861.0703125000
178147125.6608204842 6477286.0859375000
178815140.0909930468 6624298.2890625000
180999741.3548529446 6979820.8789062500
185291184.2922924459 7297628.4648437500
184901443.6073253751 7276167.8554687500
184807750.4332006276 7272764.8945312500
181015720.0716135800 6981534.3242187500
178711356.6732432246 6599318.2265625000
181083441.2602258921 6987602.0507812500
180877140.3930777013 6967875.6289062500
184913343.0596629381 7276924.5585937500
189356231.0316974819 7425470.3476562500
180520692.6680626273 6917463.4101562500
184683819.0030151606 7265302.4023437500
188046033.6000791490 7396715.9960937500
177344418.2326386273 6172890.4609375000
177373493.3459123671 6211046.2890625000
177890415.0713635087 6417769.1054687500
177857887.7899308801 6408852.3046875000
180555328.8616992831 6924450.2070312500
182562235.2975269854 7124226.4726562500
187734548.2007691860 7386685.2695312500
183756187.2801468372 7205203.5507812500
184509813.2612999678 7255573.6210937500
187482518.2248938978 7379269.8164062500
180790881.2323561311 6954174.2382812500
177881488.9392091036 6411580.0312500000
180865486.8134962916 6963930.9335937500
177524020.4068816602 6252386.8125000000
177807904.3124862909 6393384.0468750000
182492103.7247042656 7117295.7460937500
183852223.1810973287 7215651.6054687500
177799240.5801382661 6386428.1289062500
177837945.8679319024 6400770.8437500000
182126769.9279260635 7085960.4570312500
183757098.1502006650 7209700.9414062500
178725943.2767745852 6606354.6875000000
181369583.0357359052 7011131.6054687500
188865804.6699666679 7414718.5429687500
177497047.4852904379 6244479.4960937500
184312204.9581741095 7243873.0898437500
188588610.7329355776 7408977.0429687500
192667688.7976323664 7449649.6835937500
184304714.5792275071 7243567.3085937500
192597879.7034112215 7449478.9335937500
184150974.9969270229 7232182.8007812500
188563277.8164245188 7405089.7070312500
186809301.2331470847 7357605.7773437500
186634749.8047088683 7349464.1132812500
177739667.1417846084 6355774.9765625000
186757750.2516181469 7356563.9648437500
191355985.6651270092 7441350.5039062500
177421098.8742626011 6228557.8398437500
187193083.3152518868 7370340.0429687500
192219669.8157486320 7446889.3320312500
177579333.6577632725 6274858.9414062500
177537780.3364808261 6274090.1250000000
181330031.8394233882 7009114.4414062500
182431406.0560940206 7114812.3476562500
184248029.2559352815 7238903.0117187500
178545131.5007678866 6566536.1835937500
181444446.7415085137 7021085.7617187500
187190294.3239456117 7369949.3242187500
186338545.5353919268 7337429.3710937500
186304292.7755933404 7333217.9257812500
177343957.7446196377 6165146.8828125000
177591402.1234420538 6281387.9531250000
181693484.3619816899 7031939.3007812500
189059567.3493995667 7417980.4804687500
189252849.8114735186 7423863.6367187500
181583222.9207318425 7029982.2851562500
188927705.4759998620 7414831.7226562500
181620087.8813197911 7030902.2695312500
177745464.9481418133 6370174.7070312500
188984002.2898905277 7417650.6367187500
181510222.1971508861 7026006.0820312500
189074803.8788463473 7418432.6992187500
184108129.2468497753 7230790.8867187500
188854616.0075355172 7411981.3867187500
192660582.2958769202 7449512.1523437500
177765632.2354397178 6375697.6640625000
184414655.0734027028 7246444.6601562500
188664145.9081212282 7409453.1132812500
188704429.8412023783 7410685.1289062500
188776388.4440199733 7411930.0117187500
186698483.1387246251 7352343.7695312500
191218698.1846496761 7440275.2304687500
184081820.5943559706 7228894.1523437500
177657842.4699283838 6282705.5742187500
187581803.5632025898 7379816.9335937500
178037608.0078861117 6450610.6250000000
191334945.2719970644 7440816.0820312500
183560281.6755337417 7190685.6132812500
191486547.2465697527 7442117.5117187500
178587293.3613450527 6571283.3593750000
183550785.9940656424 7189535.2226562500
183533237.0056426823 7185540.9648437500
183350394.2147455513 7173939.9179687500
183422705.2768592238 7174099.9414062500
183513402.9139968157 7184416.4804687500
183427856.3245719373 7177713.1992187500
178595444.8704837561 6574832.5781250000
191654449.6291272342 7443288.9882812500
178478768.9727614522 6547029.1210937500
178484410.7044223547 6552833.7617187500
191851738.1531077027 7443832.4492187500
183117342.3256327510 7153374.0976562500
183187402.7987461984 7160536.0585937500
183205668.7186155021 7160581.1210937500
183105779.3432798088 7152594.2695312500
187669703.8190108240 7381652.4882812500
187677914.4371880889 7382632.2773437500
191575526.9032288790 7442889.8007812500
182020377.9507733881 7068363.1640625000
181879407.4809829891 7047210.8320312500
182056122.6708439887 7072015.5546875000
181965211.0736887753 7062398.6875000000
182037082.3793663383 7071035.6953125000
182063275.6724176109 7073077.2343750000
178309709.5184866786 6502791.1210937500
178442944.0988315344 6536691.0000000000
179360366.3602877557 6687368.1757812500
179407004.0941422880 6696991.7773437500
178458794.1749446988 6544083.1914062500
178365699.0679317713 6523592.8750000000
178361362.4774692655 6519835.9335937500
179482587.5681540072 6697848.4179687500
178311797.6359193325 6512874.8320312500
186110965.3957723379 7322516.9648437500
181877224.0727103651 7039651.6835937500
179595713.3362402618 6702050.3164062500
179579454.3612917960 6698545.5117187500
179487845.7804502547 6697892.3320312500
177660947.2397767901 6298022.6132812500
179333503.4554950893 6684225.0117187500
179267843.0442347229 6676274.8789062500
177725965.6956999302 6309308.5859375000
192180475.9642818272 7445110.2070312500
178432152.7113670111 6535959.6054687500
178446233.8034615815 6537575.3867187500
185998910.4467708170 7317180.3710937500
185980473.9684357643 7316504.9882812500
192539477.5243229866 7447824.2226562500
192158625.9306611121 7444685.9257812500
177697423.8935353160 6304622.8945312500
177708448.4215288758 6308692.4843750000
177682079.5227530599 6301049.0351562500
177705410.3005213737 6307932.3750000000
192497304.3611959219 7447702.0351562500
191990868.5756012499 7444377.6523437500
180486139.3993532360 6794903.3437500000
180322005.6164098680 6761895.5117187500
180450917.3642175496 6788854.2421875000
180295568.9039739668 6757837.8906250000
180416603.6321641505 6780508.6953125000
180434940.7543831170 6785527.1718750000
180382433.7809564769 6774513.1953125000
180376654.5546903312 6774203.9218750000
180251045.7734539211 6733342.3671875000
180193926.0521811545 6726430.1250000000
180248988.8461477458 6727750.7421875000
180283804.6060797870 6737799.3710937500
180175040.5917164385 6724187.7343750000
180146586.5466752648 6705253.7539062500
180126670.7894127071 6705168.8085937500
