182308359.9160440266 7120113.8789062500
185813438.8959721625 7335091.1835937500
186117423.2787946463 7346196.3476562500
188280430.2471940517 7418440.3242187500
177711603.3450955153 6385880.0429687500
182112233.2205106616 7108219.8320312500
187458583.0864174962 7397832.9492187500
185883428.0412923992 7335464.7539062500
192703520.0213035047 7460564.3085937500
177343323.3973601162 6224577.4960937500
177293586.0713376701 6216810.0312500000
177285324.0338938534 6201223.6367187500
187839279.9622556865 7408081.3789062500
181194959.4088609815 7019230.0664062500
181175646.5696345866 7016012.0625000000
184234906.3554593921 7256796.0429687500
177272461.2871527970 6192862.9726562500
178313124.6161372960 6535148.9687500000
178272201.4360373318 6534751.4765625000
183634680.4445171952 7219125.9101562500
185756835.2056899071 7334821.6132812500
186939420.8620649278 7380881.5429687500
191926523.6438472569 7456782.6289062500
178428628.1791377068 6565307.5156250000
178448892.2862051725 6568093.5546875000
189260678.8446082473 7436003.7773437500
192531459.6836462021 7459693.3242187500
188024245.0976634622 7411899.3476562500
182138656.8303855956 7111072.2304687500
184240871.9886735380 7258936.9101562500
188502911.4276031852 7423622.0351562500
180143713.2019768059 6880085.9804687500
186521587.4908012152 7366435.8945312500
191744464.5740256011 7456624.3320312500
180753095.4957308173 6971020.8671875000
181015319.2713278234 7002708.5625000000
182129795.9692678154 7110363.0351562500
187436818.3494014442 7397277.2460937500
182215618.1170519590 7118080.7539062500
179038659.7845229506 6682746.8593750000
181056910.8870861232 7007667.0468750000
182045792.7379484177 7105447.8398437500
185173570.8078435957 7307996.1914062500
185453960.7938736677 7320684.6289062500
191529198.6570094228 7454914.8320312500
191182560.0395915508 7451203.6992187500
177743452.0692222118 6393718.5312500000
183149973.1772316396 7184696.8164062500
191072270.6497226954 7449072.3710937500
180357387.0059426725 6916508.4843750000
189899936.0723960102 7442370.5976562500
177708385.8163816333 6385817.4960937500
180886136.2083494663 6986877.3515625000
189442411.4137629569 7439122.9882812500
191629491.1732591987 7455675.9257812500
177739055.6524216533 6392412.5390625000
178150837.4567769766 6492909.3632812500
191205276.4149241745 7451946.7226562500
187246898.0232293010 7389406.2539062500
188886139.1415830851 7433371.4960937500
189765649.2882553339 7441808.2070312500
187160204.4205865860 7388754.0664062500
189729483.2352349758 7441587.6601562500
189424592.2333845496 7438682.6835937500
188599572.1251794994 7428517.9882812500
183596549.9109002054 7217588.6210937500
192321736.3303734958 7458697.6679687500
192644433.2474171817 7460242.5585937500
177728419.8109830618 6387404.0156250000
177689799.3766205907 6380397.1484375000
180180985.8481196165 6887809.4023437500
184196481.8904667795 7254363.9023437500
189623785.7263695002 7440586.9335937500
189826078.6823016107 7441887.8945312500
181203803.3496467173 7019699.6406250000
183169388.2123712003 7185953.2929687500
180715863.2649242878 6966045.3515625000
185150075.7443837225 7305083.8710937500
189507825.9843259752 7440437.6523437500
185102518.2678675056 7296817.4257812500
186788828.2813780904 7376424.6523437500
178531770.6184471846 6576003.0468750000
178544833.6786299348 6579201.1250000000
187498202.2056206465 7398048.3242187500
177748264.0445026755 6393888.5468750000
188688333.9412099421 7428739.0351562500
185609753.3534108400 7326952.9179687500
187584218.9999210835 7402322.2304687500
193120596.9015538692 7460782.9882812500
180948579.6842241585 6996595.9765625000
185312593.5575389266 7315380.6445312500
192623847.7363684475 7459992.6367187500
180275568.8724971712 6908321.5507812500
180755998.0537774861 6971846.1250000000
192573004.8602469563 7459909.3398437500
177255782.8045337498 6191924.9687500000
180795707.7661322057 6977874.6445312500
192356869.1628871858 7458946.3476562500
188440063.7101064026 7422548.0820312500
178357058.3506481647 6550453.9882812500
185670914.3240904510 7329963.9726562500
187900796.4408910275 7409672.9804687500
178081095.2705270052 6485378.8632812500
178110278.9526374340 6490836.6679687500
178168832.0331690311 6496302.7851562500
183458359.3199095428 7208921.9335937500
178326474.8393006325 6543675.4726562500
178257624.9596118331 6527747.0429687500
186604796.7568861246 7369191.9804687500
183588018.1832367480 7215970.7773437500
181155293.1994394362 7015171.4531250000
186651187.2311508358 7371547.9179687500
188697681.2471474707 7430026.1992187500
182400864.7460711300 7127963.7304687500
186958589.7076495290 7381348.4101562500
185437587.0652244985 7320491.7460937500
188959916.4818798602 7434229.8476562500
182341806.3798062801 7124568.6679687500
182012882.8912326097 7100632.5742187500
183511080.9203015864 7211116.6210937500
188430923.9456232786 7422170.7226562500
182350360.5634027719 7125610.2695312500
178788734.4438030720 6633492.5898437500
181958077.8353739381 7093387.5039062500
189288205.8848958910 7438067.8554687500
178916871.2576352358 6659759.1132812500
185238936.7871243358 7310493.7695312500
180348877.2854803205 6915447.5781250000
184044136.5875330865 7247119.2460937500
188370892.1562298238 7421931.5820312500
188906795.6211000979 7433522.1523437500
178810616.8216553926 6641844.0585937500
177672627.1118472219 6372257.5273437500
191506060.3063306212 7454054.2695312500
184978886.7563399374 7295340.9804687500
189114352.8511879742 7435767.1757812500
185167629.8719875515 7306162.5273437500
185116987.9354581833 7303137.8242187500
177797326.7187015414 6412944.9687500000
190065943.4274578393 7443880.6289062500
180422769.8291640878 6927866.8203125000
184969769.1034689248 7291300.3710937500
177232853.0256243646 6159812.4648437500
180448109.5345596373 6929144.1718750000
184859502.7253731191 7290508.5507812500
184731349.6631182134 7283272.4726562500
191300734.7805328071 7452547.8398437500
180406455.9791525304 6924955.9062500000
180593819.1337733865 6952327.5234375000
177335667.9805509746 6223985.1445312500
177327578.9316718876 6221753.6953125000
177799337.4674216509 6415340.5156250000
192269006.6325502992 7458025.7617187500
178851601.9221439362 6648404.2539062500
187839525.1549134254 7408465.8554687500
191668120.8341158628 7455690.7382812500
182183004.3626003265 7114345.9179687500
178792028.1726979613 6636723.6835937500
177354197.8949812353 6231636.6406250000
177495285.8480694294 6296729.9453125000
178923425.1593096852 6664173.0117187500
184354230.1929130554 7263444.4414062500
181132592.4418431222 7014597.5156250000
178839262.9810897708 6647654.7851562500
185756131.3827392757 7331574.2929687500
177752082.0044597387 6394706.8164062500
183030879.6833797395 7171592.0585937500
190546956.2057575583 7446369.4804687500
190203204.4388937950 7444276.9492187500
182514947.8044694066 7133707.2773437500
184645784.8199093640 7279079.6054687500
184333485.1950423419 7263343.1679687500
182560007.8144379854 7139226.2304687500
189989592.9823625088 7442790.5898437500
182423630.2643764913 7129278.3320312500
187904447.2305083871 7411003.7070312500
183504337.4336631000 7210794.2773437500
180476712.2267343700 6935191.1171875000
190881113.1920405626 7448547.9648437500
177253781.6578367651 6179114.7304687500
177553377.7687343955 6323082.5976562500
180114432.1063754261 6872557.3085937500
190433868.5728502572 7446115.3789062500
180629580.5013056397 6955391.1875000000
187285986.0876646042 7393986.4648437500
184219285.4739710093 7256266.0195312500
184531924.5633292198 7273724.2539062500
184302153.8100988865 7260633.5195312500
192106289.1330554485 7457557.6914062500
184119071.8858055472 7250924.0976562500
186078390.2055588961 7345287.7304687500
186013455.6561914384 7342185.4960937500
187020186.9949747622 7383366.3554687500
186829203.7917571664 7377360.8320312500
180623439.2018727660 6953215.3281250000
180745313.6470087767 6969077.8515625000
192095514.7452289760 7457530.6054687500
192088851.8707671463 7457502.3320312500
180158034.1644314229 6882543.6679687500
180461381.4825590551 6932959.5390625000
181854523.5310886800 7082230.0195312500
181876203.7859426439 7083952.3007812500
185971528.3509191275 7341588.2539062500
186121307.4934747517 7348519.6601562500
179330383.1606070995 6724696.3281250000
177528308.5555545688 6313551.4960937500
177936996.7885167003 6451516.6601562500
183801788.5002183914 7231267.8632812500
183922878.0647216141 7237346.4726562500
178873137.1006626189 6653417.6601562500
180852395.4235821068 6984432.5390625000
190339923.5536869764 7445269.2148437500
181865041.0170174539 7082730.1445312500
188439003.5404809415 7422316.2695312500
177754801.7606772184 6397520.7265625000
183651547.7909532189 7220343.6757812500
185736748.3123620450 7330833.9804687500
183682287.4895668030 7222802.3867187500
178241475.6096305549 6518450.5898437500
183784124.2710765004 7229809.9882812500
178208217.4615199268 6514859.4960937500
177240368.3417094648 6172791.8398437500
186177027.9521046877 7349405.5273437500
183773481.3742156029 7229093.5664062500
177541237.1351167560 6321373.6406250000
183659028.4813226759 7222391.4570312500
186842443.4770988524 7378340.8242187500
181865854.9306985140 7083386.0351562500
186185831.4827192724 7351570.1367187500
177565911.2193642855 6331458.8906250000
177954559.6026262045 6454610.8984375000
181963709.7935538888 7094433.5820312500
181631895.8072940409 7057476.0429687500
177515366.4988678694 6310091.2109375000
186303947.0992515981 7355822.7226562500
180123027.7955940664 6874202.6406250000
179287138.5177021027 6723128.5507812500
181599258.1524189413 7053182.6171875000
177514282.5966609120 6303448.8945312500
180212890.4547515213 6890315.7734375000
177539202.0212410092 6320010.2734375000
179392874.4180878401 6726840.6406250000
188049526.8376111090 7412747.8007812500
177622446.5004776120 6351878.2382812500
188218448.7262942791 7417225.1992187500
188177622.2619997263 7416090.6835937500
190650786.8371759951 7446376.5039062500
183055872.9861660898 7177868.6367187500
183097601.2786480486 7181875.7460937500
178055184.6369027793 6479123.8710937500
179198766.6584508419 6711352.7382812500
179243699.2645142078 6715110.5468750000
179108095.5301573277 6697470.8789062500
178978193.1977712810 6673155.3398437500
187082019.3526335657 7386901.4570312500
183099810.6868713200 7182324.5820312500
177975310.3786068559 6460840.9140625000
183257802.3420463800 7193818.4023437500
177439345.8830085099 6253821.9960937500
180498644.1102116704 6936161.7734375000
183199006.5425940156 7188729.8007812500
183105677.9097975492 7183623.4179687500
177872441.0117229223 6433636.0507812500
177661885.4494923353 6363057.9218750000
181650093.7243455648 7059039.4140625000
177932362.0218769312 6450212.2929687500
178031358.6677761674 6472779.6523437500
181526346.6471736729 7046232.1875000000
181530603.7026011348 7048781.9687500000
177786209.3614934683 6407721.7031250000
186697203.3236935437 7372401.5898437500
178748552.6367773116 6624133.6640625000
177834320.7617892027 6422969.4375000000
177617820.7226587534 6345400.7929687500
186839117.9539824128 7377671.5039062500
190854749.8169554472 7447287.4726562500
177826604.9595009685 6419254.8710937500
190790970.6624080241 7446578.8710937500
177649155.6986008883 6360057.9179687500
186680227.8844777346 7372381.4804687500
177443766.6942061484 6256609.1054687500
177769524.7496321797 6401741.4101562500
178786522.8212933838 6628819.4140625000
177418802.2290646732 6250155.9531250000
178721086.8929553926 6609923.3906250000
181491022.6152390838 7041820.2539062500
177441735.0861371458 6254751.1406250000
177455539.4168415368 6264054.3515625000
186917935.9119897187 7380029.1601562500
177456193.3375573456 6269526.7304687500
181447397.1936486959 7039852.3046875000
182749105.9594661295 7143861.3632812500
182782231.5663978159 7145075.7773437500
182732753.3794418275 7142203.6992187500
182741870.3620955050 7142227.7148437500
182701286.4990599453 7140551.0742187500
181389992.9377210438 7032445.9765625000
178712838.5409002304 6601210.5156250000
178700706.2756813765 6597567.1835937500
178711356.6732432246 6599318.2265625000
