177443313.9574954212 6267675.9296875000
182512164.0714913309 7138344.2929687500
185677932.2088790238 7332504.9179687500
187635126.9065695107 7403481.0664062500
177424685.3018270433 6263939.4062500000
180585220.8398391902 6949008.1406250000
185745184.7056997716 7337152.3476562500
186377842.6016912162 7361199.2148437500
189128401.2606767714 7437022.4726562500
177732497.3978869319 6390821.5234375000
179073297.2831251025 6683209.8437500000
181434302.7557689846 7045698.4296875000
181478205.6199079454 7052602.6250000000
185530968.4472171366 7326502.2539062500
186354415.4499034286 7360194.6914062500
187381184.9789942205 7394528.3632812500
187805494.9933246076 7404687.5585937500
189098724.9827590585 7435670.6445312500
193125573.7224469781 7461441.3867187500
182305581.6854291856 7122628.0351562500
192095464.9215891063 7459484.1914062500
180135026.2872867286 6882050.6015625000
180114115.7871797979 6877789.1953125000
177443559.0200388730 6268813.4570312500
181516856.8436836600 7053894.6796875000
181913652.4102188945 7084714.6679687500
190927942.7409754992 7452849.1367187500
191676633.6393777728 7457614.6289062500
191377099.1602832377 7456917.1992187500
180197811.5263126194 6892142.9140625000
180380776.3180949688 6922323.2656250000
181448587.5702445805 7049412.9609375000
183515596.1146628261 7213031.0742187500
187397126.6877264977 7396898.9179687500
178360614.6352051198 6551150.4296875000
183349053.9654234350 7200498.3789062500
185804759.3459364474 7340076.5195312500
178303424.8006074131 6536625.8515625000
180193660.0723378062 6888498.4765625000
181529869.1992450356 7056564.5976562500
183338782.7541798055 7198968.8554687500
185608889.0065234005 7331075.3945312500
191505269.7069838941 7456941.8710937500
177229439.6551705897 6148875.2539062500
180356626.9988448024 6916355.7304687500
181317461.9210312068 7039877.1953125000
181241026.0615344048 7027344.4687500000
182474230.8462805748 7132445.0195312500
182979672.4388730824 7170234.6757812500
185817610.2300532758 7341178.6914062500
191355643.2229416966 7456803.7226562500
177288319.8442200124 6206142.9296875000
178360365.3234076202 6546957.8828125000
181580292.7223039269 7062974.8710937500
185578896.9266335070 7328660.1914062500
180132145.7688397169 6880048.4375000000
182330809.4135155678 7126605.1914062500
177741751.5568782091 6394238.2343750000
180086697.7870132923 6874219.3828125000
184169678.1237252057 7252945.6210937500
184499327.1746613979 7270007.4804687500
184207017.8346540332 7255356.2382812500
191325507.0795754790 7456500.1445312500
185858633.5478230119 7344198.3085937500
190696408.8574188650 7450250.1210937500
191867902.4696466327 7458916.5195312500
177390141.4173688591 6262265.7031250000
187559300.3529857099 7402340.0351562500
189276323.9425674379 7437512.0507812500
191200770.8476658165 7454233.1054687500
177284505.3934588730 6194476.7890625000
177351770.3401051462 6248395.6992187500
180048391.6885780394 6860644.8984375000
182455679.1003372371 7131522.1210937500
183117749.7264530063 7184122.8476562500
188464700.5300387442 7422588.8867187500
190823699.5469357669 7451745.8710937500
185787960.9780579805 7338993.8867187500
191787319.1314583421 7457654.9960937500
191010091.7843073010 7453993.2539062500
181521577.7636984289 7055418.0507812500
182478590.9727089405 7136599.8710937500
189404457.1587014794 7438790.0585937500
191262289.1637052298 7454992.4804687500
178104768.9985092878 6487133.6367187500
178268872.4173792899 6524147.3984375000
187710283.1453484893 7404610.6210937500
188498652.5159881413 7424156.9257812500
191539959.0790477097 7457426.3242187500
177327660.5441431105 6238409.9140625000
182370896.6538189650 7129485.7851562500
186140863.4978897572 7354770.5585937500
178319852.4244782627 6545070.8906250000
180150074.6605924666 6887178.0781250000
180207260.4831142128 6895707.7226562500
178487415.5707939565 6578282.6093750000
185725787.9872474074 7336328.2304687500
183028731.9727633893 7173982.7539062500
183158020.6802129745 7188021.3476562500
186177396.1914085746 7355074.4257812500
181202772.5163539350 7024185.2890625000
183247277.1189311743 7196006.6835937500
185698750.8333388567 7335822.3945312500
188887395.6074201167 7433778.9335937500
178149521.1676250696 6495331.8046875000
181376436.8566747606 7043105.7500000000
188526910.8670590520 7425277.6132812500
178442539.7816895545 6569607.1171875000
181390521.8248596489 7044101.8203125000
181173408.4931166172 7023003.4921875000
180202960.2890514135 6895037.1054687500
188787197.5732208490 7431873.0195312500
178419235.8198252022 6565143.5546875000
182044065.7136569321 7105462.6054687500
181964924.5687856078 7095157.9882812500
182120063.2663845420 7109214.4101562500
185601938.4226047397 7331034.2148437500
178242443.0776442587 6522502.2500000000
186275324.9039689898 7359570.2226562500
186042164.0399019420 7349162.1210937500
189701147.9341135323 7442175.3320312500
181935458.1961944997 7091995.8867187500
181190263.5739362836 7023322.2187500000
189875467.5206430852 7443373.4492187500
192935936.1041494608 7461150.5351562500
181109592.9350349009 7009277.3750000000
180312788.3767833114 6910874.5585937500
177272385.5075250566 6194023.4296875000
186092838.1610467434 7353226.4960937500
183433094.9138951600 7208661.5898437500
178168005.6469442844 6498412.9062500000
192838334.1155225337 7460872.4960937500
184212402.4473434389 7257170.5585937500
177753549.9057409167 6398109.7578125000
180368995.2374201715 6919917.0976562500
189733529.4711106718 7442296.8945312500
178023568.7059089541 6473999.9648437500
178543241.1789146960 6581558.9296875000
181141344.6519330740 7017454.0078125000
187447382.0660566390 7398752.3945312500
185165348.5385461450 7307858.1601562500
189969883.0214827657 7443964.8007812500
188328102.4145307839 7419846.2929687500
178080740.5532693863 6486223.3320312500
178217621.9101777375 6520920.9765625000
178387221.0060041249 6559090.5390625000
177711534.4875016809 6386131.4140625000
177718692.2683836818 6390022.1562500000
188280430.2471940517 7418440.3242187500
192703520.0213035047 7460564.3085937500
177293586.0713376701 6216810.0312500000
177285324.0338938534 6201223.6367187500
187839279.9622556865 7408081.3789062500
178272201.4360373318 6534751.4765625000
186939420.8620649278 7380881.5429687500
188024245.0976634622 7411899.3476562500
182138656.8303855956 7111072.2304687500
184240871.9886735380 7258936.9101562500
186521587.4908012152 7366435.8945312500
181015319.2713278234 7002708.5625000000
182129795.9692678154 7110363.0351562500
182215618.1170519590 7118080.7539062500
179038659.7845229506 6682746.8593750000
181056910.8870861232 7007667.0468750000
185173570.8078435957 7307996.1914062500
177708385.8163816333 6385817.4960937500
180886136.2083494663 6986877.3515625000
189442411.4137629569 7439122.9882812500
177739055.6524216533 6392412.5390625000
187160204.4205865860 7388754.0664062500
188599572.1251794994 7428517.9882812500
192644433.2474171817 7460242.5585937500
177689799.3766205907 6380397.1484375000
180180985.8481196165 6887809.4023437500
189623785.7263695002 7440586.9335937500
180715863.2649242878 6966045.3515625000
185150075.7443837225 7305083.8710937500
189507825.9843259752 7440437.6523437500
185102518.2678675056 7296817.4257812500
186788828.2813780904 7376424.6523437500
180948579.6842241585 6996595.9765625000
185312593.5575389266 7315380.6445312500
192623847.7363684475 7459992.6367187500
180275568.8724971712 6908321.5507812500
180755998.0537774861 6971846.1250000000
192573004.8602469563 7459909.3398437500
177255782.8045337498 6191924.9687500000
180795707.7661322057 6977874.6445312500
178110278.9526374340 6490836.6679687500
183458359.3199095428 7208921.9335937500
186651187.2311508358 7371547.9179687500
188697681.2471474707 7430026.1992187500
186958589.7076495290 7381348.4101562500
188959916.4818798602 7434229.8476562500
182012882.8912326097 7100632.5742187500
178788734.4438030720 6633492.5898437500
189288205.8848958910 7438067.8554687500
178916871.2576352358 6659759.1132812500
185238936.7871243358 7310493.7695312500
184044136.5875330865 7247119.2460937500
188370892.1562298238 7421931.5820312500
178810616.8216553926 6641844.0585937500
177672627.1118472219 6372257.5273437500
184978886.7563399374 7295340.9804687500
185116987.9354581833 7303137.8242187500
177797326.7187015414 6412944.9687500000
180422769.8291640878 6927866.8203125000
184969769.1034689248 7291300.3710937500
177232853.0256243646 6159812.4648437500
184859502.7253731191 7290508.5507812500
184731349.6631182134 7283272.4726562500
180593819.1337733865 6952327.5234375000
177799337.4674216509 6415340.5156250000
178851601.9221439362 6648404.2539062500
187839525.1549134254 7408465.8554687500
178792028.1726979613 6636723.6835937500
177495285.8480694294 6296729.9453125000
178923425.1593096852 6664173.0117187500
181132592.4418431222 7014597.5156250000
178839262.9810897708 6647654.7851562500
190546956.2057575583 7446369.4804687500
190203204.4388937950 7444276.9492187500
184645784.8199093640 7279079.6054687500
184333485.1950423419 7263343.1679687500
187904447.2305083871 7411003.7070312500
183504337.4336631000 7210794.2773437500
180476712.2267343700 6935191.1171875000
177253781.6578367651 6179114.7304687500
177553377.7687343955 6323082.5976562500
190433868.5728502572 7446115.3789062500
180629580.5013056397 6955391.1875000000
187285986.0876646042 7393986.4648437500
184531924.5633292198 7273724.2539062500
184302153.8100988865 7260633.5195312500
184119071.8858055472 7250924.0976562500
187020186.9949747622 7383366.3554687500
186829203.7917571664 7377360.8320312500
180461381.4825590551 6932959.5390625000
181854523.5310886800 7082230.0195312500
181876203.7859426439 7083952.3007812500
179330383.1606070995 6724696.3281250000
177528308.5555545688 6313551.4960937500
177936996.7885167003 6451516.6601562500
183801788.5002183914 7231267.8632812500
178873137.1006626189 6653417.6601562500
190339923.5536869764 7445269.2148437500
181865041.0170174539 7082730.1445312500
183651547.7909532189 7220343.6757812500
183682287.4895668030 7222802.3867187500
183784124.2710765004 7229809.9882812500
177240368.3417094648 6172791.8398437500
183773481.3742156029 7229093.5664062500
177541237.1351167560 6321373.6406250000
183659028.4813226759 7222391.4570312500
186842443.4770988524 7378340.8242187500
181865854.9306985140 7083386.0351562500
177565911.2193642855 6331458.8906250000
177954559.6026262045 6454610.8984375000
177515366.4988678694 6310091.2109375000
179287138.5177021027 6723128.5507812500
177514282.5966609120 6303448.8945312500
177539202.0212410092 6320010.2734375000
179392874.4180878401 6726840.6406250000
188049526.8376111090 7412747.8007812500
177622446.5004776120 6351878.2382812500
188218448.7262942791 7417225.1992187500
188177622.2619997263 7416090.6835937500
190650786.8371759951 7446376.5039062500
183055872.9861660898 7177868.6367187500
178055184.6369027793 6479123.8710937500
179198766.6584508419 6711352.7382812500
179243699.2645142078 6715110.5468750000
179108095.5301573277 6697470.8789062500
178978193.1977712810 6673155.3398437500
187082019.3526335657 7386901.4570312500
183099810.6868713200 7182324.5820312500
177975310.3786068559 6460840.9140625000
180498644.1102116704 6936161.7734375000
183105677.9097975492 7183623.4179687500
177872441.0117229223 6433636.0507812500
177661885.4494923353 6363057.9218750000
177932362.0218769312 6450212.2929687500
178748552.6367773116 6624133.6640625000
177834320.7617892027 6422969.4375000000
177617820.7226587534 6345400.7929687500
186839117.9539824128 7377671.5039062500
177826604.9595009685 6419254.8710937500
177649155.6986008883 6360057.9179687500
186680227.8844777346 7372381.4804687500
178786522.8212933838 6628819.4140625000
178721086.8929553926 6609923.3906250000
186917935.9119897187 7380029.1601562500
177456193.3375573456 6269526.7304687500
182749105.9594661295 7143861.3632812500
182782231.5663978159 7145075.7773437500
182732753.3794418275 7142203.6992187500
182741870.3620955050 7142227.7148437500
182701286.4990599453 7140551.0742187500
178712838.5409002304 6601210.5156250000
178711356.6732432246 6599318.2265625000
