181611547.9532778263 7058474.4960937500
181465807.3236522079 7050628.6250000000
182441885.6052475274 7133154.4882812500
183585444.4891836643 7215911.0742187500
183686042.8834842443 7225086.2460937500
185965334.4028834701 7347608.9492187500
177363421.6999261081 6250478.0429687500
177508983.7286894619 6307123.9296875000
177644335.1131650805 6353594.1757812500
179973042.0162861347 6856599.0507812500
180444586.1671181023 6930000.4218750000
181012825.6650772989 6996804.7421875000
185318112.6463724375 7318153.4804687500
185493348.6342327595 7323583.9570312500
186366121.4014981687 7365834.0898437500
186740415.0191364288 7375993.3320312500
189099912.4292734265 7436547.5976562500
189012361.8368395865 7434824.4335937500
193812502.1899982691 7462483.9804687500
188415249.9899819195 7422787.6757812500
191933610.4901458919 7460109.9179687500
180866764.7703638077 6985425.2968750000
187496876.2711941004 7400339.5742187500
191929895.5783928335 7459587.7851562500
186931226.9818540215 7384900.4570312500
192084128.3085997999 7460621.7070312500
178979039.4964216053 6679679.0468750000
178904864.7469011843 6666480.7929687500
186857619.4902313650 7379624.1992187500
184041764.0779857337 7248216.3007812500
186271272.0034453571 7363743.6914062500
180446490.6397135556 6935157.5625000000
178370447.7941595018 6558164.1171875000
179882940.4859435856 6830251.3710937500
186084356.2903388143 7357093.1992187500
177672229.1687377691 6373494.3203125000
181387200.2917451560 7048905.5703125000
181679196.2242381871 7073162.6601562500
185187146.0826796889 7312401.7929687500
177407105.8479251564 6264242.2812500000
178964373.4518847764 6678025.5312500000
178227772.8970124125 6524753.2968750000
192335826.9878834784 7460900.7382812500
178760350.1040479243 6639218.0937500000
179791632.8655674160 6827073.7812500000
179890782.4456891418 6841739.9609375000
180763963.4410312772 6974252.7265625000
180164595.1101824939 6890637.2734375000
179005564.2069476545 6685185.4257812500
190818754.8685853481 7451781.6445312500
180203183.1420547068 6898352.9921875000
180220603.2286483645 6903336.2109375000
180905393.7503955662 6991874.3046875000
178847578.8154866397 6660509.0703125000
178963120.9790037572 6677330.3593750000
185556691.8408338428 7330501.5585937500
183673059.5335836709 7224647.0820312500
185592934.1724119782 7331939.1054687500
186427495.8323673010 7368757.1835937500
178799144.7621681392 6639705.4453125000
180685065.9785573184 6963802.7578125000
181820891.4106432199 7083239.3085937500
180397508.7781521976 6927415.5507812500
188181446.3398263454 7417724.3476562500
178944258.2663473785 6676177.3320312500
177348288.9355574548 6242793.5664062500
186035821.7951410413 7352875.3789062500
178334255.6766342223 6551139.3046875000
180102770.9315532744 6881029.1367187500
192029224.2125280499 7460203.6992187500
186909580.9702996314 7383679.7070312500
177520707.6616803706 6312585.1250000000
178415219.1327026188 6565907.6484375000
180766191.0923415124 6974927.8359375000
185535511.9077390730 7329268.1679687500
179074687.6601306498 6691711.5585937500
183773101.7313654423 7229275.8554687500
189267970.8282297850 7438209.8554687500
183598107.0125864744 7218089.9726562500
183779976.6695542336 7231318.3476562500
186923345.5151912868 7384859.7148437500
185079603.3260273933 7307108.6132812500
177316180.9354579747 6227243.5117187500
191829172.3284966946 7458464.0742187500
180373123.9211152792 6925703.1601562500
189229948.5390245020 7437580.3085937500
189310758.3481501043 7438404.8320312500
185147211.1069104970 7309427.8632812500
177274649.4287931025 6204938.2968750000
177458186.6094842255 6293104.0000000000
186177795.3468600512 7360085.0507812500
181482818.9579212368 7054187.1093750000
179000017.9137571156 6683707.4140625000
180726185.9137193859 6970805.8359375000
186847301.0074533522 7379450.6757812500
177893442.2123638988 6440182.4257812500
184986624.2280665636 7301536.7226562500
186768919.7779641747 7378738.3554687500
177286815.4670887887 6210404.8437500000
185127802.4387988448 7308996.3945312500
181118706.0049750805 7016282.9453125000
187392571.0085742474 7396926.9335937500
180844506.9106642306 6983727.2968750000
177424314.5962411463 6279299.6757812500
179906196.5443291366 6847376.1835937500
177879596.4849412739 6435389.3828125000
181420651.1074117720 7050563.9062500000
181839175.2492184937 7086069.1796875000
179892074.3491605818 6846024.3984375000
180016492.2842226326 6868715.2617187500
191179375.5940909386 7455643.3085937500
186903915.0334488153 7381277.3320312500
178513483.0890195072 6585158.3984375000
177615331.6572998166 6346369.1093750000
180557770.7217479646 6946271.9804687500
181375381.4606222510 7044374.8828125000
185793888.4100015759 7341793.7460937500
186591425.8200279474 7373154.6601562500
190964543.3694153130 7453591.0898437500
188762939.5388688147 7431936.1914062500
178438837.5088472664 6571369.1328125000
178260313.0902613103 6532601.5546875000
180099373.6121440828 6878472.8281250000
180072419.5369365811 6876214.5468750000
180195158.2308439314 6896884.3085937500
193415934.3426603079 7462454.1992187500
184446146.0717068315 7264863.7539062500
186376828.0162155628 7366747.8007812500
181284548.3385784626 7036367.6015625000
188267515.6558199227 7420051.7226562500
188145049.5648584962 7416351.0039062500
177739711.5982587934 6394627.4531250000
177734763.2461667061 6394312.3125000000
188019816.7707295120 7415019.7226562500
180717339.2018510401 6969985.3281250000
191519220.3736938834 7457753.8085937500
180351739.0025631487 6921159.2070312500
182455017.5842177272 7135494.3085937500
185691482.3173696697 7337084.2460937500
180730985.4250966012 6972968.4218750000
178077382.0504974127 6482235.0273437500
184276709.6072191298 7259423.1132812500
177739951.3840929866 6395082.4062500000
186605539.1578748524 7373203.7304687500
186006603.3058192730 7351749.1054687500
178758369.7281197608 6631767.3320312500
187637722.0086349547 7404999.1601562500
178138704.3004656434 6497827.9492187500
182370394.2886520624 7130739.9023437500
177255763.9683283865 6194975.5000000000
177254178.7132596076 6182144.3007812500
180593248.0093248487 6954366.7265625000
184370142.2359822392 7264544.9335937500
178630235.9368868172 6610743.7929687500
193280995.9009658098 7462112.5898437500
177387298.6870425642 6261272.9726562500
178699085.8165756762 6625288.2617187500
181488584.7951674461 7056968.9609375000
177417055.2656785548 6276613.3437500000
178479220.0541063249 6578672.8515625000
181182912.5063886642 7025929.8984375000
178456435.7444284260 6573609.7421875000
185714294.1117439568 7337572.9492187500
191554486.5313597322 7457873.6367187500
191474839.6786933541 7456885.1914062500
188739028.4410998523 7430509.0976562500
185832814.7443086207 7344630.9023437500
185633357.8566807508 7334280.4335937500
178603036.1914121807 6601763.6406250000
181877218.3674947619 7090479.2304687500
178622453.8870483935 6603967.1718750000
178590798.2397281229 6601725.4531250000
183481596.9225853086 7212149.6289062500
184231284.1332771480 7257732.7148437500
187797823.5864738226 7409226.5195312500
184188781.7238523662 7253384.2070312500
185720110.8495972157 7339581.5898437500
177247206.3069245517 6179747.3710937500
177314168.5095351040 6221250.9140625000
180494784.1408112347 6939186.0234375000
188335997.9840147197 7420312.3320312500
182407597.7752797306 7132810.6835937500
185788512.2187361121 7339620.4804687500
180182457.4254330993 6893984.0937500000
189266048.7750700116 7437834.3867187500
191880436.4524385333 7458982.0664062500
180274202.9173900783 6909106.4101562500
193235389.1655554175 7462036.3164062500
178525178.2268767059 6586939.4921875000
181224327.0082595646 7028065.8984375000
193151037.3597624302 7461531.2851562500
189031785.8569555581 7435734.7617187500
189400433.2230121791 7439235.5039062500
180337635.5154378116 6916360.4492187500
181914872.8288313448 7092414.0117187500
193125573.7224469781 7461441.3867187500
183515596.1146628261 7213031.0742187500
177229439.6551705897 6148875.2539062500
181317461.9210312068 7039877.1953125000
182979672.4388730824 7170234.6757812500
191355643.2229416966 7456803.7226562500
182330809.4135155678 7126605.1914062500
184169678.1237252057 7252945.6210937500
184207017.8346540332 7255356.2382812500
191325507.0795754790 7456500.1445312500
190696408.8574188650 7450250.1210937500
191867902.4696466327 7458916.5195312500
187559300.3529857099 7402340.0351562500
177351770.3401051462 6248395.6992187500
183117749.7264530063 7184122.8476562500
191010091.7843073010 7453993.2539062500
182478590.9727089405 7136599.8710937500
177327660.5441431105 6238409.9140625000
178319852.4244782627 6545070.8906250000
183028731.9727633893 7173982.7539062500
183158020.6802129745 7188021.3476562500
183247277.1189311743 7196006.6835937500
188887395.6074201167 7433778.9335937500
181173408.4931166172 7023003.4921875000
181964924.5687856078 7095157.9882812500
182120063.2663845420 7109214.4101562500
189701147.9341135323 7442175.3320312500
189875467.5206430852 7443373.4492187500
192935936.1041494608 7461150.5351562500
183433094.9138951600 7208661.5898437500
178168005.6469442844 6498412.9062500000
184212402.4473434389 7257170.5585937500
177753549.9057409167 6398109.7578125000
189733529.4711106718 7442296.8945312500
178023568.7059089541 6473999.9648437500
181141344.6519330740 7017454.0078125000
187447382.0660566390 7398752.3945312500
189969883.0214827657 7443964.8007812500
178080740.5532693863 6486223.3320312500
178217621.9101777375 6520920.9765625000
177718692.2683836818 6390022.1562500000
177293586.0713376701 6216810.0312500000
178272201.4360373318 6534751.4765625000
182138656.8303855956 7111072.2304687500
184240871.9886735380 7258936.9101562500
181015319.2713278234 7002708.5625000000
181056910.8870861232 7007667.0468750000
177708385.8163816333 6385817.4960937500
188599572.1251794994 7428517.9882812500
177689799.3766205907 6380397.1484375000
189623785.7263695002 7440586.9335937500
189507825.9843259752 7440437.6523437500
180948579.6842241585 6996595.9765625000
178110278.9526374340 6490836.6679687500
188697681.2471474707 7430026.1992187500
182012882.8912326097 7100632.5742187500
188370892.1562298238 7421931.5820312500
184978886.7563399374 7295340.9804687500
177797326.7187015414 6412944.9687500000
184969769.1034689248 7291300.3710937500
177232853.0256243646 6159812.4648437500
184859502.7253731191 7290508.5507812500
184731349.6631182134 7283272.4726562500
177799337.4674216509 6415340.5156250000
190546956.2057575583 7446369.4804687500
190203204.4388937950 7444276.9492187500
184645784.8199093640 7279079.6054687500
184333485.1950423419 7263343.1679687500
187904447.2305083871 7411003.7070312500
190433868.5728502572 7446115.3789062500
180629580.5013056397 6955391.1875000000
187285986.0876646042 7393986.4648437500
184531924.5633292198 7273724.2539062500
184302153.8100988865 7260633.5195312500
184119071.8858055472 7250924.0976562500
179330383.1606070995 6724696.3281250000
177936996.7885167003 6451516.6601562500
190339923.5536869764 7445269.2148437500
177240368.3417094648 6172791.8398437500
177541237.1351167560 6321373.6406250000
183659028.4813226759 7222391.4570312500
177565911.2193642855 6331458.8906250000
177954559.6026262045 6454610.8984375000
177515366.4988678694 6310091.2109375000
179287138.5177021027 6723128.5507812500
177539202.0212410092 6320010.2734375000
179392874.4180878401 6726840.6406250000
177622446.5004776120 6351878.2382812500
190650786.8371759951 7446376.5039062500
183055872.9861660898 7177868.6367187500
178055184.6369027793 6479123.8710937500
179198766.6584508419 6711352.7382812500
179243699.2645142078 6715110.5468750000
179108095.5301573277 6697470.8789062500
187082019.3526335657 7386901.4570312500
183099810.6868713200 7182324.5820312500
177975310.3786068559 6460840.9140625000
183105677.9097975492 7183623.4179687500
177932362.0218769312 6450212.2929687500
177834320.7617892027 6422969.4375000000
177826604.9595009685 6419254.8710937500
182749105.9594661295 7143861.3632812500
182782231.5663978159 7145075.7773437500
182732753.3794418275 7142203.6992187500
182741870.3620955050 7142227.7148437500
