51361669.0068863258 166778.1043163803
51293294.8708901182 165557.6068606377
52468959.4097826555 191959.7120698690
52134867.4720267728 185682.8561267853
54776893.4268346429 222763.7723388672
51429848.7273979411 169670.4182812241
52337519.6595412865 189707.2818508148
50677525.2508325428 135271.4680400342
54631687.3118437752 220435.6442871094
50699780.6774309501 136953.1634549052
51393735.7996933758 168758.4637199640
52261524.3256040215 187304.1516707680
50593156.0811151341 122401.2344567478
55213042.2248843983 224914.8411865234
50819279.4508689120 146226.3972853202
54599194.6014348865 220270.4642333984
50791371.1056279093 144739.1320299584
54775829.8262993023 221399.5828247070
50714864.6434789523 138873.5230002403
52514676.8953260705 192928.7547553778
50695345.8295306116 136921.7874783427
52972028.4860093519 193961.5772762299
50849775.2755563334 147189.5493433475
54540958.4953694120 219733.6506042480
54909161.2032386139 222924.0567626953
88064397.5404608399 245961.2397460938
52545373.9555516168 193635.0236387253
50846541.6644328684 146275.6200788993
55279124.4079153985 225212.8300781250
54456816.9715897590 219015.7648925781
52210109.2965903580 186230.7913764715
51530679.5834271759 170174.1355113983
88290833.0986426324 246019.8728027344
50933708.6162636876 153155.3336514014
88269684.8205584884 246006.3522949219
86922816.9348555803 245928.3432617188
50578803.8455947861 118288.4823528085
55412044.3999557793 225250.3309326172
50572439.3955845907 114324.2301580049
88445784.6842605174 246025.4091796875
54542788.2216145545 220007.2832641602
50590039.6621958613 122265.8208664954
88574270.9513663799 246055.3452148438
51448805.6826121137 170167.9371452332
54662333.7704949677 221095.1599731445
88173141.0062787086 245977.1906738281
87996950.8465612382 245957.3039550781
52433445.7521137893 191445.0359945297
51325889.3880291879 166165.5968624619
52324027.3642634451 189653.1335395575
52369799.8292883262 190509.9156440496
55112195.0225355774 224173.9371337891
50710262.0775606707 138111.1343227476
51216500.0687299818 162270.4599157837
51311919.4089175537 166152.2689978150
52202575.9190921709 185773.1542599523
55156709.0768293813 224897.0780029297
50648640.2582542375 133723.5221957564
54747244.8790748268 221255.0062255859
88068795.0728580505 245963.0344238281
50613740.7026050240 126653.7845055759
51332140.3672570437 166170.8318079710
52301238.8979611546 188323.5246223211
55351036.3227057904 225235.7161865234
50638411.3400334790 130655.9410219193
50584851.4386379123 121812.0996777713
54790649.5288730562 222798.5233154297
50618002.6613797247 130169.3630825132
52727246.0713972300 193960.0357723236
50676666.2686270401 135271.2023159117
50657860.3711348921 134305.8894758523
50652064.6828550398 134301.2639608681
52564530.0478218123 193829.7782039642
50762390.1614144817 142244.8589094657
50931759.0760482103 153097.2043658275
50944065.3964083493 153658.1511025106
50590410.4660635218 122385.6077060997
52581426.0636415631 193884.3189754486
50862388.1005243212 149576.6607283133
50630871.4212795198 130539.0907686651
50804469.4100757241 145737.3270870227
56309098.6204256639 225840.3980712891
55512658.2671115696 225779.4188232422
55432663.8834206685 225502.9302978516
52233026.4888589531 186794.8061469793
56031867.5591055229 225821.3280029297
54979206.0830971897 223703.6309814453
87763733.0917464197 245932.0839843750
50617426.7138669193 129782.8795137107
56395831.8499054536 226152.0863037109
52463526.7051851377 191538.2863826752
55947420.7964953631 225783.2340087891
50802814.3773976490 145650.0033634681
50660745.6130268127 134530.8652809560
54926900.3131370619 223622.5362548828
51436556.7932915092 169748.3582897186
50646743.4029886872 133715.2346963286
50616665.0861371085 129767.3841828406
51033178.3292195350 157102.5410952613
53236455.9313244820 194010.1226863861
52189632.7729899138 185744.9815410376
50628618.7229428962 130530.8032692373
50582571.2908935845 118532.4129475210
52285972.3888376728 188110.6521238089
52101918.7952356562 184132.8318113089
50900937.0911741108 150215.2037539527
50753420.0884886235 142178.3284352201
51304184.5437957346 165788.3523101807
50587291.4445798546 122240.1469090730
50704170.0497314408 137974.4088526666
50746056.2934292555 141878.7370222587
51301008.0560329258 165747.6132380036
50885833.2409430295 150036.1229112491
50960097.5297125280 154237.9806049842
51011025.7771092728 155549.3682250756
50615824.8574289158 129766.8453576267
50581466.2779634297 118510.2251983438
50587992.8586296216 122265.2198617160
50727306.6033718288 140740.8041490990
50583548.0815850049 121798.6532799900
50675701.7318046093 134623.4663857818
50870789.2512740120 149948.0376193867
50635752.8109194264 130614.6880654693
51258531.3049233332 163980.9905573728
51270745.1478458643 164645.9934870270
50766731.5914558247 142741.5380476493
50655507.1332486197 134305.0310507119
52097626.4210601747 183409.4194037914
50665435.4731309637 134534.6371136433
50600757.6903630793 126341.2173300087
50801985.4741620794 145640.0720783252
50861454.7555330247 148681.1817507789
50572450.8851128817 114364.0049971938
50819022.0621449426 145809.9174879569
50611966.8159182593 126602.1118325591
50857209.3191571534 148261.4222403842
50701670.5695599541 137703.9866151661
50782301.2967494205 144256.1641462821
50714353.6551365331 138363.1776028949
50895513.3221003339 150213.5914874122
51154759.8677702621 160763.9407526853
50799078.7015055716 145638.2461775321
50692758.7109372839 136471.3641702831
50743391.9056894928 141738.9992061633
50859331.3291445524 148555.3516421363
51196373.8750538230 161842.8344055680
50713065.7675059289 138292.3423326987
50604426.9956536889 126431.3119436204
86762786.7257427424 245834.8859863281
50619372.2506085038 130301.2019491494
54453885.7570741549 217056.9849853516
50738001.1971193403 141639.9182966727
50919282.6232796758 152553.6795229957
50648107.9750329331 133719.0017861724
50938542.1095296964 153223.8400267142
52311279.0496762618 188357.5566953421
51025656.1520197541 156536.4781069801
50966154.8223056346 154320.3022036598
54246521.1950241327 214084.4505615234
86221645.1723009497 245278.7426757812
50595358.5432798564 125755.7268906832
86178981.5088580698 245256.0488281250
51270648.6715240553 164547.0535456540
54236274.8617651165 213181.4154357910
86240976.7018132955 245281.3283691406
86209966.2578933686 245256.1721191406
50610074.0407936871 126593.6977932155
54127301.6242895350 212753.1354370117
54193980.8282797933 212806.0061645508
51288337.3473895639 164735.0596873166
50797318.6263918802 144822.2271345633
50640641.9742367268 130847.7407822311
50638595.1706704944 130816.9499062896
54417431.5171574801 215172.7150268555
50935635.3368731886 153218.6824526832
51047963.5525107160 157208.2681460426
85947303.7323748767 245197.5549316406
54285701.9923999682 214147.7729711533
50642518.0696348920 132225.2241955698
51273188.7921576500 164645.9934870603
54396763.1081383005 215011.6575317383
50598742.7211134210 126221.2567678392
54406071.3270816132 215094.5287475586
50596029.9992672876 125767.7093016803
51052114.6601114497 157243.5324004668
54452351.7177500203 216522.0014038086
85721172.2581694871 245183.7177734375
50614050.9707421511 129715.1726846099
51008533.9380519763 154337.0854153678
51054028.1910963058 157401.8497904319
51171146.2657715082 161108.8934487217
50606200.8823404536 126541.2477709949
50601405.1534820646 126359.2828585804
85741464.3785552979 245197.0817871094
84758920.2131004930 245101.0461425781
52093712.7547957301 182965.9256535396
51104664.9829578623 158140.6393618629
54312001.4058345705 214616.3720092773
50597132.4299666211 125807.3995637000
52257593.1948480085 186894.6930505633
54341537.2743851766 214719.3993530273
50594518.3145716637 125755.1880654693
54305836.5755359083 214541.7428588867
53790140.8966575786 208367.0678348541
54106984.3290965706 212310.9727172852
51149847.7088011131 158584.1117740055
52029533.1732711717 181083.2278169177
52059006.0111652389 182752.7865056992
51914470.6575123146 178879.5676012039
51838326.7398273721 177372.3208473921
51041639.6422294304 157201.4810367008
51889683.0235884041 178695.0420398712
51736840.1188075542 174782.4907582998
52026950.5387063101 180395.7219515666
53986369.3164841086 208873.1494445801
50940463.4664722383 153289.6257510230
52010586.1259710863 180251.1020574570
51886344.2084961236 177939.9004168212
50741295.2035202757 141641.7441974658
51756050.9016241133 175486.8605213165
51954492.5938537419 179394.1740343869
51680992.9707290828 173058.7386993282
51072855.5497304797 157636.8407416389
51099979.2500828132 157750.1361517951
50957711.4951249138 153753.2986572761
50735151.4294123426 140759.7769464928
51820517.6642369404 177067.4661734402
54004058.2419955581 210133.2251586914
50955644.2223443985 153748.6720404670
51795667.2784472108 175725.7569736056
50577066.6364959180 117947.8624425684
51793788.2211458981 175720.0572852902
51626400.3462174013 171730.5865811016
83702467.9110613912 244449.1271972656
84177051.9909694046 244524.6066894531
83461041.3534898460 244440.0888671875
83979147.7306122482 244486.6818847656
84057049.8116854727 244493.9020996094
83223273.5513186753 244426.0080566406
83635802.6093153656 244446.4841308594
83467899.0945513248 244443.1472167969
50576711.6993415058 117841.0191952884
53769174.9448826164 206028.1921386719
50573190.3633033261 114475.1772533212
50571870.8917325661 114312.0049570952
50573608.1008314341 114755.7830124995
50575419.6677612215 117823.4953823984
84342994.9512646794 244569.4487304688
53750759.4619352594 205201.8161010742
50578595.2662645206 118275.4446636252
50737551.4062595144 140834.4254217002
50592909.3795651570 122393.1133966744
50579635.2495444790 118429.7422082126
50575882.7961059362 117835.3621688638
83214125.4555902928 244145.5744628906
83186717.7773037702 244137.8591308594
81699432.9418141097 243950.5192871094
81060878.6558691412 243860.8813476562
81406519.1936094910 243890.6743164062
50574579.4390530288 117821.9157710825
82564708.1628196985 243997.5397949219
82168041.1520966142 243964.4858398438
82557865.8882167488 243983.3122558594
81103279.2182250470 243862.5056152344
81011113.4576121420 243814.8686523438
80806727.4400324374 243785.0600585938
80832756.4317278117 243805.4287109375
80123529.1195381731 243653.1628417969
79593786.3447166234 242779.9653320312
79534238.2602558881 241515.2913818359
79394916.7820222080 240802.3356933594
78485062.0334298462 240138.8137207031
78123874.8726117611 239466.9023437500
76517908.2304873616 238727.0678710938
78183400.9594372660 239494.5554199219
77952072.7839702666 239453.0727539062
75007953.8709419966 238002.2832031250
74101404.7374007553 237911.8103027344
74481056.7470889390 237924.5246582031
72996535.2301487029 235580.3970947266
73331098.9552086294 237745.4531250000
72161268.5523018539 231107.6074218750
71928005.1864231229 230532.7927246094
70924034.7875532359 227662.5701904297
72319743.6928494126 231407.5175781250
71829073.3354771137 230348.1265869141
71812958.6942312866 229561.4312744141
71748319.5498928279 229136.3760986328
70941083.7066610605 227849.7720947266
71121873.2631666213 227918.2583007812
70332144.9525181949 226847.7822265625
71532652.8056075275 228928.2657470703
71352623.7477343976 228587.6943359375
