50753606.7214726359 141817.9688642997
86221645.1723009497 245278.7426757812
88547414.8267534673 245465.5292968750
54691557.5607879981 217866.6621704102
50672615.8643129691 133762.9356508255
51481662.4140595570 168672.3861236905
87780993.1147892326 245386.6501464844
86950530.7522794157 245335.0085449219
50595358.5432798564 125755.7268906832
51036117.1854060739 156533.7941077224
51034764.5233177692 156211.2149047631
87837404.1337567270 245415.1074218750
50937694.1832995713 153259.4215248603
51261017.8440867290 162039.1651179196
87476757.3000869751 245350.1784667969
52499951.8371858969 190376.1667855978
50920977.8496388718 152553.6795229957
86178981.5088580698 245256.0488281250
51270648.6715240553 164547.0535456540
52143055.7002693564 183828.7227783203
52454289.5942103416 189479.9072494507
54236274.8617651165 213181.4154357910
86240976.7018132955 245281.3283691406
50658296.2372887880 133722.5390414596
87491132.4031705409 245361.9648437500
86209966.2578933686 245256.1721191406
52496932.6440425366 190340.6431039572
52510457.7099751607 191903.2236407995
50753804.3332325369 141976.3208670396
50610074.0407936871 126593.6977932155
51343436.7764099538 165410.6083971860
54127301.6242895350 212753.1354370117
50805768.0945187658 145584.6514509696
52546276.0616137907 192464.4267196655
53625515.3484399393 192707.1803817749
51308916.1055747569 164859.3746515778
54862842.0129744634 219163.1934814453
50949837.0557567999 153396.7330203101
53095496.5531293675 192571.1237411499
51313596.8653648570 165028.5702506636
54804794.5746553242 219112.1586914062
51031974.6278911456 154826.3813052223
87775055.6002121568 245367.6894531250
50630849.4901348054 130481.5205239654
51313749.6359095722 165166.6158015134
50652742.5023939759 133090.2001077831
54193980.8282797933 212806.0061645508
50630968.7397315875 130530.8032692373
51288337.3473895639 164735.0596873166
50572914.0134575963 114365.5162400901
50593767.3468529359 122702.0436219620
50656405.3558292240 133720.4197549224
50620305.6787023470 130301.2019491494
50797318.6263918802 144822.2271345633
50876634.7757764459 149285.4254759330
50640641.9742367268 130847.7407822311
52143283.7415622696 184001.0316171596
52524972.8157914802 192048.0793275833
55055626.0394615382 220388.0758666992
50638595.1706704944 130816.9499062896
54484830.7590302750 216769.0599975586
52278082.4019638076 187401.2489039004
54417431.5171574801 215172.7150268555
51433292.6356001273 168648.5030794144
54731115.7481878176 218103.2545166016
51356253.8196908012 165701.4178034333
50935635.3368731886 153218.6824526832
50771622.7419694439 142741.5380476493
54672952.0868569836 217510.3018188477
51047963.5525107160 157208.2681460426
54542549.9966403171 217369.3125000000
54614831.5185842663 217484.4343872070
50732034.1565779001 140450.5474836010
50887158.6755966842 149965.2876410529
51410641.8737702295 166388.7734730509
51325294.1905556917 165177.8972293471
85947303.7323748767 245197.5549316406
52170129.8122189045 184256.5351480246
50605568.7513902485 126431.3119436204
50806023.9076951966 145638.2461775321
51430199.4388157055 167093.7230746152
50618255.3295282051 129801.9473545253
50616318.1448112503 129745.9635605514
52428897.2245586589 189058.9787101746
54285701.9923999682 214147.7729711533
51294397.6740848571 164804.2253748777
50642518.0696348920 132225.2241955698
51273188.7921576500 164645.9934870603
51261910.9367965087 163754.0535270308
52350727.5924485922 188884.0103178024
52989037.6766547859 192547.6012802124
54396763.1081383005 215011.6575317383
54979777.4644048512 220359.3251342773
54484532.9184790775 216574.4201049805
55371101.6978561580 220396.2520751953
54873540.5857654959 219220.4927978516
50598742.7211134210 126221.2567678392
52309691.1701877937 188080.8821176291
52479808.9503315836 190007.5846768378
52304000.8210014254 187866.8302279471
50616293.9968270063 129716.9827432036
54760846.9263622463 219029.3303222656
54406071.3270816132 215094.5287475586
52246713.1755443811 185950.2054492012
52276077.9062260315 187001.1875268817
50596029.9992672876 125767.7093016803
51052114.6601114497 157243.5324004668
51222764.9234429002 161307.8410021665
54452351.7177500203 216522.0014038086
85721172.2581694871 245183.7177734375
50614050.9707421511 129715.1726846099
51155337.4527930319 160763.9407526853
50608520.5246097893 126570.8186500967
50763160.7559507936 142235.2600744742
52200912.2162064090 184350.2976648211
50655246.6307522506 133712.7906045318
51211421.3034275696 161181.6377749821
52271423.7128695101 186945.7822172046
50673699.6808321029 133764.3045473099
51008533.9380519763 154337.0854153678
50577656.6827927008 118045.2378288065
50856062.7078970671 147171.8540865448
50649582.1781279072 132317.7916605175
51054028.1910963058 157401.8497904319
50613854.3894621804 126602.1118325591
50631079.7489222437 130539.0907686651
50655686.3244322613 133714.2515420318
52231410.7823038399 184909.6598474383
54751040.6881486997 218485.3532104492
51171146.2657715082 161108.8934487217
50601278.6123706028 126341.2173300087
54542387.8837973624 216876.5503540039
50606200.8823404536 126541.2477709949
50616929.8703590706 129756.4256410599
50601405.1534820646 126359.2828585804
85741464.3785552979 245197.0817871094
84758920.2131004930 245101.0461425781
52093712.7547957301 182965.9256535396
51104664.9829578623 158140.6393618629
54833667.5557722971 219159.9041748047
50983208.9028441012 154297.5761055991
54312001.4058345705 214616.3720092773
50597132.4299666211 125807.3995637000
52503203.2353398800 191038.4863558768
52257593.1948480085 186894.6930505633
54341537.2743851766 214719.3993530273
51199719.2756932601 161180.0396304508
50594518.3145716637 125755.1880654693
51011396.5481957272 154401.5293154762
54305836.5755359083 214541.7428588867
50714970.3107883409 137664.1344669837
50755604.4066375569 142184.3378295678
50583994.8057605252 118727.3013230464
51027781.5661694035 154470.2204754821
53790140.8966575786 208367.0678348541
54106984.3290965706 212310.9727172852
50746947.6840382963 141658.8910940665
51149847.7088011131 158584.1117740055
52105325.5004961640 183592.4022506941
52029533.1732711717 181083.2278169177
52059006.0111652389 182752.7865056992
50582571.2908935845 118532.4129475210
51914470.6575123146 178879.5676012039
51838326.7398273721 177372.3208473921
50804083.9779276550 145179.6833313483
51041639.6422294304 157201.4810367008
51889683.0235884041 178695.0420398712
51736840.1188075542 174782.4907582998
50815787.3134083748 145652.3768833655
51007439.6100983396 154319.5415835758
52026950.5387063101 180395.7219515666
53986369.3164841086 208873.1494445801
50940463.4664722383 153289.6257510230
52010586.1259710863 180251.1020574570
51886344.2084961236 177939.9004168212
50571958.7897538543 114344.2953252494
50765290.1244562194 142244.8589094657
50580577.7322815433 118475.5475113247
50717753.5201102197 138469.7031543255
50741295.2035202757 141641.7441974658
51756050.9016241133 175486.8605213165
51954492.5938537419 179394.1740343869
50770907.0385108814 142342.8885315436
51029696.5604643375 154492.2531561897
50590275.0660210252 122262.6287305057
51680992.9707290828 173058.7386993282
51072855.5497304797 157636.8407416389
51099979.2500828132 157750.1361517951
50917217.4339307398 150743.5810751960
50957711.4951249138 153753.2986572761
50783299.8158784062 142751.1395686645
50735151.4294123426 140759.7769464928
50588981.9711936191 122246.9629741721
51820517.6642369404 177067.4661734402
54004058.2419955581 210133.2251586914
50795651.0857940242 144685.5373033959
50572519.9700984061 114346.4810859561
50744636.8360531554 141651.6754826087
50968729.3841811270 153932.9812464494
50955644.2223443985 153748.6720404670
51795667.2784472108 175725.7569736056
50577066.6364959180 117947.8624425684
50740901.1601610780 141639.9182966727
54265675.9148819074 213355.4829711914
51793788.2211458981 175720.0572852902
51626400.3462174013 171730.5865811016
50588476.9446645230 121908.2017029524
83702467.9110613912 244449.1271972656
50707746.1900834739 137391.2814911384
51213014.3550795689 161208.6802554176
84177051.9909694046 244524.6066894531
83461041.3534898460 244440.0888671875
83979147.7306122482 244486.6818847656
84057049.8116854727 244493.9020996094
83223273.5513186753 244426.0080566406
83635802.6093153656 244446.4841308594
50739380.3365941644 140916.5569790381
83467899.0945513248 244443.1472167969
50576711.6993415058 117841.0191952884
53769174.9448826164 206028.1921386719
50789099.0859276876 143921.1662930030
50573190.3633033261 114475.1772533212
50571870.8917325661 114312.0049570952
50876176.8666773811 148456.4438755292
51574587.6259607151 169752.3083027508
50573608.1008314341 114755.7830124995
50587371.9317343608 121894.5467549264
50732681.6196968853 140738.8574551124
50575419.6677612215 117823.4953823984
84342994.9512646794 244569.4487304688
50578531.1296906024 118263.4091161042
50875073.5633558407 148427.4764948863
53750759.4619352594 205201.8161010742
50793605.8588372543 144020.7823836583
51226378.7747082710 161638.3520357090
50578595.2662645206 118275.4446636252
50737551.4062595144 140834.4254217002
50592909.3795651570 122393.1133966744
50585397.4268206656 121795.2441402231
50579635.2495444790 118429.7422082126
50868216.4942141622 148412.5825474042
50860152.0390961468 147965.5155379552
50709712.8423594460 137391.9576403874
50706364.7918087766 136751.9925887364
50583920.6534211189 118542.9174008369
50734648.2719728574 140739.5336043614
50705508.4835733920 135272.7982010776
50590997.1921308264 122380.3885077391
50730443.9131868035 138632.0740075046
50579012.1732375026 118288.4823528085
50589190.5505238771 122260.0006633554
50587168.6061468497 121811.2802086473
50586847.0860578045 121806.8804794107
50584757.8163394108 121793.4340816293
50690111.8052724376 135208.8582913876
50575882.7961059362 117835.3621688638
50684267.4004519582 134348.7719476223
83214125.4555902928 244145.5744628906
83186717.7773037702 244137.8591308594
81699432.9418141097 243950.5192871094
50679491.5803509802 134304.2845069245
81060878.6558691412 243860.8813476562
81406519.1936094910 243890.6743164062
50574579.4390530288 117821.9157710825
50592781.8189774379 122382.1982822716
82564708.1628196985 243997.5397949219
82168041.1520966142 243964.4858398438
82557865.8882167488 243983.3122558594
81103279.2182250470 243862.5056152344
81011113.4576121420 243814.8686523438
50686689.1416863874 134430.1146155670
80806727.4400324374 243785.0600585938
80832756.4317278117 243805.4287109375
80123529.1195381731 243653.1628417969
79593786.3447166234 242779.9653320312
79534238.2602558881 241515.2913818359
79394916.7820222080 240802.3356933594
78485062.0334298462 240138.8137207031
78123874.8726117611 239466.9023437500
76517908.2304873616 238727.0678710938
78183400.9594372660 239494.5554199219
77952072.7839702666 239453.0727539062
75007953.8709419966 238002.2832031250
74101404.7374007553 237911.8103027344
74481056.7470889390 237924.5246582031
72996535.2301487029 235580.3970947266
73331098.9552086294 237745.4531250000
72161268.5523018539 231107.6074218750
71928005.1864231229 230532.7927246094
70924034.7875532359 227662.5701904297
72319743.6928494126 231407.5175781250
71829073.3354771137 230348.1265869141
71812958.6942312866 229561.4312744141
71748319.5498928279 229136.3760986328
70941083.7066610605 227849.7720947266
71121873.2631666213 227918.2583007812
70332144.9525181949 226847.7822265625
71532652.8056075275 228928.2657470703
71352623.7477343976 228587.6943359375
70324968.8032660782 225871.8240966797
