50883620.4691967964 146662.4797786552
50877317.1059101596 145957.0611062724
52061234.1624621749 184762.2633435726
52220936.3203877956 189297.4144744873
54288521.5476870760 222903.4998168945
52484118.6897902265 194440.6576747894
56005093.1665255204 235034.5964355469
58831854.6331740916 241066.8195800781
50594555.4309815466 114808.0086300012
54704060.0474521667 227977.9853515625
54804964.7063428387 229204.6909179688
85509529.8380490839 245989.8579101562
59292266.7020005360 241208.3793945312
55308747.1131857187 230917.8103027344
58999925.7325071916 241090.8010253906
59478832.2979904786 241795.4628906250
54749342.7514938042 228494.8990478516
54647590.4005724862 226901.1113128662
55346035.8011782691 231133.9392089844
52078294.2440444902 184794.3264617920
55076884.9571671262 230719.0048828125
54926521.7788104862 229829.9282226562
58511954.7271708176 240400.8940429688
54497879.2754669264 226204.1130981445
50625461.9239301234 123011.6062420309
54416146.6452352926 224332.5690917969
52968681.4835019037 203493.7101383209
85455532.9458941817 245971.0085449219
86146773.4546141624 246049.8518066406
53122617.3184827268 205208.0761051178
55540357.5616373122 232079.2687988281
55693246.2368267328 232639.4780273438
59071877.9406835213 241135.8339843750
50697823.4844989032 134647.6301558095
52359781.0058193430 192465.0784759521
61212506.5148362443 243201.3737792969
74251397.8219833523 245037.1430664062
57217568.5341591164 238745.2214355469
51179502.0517899394 156933.3260567564
56626312.4014313519 237164.8857421875
50654939.5391111672 129580.6305642802
51171697.3508042097 156920.8995430845
50757966.7683406323 138062.6976949054
56772361.0043427423 237581.5578613281
65086338.8970110938 243983.3088378906
68129726.9714521170 244380.4072265625
71921067.8134125918 244801.2497558594
73131449.2422633320 244928.4392089844
73049770.8709742725 244927.1853027344
56645921.4639417604 237197.1931152344
50759746.7106562555 138420.6767805594
55754056.9370745420 233328.6442871094
51139043.2958663404 156032.5752022642
52106460.4399171472 184978.8486902043
56715355.8701371849 237286.1777343750
52865883.2042648420 201282.1803569794
50611911.1807758212 122483.4702740312
62026944.6027280316 243394.7136230469
62950625.6592750251 243610.1188964844
75917588.5705555528 245195.8662109375
56112625.2308281735 235237.2497558594
75990672.6643308848 245201.3427734375
50630629.0778420419 124113.9158058167
61634435.1791134775 243350.4716796875
84605543.5878915489 245916.1611328125
72005435.2904376239 244810.1403808594
84651734.5003509223 245918.5241699219
56371515.8852000460 236387.2014160156
56142767.0984137133 235239.9379882812
75546353.8086294979 245152.5319824219
72878811.1225298047 244898.4987792969
54239575.2645996138 222067.3079223633
60831973.1085007340 242766.0500488281
75732373.6168771833 245157.7145996094
88814427.5661819726 246076.1086425781
52556903.5073511973 195667.5042963028
60615469.5718992501 242712.7746582031
50594284.3368559778 114808.0083474070
52018702.1245584190 182257.0733280182
60186673.1885004863 242018.5397949219
50656730.4126278013 129740.8831124979
75414852.5313199908 245129.1730957031
53047603.0474352464 204608.9958801270
61431801.8589826897 243297.1962890625
50661747.0567636341 130416.7956156135
50833175.5122753307 144401.3277657408
74467197.6152053624 245058.8430175781
75850112.8307190984 245167.6840820312
76014430.8433496207 245214.5205078125
52435983.6670740992 193327.4722738266
58696162.4188554361 240896.2683105469
50862323.9715423137 145826.6417527873
50858977.4150533229 145785.8384500224
54920060.5411949828 229568.0671386719
58023710.6964231282 240209.2043457031
50647362.5632702261 126981.8811135966
53803597.8920327649 217229.6007690430
52358762.2042571306 192115.0784425735
84898852.5895859301 245940.3686523438
86512027.1717770994 246054.1435546875
52108429.3859496787 186213.8379764557
50688992.0200588703 133582.1105447489
50676947.3099620193 130764.3399669942
76326217.5951722115 245224.2683105469
53138883.3993020281 205858.6460514069
53090406.1652856097 204761.2614688873
51007673.3058831021 152304.7120430845
54218657.3301733509 221381.6135253906
75011267.0638190061 245098.0676269531
50795932.7562653422 142055.0293374735
62478897.2249286771 243509.5617675781
66688337.4943850711 244205.9404296875
50741807.2657145411 137888.2427328903
53716874.5184889212 215274.1241455078
74551630.8039368540 245072.7917480469
52447382.2341445684 193842.0571842194
50789950.3300123066 141809.7746978480
52048337.7477909774 184281.5768451691
51102825.2271040007 155089.1443849582
51149001.1788724810 156914.5802071470
75441909.9300246388 245134.0307617188
61415673.1867823303 243237.9465332031
84506170.0894994140 245914.9821777344
50943876.8628667444 149577.5202706236
52164338.7097445950 187625.1588382721
52040367.2218168750 183828.3754062653
52180542.3844763488 188425.9152469635
71787126.9038393795 244788.3547363281
72043293.5226864070 244814.3225097656
85935767.2881862223 246018.5139160156
52596995.6562785432 196813.1335334778
58130498.4432357401 240285.6513671875
53969231.8711220175 218409.5610351562
73940185.0929311067 245013.8354492188
50601991.0195745006 118530.2772053335
85716567.0972913504 245998.7429199219
50962563.0348596200 150019.8515437621
50925833.4034783542 149021.2498848814
74661423.4404061735 245087.7209472656
50603428.6112267375 119104.3567018509
53655707.0522521213 214145.5305786133
50610601.8841308802 121936.0926667903
50779745.2044258118 140874.5097337443
54231479.9671799615 221788.0477905273
51240915.0008420125 159628.7559451688
52944145.6035082415 202769.3773746490
53814387.3179211468 217336.1637573242
53579309.9566632807 213413.0867919922
56321535.1808738336 235781.3981933594
53974651.1261828169 218925.7006835938
50810960.5937769264 142811.9247537333
52283225.1704313755 190256.9297628403
56939770.5705431104 238209.7531738281
52891910.4379876032 202219.9136295319
52445233.2987594754 193364.8870220184
52836765.5392311066 201102.2976627350
84886068.4289627969 245927.8723144531
54044504.2368560657 219966.2579956055
52722873.8131446093 198877.4967498779
50596147.9877874553 118496.5563267324
54155906.2010670379 221317.4918823242
50845292.8788760528 144967.3907540220
53984703.2494269386 219297.9962768555
50685856.2646231800 133087.3498115855
62197637.9072805494 243453.2119140625
54059161.7240903825 220628.3671264648
67927227.3479735106 244351.6906738281
52821335.5110849664 199940.6112613678
52666886.8988903984 197495.6471405029
52822955.8627328575 200405.2979068756
58250785.5357005522 240324.5871582031
50784682.1402696669 141795.6858621317
52610480.5190700665 197050.9807682037
86668168.9938895404 246062.7368164062
53501842.9692627713 211335.6470642090
66590480.4522230774 244205.6953125000
57486958.3042448089 239403.5908203125
53563278.6476141289 212350.3769836426
73428956.2356693000 244955.7512207031
50714288.8496164680 135004.5017801005
57249249.3709852323 238753.9711914062
56843026.0935664549 238013.2460937500
67223670.2120491117 244269.6621093750
50963664.6413408965 150056.8467645276
68094998.2415500879 244372.2690429688
55565403.9013094753 232319.4353027344
63119544.4655840695 243671.1152343750
87289217.3942840993 246073.9340820312
50770928.8035357147 138756.2897375900
67993094.8512308002 244364.5048828125
60035253.3715386540 242014.4941406250
56651515.6898540929 237213.2851562500
66392052.8186721057 244166.0070800781
53489770.8223090917 211015.2220420837
50903121.3977849483 146920.2856819558
67069276.0831260979 244259.9602050781
73279127.7712962031 244945.8281250000
50999728.1276992336 151764.6083545315
62826978.0280436203 243590.9291992188
52333876.4226006642 190725.4671163559
72436040.7920738608 244827.0900878906
52822892.0976164266 200157.3930292130
56929110.0955159068 238165.1569824219
59808504.9562842846 241950.2700195312
50732826.5752741992 137857.1323953349
64708101.7168184444 243942.1767578125
64495135.1261194274 243911.7829589844
60330497.9651523158 242356.4216308594
64287510.3654299527 243881.4504394531
66313441.3935864866 244139.7839355469
51070419.9446585998 154074.7891578305
51078871.4721585289 154255.1617024917
67488768.5118393451 244298.1528320312
53741464.7412141189 215655.4307250977
54333483.0700223595 223574.6623229980
55190459.0884686634 230901.4919433594
50614093.9401632696 122624.2404025793
65038520.9175531566 243977.4150390625
71625283.7607062906 244737.8347167969
65597445.4654852748 244070.5756835938
69326331.9657923877 244496.2390136719
50963732.1363913342 150091.9905738461
69633288.6447861195 244521.3342285156
63851202.8482966796 243804.3950195312
50696812.6278284490 133639.2557909268
80744454.7268175781 245528.4357910156
80532022.0326415002 245519.3779296875
63909850.5300830677 243816.1494140625
80305430.3871519566 245509.7609863281
81091784.9087060094 245532.7770996094
62631534.9108477682 243536.0085449219
81277699.3805145621 245565.8022460938
81967166.1281206906 245659.4968261719
82919577.6026568413 245685.4099121094
82147083.2174824476 245669.6264648438
51094702.8396775797 154729.8482750434
82358682.4270926118 245679.8840332031
65772742.5127796829 244072.0546875000
83134703.8767919838 245726.0820312500
83517435.4530270994 245765.0141601562
50635392.3310468495 126336.0153064728
83225236.3989792764 245744.4455566406
82561830.2491297424 245684.5114746094
83087203.6213848293 245709.4985351562
83777230.3610186875 245812.6540527344
71530179.8156505823 244702.5061035156
63347281.9164455831 243712.6853027344
52017591.2479507104 180474.1038494110
50651310.5674691647 127047.5893469483
50638541.6112418920 126592.3753030896
51910592.6624616608 176679.7004204988
51813891.1885219589 173454.3972215429
52015360.5913257673 176863.0670849085
50631612.7251830846 126324.0645731091
51840178.3597606495 174497.1862603426
69312536.9530635476 244493.8657226562
51742080.8257814422 172651.8175774813
77898554.1427836418 245253.3178710938
77939918.1323753595 245285.1291503906
51714234.3350257203 171586.3310126998
70632589.6433760971 244630.2414550781
70538899.0978465527 244619.1962890625
70710354.9662498087 244650.2905273438
70549551.8980838805 244626.4211425781
70471763.7973850816 244582.5078125000
70664697.7880216092 244631.7954101562
53442762.4169890732 208917.2193222046
53407517.5742471665 207501.3996200562
51692454.2488023266 170248.0575861670
78321797.1471078694 245290.4880371094
53461102.1078459099 209088.4419784546
79319869.0361531973 245389.6166992188
63649620.1547250822 243756.4895019531
77539254.2424709797 245224.6813964844
69577820.6484191120 244502.4641113281
78711552.3679740727 245338.8083496094
51783554.5121321455 173135.1856462359
77805764.7479758561 245231.1130371094
68916095.8661894798 244416.6357421875
51591486.9650124982 168020.2360229492
79739916.0132478178 245427.9738769531
69510411.7675071061 244501.2045898438
51742072.3288750872 172380.7491144873
65394738.9361839369 243999.7548828125
51318187.6420404390 159960.7063515410
51311094.5251440182 159932.3828853592
51885053.0797689259 174719.9718198255
51440364.3084711954 162134.3958920464
51375343.5498576686 160758.9994875193
53394108.4128518924 207104.7023534775
51479901.8554560915 164197.9939602613
51543269.8898683712 165729.4121436551
51668684.7576725259 169254.5153787881
51628571.8891125247 168718.7328295708
51675571.5965829119 169719.8345695734
51463584.3989504501 163805.4968218803
51611981.6973625943 168582.5018267632
51490038.1941108331 164803.0998404920
51520487.6508950964 165485.7863079309
51480143.5648538545 164584.7539803535
