59544415.6926022321 240727.0744628906
81983293.7532109022 245511.6655273438
51950658.3678972349 176665.8255901337
55168135.1853196770 226242.6501464844
55285394.0986699313 227447.5031738281
55674068.6258418858 230601.9775390625
56134094.3102888837 232887.9880371094
59520948.9642516151 240620.9997558594
83668049.5966159105 245655.2819824219
52089272.6770590618 176687.7939249277
50685821.8879779726 122855.5555224419
51375343.5498576686 160758.9994875193
51747614.2418313101 172390.4215268567
54609487.9689085707 220635.8198852539
54774177.4601725116 224722.8505859375
54923908.6041554362 224846.0239257812
62921422.4502628893 243486.7956542969
50679151.2455840856 122748.6473560333
52649081.7313761786 191309.8524701595
53083469.4767725766 201530.0976057053
59583692.3077211902 241049.6120605469
59881616.4258713275 241076.7348632812
62848617.0601595119 243465.5078125000
68340703.4503528327 244267.4765625000
83179337.4899065197 245626.2280273438
50701771.1290142238 123264.1428942084
54738947.5566481650 223405.1760253906
64981660.0108873472 243899.5639648438
59180829.1599829197 240430.3666992188
69265455.5477267504 244320.4387207031
82949068.9459903240 245586.9589843750
84728695.9386131465 245727.8889160156
50714048.0265434533 126706.8517446518
53029073.8740585074 199521.4290266037
56231806.0438785404 233418.7966308594
85127306.9075962305 245782.0815429688
53394108.4128518924 207104.7023534775
60407934.1496206671 241864.1772460938
60623799.3944540396 241906.8461914062
61309184.5986802801 242676.0107421875
65324635.5502600595 243910.4484863281
50844194.3505230471 138655.0952889323
51323084.8552962318 159959.4887222275
52861996.3443729430 197382.1063947678
54231043.1961529329 216917.3854980469
54951918.0775403529 225813.7460937500
60159658.1459767669 241462.2680664062
64649645.0359615907 243827.4187011719
64534876.9179703668 243775.5502929688
64013289.1544396132 243756.2343750000
51113971.5358912647 150940.6883004904
51894570.7873207703 174426.7699112892
57330667.8540039733 236484.3464355469
61305375.1880486980 242663.5939941406
63116321.0727914646 243600.3710937500
82877678.4225385785 245577.1486816406
50681491.8335152864 122748.9401508570
51517856.4340206757 165088.9740276650
54495366.8912154809 220048.7465209961
56312852.8611509278 233484.2441406250
56543316.0638524145 234138.8229980469
60882343.2589616850 242043.8535156250
50790437.2590735182 135284.0172280750
55193116.0869569108 226258.2552490234
59965108.2104478553 241123.6618652344
81870320.6053548455 245501.4382324219
51857590.7055257931 174304.3915994074
52664161.2672762126 193639.5760571957
58271937.3599362001 239415.1562500000
68760712.6220186651 244309.2922363281
82157884.8197149038 245528.4335937500
84814993.5763294399 245739.0629882812
51787984.2263803408 172861.6090473235
52661660.7233722806 193542.5149390697
53562946.6681260839 208663.5007543564
56101924.9514172077 232561.9953613281
51837612.0066607222 173413.4756244719
51729286.4946868345 169884.6631875038
55351541.8760239333 228755.8625488281
55986593.9698588029 232163.6708984375
58120838.0932963490 239256.4912109375
64177774.4999122247 243770.3488769531
51938976.3953756019 174500.3321671486
53534880.7239272520 208567.3659276962
64410405.7709777504 243771.9980468750
82751246.1427527666 245563.0129394531
51479901.8554560915 164197.9939602613
51746994.4133375213 172272.9776406288
53480960.7799671739 208423.7007055283
56330385.4141421840 233524.2041015625
57880853.7381152138 238653.0834960938
58722784.7949221879 240149.7126464844
58901176.7875789925 240285.9667968750
50915262.9453709796 142527.2032896830
58714635.6154188812 240139.4057617188
50923013.0417444333 143970.5732657391
50698971.5305731893 122921.7655653059
50917080.2047243789 143893.5709451217
53570797.5445714965 208688.9621191025
55610116.7007573247 229696.8852539062
56712961.2592212781 234789.7299804688
57840747.8611825630 238474.1684570312
58132919.4041597694 239258.2526855469
82038018.8760942519 245523.8410644531
50768413.4825660065 134020.6165920253
52392878.3061508685 187060.8212052248
52810040.2883439437 195266.3835179806
83505873.7178079784 245653.0590820312
55452412.6020924598 229580.7517089844
50704883.8698824197 126324.3180784285
61260454.7824465185 242450.3596191406
52508746.3732576892 190084.4571454525
54313302.9561260790 218892.4570922852
54413039.9571035802 219681.5781860352
55871609.9921104461 231737.5996093750
57938643.9631191641 238860.1850585938
58811486.7555234954 240212.8059082031
51543269.8898683712 165729.4121436551
52267319.3530115113 183897.4756085873
54615711.6035298705 221486.2594604492
55064670.1626821831 226154.3087158203
67422784.5308022499 244172.3395996094
63624860.1410283297 243623.6511230469
50733013.7401471958 127308.2264212668
52945936.0411612540 197559.8658361435
57577908.8465305343 237774.8398437500
62953743.3609634861 243528.8759765625
51668684.7576725259 169254.5153787881
57500675.6304444820 237485.1489257812
60745779.5122522414 241924.2663574219
50753615.5045628771 127760.9563786983
51628571.8891125247 168718.7328295708
54034341.8323717639 215934.8815917969
61566224.9537873566 242733.9794921875
85274377.4684680402 245785.2683105469
55808625.9180358946 231588.0124511719
85045813.1760138571 245753.8745117188
50877881.9778818265 139248.2085985979
67766273.0074126571 244184.5605468750
52282386.9588053748 184437.1480605602
53940105.0452501401 214395.1757812500
57362521.5789538994 236706.0551757812
52765432.8561124876 194796.0715045929
55222980.8390803710 226775.6999511719
63628451.6960471794 243654.9167480469
63332009.8953063041 243616.1347656250
50854151.0075551793 138763.9727075100
53617979.0409876332 210110.6573095322
83125068.6687966287 245588.1076660156
52590275.8908516914 191001.3607099056
51742330.2123049721 169966.5616203547
52396805.3132319748 187938.1661908627
52484067.8188036755 189430.8453824520
54287383.9127646163 218656.9682006836
57587460.5897828937 237893.3251953125
66387902.9979601726 244039.5695800781
53942155.9857577980 214613.4168090820
54041870.6108997315 216003.6860351562
50856499.1630819365 138983.0855833022
56285103.0437833443 233463.9360351562
84423640.1914851069 245703.0883789062
61731347.3180161491 242826.7719726562
50867381.1684288606 139180.8587348163
51733436.9328264371 169946.5156228393
66900984.8333217800 244084.3408203125
50806645.8990649059 135912.4885324917
50825053.3660107180 138590.2027708022
51461464.3362570629 162838.7376941442
50770504.3397022709 134500.1592973878
62598799.5411459357 243444.1865234375
82738358.5791153908 245544.8510742188
53603321.5537533164 209731.4569921494
52555102.3327076063 190527.2626371384
53671425.8346082494 211395.6685400009
83666886.1745595038 245654.4492187500
50745353.5522560254 127557.8685111105
52903408.6052845940 197447.8472814560
67000422.3421199918 244093.6711425781
51675571.5965829119 169719.8345695734
57555009.7246768698 237533.2561035156
80587097.0762507319 245335.9912109375
80709191.1222660840 245381.8435058594
50819761.9517627880 136057.3238463483
51050048.4087439254 147975.9793256301
51463584.3989504501 163805.4968218803
66695534.6049165949 244057.2189941406
62383417.6000145152 243371.6123046875
84583956.0830064118 245706.2624511719
51611981.6973625943 168582.5018267632
54951803.9196136221 224910.6998291016
52312995.5046570152 185467.5596997738
61797266.0679088831 242842.5607910156
52465138.4678225368 189409.2246625423
54118051.9796580598 216769.5033569336
67027311.8271295875 244098.1672363281
51490038.1941108331 164803.0998404920
62590564.6717216745 243442.8444824219
50765129.0385995656 130590.7950189374
52650703.6074698716 193409.3038861752
53263184.5007284135 203879.9392919540
62361242.3354594707 243363.3271484375
51092035.8696678728 150648.7281205654
51520487.6508950964 165485.7863079309
81489846.2574321926 245406.6579589844
86190483.5659551919 245787.3974609375
62212029.5071164817 243279.0131835938
50785680.5985566005 135233.3284802518
50772000.4972743317 134529.6740903340
84125022.9343828857 245656.6833496094
50730641.8657337949 126729.1471581012
51480143.5648538545 164584.7539803535
53979589.5496445075 214901.6374206543
55136862.9971088842 226242.6251220703
80103445.9719090313 245254.5285644531
53864577.7363121659 213262.8186950684
53855883.4266588837 213257.6873474121
56710747.2851480097 234547.0832519531
56839083.1584410146 235151.9538574219
56967668.2097617537 235414.5168457031
79566829.9216792285 245241.2497558594
78064777.2132964134 245107.1379394531
66349535.4471634924 244019.3474121094
50941978.8086537644 144552.8198138833
50765344.8909720406 132022.8712658963
79551053.4750580192 245225.6213378906
79140748.7257535756 245176.2922363281
51074247.3287110627 150561.5477213860
52975140.0547997206 198381.6862249374
54683814.5201313868 222133.7771606445
66045648.2801170796 243970.7216796875
78758734.2487197518 245138.2136230469
52763938.2930501774 194674.8352918625
79099074.9690361917 245172.4372558594
56387380.3307853714 233785.5905761719
50937706.3168375567 144190.4019993323
79508723.5833305717 245221.7917480469
81452298.3963534683 245394.5502929688
50957098.3010106608 144861.6422418136
66150019.3608771041 243986.3859863281
78222999.9343821853 245113.1520996094
79205518.4655646533 245208.8586425781
79671085.0951739103 245252.4326171875
51076651.2315372676 150632.5990996361
53003213.5237843394 199405.1552648544
66162504.4186960310 243988.9069824219
81233254.6111773401 245383.7602539062
52954371.9316177517 197966.0228490829
55199103.4049876779 226578.0279541016
53177648.4948372543 201926.4279174805
54243341.1803493053 217266.9806518555
53192037.9662616327 202043.7021093369
53253920.3702687845 202878.5786046982
53118362.6016371027 201595.8924474716
53323396.8600217104 204302.3697271347
76009243.5732827187 244841.7912597656
76536846.1700319946 244947.2583007812
76517210.8867662698 244922.3291015625
76396072.4443303794 244903.1364746094
76760888.0045349151 244949.6035156250
51166597.8292564005 153216.3770311940
76244296.1642496586 244842.5104980469
53330760.5669442713 204990.6375570297
51441863.8149789572 161986.9114086073
76533956.3082161993 244939.8950195312
51249306.6903441250 156743.4295302499
57007653.0216843933 235592.9487304688
51133931.7716449499 152588.8281223029
75639005.0075709969 244819.1359863281
51290104.6765310913 157898.5574336052
51318534.2922205180 159141.6557400227
75102214.9503995180 244796.3190917969
51279070.0211915672 157842.1442819834
75343272.4702918679 244813.9733886719
53345843.3033174127 205269.2071905136
53374213.0450325236 205659.6378393173
73382122.4133982956 244564.9162597656
74917911.0478764176 244753.2924804688
51239313.8462777585 156644.9462450612
51178360.3302241415 154106.7332711667
74460421.8772459030 244716.7290039062
51180356.8569803238 154177.7911647558
51186877.7483602762 154623.4242277145
73828522.4528428465 244631.1340332031
73798748.0252041519 244630.0532226562
51182633.0537395775 154501.9038866628
73085435.2237083465 244548.4211425781
51011259.2166298777 147412.0100340843
73934823.0856309980 244631.9130859375
50989645.1536419690 146710.8271417618
74326015.2587910742 244702.9060058594
72890532.5026607066 244525.8854980469
73982104.7749357671 244669.3110351562
74646221.0953879654 244726.9055175781
50989189.0816299319 146630.0601813793
50984393.3527715504 146531.2156271935
51053094.3605667353 148761.9699592590
77952148.5935639739 244978.6828613281
77945203.1160458028 244959.8872070312
77809664.8140193671 244950.3840332031
72786509.8957253247 244348.4233398438
