50613200.7969037890 126249.6690073386
50639656.1225982234 129753.4804284275
50619940.0281233191 126569.9741629064
50806280.4849405885 145638.2461775321
51974696.8883218318 178105.7596056759
50770907.0385108814 142342.8885315436
50938997.0771100447 153218.6824527165
51121968.3637341261 157758.9073062321
54392875.0682534873 213905.6486206055
55247500.8903669417 217232.6202392578
51029696.5604643375 154492.2531561897
51129572.6857630983 157857.4390258901
54414693.8117951602 214145.9270629883
55044943.3323057666 216889.3976440430
51057984.0538818985 157206.2071109196
51150326.2279874086 158140.3295111701
50590275.0660210252 122262.6287305057
51680992.9707290828 173058.7386993282
52448161.0117563605 181145.5538482666
51072855.5497304797 157636.8407416389
51099979.2500828132 157750.1361517951
52624583.8019951805 181348.6399853528
50806003.1113497317 145581.2141951102
52080884.6570132226 181007.9549713135
52012769.7774387747 179710.8503986597
54617356.6610771790 215907.9041748047
54224347.1750086173 212528.5075902939
85847301.4674536437 244657.1982421875
50917217.4339307398 150743.5810751960
52269101.0559125766 181103.7908804715
54259985.5262259617 212989.4264526367
50957711.4951249138 153753.2986572761
52066395.8226438761 179952.2365343869
50783299.8158784062 142751.1395686645
52088733.8716350123 181033.5294058621
51958590.8810868859 178021.1535351574
51890276.9575471878 177811.0472891629
50735151.4294123426 140759.7769464928
54646662.7709009573 216000.9793701172
50604510.8430127650 125753.4184167087
50588981.9711936191 122246.9629741721
50859455.8830110729 145640.1558455008
51025560.6224780157 154279.1577945133
52005004.1522775218 178167.7462685406
51746116.6441644952 173216.9987356961
51820517.6642369404 177067.4661734402
54004058.2419955581 210133.2251586914
85147865.0114996731 244596.4765625000
50795651.0857940242 144685.5373033959
54202972.3192287087 211951.2527465820
54389281.3493703976 213449.1848754883
50572519.9700984061 114346.4810859561
50744636.8360531554 141651.6754826087
54177846.6620245799 210590.9729919434
50754005.3539207652 141817.9688642997
54481182.4493179619 215407.2164916992
54531827.5876947418 215795.3439331055
85530438.4762898386 244649.8549804688
50968729.3841811270 153932.9812464494
85222293.0553791225 244632.4462890625
54313167.3962451518 213368.4722290039
50955644.2223443985 153748.6720404670
51795667.2784472108 175725.7569736056
85131203.6037808061 244593.0732421875
85867749.7996215820 244663.3552246094
50757699.6795537323 141919.7016523856
54355874.1937722042 213407.7378540039
51032250.8559045792 154572.0159131887
50577066.6364959180 117947.8624425684
50605432.2282464579 125753.4187007700
51209468.7322321758 160289.5516218919
54663926.2220830917 216473.0889892578
50740901.1601610780 141639.9182966727
51003254.3777814582 154012.1238589665
54265675.9148819074 213355.4829711914
51019534.6564458460 154135.3310122868
51793788.2211458981 175720.0572852902
85045429.6789649874 244580.6213378906
51626400.3462174013 171730.5865811016
50651928.2457560971 129766.6943224370
50588476.9446645230 121908.2017029524
50944731.6698883846 153236.5721936271
83702467.9110613912 244449.1271972656
50611235.2304872498 125872.3340028822
50707746.1900834739 137391.2814911384
51213014.3550795689 161208.6802554176
51369222.5542516708 164648.5109325913
50628103.6485104188 127312.6443343461
51468332.2757565230 167738.7987135555
50944643.7972556427 153225.2475303457
84177051.9909694046 244524.6066894531
53911383.6422869563 206760.1860351562
83461041.3534898460 244440.0888671875
50623414.1411305740 127033.5416378714
51523630.1075184122 167775.3617695476
51455796.1666737646 165143.4386738445
83979147.7306122482 244486.6818847656
84057049.8116854727 244493.9020996094
83223273.5513186753 244426.0080566406
51069033.2230386063 157207.2161440894
83635802.6093153656 244446.4841308594
50739380.3365941644 140916.5569790381
53888671.6126914993 206388.4909057617
84853863.9169191271 244570.3244628906
83467899.0945513248 244443.1472167969
50576711.6993415058 117841.0191952884
53769174.9448826164 206028.1921386719
84903571.6052126437 244574.5881347656
50943351.7656753585 153225.0010562321
51047024.4735632464 156394.2055942792
50789099.0859276876 143921.1662930030
51455947.7207130790 166867.1801624298
50732555.0785854235 140450.5474836010
50723375.5840779990 137972.5805157423
50573190.3633033261 114475.1772533212
50571870.8917325661 114312.0049570952
50931806.7278976962 152410.9104282636
50876176.8666773811 148456.4438755292
51308891.8018041328 164288.3416169662
51574587.6259607151 169752.3083027508
50573608.1008314341 114755.7830124995
50587371.9317343608 121894.5467549264
50732681.6196968853 140738.8574551124
50575419.6677612215 117823.4953823984
84342994.9512646794 244569.4487304688
53952546.0043153688 207427.5010681152
50578531.1296906024 118263.4091161042
51505159.6454629749 167748.3611277248
50875073.5633558407 148427.4764948863
51465547.1653902978 167734.4889668133
53750759.4619352594 205201.8161010742
50793605.8588372543 144020.7823836583
51297073.9012755826 163754.3322285320
51272731.3941722140 162153.9620210606
51226378.7747082710 161638.3520357090
51424352.2833433300 164740.4181763011
51560274.0706020743 168129.1493136476
50578595.2662645206 118275.4446636252
50611280.7741495818 126197.5003262311
51173153.6223300323 160280.2702824755
50599277.3149139285 122974.0050866306
53996278.9092541337 208448.7125854492
50897629.6789390966 149514.2022983808
51169981.4861333296 160275.9605357333
50656493.9480266348 129851.9140526950
50876828.4237752706 148513.3851210255
50737551.4062595144 140834.4254217002
50601523.5647735894 123178.2398278415
54150749.4102039039 210433.6984863281
50622860.3553021550 126582.6993359029
50592909.3795651570 122393.1133966744
52917210.3765863702 181764.9182551457
50618397.9202619419 126474.1337915510
53956473.9691632986 207467.3390502930
50585397.4268206656 121795.2441402231
54157127.0557438880 210576.1503906250
54189470.3982737139 210627.0354003906
54199568.1731627584 210632.2446289062
52577934.5198723897 181159.4556990219
50579635.2495444790 118429.7422082126
50805127.7870067731 144755.6122234839
50868216.4942141622 148412.5825474042
50860152.0390961468 147965.5155379552
50594721.6401591823 122500.7675187290
50709712.8423594460 137391.9576403874
50706364.7918087766 136751.9925887364
50583920.6534211189 118542.9174008369
50616304.9333105087 126361.4125319570
50734648.2719728574 140739.5336043614
50584006.8486206755 118727.3010389851
50607329.0835120082 125766.1435897052
50705508.4835733920 135272.7982010776
50590997.1921308264 122380.3885077391
50730443.9131868035 138632.0740075046
50670338.7088977993 130842.3476783112
50579012.1732375026 118288.4823528085
50589190.5505238771 122260.0006633554
50587168.6061468497 121811.2802086473
50586847.0860578045 121806.8804794107
50584757.8163394108 121793.4340816293
50632334.5522274002 127482.8301598728
50690111.8052724376 135208.8582913876
50575882.7961059362 117835.3621688638
50684267.4004519582 134348.7719476223
50582815.6404909566 118529.2624528110
83214125.4555902928 244145.5744628906
83186717.7773037702 244137.8591308594
50626795.2121153176 127129.3975426853
81699432.9418141097 243950.5192871094
50679491.5803509802 134304.2845069245
81060878.6558691412 243860.8813476562
81406519.1936094910 243890.6743164062
50574579.4390530288 117821.9157710825
50592781.8189774379 122382.1982822716
82564708.1628196985 243997.5397949219
82168041.1520966142 243964.4858398438
82557865.8882167488 243983.3122558594
81103279.2182250470 243862.5056152344
50599928.9682553262 123168.0203454196
81011113.4576121420 243814.8686523438
50598783.8843366355 122516.2457699776
50659400.7195034325 130316.7434912995
50686689.1416863874 134430.1146155670
80806727.4400324374 243785.0600585938
80832756.4317278117 243805.4287109375
80123529.1195381731 243653.1628417969
79593786.3447166234 242779.9653320312
79534238.2602558881 241515.2913818359
79394916.7820222080 240802.3356933594
53518887.6019045264 187630.6951141357
53436035.8188413680 186779.6785356402
53428077.7591396943 186660.9218065143
53572272.7200337350 188574.2476426959
53124124.1213192716 182528.0450364947
53346296.4219021574 185855.5204393268
53163272.5765121728 183736.3359910846
78485062.0334298462 240138.8137207031
78123874.8726117611 239466.9023437500
76517908.2304873616 238727.0678710938
78183400.9594372660 239494.5554199219
77952072.7839702666 239453.0727539062
75007953.8709419966 238002.2832031250
74101404.7374007553 237911.8103027344
74481056.7470889390 237924.5246582031
72996535.2301487029 235580.3970947266
73331098.9552086294 237745.4531250000
72161268.5523018539 231107.6074218750
71928005.1864231229 230532.7927246094
70924034.7875532359 227662.5701904297
72319743.6928494126 231407.5175781250
71829073.3354771137 230348.1265869141
71812958.6942312866 229561.4312744141
71748319.5498928279 229136.3760986328
70941083.7066610605 227849.7720947266
71121873.2631666213 227918.2583007812
70332144.9525181949 226847.7822265625
71532652.8056075275 228928.2657470703
71352623.7477343976 228587.6943359375
70324968.8032660782 225871.8240966797
