177516896.3836925328 605865.7301025391
155409905.6823253334 296865.6018334329
158148465.1139250100 357823.0668112934
151773781.8637617826 155479.3066610098
153331177.2321375310 236027.0836077537
153531383.5892333388 237832.4724590778
155699514.3278798163 304623.1526146829
157661980.2918391526 349921.0819222629
158506937.4220075905 363438.2707023323
161865149.4847790301 432702.7513349056
162434198.1376622617 440766.0510537624
175273408.5118011236 588386.9963378906
176981030.0611805618 603548.9282226562
189507134.2734788358 611575.8715820312
177526761.3637257814 607870.1445312500
178514090.2660194337 610579.5532226562
179544430.5853204727 611359.5083007812
162275529.9905362427 439867.1198037863
163514843.2714635432 458085.8760819435
163333800.9525392950 457161.6789441109
175562551.2533989251 591390.7110595703
151742886.0086256266 148435.7410908937
153571143.7668912411 243062.9749004841
172369512.1263257563 563627.7212066650
175025688.8865550756 587134.0715332031
178807503.1975264847 610957.6259765625
175139171.5379751921 588311.5392456055
162180490.0235451758 439865.6608808041
163243906.8294907808 455536.2691254616
166031499.8413413167 488524.0419626236
175282106.8070551455 590034.8464355469
177091529.7074489295 603554.2241210938
177345279.5593729019 605299.7673339844
156421914.1215855181 319905.9151103199
156036227.9122429192 312625.9751689136
163447305.3284008503 457931.0021862984
156348346.6498917043 319365.3187807500
170995447.7175599039 549353.8600769043
170893375.0782333314 547383.2576751709
174892756.8742082119 584291.3847045898
165456671.2367807925 483784.5201792046
175584313.5521139205 593694.8292236328
151768422.8323589563 149354.7744351774
157995637.3695274293 356354.0901009738
162704193.4261859953 446642.5291352272
175825648.1242419183 595342.2260742188
151738850.2527692020 147721.7558797598
156014644.2487273514 311478.3853767812
157937586.9570121467 354662.0559212863
162849940.1308175027 450470.3038997650
164231025.9215795994 466801.0033463240
171715283.7538264990 557516.4720001221
154223470.3703104556 259521.0055140164
156143216.7786457241 314114.0382207334
162923592.2809273303 451008.0192449093
165906666.6238873005 488301.0424790839
162480360.7386738956 445088.9049870968
163150535.6650431156 454730.8163952827
162618992.7185868919 446162.7366547585
165874248.4919622540 487293.0836334229
171914932.5759591460 559051.0300445557
179208280.9033173025 611120.8603515625
156031374.1203616261 312370.4545229375
165878974.6300791502 488279.2563180923
153166971.6861489117 229140.9064663257
153210539.1093558967 230263.4415179100
155588172.2462003827 298565.3195227087
171313625.3548712730 552948.1044464111
171439581.6071607172 555052.3101348877
155823205.0285342932 306606.8124330938
155557159.4781561494 298179.8955629766
155626507.0763380229 298818.9917162359
161342806.6565770805 422212.7533249855
155782418.5995598435 305130.1035097539
157924121.9938766062 352515.9538323581
165726625.5378495455 487183.7887813300
162136213.6090374589 436153.4644150734
161554076.2425732315 425364.4219651222
164501327.2697771490 471993.3914078474
171388801.5350894034 554554.6050567627
152969605.7933101356 225767.1732757892
165686689.2896838486 485057.4289255142
163705823.5734914243 462414.0277603865
161712963.6165510118 429970.3041062355
171180782.0436198413 551208.8080596924
153353496.4814030528 237344.5854943693
158024989.1795528829 356434.5809594393
171316734.5071091652 553085.4853668213
165301378.2474100590 482180.3569040298
171049503.9214646220 549813.9691925049
161557277.0448796749 426123.3820352554
165206719.2824144065 481026.9745416641
152815513.1001484096 220163.0967913475
176117992.5506072938 597304.1552734375
154088665.8247800767 259306.0251368191
157628141.3374521732 348596.5393197238
171299544.7521465421 551559.4246368408
157416769.9933787882 343508.8313376606
152798448.5239942670 218838.5541888084
154025682.0051039159 253416.4371809363
156689148.3245575726 326866.0542257726
171421531.6748611927 554858.2871856689
178523745.8223947585 610725.9555664062
171864386.1967574656 558318.3408355713
172632685.0400082767 564697.1007232666
171576666.8462310135 556023.1389312744
161627642.2644797564 427206.5314493179
152743098.1524199545 216505.3211029377
157328343.9228450656 341760.7082650363
152782701.4895634651 218285.8206146564
172058510.4330351651 561067.8132476807
156320545.7669754028 318489.6676298287
152759672.6320126653 218009.6224945392
177842250.5313111544 608962.7314453125
156648860.3240424395 325556.4553269055
152807793.2548892200 219683.0503509846
152890706.5087240040 220791.1872554626
156467390.9792334139 320967.7130553424
156988585.6490508318 333925.7831818759
164554147.6840177178 472520.6432389021
172744155.6352113485 566635.2102203369
156821402.6194448471 328124.4810019433
178745581.7915072739 610911.4916992188
157136384.9933975935 334879.1256529987
158378604.5641576648 361227.0875925720
163659191.2931125760 460144.3189820051
172917021.0522589684 567938.2567291260
175532938.7592995167 590490.1578979492
172633528.9431592226 565458.0557861328
172751373.1437347531 566746.7732086182
165002163.9022091925 477184.4535139799
178253451.9711117446 610555.4194335938
172396252.1695315540 563858.1479644775
178038236.5167075098 610114.4941406250
164759696.6015596092 475193.9369440079
161606757.2066401839 426365.9396876167
164580910.5778571069 473182.3112076521
152108457.7394788861 177853.2439975739
177690971.2343711555 608453.3164062500
158741470.5293686986 368403.2944659591
158686984.6280823946 364238.2425895631
164812347.6527906954 475296.4136170149
157600830.7442503572 346418.0171409547
153911871.9931395352 252874.1769060399
164926382.9969294965 476768.8357361555
151905377.8145863116 164809.3836822510
153019902.3885442615 227440.6011322346
152128739.5235602260 179175.0535273552
158279991.4098756909 360802.8916374147
175534563.1586064398 590840.1576843262
176070582.1207066178 596349.4215087891
176087659.1138064563 596947.7426757812
177434130.5026485026 605657.8029785156
164366382.6871729791 469697.9234269857
163936807.7062334716 464827.8990982771
155545056.2709864378 297998.7219789922
151668935.7827952504 126948.5141842514
152965002.9033532143 221425.1796484888
157283669.1975257695 338660.6056028306
177883157.2045793831 609110.9492187500
161253272.9007349014 419981.7309041023
176348174.9540136755 598338.6796875000
176120364.5250653923 597418.2856445312
151647143.0323361158 120317.6558786388
166911720.9802482128 498028.0935106333
176198152.2702865601 597515.5073242188
156403650.5009691417 319625.7032125890
163641994.8779094219 459901.6397827922
176662108.0605865717 600903.1513671875
162120813.5977712572 435444.2204880714
167029355.7441854477 500220.9877726850
188994232.3168782294 611485.8002929688
153670249.2100394666 245048.2351537850
156679570.9005290866 326171.9421022832
176452811.0243817866 599108.3044433594
176542022.3740536273 599593.2700195312
156344536.0083289742 319108.5034445226
176683023.3673875034 601366.7319335938
162776806.7662060559 447770.1770844460
154560935.9389371574 264727.5142661240
155184821.7922676504 287731.4916008525
154077837.8639907539 259151.6556707527
161559565.4875006676 426308.0407266617
161969393.8865995705 434119.6778855324
151971802.2740065157 171417.5027461052
153872085.6336444318 252473.8986726701
161686867.9519579709 427824.3379421234
151792473.2715695798 155479.3350871690
152333667.8488843143 180639.7435784340
152952028.5264443159 221335.2364096120
154055143.6169686615 254030.3354965355
161928778.8314962089 433071.1096608639
151851869.0458030105 162163.1679177582
158270405.6941800714 360126.0019348264
153616357.8267005384 244841.7741692960
153802322.3677627444 251481.2433324959
176817005.4046705961 601551.6838378906
166848006.1990206540 497860.3831813153
153251936.5104805529 230358.3465906288
154884382.3800379932 279909.3927859776
153798251.4736104012 250355.9518743660
153589889.8849883080 243805.2662863936
152203058.0683525503 180201.7861011028
165930929.5947862566 488311.0314252138
166029759.6610982120 488358.8413111329
152250393.9236433506 180288.2885715067
151861918.6285644770 163487.5760941505
166666935.0677398741 496326.3280295487
151958986.6198550761 165880.7742841542
151649054.8977883756 120945.7114784229
166108973.1238456070 489751.2112796069
153101196.2940239310 229065.5039025452
166318335.9623351693 491524.9515270651
157263804.8767568767 338660.4663597047
152902870.5637801290 221089.3886652887
155146158.4282194078 286845.3758960776
151920832.1837036610 165624.6304478049
155150148.6330633759 287201.6323238220
166462911.5685183108 494210.4079016149
166340287.5797045231 492413.2243584692
173392095.6402513087 569370.8765869141
166151794.7583502829 489827.9416894019
151881098.6041536927 164556.2316816151
166927226.0805342495 499039.8274394975
154959754.4554461241 280736.9248755984
166432283.8892797232 493872.4936904013
152054008.5733322203 172872.0370495319
155293916.6771250963 288741.6526754107
157544822.9502534568 344605.1480003297
155105267.5400140285 286089.4643043093
151713456.4460079670 134347.7175375037
155199677.9358714819 288585.1737769656
173338420.6397450864 568825.5458984375
155114287.6015502214 286591.2650855593
174742144.8987232149 581522.6412353516
157877348.7366116345 352362.6987815797
152570043.2633519173 205228.0388937891
152610485.2380866408 205889.8963862360
152612484.1413610876 206459.7944554687
157224663.9032713175 337342.9644730892
174836727.1299502850 581535.6832275391
151797632.0965651274 155497.6462500878
157314743.6138630807 339398.1168332994
155340124.2644220889 290530.7913862374
170677910.7905303538 540265.5650482178
152451505.9853119254 198131.7122627199
157256675.0442450643 337733.1171998601
174262253.5666745305 577726.0069580078
152728601.2099159360 212326.7802573144
173777419.9566899240 572098.1224365234
174137458.1928931773 576262.3791503906
152660594.2429692149 206809.5998679101
159777744.5893384218 386230.0346194506
154362215.7216294110 264621.0434509329
159559337.5085113645 381416.5813113451
154063397.1653739810 255909.6718550734
170242181.1712885201 533640.1355209351
154575003.1988841593 271424.7734175734
170311126.0804723799 534087.6414108276
159588639.7166067958 381504.2740775347
160772440.7239419818 400893.9895551205
154980575.1816777587 281795.3317359500
160766110.3885987997 399715.9075398147
170325281.7963406146 535098.5652618408
170545962.1469301879 536390.2348175049
170781037.0148298740 542130.3497467041
174569219.2004492879 580108.4742431641
160758256.6439301372 399636.7010468245
152596377.2527753115 205886.5280295312
153466616.8312775791 237372.2230367661
160536506.3824974895 399464.5816010237
160199383.9639588296 394172.6929291487
174032062.2445279062 574799.6160888672
173845170.5561042130 573696.8919677734
152384479.0841284096 190374.1614814699
151695274.9719970524 128338.1759348526
154607857.0928386152 271480.5440385547
152356922.6291634738 188763.6401100960
154763612.2707453072 272749.3239660198
154872680.5747709572 278413.0859175734
173806704.1027253270 572473.0147705078
151724667.8398532271 134644.5993124060
151703337.4901756942 134304.7441878929
160156169.5595632792 391845.3206301928
159928532.2218232751 388503.4149655104
160040743.3415385783 389320.5315514803
159728613.6728599668 384225.1577011347
160102617.3294323683 390968.2292987108
159108040.1396414042 371646.3578385115
159438491.6724856794 377247.1363129616
159005074.5537790954 369068.1441634893
159052337.8712523580 371533.8062728643
154848091.6942850053 274202.3765840530
159336511.9765639603 375184.4569273107
159224419.4610889852 372881.6998230815
169699242.2532785833 500623.8172442410
170200844.1634311974 505778.8734423611
169762030.4321344495 500757.0097949002
170164448.4981458783 505242.8475634549
