158470972.2254823446 360567.1860284507
163565774.7707661986 458038.1808089018
166939013.0303302705 499108.1286326703
166911720.9802482128 498028.0935106333
171475906.1309223175 551244.3766021729
176194664.8338075876 596025.6640625000
152831306.4360953271 218629.4407280590
152832825.9354562759 219683.0503509846
153061933.6365273595 228208.5909887459
157808026.3459526896 348800.9666038454
176198152.2702865601 597515.5073242188
156403650.5009691417 319625.7032125890
156781423.9997485876 326882.0050991476
161950892.9577004611 433305.0729621276
162608067.3449771106 442118.7224297523
163641994.8779094219 459901.6397827922
176662108.0605865717 600903.1513671875
153544919.6562992036 238508.9142175820
162120813.5977712572 435444.2204880714
167029355.7441854477 500220.9877726850
171704933.3627492189 554418.6701812744
171815622.5137006044 555446.1933059692
177200400.2803977132 602433.0078125000
177370384.1813709140 603320.9733886719
188994232.3168782294 611485.8002929688
152140851.7556889653 179175.0535273552
153670249.2100394666 245048.2351537850
156679570.9005290866 326171.9421022832
153959197.6826302707 252801.2300275192
176044026.7138059735 595037.1252441406
176452811.0243817866 599108.3044433594
161628439.5256857276 426315.7064852715
161443802.2151420116 420114.4239969254
158292900.1461214721 360492.2990008295
156664310.8174701929 325112.0591085851
161785311.5836093128 428998.1867966652
156355908.8459955454 319118.7523175180
176110556.4448004067 595277.1078186035
176356350.5844937265 598033.0769042969
163462389.7683491111 457586.5024957657
163199223.8026470244 453073.2780712843
172733956.8671774566 563354.8512115479
176542022.3740536273 599593.2700195312
163888684.8896490335 462514.7221525966
155737733.0939807296 304329.3583925664
156344536.0083289742 319108.5034445226
156331235.6029448211 314248.7215841711
163350648.3691841364 456390.6545637846
155895376.5840970576 305522.1251867712
172295324.7472808659 560519.2013092041
176683023.3673875034 601366.7319335938
156049995.0072962046 311537.4707296789
161783286.9450632036 428898.7472691536
162776806.7662060559 447770.1770844460
172990264.2612075806 567604.7269287109
156002911.0489119589 305957.2218097150
155498987.8526900709 296349.8402727544
172466035.6844208241 563126.9010162354
172414586.0230481625 561178.2199859619
156068320.9820935130 311569.7094057500
162854699.5720955431 449373.8660492897
163828661.7890816629 461532.0706070662
171911022.5746472478 557752.2996978760
153299947.9104040861 235964.4384023752
155982744.9542296529 305572.5217974186
156004083.0072566569 307974.2833331525
161680656.8981574476 426372.9447846413
163332983.8879734278 455806.2407730818
178449966.1267325282 609751.2573242188
156086143.0550887883 311840.8429299295
155714628.4891099632 303812.1586245000
151777275.4912124574 148800.8525022157
154560935.9389371574 264727.5142661240
163235172.2206092477 453524.0822952986
188088811.1198246479 610769.4790039062
161335739.2080922723 419900.9926919937
155184821.7922676504 287731.4916008525
163616561.8622209132 458467.5388687849
163248081.1775931716 455055.5277603865
154077837.8639907539 259151.6556707527
161559565.4875006676 426308.0407266617
162178483.3941265643 435706.6464343071
161969393.8865995705 434119.6778855324
151971802.2740065157 171417.5027461052
162374650.6141692400 438584.9700450897
165403911.4182202220 480556.0128354788
177591974.2030434608 606453.4794921875
153976063.7746683359 253555.6428823676
153872085.6336444318 252473.8986726701
161686867.9519579709 427824.3379421234
171403266.9655362964 549503.6025543213
151792473.2715695798 155479.3350871690
162763189.4879682958 446556.0332115889
152333667.8488843143 180639.7435784340
188372862.2508128285 611051.6547851562
154109295.9128618538 259306.0251368191
158243777.5054785609 356536.8461204469
152120250.9257359207 173948.5367114544
152952028.5264443159 221335.2364096120
154055143.6169686615 254030.3354965355
161684787.0106723011 427209.5821971893
158115671.8202659190 354626.6331687868
161928778.8314962089 433071.1096608639
151851869.0458030105 162163.1679177582
158270405.6941800714 360126.0019348264
172748762.9886204302 564589.3508300781
153616357.8267005384 244841.7741692960
153802322.3677627444 251481.2433324959
176817005.4046705961 601551.6838378906
166783146.2317171991 496679.1695582684
166848006.1990206540 497860.3831813153
153251936.5104805529 230358.3465906288
153192213.7695783079 229534.8315759804
154884382.3800379932 279909.3927859776
175540456.9144527316 587069.9516601562
153798251.4736104012 250355.9518743660
153589889.8849883080 243805.2662863936
152203058.0683525503 180201.7861011028
165930929.5947862566 488311.0314252138
162287305.0622107983 438413.8064076900
157789358.7674279213 348797.9721718729
158560160.1735025644 361646.6178212166
166029759.6610982120 488358.8413111329
151784495.3832079768 148819.1753028221
152250393.9236433506 180288.2885715067
165856339.5645122826 484755.2150189638
165506654.6574397087 482718.9306103945
171692719.5577023029 553940.7369232178
175823225.5403563976 588802.7961425781
177686341.8129943609 607040.0615234375
177948299.2839452326 608562.1333007812
153238515.8602868319 230145.4828218818
151861918.6285644770 163487.5760941505
162503472.6928814948 441025.1089525223
162428988.1954232752 440984.3219249249
164044206.8537009954 463282.5908971280
175875399.9819470644 591080.6062011719
172974814.1136761010 566695.8933105469
175929154.5627249181 593371.5983886719
165904486.7060490847 486185.6791608096
166666935.0677398741 496326.3280295487
162735478.3115660250 445086.7644460201
153369357.9195765555 236879.8562116921
177498093.3673665822 605476.0405273438
151958986.6198550761 165880.7742841542
151674852.0092488527 121383.6689557540
151649054.8977883756 120945.7114784229
166108973.1238456070 489751.2112796069
172445510.1663839221 561257.3635253906
151758861.3726996183 147780.9610083885
162666002.7242757380 444452.8673180342
153101196.2940239310 229065.5039025452
166318335.9623351693 491524.9515270651
177389572.7295175493 604761.0190429688
162524390.9892105758 441742.8305342197
177773964.9689828753 607320.4204101562
157263804.8767568767 338660.4663597047
152977025.2689709961 222177.7725385129
152902870.5637801290 221089.3886652887
155146158.4282194078 286845.3758960776
161898273.0920384824 429708.9913451374
172834332.0662049949 564746.0806274414
152808757.3606186211 213962.2683630884
151920832.1837036610 165624.6304478049
155150148.6330633759 287201.6323238220
162517995.5810339153 441396.7913278341
166462911.5685183108 494210.4079016149
166340287.5797045231 492413.2243584692
173392095.6402513087 569370.8765869141
166151794.7583502829 489827.9416894019
151881098.6041536927 164556.2316816151
166927226.0805342495 499039.8274394975
154959754.4554461241 280736.9248755984
157646532.3613439500 346777.3597618043
166432283.8892797232 493872.4936904013
152054008.5733322203 172872.0370495319
157621408.7125113904 346418.0171409547
155293916.6771250963 288741.6526754107
165133004.3066188991 476435.3723572791
157544822.9502534568 344605.1480003297
165795056.3496797681 484593.3313025534
155105267.5400140285 286089.4643043093
151713456.4460079670 134347.7175375037
155199677.9358714819 288585.1737769656
172919603.2088109851 566420.9006347656
155628186.0378991663 297075.5632320251
157745068.1844211817 347904.2208991945
157643054.2606826127 346609.0115713477
164722569.0372132063 470816.1441678107
173338420.6397450864 568825.5458984375
188309167.6315943301 610923.6020507812
155434181.1525203884 294692.6137691345
155114287.6015502214 286591.2650855593
165141857.2426116765 477143.2099637091
165007987.7765296102 475425.1449002326
174742144.8987232149 581522.6412353516
157877348.7366116345 352362.6987815797
164987864.8642156422 475405.6409939826
172898029.8106871843 566160.4963378906
175104599.1898542345 585352.9534912109
152570043.2633519173 205228.0388937891
152610485.2380866408 205889.8963862360
164818718.6706366539 472639.1531238556
158142640.2392838001 356240.2528587282
164738176.5058497190 471042.2521390915
152612484.1413610876 206459.7944554687
157224663.9032713175 337342.9644730892
174836727.1299502850 581535.6832275391
157476587.8596624732 340497.9794212282
151797632.0965651274 155497.6462500878
165305975.7406434417 478375.3041810095
164670591.6711805165 470347.2321176529
157314743.6138630807 339398.1168332994
171085576.4779126346 545393.4706726074
158037148.9888092279 354213.1173850000
152744195.8191189170 213331.8378840387
155340124.2644220889 290530.7913862374
164354827.9865457416 466338.3114490509
170677910.7905303538 540265.5650482178
152787329.9854491353 213651.3228598535
164513420.7904472351 469071.9032459259
152451505.9853119254 198131.7122627199
157256675.0442450643 337733.1171998601
152812318.5839403868 214033.3587103784
157200100.6455678642 334132.2254800797
174262253.5666745305 577726.0069580078
152728601.2099159360 212326.7802573144
164948214.2033958733 473550.5571185350
153000265.6057737172 222230.5612863004
164176242.1966247261 463436.6979999542
164406991.6538960636 467334.3342761993
173777419.9566899240 572098.1224365234
174137458.1928931773 576262.3791503906
171065668.7989169955 544544.0694732666
152660594.2429692149 206809.5998679101
159777744.5893384218 386230.0346194506
152757195.5574475229 213644.0788107812
154362215.7216294110 264621.0434509329
159559337.5085113645 381416.5813113451
154063397.1653739810 255909.6718550734
174972447.7161717713 583687.1258544922
170242181.1712885201 533640.1355209351
154575003.1988841593 271424.7734175734
175093399.3284520507 583740.8543701172
174960078.7760406733 583540.5740966797
157154870.8125503659 331699.4140139520
170311126.0804723799 534087.6414108276
159588639.7166067958 381504.2740775347
151687452.2850023806 126505.2724574017
160772440.7239419818 400893.9895551205
154980575.1816777587 281795.3317359500
170948191.3889789283 542941.2769317627
157030768.6118712425 330662.3205691278
160766110.3885987997 399715.9075398147
170325281.7963406146 535098.5652618408
170545962.1469301879 536390.2348175049
170781037.0148298740 542130.3497467041
174569219.2004492879 580108.4742431641
160758256.6439301372 399636.7010468245
152596377.2527753115 205886.5280295312
153466616.8312775791 237372.2230367661
160536506.3824974895 399464.5816010237
160199383.9639588296 394172.6929291487
174032062.2445279062 574799.6160888672
152824125.5398066044 214655.7471443117
173845170.5561042130 573696.8919677734
152384479.0841284096 190374.1614814699
187752806.1861394942 610336.8867187500
187652015.4562402368 609950.9819335938
151695274.9719970524 128338.1759348526
154607857.0928386152 271480.5440385547
152356922.6291634738 188763.6401100960
154763612.2707453072 272749.3239660198
154872680.5747709572 278413.0859175734
173806704.1027253270 572473.0147705078
157185745.8149344325 333106.6168509424
151724667.8398532271 134644.5993124060
151703337.4901756942 134304.7441878929
160156169.5595632792 391845.3206301928
159928532.2218232751 388503.4149655104
160040743.3415385783 389320.5315514803
159728613.6728599668 384225.1577011347
160102617.3294323683 390968.2292987108
156653759.0974198580 321338.5046335161
159108040.1396414042 371646.3578385115
159438491.6724856794 377247.1363129616
159005074.5537790954 369068.1441634893
156312966.7698191106 313296.9709955156
159052337.8712523580 371533.8062728643
155692389.3843088746 297631.5457353592
154848091.6942850053 274202.3765840530
158717718.6510163248 362349.8307389617
158925618.9626637995 367732.7388855815
159336511.9765639603 375184.4569273107
159224419.4610889852 372881.6998230815
158660167.0025290549 362342.0944969058
169699242.2532785833 500623.8172442410
170200844.1634311974 505778.8734423611
169762030.4321344495 500757.0097949002
170164448.4981458783 505242.8475634549
