208733975.6616661549 107111.4128417969
208567501.5632383525 107089.1683959961
201473153.0925082862 104671.9263916016
184862437.7511690855 41395.9416990604
195391223.3430159390 92089.5560708046
196100546.4503073990 95086.3631348610
201211599.0379366577 104557.3823242188
204344439.7435165942 105613.9495697021
205648557.8468363285 106747.9167480469
186667162.6628103852 62864.8074378371
187332120.1474838555 65579.9130502045
195548886.3441985250 93526.2067818642
196643340.0349222720 96154.9941697121
204624302.2335194647 106202.7592163086
187556578.9136188030 66270.4620946944
184836844.3618619442 40689.4403505650
185203383.4079771042 49929.0261902028
187181376.5341385603 65282.4392179279
191722252.1523482800 82884.0338154286
200826886.1121026874 104142.4662475586
185197205.0658510327 49560.6608584785
191481725.1214428544 82214.1313989609
201064700.5258037448 104313.2974853516
205930412.0863098204 106829.5957641602
186159888.6361985505 58780.5429416448
190640399.9087172747 79327.1165493843
187093712.8088968098 64614.4663989842
191930505.6948787570 83095.2099413201
191918737.4553304315 82982.2692579478
196813460.3762851059 96230.4590134621
206583060.7853218019 106962.3287963867
207782119.0237328112 107062.6032714844
186566834.0345065892 62304.3061410785
186497679.8178854585 62032.4939536452
186544687.4006703794 62227.9116918445
190806132.0022045970 79684.9791973946
191615842.5962143242 82452.4245701283
184997274.7935046852 47121.6590086021
186297560.5505925119 60024.8073665202
196750324.9090757966 96182.3446335793
200757819.7728332579 103868.3412475586
204424487.8010127842 105662.2446365356
208696822.6959156692 107098.8303222656
185063895.5103454590 48753.3854975500
186309224.5706964433 60547.3388828337
186994390.7439910471 63889.2898509502
191167981.4302539229 81254.9859399050
204461985.5187855065 105817.5189208984
185041517.8336735964 48612.9414434158
187319456.1515682340 65529.0462692380
206835951.2816365361 106999.4665527344
195167089.1146637499 92000.7342567444
197281333.5759792626 97057.7881584167
204555075.6001213491 106084.3385620117
204683486.6356630623 106214.5895385742
200450528.7597059608 103446.1485290527
202388744.6421808898 105059.0810546875
197290103.6404940188 97247.2013688087
190917519.5595454574 80413.8324299306
196007978.0584730804 94935.4984631538
196847523.6638293564 96666.0004563332
197050781.0925941765 96849.4813809395
207680374.4861100912 107046.6810302734
186290162.2981846333 59878.2490669042
202208027.4499978125 105034.5399780273
202545815.2168678343 105165.9882812500
206600410.8161023259 106966.6046752930
207315695.0366584361 107019.2210693359
208332228.3007079065 107071.6625366211
200505402.0150709748 103597.6208801270
196227174.2391486168 95206.5227699280
195833990.3307130039 94432.7936756611
201970696.7263615131 104935.9194335938
206260239.8176916838 106946.0626220703
185006038.3841144443 47814.4252481739
200267345.4442995489 103048.3643798828
200376078.8153308630 103385.6050109863
186376818.9341016114 60573.7981334031
191007099.4162150323 80490.9143731818
205098501.5629773736 106472.9699707031
204884660.3629924357 106456.9257812500
207473221.9361513853 107042.8533325195
207582059.9962015152 107044.1954956055
185004109.4882399738 47696.5364500083
185218775.5915535092 49993.3375782766
191478580.8590404689 82180.4311074018
185031589.9581494331 48608.4660154380
191049274.6737327278 81004.6188089964
191404913.3661915660 81928.1792011708
208356038.9676413536 107081.6519165039
195976534.1408996284 94547.9239075184
196266442.5005475283 95338.0488152504
200788365.7784541845 104118.2037963867
208335995.3903404772 107080.1378173828
196298498.0669751763 95486.6426072121
200633162.0292331576 103718.1298217773
186196677.8848544955 59067.4853168279
186270532.8315328658 59836.4253974706
191430244.3200269938 82093.4031265229
191140019.8651043773 81207.9583796263
191091174.1843903065 81154.8490620106
196448678.0380074382 95899.6712937355
205223470.6185491383 106592.0494384766
206523026.4735691547 106960.9672241211
200099638.1666097343 102706.3647155762
197078980.7636912167 96992.3692460060
205114277.5033659041 106509.0786743164
207076358.7483978868 107011.4889526367
205071043.3765147626 106461.7836914062
208379961.6452052891 107083.2399902344
196592181.2119493783 96105.9355740547
196131138.3548430502 95160.7222886086
184814660.4696158171 40552.8108751427
186222694.1586195827 59787.7412563115
190744611.8718789518 79471.8387020943
195147505.6614863873 92000.0829186440
195753375.5831239522 94285.2338662148
195468401.2650226653 93523.1357979774
201921316.8512839377 104785.1693725586
206519452.9219554663 106959.0323486328
206042460.5855074525 106877.6635742188
186377996.3821800947 60662.3791268617
185139192.7643174231 49482.8527446816
186358020.4041436017 60567.7185961306
205864501.4404719174 106779.7406005859
206929869.1517037153 107005.8338012695
207760807.0526491106 107058.7575683594
185290806.9681849480 50448.4786601780
186932096.0597257614 63768.7312850505
190617690.1115482748 79251.3768242843
206121384.7544901967 106936.6919555664
195705945.5005616248 94097.6984963417
184865538.6729622483 41486.0534172272
186876611.0240515172 63712.2325846702
201928979.0979551673 104791.6685791016
201774148.2022611797 104763.4071044922
206183435.3726067245 106937.5623168945
208026538.1642021835 107071.5878295898
186729101.6059457660 62957.6171514392
195685719.4777618945 93776.0556998253
205685797.0079833567 106760.8844604492
186949844.9245527387 63789.5381106883
190819011.6358616352 80091.9511651046
195741316.1679576933 94167.4970704764
195775014.9651102722 94295.2614493370
190667546.3387290239 79384.5834194076
190572378.6618406177 78310.9820943427
185326462.1190292835 50450.5850466011
186380751.3034312725 60781.1583047658
190677781.7194856703 79386.7402797592
196978326.7596160173 96674.1302876472
206842581.1710595489 107000.0040283203
207116707.1595784426 107013.0108032227
185265139.2697700560 50278.0555299968
206755362.1826245189 106993.1610717773
196984486.2152255774 96802.9237232208
205281500.0204999149 106599.6248779297
186841000.7527722120 63415.8767013103
190595313.8687005043 78807.4986775167
195791490.4117845595 94300.6768546104
205334287.3065078557 106659.8184204102
205821783.0330416560 106764.0219116211
205530809.7265817523 106734.7988891602
184890155.5326695442 41543.7834957186
196428830.4850368500 95750.3920578957
184919829.8932554126 42172.0993626657
201207544.2776789367 104408.5742797852
184946144.1623934209 42172.5243110206
197005844.0742063522 96834.1474823952
205470705.4728587866 106664.2493896484
184905531.3028434217 41581.1501827407
187110908.3607977033 64700.3595351949
200030029.5856066346 102625.0573730469
187041259.1512332261 64444.1341781169
190805410.7449116409 79578.3327114828
186845644.4045994282 63649.5784377605
184989317.6216857135 42529.2352358469
186658325.5218812823 62625.0160222799
184976077.6120636165 42525.2429818281
196834491.8046154976 96384.0907709599
197425687.5250411630 97337.5050377846
200147170.6655692160 102725.5014877319
200733263.4897589386 103820.7863159180
185495675.1983673573 50797.8024840408
185350989.4195427597 50704.0196940805
196843684.8446174264 96427.6806995869
199665632.6825886369 101023.1177978516
185501348.3665629029 50868.5999307464
185581025.2790476680 51044.6937663461
185593103.9161347151 51310.7326070183
190596037.7576642632 78864.3954346426
199805742.6995863020 101403.3105850220
199811499.4724997878 101927.9542160034
185756926.8821783066 52010.4029512130
186686709.3189903498 62897.0696664602
199666248.8434317410 101280.5316619873
199964833.3556886315 102534.0739212036
200245186.8429242969 102948.7821979523
201608637.9977315962 104687.6306762695
184961503.1373114288 42404.9557699685
186418549.3015197814 61293.8511453420
200375503.2752246261 103313.2605285645
186370785.0931887627 60573.0771222860
204476605.6109014750 106075.8930664062
204777877.4075246453 106331.9696655273
187490886.3719301224 66171.4420480505
187441326.1571093798 65776.0158246681
186442208.3426295519 61435.7345472127
201689554.7676027417 104712.0559082031
201191343.2802253067 104406.3625488281
200314800.6830924153 103087.4988555908
187481955.2730927169 65987.7957318947
187484881.6542717218 66053.4644712135
202183564.1426914036 104957.3499755859
200743203.6692467034 103864.8881835938
198939980.0952343047 100025.2889232635
198206000.9921022058 98692.5783371925
199080190.9421189129 100211.3284797668
198648145.2975341082 99623.9236183167
198581322.5287263095 99436.9763164520
198864591.3370333612 99660.1264019012
198499383.6149385273 99395.8330669403
192326415.5570853949 83689.9551885150
198114989.5809748471 98592.3855686188
192454437.4144855142 84131.9274709247
198271154.5588512421 98876.3927998543
198261481.5032893419 98726.2202610970
192498378.1668581367 84183.2367270238
198419702.1494534910 99036.4070529938
203199936.5573442876 105221.1411743164
192310214.5596317649 83683.4059331439
203287419.2164316475 105228.0377807617
197623624.1981199384 97664.0375294685
198359873.2400317490 98880.2740540504
192716219.0957147479 84209.9244573138
203459484.2793847919 105250.7189331055
197883664.5314103663 97981.5943760872
197928348.1252974272 98212.9328465462
192210001.5217056870 83344.6278874896
199656372.4894559383 100545.1912765503
203583635.9479785562 105309.9008789062
203582460.5078154206 105255.2622680664
185669096.0704996586 51363.8955143848
197576819.4989802241 97538.0467045307
199235684.7882412374 100379.9409713745
203183455.3980272412 105217.8311767578
185917350.0461986065 52791.8100386458
199347499.5128620863 100478.3250796795
185805268.9184054136 52592.5406516390
198901572.4499845803 99662.4653491974
185896576.8315777183 52673.9592219096
203331211.1670798361 105232.2318115234
185854488.0305547714 52667.0319693880
185722238.3921367526 51786.1425422030
185958153.1398004889 53821.0750852423
185930748.3871222138 53615.6526150601
186013579.6632784307 54621.7032185914
186063719.6993457973 55331.3416016223
185994223.8297008574 54554.2510998370
185948402.3030967414 53760.8248763205
185999836.8291674554 54592.6744084479
186058831.7798701227 55295.8225204321
186084181.4273559749 55596.0789291235
188734012.1930938661 67087.1370441485
188442308.0069683790 67007.7066199351
190503765.1476230621 76525.5128577654
188328953.2853217125 66348.1054598857
188615171.0878615379 67031.6728121806
188416136.9152774513 66858.1344067622
190486052.0623363554 76151.1154888575
190170962.4123785794 74497.6532624667
190304960.4193081856 75326.0232575838
190387265.1970344484 75624.8955818084
190233967.6234648824 74613.9844890982
190396852.1262719929 75629.2371595651
190402310.4789184034 75634.1733554155
190254530.7322849333 74874.3884266168
195104233.4074272513 88262.9802116565
194804933.4323896468 87216.6604227237
194784273.8921634853 87185.9414543323
194704642.2686730325 86714.3536018543
194869878.2767569721 87494.9399806671
194509507.2992071807 86384.4952778034
194807592.4571514726 87416.8820671253
194544377.6079382598 86477.1894654036
194437143.6499925256 86178.9647949934
194254076.5275926292 85201.7172135115
194123433.7242858708 84488.6008347273
194191897.8197388649 85199.3212784529
193882723.0050854087 84248.2186783552
194174518.2581018507 84561.4964816298
194166741.8719553649 84521.0057201385
194034952.3095034361 84476.6034686591
194182436.6517468989 85017.5621249403
193925001.9269546270 84348.2540042128
190086105.7052955031 67650.2187280350
190139218.6733867526 67954.1408573084
190108529.5336887836 67859.2046138339
190146679.9807542861 68561.2604671412
