187977675.4173003733 69181.4710756615
203387577.5739596188 106281.1688232422
205559207.6856814921 106964.5000000000
204655484.4571468532 106725.0601806641
187980527.1906085908 69292.1460146010
187525744.3181241155 68522.1061769798
184581531.0450095832 42619.7458137144
187446446.8858044446 68381.9239412621
200996335.6210235953 105009.9598388672
201881291.5662577450 105612.5425415039
184839188.7923803329 45184.7169379941
184648015.2017423213 44272.7873725644
184828678.6594731510 45066.0125303419
185644603.0679628551 57341.8616506606
194234035.3393898606 91687.8502282053
200162955.8067011237 104297.8046264648
201422761.2740070522 105321.6141967773
201706262.3243526518 105547.4050903320
202835372.9945651293 106053.0375366211
194898756.8103266954 93376.6982135773
194576973.6974038482 92532.4019775391
204580138.8881035745 106636.3006591797
184624545.0207022429 43496.9836799316
184688015.2714145184 44833.1097803266
184592203.2072171271 43378.7001288999
186082927.9703761637 60779.8558435440
193139718.3814614415 89118.3129675463
203293716.3678506315 106267.0191650391
184510124.4136390984 39722.9339026966
203153033.8700001836 106207.5036010742
203190342.9589070976 106265.9799804688
206885501.6927553713 107127.3974609375
186036561.4274122715 60522.4467120171
185993190.3654325008 60388.6383481026
206257325.4481843412 107109.3178710938
192770566.1849027872 88182.4765785933
202959244.4089717865 106159.6008911133
206059590.3394337595 107095.2491455078
186158910.6824407279 61304.2015928030
199914364.5435282886 103974.9462280273
204866011.8254296482 106827.2502441406
187260639.6106678247 67317.8293127641
202228277.9234329462 105830.4987182617
192769134.2039227486 88166.3871372938
186290246.2203114331 61960.8695400317
202411519.9208247364 105892.5137939453
206231657.5423858464 107098.3858032227
202189391.7760448754 105716.0807495117
199773908.5765065253 103813.7467041016
194357535.8712319136 92334.8335231096
193645937.7325971127 90484.2565220743
194651053.3542505503 92609.8969955444
202918368.8978841901 106074.5867309570
202585050.6230753064 105977.1012573242
201169627.0674604475 105052.4490966797
187350196.2544496953 67840.1482214555
207619767.9899547398 107155.8576049805
208591634.8025486767 107182.6129760742
185889704.6194928288 59263.7540807514
200361185.5881559849 104499.1014404297
205914795.2281552553 107081.9472656250
185936763.8677901924 59880.0743069351
198198090.4318580627 100663.6404037476
208509407.0002765656 107176.7658691406
207540214.7521789372 107143.9660034180
209540327.2609756589 107196.9220581055
213108814.3905221522 107250.4039306641
200749027.2209137082 104845.4654541016
206245789.5123307705 107099.1047363281
184504262.8477905095 38904.9615586177
187639935.7985673249 68874.2769841775
191475629.7867049575 83970.3266271949
185033206.9418459237 49107.7901778020
204629375.5239795744 106689.6095581055
205937615.4986694455 107087.6420288086
184523019.4212977886 39748.8355549051
184547868.9583334327 39795.9041501506
200641407.4246624708 104754.7202758789
205836795.7534192502 107078.7523193359
184574871.2172615528 40476.4723131525
194543086.0613960624 92517.2427520752
207419869.1166715920 107141.4237060547
209468410.7749045491 107195.0567016602
193081728.4453596473 89012.4981087446
192729823.1304932237 88154.9777723551
200452423.0552241802 104556.9865722656
214098441.5211354494 107256.9755859375
193935435.8468931317 91379.9992150217
191630090.1370079517 84743.7839807868
194316544.6279556751 92133.1037405878
194849982.4347296357 93299.6280965805
194951628.3523070216 93479.1108379364
195332456.6597161889 94209.5790386200
200564087.0432857275 104739.7356567383
205737798.8019185960 107034.3598632812
205213690.8297686875 106940.9022216797
192205269.9146853685 86557.7872342467
193660521.3860713840 90585.5252465159
198237309.3820090592 100736.6837615967
185851294.9668121040 58901.8259873763
187609227.3502939939 68840.3062646985
191337164.3571288586 83524.6071981341
195063421.9428674579 93549.3575134277
209109052.3084771037 107189.5523681641
208642214.8040941954 107187.1386108398
194739496.7913639545 93254.2189636230
194750648.4905269742 93263.8361101151
198274107.0632410645 100795.7106962204
194087919.9975009561 91605.8907740861
193790979.5389145613 90746.6536282450
185905097.9745854139 59545.8083887100
205117587.7372398078 106937.4158935547
191987348.8182312846 85869.3980402350
198178239.7360535860 100300.0296325684
187181234.1005641222 66955.6825758293
199528559.6761377454 103361.4738922119
200107055.6771755815 104248.7084350586
207375109.5998751819 107136.8683471680
208194539.3126720190 107166.3291015625
199620178.7009815276 103465.1042022705
184493532.6835845411 38878.7894155401
204487038.9536555707 106610.9506835938
185698428.7344867289 57905.6085550413
199946094.0576564968 104159.0894775391
208199063.0055156052 107169.2406616211
187367318.6981258988 67934.2448095903
187633120.4156673551 68859.4614538774
194293136.5410750508 91879.7775515467
194509042.1960881352 92424.3350406289
192062591.8426626921 86299.3047479987
192694226.8046698570 88107.0944832563
208000269.7051251233 107160.9463500977
184567149.3096545339 40323.4053897505
192355985.9198380709 87168.1195163131
205393821.2064022422 106956.9681396484
184996227.2465032637 48413.9399922513
192302584.3424708247 86746.0983065963
194347965.9933779240 92309.0018020272
201341845.8773467541 105092.6397094727
185828512.3909097612 58757.9375586137
194412588.5504370928 92335.3592900187
187193064.1797113121 67013.9723496065
207470723.4652760327 107143.8878173828
187544880.5364863575 68610.9291381463
187838290.0914524198 68991.1573974714
185732871.2890176773 58344.8226762190
201376771.1693914533 105099.7799682617
192480044.5525792241 87315.0233153701
187898582.4596504569 69018.9523877725
192110543.7347235084 86409.1652011275
187755980.3880284727 68962.5430307984
191947752.4182657599 85613.1349176764
192946706.5799574256 88735.1900216490
191376573.2291756272 83806.0982946754
191670516.9063435197 84763.6443733573
192904591.0688577890 88558.9225400910
201675588.0475658178 105325.1111450195
191832839.6355344653 85540.3504328132
204683153.5439198911 106751.9973144531
204753018.7179627717 106796.9216308594
193642460.5518368483 90467.2261960059
198407227.9687769115 100842.3108062744
193994361.8310762644 91416.4842899591
193641791.9147561491 90382.5219049603
193575613.7250403166 90379.5844049603
187252973.6940445900 67251.6135742292
201269913.1278175414 105087.3829956055
198167802.1267913580 100060.0281982422
198264697.1831314862 100779.7559814453
201244236.3624981344 105086.2739257812
193431647.3713594675 89583.3941661268
193243963.9349139929 89471.1151166111
204345475.1223285496 106390.6577148438
198231827.2816174030 100684.4954376221
187402849.5057895482 67949.4782770276
205273469.5490729511 106946.6650390625
185682424.4204488695 57699.6595129594
185649251.1796111763 57456.9532141313
192846925.8120536208 88496.6162421256
184985520.5028963685 48258.2727620401
187264505.8505018055 67339.8396582231
191541458.9899995327 84488.7433199286
199329118.3814329207 102936.1545104980
185601393.5081150532 56983.2724516019
212373908.2542235553 107214.0733032227
185470334.7597084641 54986.2813668028
187243952.7487989068 67249.9678833112
187119282.3670164943 65862.7012542784
191078925.2714569867 82011.1340261698
213851046.1382287741 107255.3877563477
212567525.9356218874 107224.5354614258
191167776.0562578440 82316.7764555216
190992831.4063923955 81719.3225904703
213706166.9408829212 107252.6757812500
198589448.8463204503 101553.6991424561
212081445.7006096840 107205.7302856445
192253682.4572520256 86592.1998007745
198545781.0115386546 101331.4146080017
212658011.6472754776 107229.0065307617
198988785.1999721527 102254.0327453613
185514280.8442059159 55284.7652612031
185554153.0214453340 56069.9549496099
185515953.5579980314 55900.2639046013
212858683.1643492579 107245.8911743164
199132343.3848866224 102463.6861572266
185661991.7750047743 57479.0773355588
199020897.6171237230 102259.6660461426
195758298.9024987519 94426.0887340754
191216478.5757612586 82963.0077276826
212514644.1300417781 107220.9409179688
191344512.3862655163 83724.3406363130
191626631.8146166801 84646.7279043794
199303572.1890985072 102915.0058288574
213037505.6276596189 107248.6072998047
199441589.4611646533 103029.7059326172
199281215.7333644927 102832.7606506348
187122012.9375429749 66076.9297328740
186360032.1390516460 62132.9958734959
187021046.3511903584 65586.8024698049
190911348.7381720841 81403.1422826037
186344973.9090870023 62126.8737637704
185862804.0754954219 58929.5031137094
190806470.0421346128 80596.1963284988
212156727.0683956444 107213.9076538086
186921783.0329470038 65052.2939852327
186903546.9084545374 65012.0068035871
199252438.1316521466 102516.7577819824
190934835.6953271925 81580.3597127184
185040885.7380793393 49230.1913228132
186642438.4431852996 63570.1947744116
185258612.1097287834 51517.4905623550
184955784.8198885620 47665.5582251454
185138589.4705162346 50783.8050703057
186483263.8120438159 62772.8673255518
186693117.8658292294 64019.0352628455
186842589.7219453454 64470.4948816746
186501897.8171395361 63099.8476067334
184936355.7533019483 46713.8327830277
186878343.4802865982 64670.5996440575
190986598.5833469033 81605.4104081377
185101172.2797304392 50014.3551153936
195671007.0940355361 94312.4006725997
191094181.0815187395 82314.3728810534
185187102.2500938773 50958.7926766672
195924181.7842744887 95095.2544323653
186398638.0285496414 62237.6922563692
184880818.2115984559 45267.4050912567
186814024.7517635226 64378.0965120723
186683938.9056490064 63864.4277185579
184894289.4804402590 46129.8656911560
196243396.5859701335 95730.2156233788
196587564.4663529098 96398.7913853377
186245433.3853068650 61556.5977713093
185234923.1832571626 51289.0084152127
185122335.3676779270 50461.5759138860
195806771.9090681076 94547.1020988673
185326676.0336761475 52024.1928654774
184949566.7891623676 47494.2989852138
186286304.0394216776 61759.6451237723
184943322.7478404641 47107.1644832887
185449742.6680004597 52347.8438512046
185213837.2102143168 51278.4558945759
184974329.3018472195 47890.6044575967
196781997.9954517782 96503.6264872551
197065967.1100231409 97362.8310581893
195648723.7932673395 94227.3378807753
190874851.3131061196 80983.8385205716
190754876.3819499314 80329.5745968502
196984521.1567283869 96859.9957157820
196990187.5521473587 96875.7389408797
197032723.3513483405 97017.9643151015
184918176.8129844666 46610.5039052673
190773728.8393374085 80380.7748260219
190698821.4400845468 80317.6806632001
196589928.5661527812 96427.1302525252
195887971.5990178585 94888.5369183272
190428388.3457977176 77659.5476156567
196122836.8587061763 95295.6621453017
190528198.5578692257 79178.5429987015
190430579.0294112563 77788.0625515560
190468559.0163479149 77813.6208192537
196165082.1239559054 95474.0975701064
195838017.8141299486 94793.3576561660
190475823.6885625720 78576.2377141252
190430469.5930844843 77669.6776409725
190538411.4436932802 79281.7334957699
196927346.8215774894 96786.1049656868
196984486.2152255774 96802.9237232208
198114989.5809748471 98592.3855686188
197623624.1981199384 97664.0375294685
197883664.5314103663 97981.5943760872
197928348.1252974272 98212.9328465462
197576819.4989802241 97538.0467045307
190170962.4123785794 74497.6532624667
190304960.4193081856 75326.0232575838
190387265.1970344484 75624.8955818084
190233967.6234648824 74613.9844890982
190396852.1262719929 75629.2371595651
190402310.4789184034 75634.1733554155
190254530.7322849333 74874.3884266168
