185758746.1000428498 51868.6302288370
186422484.6155768931 59529.0410271342
186388539.3335515261 59328.9376868660
191394409.0715557635 80356.0541332816
192261437.1305286586 83206.9325055982
191892158.4596232176 82326.0459365005
192207080.0086863339 83034.9577510379
197127431.4723975956 95935.3592541218
199333781.7252739370 100306.0283145905
199048245.3123520911 99441.3871219158
203133861.0760540068 105085.9792480469
206004747.9348811209 106458.1138916016
206397191.2038087249 106578.1517944336
207111351.4963530600 106659.2328491211
192497980.8796060979 83361.8887517474
192029687.7932110727 82572.6977865602
185845950.2722415030 52348.1248057680
186216632.5526696444 57736.3531053643
186262306.5995535254 58231.1292648966
186338120.3953737020 59134.0083489940
191731124.6442600489 81541.7150332950
192338899.5947329998 83218.9806039355
191852029.8595765233 82317.2215449832
198679382.6562085748 99422.4434573650
207498892.9733273983 106689.9896240234
210215643.4754425585 106803.2832641602
185700708.3984760940 51064.8135230215
185652512.0652227104 49426.9899188364
185816882.3367155790 51917.2238474376
186222313.9935304523 58221.6739960368
196886058.5892379582 94877.5733910855
202832704.7733532786 105011.0759277344
203225621.2945150435 105099.6675415039
203178819.5647833645 105098.0470581055
206367211.7553100586 106576.4241943359
206613829.0997506380 106586.2078857422
199150818.0599980354 99645.0116794109
199209733.6468316615 99753.6901462078
186271129.7509390712 58240.6367989237
186280494.3956721425 58376.0114670451
186284604.0232329369 59051.9811936076
186883089.4406919181 61769.3998257424
201734867.6371915638 103870.6626281738
203331211.1670798361 105232.2318115234
205630266.9528511763 106289.8207397461
186593203.2588153183 60440.2160874064
186703499.3997952640 61078.6865254194
186549640.7670155466 60083.6926880534
186979302.0049950778 61914.8532542641
186776472.7402037680 61455.8733959849
186884300.6044400632 61785.7284537953
198304318.4189415276 98534.7733280659
202584276.0257086754 104796.8811645508
208856588.4449433982 106770.1588134766
208610546.3751452267 106753.1464233398
185854488.0305547714 52667.0319693880
185722238.3921367526 51786.1425422030
185677314.1795509160 51033.3697902048
185823694.0377514958 52029.5016415794
210001350.2069190443 106797.3353271484
185603525.6191675663 48766.2728378200
186616566.5103618205 60843.8568268473
197371085.0004772246 96824.7906038761
202360715.7997342944 104654.9782104492
203324138.2779390216 105100.6322631836
209772334.0872203112 106781.8995971680
186574700.5737008154 60313.9646340067
186678306.4724478126 60982.9489379580
191023988.3204647601 79419.6360888598
191111459.2610348463 79476.3404173967
197275379.4372902811 96670.2124531269
196984905.3975680172 95897.7593357302
202353825.4423645735 104619.3918457031
206252360.6949480772 106568.7733764648
186605385.6287536919 60637.0961380656
186582273.8389975727 60357.7575760538
186486020.2514249682 60007.3679123576
201597113.4396846294 103626.5728073120
185671450.8106818199 50460.7956420057
190954451.1150995791 78718.4234557268
191260969.1803440452 80310.0755972532
192164080.8061609566 82694.1414720066
197328277.0694547892 96732.0424702168
197459929.3266233504 96935.9472279549
198397864.5485153198 98672.7699666023
198146245.3823741972 98261.7010624409
202936937.9841815233 105065.2117919922
205956637.1810210049 106375.4677124023
205967711.1431139708 106413.7644042969
207490723.1347270012 106689.9868774414
185701503.4900124371 51070.2251554602
192096650.4595658779 82577.9238451965
197944790.1824549139 97681.7783207893
197725693.4049854875 97539.4448368549
203102147.7861465216 105083.4790649414
209422121.0089124441 106770.4640502930
198344705.0349914432 98618.6606659889
202218524.5974771380 104454.8834228516
203011608.7699604332 105078.4113769531
190837814.5350851715 78594.1302638170
197132500.3743062615 96043.9263203144
203079229.6733847260 105079.6654052734
203121059.5706651807 105084.0551757812
198474182.6458317041 98734.1048710346
202701165.0045839846 104881.6934814453
206571560.2216670513 106582.4906005859
206232069.3054492176 106540.8523559570
198221511.4208174944 98501.1545536518
197290089.0215677321 96713.2973530293
201888759.5457445681 104104.7570190430
201956688.7699602842 104150.4967651367
202803965.4210919738 105010.2276000977
198069048.0571822226 98159.3823001385
197656930.3399735987 97365.1731480658
197825312.0650701523 97568.1092655659
197590019.6648669541 96988.8445560932
202037500.7335309088 104368.5758056641
201470461.8919908702 103515.0347328186
207774755.8956408799 106717.4697265625
185958153.1398004889 53821.0750852423
185930748.3871222138 53615.6526150601
202038078.8361615241 104389.3229980469
191837673.2985472083 81804.3146034372
197686426.7835566401 97538.0467045307
201363525.7318131328 103228.5896148682
190919536.2491042316 78683.2971129534
191756253.3980398178 81754.0104402326
197973970.1497241557 97869.6938831806
207249749.2373851538 106674.4910278320
197984775.8699219525 98013.8379642963
197979311.5991774201 98013.7033207417
199096658.3293721974 99482.6221375465
207488258.4902772605 106682.2647705078
185968377.3122764230 54503.3152433233
186013579.6632784307 54621.7032185914
191138821.6354502439 79642.3064990160
199163040.5233314037 99711.1165528297
201333053.3619793057 103085.1041870117
201384499.2481036782 103286.6049346924
199249424.6263026893 99983.4641480446
191585365.0565063357 81185.7029578484
208631437.5737709701 106758.0222167969
190955021.3542914987 78975.9901137468
186063719.6993457973 55331.3416016223
191692148.2906097770 81357.3211131118
205613753.9802554846 106274.9795532227
208394893.4947252274 106749.9443359375
207251285.6616998315 106677.2686767578
207440273.3771480322 106681.4577026367
208418976.8008433878 106752.0555419922
201794791.2542259097 103930.6629028320
201806508.5087046027 104006.9001464844
205758902.0722704232 106361.3989868164
207950603.5631052554 106717.7061157227
207183571.0476693213 106670.6900634766
208239117.3765233159 106747.1923828125
201860142.8562439680 104011.0484008789
191713098.3145894706 81400.8404981889
191486167.3838073015 80583.3756155637
191514642.3667640090 80613.3739060909
191574668.4843976796 81180.7914697923
207963158.1519266665 106728.2631835938
201254916.9782660902 102860.9469909668
201609400.3790880740 103690.3443603516
207644638.2527560890 106706.7027587891
200170850.9566000998 100909.7559280396
191333738.8670687377 80319.4936334980
190761719.8489782810 78158.7619847469
191431675.3843066096 80580.8660940793
207506708.2228956819 106702.6194458008
185994223.8297008574 54554.2510998370
200062621.6359508038 100893.7074966431
201435756.7123409212 103369.7843017578
185948402.3030967414 53760.8248763205
185999836.8291674554 54592.6744084479
186191857.3809916675 56330.3624230139
191012211.7921751440 79037.3220929876
186058831.7798701227 55295.8225204321
186140104.4998973310 55654.6796180578
186166688.2843467295 55737.5737220617
186182309.5028563440 56210.9357643835
186214023.5071181953 57006.3321495764
191011406.8303267658 79019.1986109545
206672620.6935415268 106601.6622314453
186084181.4273559749 55596.0789291235
190757524.1511354148 77443.1380165098
190590541.7231537104 77230.2769797747
190560760.6535015106 76895.8997252886
188734012.1930938661 67087.1370441485
206785310.7502961457 106612.8558349609
207014603.8723689318 106634.1041259766
206691466.6971425712 106602.1747436523
190684905.7976913154 77299.8699973528
188442308.0069683790 67007.7066199351
190690441.6750870645 77393.6397918169
188291739.7348526418 66214.6080557872
201054499.1764088273 102474.7798004150
205289086.2666662037 106078.3599853516
190503765.1476230621 76525.5128577654
188328953.2853217125 66348.1054598857
188615171.0878615379 67031.6728121806
188282270.4733403921 66211.6636322886
188416136.9152774513 66858.1344067622
190688077.5752871931 77356.7279876177
188087776.9346257746 65214.7175850440
188198982.3710465729 66055.7991187144
205557586.2520168722 106137.2672119141
190705020.0810251534 77407.4837859576
190437160.5784389079 75979.8780792658
188015268.9695939124 64847.2193991710
199861844.6753768027 100534.3269348145
190486052.0623363554 76151.1154888575
188120257.7044810057 65296.1177985240
188053213.0776067674 64967.0670916606
205446319.2336500883 106087.5495605469
199770634.1787206829 100433.8445281982
188180726.9414008260 65667.7007433940
187837152.1302033067 63868.2984901965
187929812.7562304437 64479.9338767100
204736104.4448253214 105512.1203002930
187887235.8554823399 64028.7951056529
187973417.7844816148 64764.5472800303
201190592.9207226038 102552.8047790527
205182866.7948878109 105919.2249755859
187895621.3027514517 64055.8189999629
190170962.4123785794 74497.6532624667
190304960.4193081856 75326.0232575838
200849607.6655793786 101303.7565612793
205019203.0272434354 105760.1323242188
187793102.5274306536 62989.2334143687
190387265.1970344484 75624.8955818084
205137203.1497932374 105877.2413940430
200890888.5931958258 101391.1663055420
200814050.4675582349 101167.6804809570
187835121.3883437514 63687.3154904414
190233967.6234648824 74613.9844890982
190396852.1262719929 75629.2371595651
190402310.4789184034 75634.1733554155
190254530.7322849333 74874.3884266168
187626280.1269192696 62012.6428258121
187681544.4301653802 62773.7597386539
205166888.6915262640 105908.2444458008
205487654.3112271130 106123.5343017578
201053865.7131381929 101521.1239471436
195645517.6128060818 89355.6359357834
195617194.0574911237 88984.1188377552
200791680.6944161654 101140.9191131592
195675960.2661698163 89429.1473640613
195436783.2704649866 88940.4357628040
195490445.8020238578 88961.5721290559
194992239.6366518736 88008.9088768177
195315479.0781259835 88833.1181032658
195326959.6360407174 88877.9938682728
195290131.4419662356 88808.8468040638
195054313.6588127613 88094.2203239612
195104233.4074272513 88262.9802116565
194641269.8335293829 86614.0509971790
194600010.6953954995 86547.0094436817
194865165.6614030898 87436.7281512432
194804933.4323896468 87216.6604227237
194784273.8921634853 87185.9414543323
194704642.2686730325 86714.3536018543
194869878.2767569721 87494.9399806671
194509507.2992071807 86384.4952778034
195279428.1087998450 88352.8431724720
194807592.4571514726 87416.8820671253
196485172.8189661503 91283.6950728893
196005376.9029764533 90019.3365828991
196294183.2437507212 90807.7701308727
194544377.6079382598 86477.1894654036
195807272.6584061980 89688.4521458149
196424946.2614991367 91060.5172011852
195745212.3501964509 89516.3165493011
196744017.8821093738 91665.3124160767
196879120.7784202695 91786.3708157539
196717112.8785296977 91660.6574447155
196639777.6386764050 91380.1646316051
196408926.9983662069 90834.3835189342
196319221.2711991370 90829.5765883923
196167080.2231357992 90220.6714725494
196285227.4960019290 90473.8340511322
196169616.9689594805 90266.9219722748
196034558.3429757357 90179.7781429291
194437143.6499925256 86178.9647949934
193822026.0144216716 83806.6957062483
194254076.5275926292 85201.7172135115
194123433.7242858708 84488.6008347273
194191897.8197388649 85199.3212784529
193882723.0050854087 84248.2186783552
194174518.2581018507 84561.4964816298
194166741.8719553649 84521.0057201385
194034952.3095034361 84476.6034686591
193702925.0855787992 83433.0619380202
194182436.6517468989 85017.5621249403
193925001.9269546270 84348.2540042128
193820210.7520284355 83588.3112269335
190086105.7052955031 67650.2187280350
190139218.6733867526 67954.1408573084
190108529.5336887836 67859.2046138339
190146679.9807542861 68561.2604671412
