158972700.1630944312 43930.2700411743
173438511.6095118821 73030.1598439217
176367001.0541329086 77774.1105957031
159420900.9620014727 45258.0952364868
159464605.1529807746 45490.9696261352
152526169.8401072025 23729.2956965147
159047830.0787376761 44579.0400607055
174528882.6465151012 75398.5211486816
151654865.2394672036 16702.2855833251
159534567.7099716663 45758.4729627557
159607284.2378611863 45803.8229431100
174436661.9228054285 75307.0099029541
176562073.5378444791 78057.7935791016
154426828.3249740601 30717.0664837658
151737761.0809612572 17460.7626341063
159371166.3111788929 45097.5896619745
163887457.6426411867 54932.6858976334
176380821.2636798620 77911.4313964844
151843763.2941017151 19508.6968421098
172808490.3250088692 72394.7427983284
174136017.4459730387 74511.1328201294
176504504.1938523650 77969.3302001953
156441037.1989703178 37272.4620254189
159596360.8024411201 45762.3093160056
159306242.8222953677 45048.4127973504
174678129.6219407618 75426.7751464844
151921618.4211542308 20102.9341533361
159227919.7495967746 44846.5433973260
160132281.1588864326 46829.3737095147
152338189.9226437807 23060.4238093076
156350827.3633948863 36987.2481890991
159897458.5337092876 46545.9795156792
172638483.3531925976 72076.9671635628
173673775.6909834445 73690.6725158691
175060750.2287012935 76189.1428833008
151541633.4222991168 14999.5920924548
152814552.8812533915 24817.6288111387
160673199.6381101906 48216.4342054315
151609172.9193989038 16548.8330686766
160512916.4428655505 47581.9747375436
176547990.9537551105 77975.8883056641
174422361.2411949933 75188.9380722046
176687756.8905209601 78162.4776611328
159418762.9882193506 45193.7991041131
160247800.0334345102 47305.2649921365
172699067.5531361401 72138.0583271980
156091427.7907966375 36274.3322127908
159390944.1488238871 45168.1347585991
172659367.4714177847 72122.6744999886
154469684.1780599654 30945.9517109841
158596679.7626210153 42624.2254511900
175057032.5769367814 76157.5783386230
175199603.7498928308 76474.3453979492
156311484.5333792269 36984.1879020706
174969393.6251325309 76073.7975158691
175071787.9645913839 76261.2102661133
174840711.3448259532 76032.6232604980
175423521.0614763498 76791.1003112793
160774822.1302877367 48448.5543226190
174984650.0210849643 76148.9567565918
160541120.3371515870 47787.6710218377
160190569.0928837955 46974.5804060884
160339841.6781240106 47536.6247571893
174277197.6240706146 74912.1421928406
174712912.7923218906 75794.7861862183
152481001.9075078666 23523.7999537168
160657804.8280428648 48016.5607923456
155459037.0949391127 34330.7726118676
155583291.6438621879 34631.0936413370
172465795.0958192348 71529.3729100227
173224278.3727073371 72898.5760579109
160710112.2824578881 48217.1900819428
172624219.2979951203 71998.2995610237
160278221.4566048980 47310.0713802241
160237615.1036646962 47304.5046400018
175418408.2795794010 76743.1554565430
173480933.4277709723 73655.0124287605
160284565.8066505790 47349.8546203561
152801020.5786401033 24688.7152265338
172531942.5321231186 71874.1326184273
155231906.5180805326 33615.6541105434
172789136.1953338087 72150.9284977913
156677975.4561419785 37896.1174675003
172499004.2021700144 71744.9992188811
163772100.9137766659 54791.9548886046
173303407.3057757318 72999.2589802742
152198639.4471133053 22206.4007456480
154566568.1078671813 31163.0251539052
172984626.7720961273 72756.7766118050
152316075.2828516662 22369.5182764707
154465799.8226361275 30887.6985960230
151441617.0242472589 12495.7427034990
152244861.4122780859 22313.9602320371
154274360.6702213287 30128.9629084319
163312108.6770178080 53825.0772044882
163428959.6737184823 54102.9046581015
163347697.7441160381 53983.5527716652
163257929.1547245383 53572.8743846640
160335598.3286898434 47351.8415144868
156695741.7657797635 37918.6110433564
152856975.4496042728 24983.0960767791
175813348.0955486596 77250.1943969727
151503669.7444660366 14875.0314616564
152162921.8892250955 22081.8401148496
163241809.5789908171 53547.0316968188
151926630.4450540245 20257.9809839902
151474177.4756273627 13417.5120112106
159832151.3616570830 46392.5750745721
172941110.1139785647 72473.2007584572
159877745.2132796049 46439.9119490571
152600495.3925311565 24005.8407887695
162366504.5889769793 51722.9713237509
173808294.7891145647 73868.7562179565
151595556.1121953130 15838.7729032714
152825634.5831920207 24893.0183207346
163504604.2786226273 54244.1784871295
173814741.3153052330 73938.9312820435
173702298.5467033684 73838.3938369751
155560173.4847522378 34608.6000654809
175765905.3506239653 77086.0684204102
156577765.0750815868 37367.5268708244
158674767.1241194904 43421.0194270201
176098447.1140367389 77537.5206909180
162889080.5897781551 52626.2078807577
162654713.9783201516 52445.0267436728
151451586.5849288404 12578.9774680787
151488028.2940096855 14135.9927322605
175650558.4436585307 76962.2629394531
162662156.5027968585 52531.9648071453
162595204.0697077513 52383.6376338899
175578233.6324140728 76852.8624877930
173815895.2401623726 74098.3661270142
152436233.8649761081 23198.9458224429
156721991.8381649554 37925.3632941544
154332276.6729788780 30301.9477918446
174142695.6609897017 74536.9903869629
151952162.6301538944 20463.6776236650
176265929.9855785370 77757.0369873047
173933146.3615556359 74154.2438850403
152325769.3504411876 22993.7696802793
155271398.5562249124 33697.9428884462
163599876.2019569278 54245.1013570577
173946340.1463397443 74341.5183486938
152083379.2054832578 21458.1846727682
151478329.0291386843 14080.9510773623
152121617.7159031034 21535.1390546588
152191504.5092473924 22147.1658374295
163029440.1225151718 53295.9682310894
158847723.8072997034 43620.0213106589
162485819.1204329431 51994.0102641806
162518783.7420612872 52203.1355471946
151910459.1262133121 19517.6786613865
162465047.7428068817 51832.1449077353
152028857.5670314133 21270.0520924805
158670478.9155153632 43321.6924560441
162659743.9406426549 52480.6913179234
152056392.6331505775 21380.3282841919
151566528.3908389807 15790.5350814033
163118511.9317620993 53430.0480532348
152004682.2735365927 21169.9105494199
158609992.6086066663 43238.1220186667
156233303.3612344563 36454.1576286331
159008570.1090051234 44225.9615641439
152910362.9434049129 25117.3420380726
162234825.7827490866 51558.0562925786
153219418.5868496597 26164.1969227120
153198800.6049115658 26157.9415135980
159823249.4178689420 45831.5014867373
151686512.1167274117 17255.0659944316
174231799.9329117537 74634.7341842651
171068281.3312602341 68332.7421933040
170680162.2738085091 67848.3423710689
170777446.2802014351 67984.4411316738
170953487.6034984291 68320.8721066341
151679094.3851707578 16702.4646468330
151549810.1149620116 15636.9035032470
156048212.0875124335 36086.7002723347
153078595.6820611954 25393.0216094330
153300737.6215023994 26267.9009869955
155371183.6648672819 33947.7167646997
156011770.9872251749 35918.8058219925
170855937.5122087896 68251.4438534603
153086977.5151712000 25448.0054945946
152942701.3029845655 25246.1360945702
158277436.3506602049 42325.3866297789
158227820.9796669483 42123.5172297545
153010753.0671986341 25276.9763297513
160916608.0698361993 48591.0749512054
158128681.4213664532 41480.7078272887
171519432.0893558860 69281.7311459407
157912060.1586866677 41212.4540357180
170854055.6065837145 68015.8829060420
171612539.3834423423 69644.0230160579
156014158.3067153990 36072.2583366409
158146431.7013750374 41527.7585449554
171181906.7529209256 68885.5459652767
157942369.6845938563 41413.4570643492
151465558.8179743588 13347.7259192567
157691247.7587299943 40654.9800135680
151452939.9889413416 13297.1175608189
152710098.8576892018 24334.2065291405
155276999.0970902145 33742.4773754589
162031093.7212101221 50774.6363249049
171852253.4747399688 70027.8330245018
171335856.6966689229 68950.5979704857
172075311.9403538406 70431.4541792870
157905103.1717701852 40722.8024416603
171350677.5285092890 69038.8750166893
152302104.1529375315 22345.0019201068
162169015.1198799312 51283.7245948762
171863726.8741700053 70032.4248046875
162204845.6023170054 51363.3335122913
161999759.3523337543 50753.4626041949
162211488.6718049049 51433.2720524371
161695722.2658148110 49841.5330387652
161650020.7106700242 49788.9098781757
171991645.5287351906 70129.8301277161
157579291.7059386373 40419.3094795346
161168995.9677881002 48899.4008297138
171788126.8337844610 69871.3134016991
172387585.3614097536 70812.6985969543
161493902.2414133251 49664.3199428730
172262173.2720026374 70763.9322395325
161721276.5419474840 49872.1401638202
161526319.7050760984 49724.2517827302
161198474.8865452111 49072.7700932771
161765105.1418364942 50243.5631069355
154412354.2848007679 30650.1285896674
161448501.1370818019 49653.1095579527
161014231.8054865301 48724.2838634662
155897325.3663371801 35606.7789675333
161001137.4839307964 48697.7550390325
154515278.1419194341 31082.4355659857
158768329.0118782222 43515.1436488219
155309464.6229650974 33850.1230146997
157913502.0828977227 41306.5205566622
155392377.5913779438 33980.7491495647
158208489.2622927427 41795.3563563414
157674480.5404976904 40538.5518079139
155876143.5664587915 35520.5296309106
157463102.7805768549 39943.2732788362
157180211.7641568780 39202.6728544012
155075380.3550910056 33035.7871992700
154613567.0868416727 31254.5980765000
154832113.9335016012 32102.7948697582
155711351.3736871481 34990.4993574731
155596962.5665977597 34676.6890559159
157209907.8668865860 39309.1711670198
157396472.0079882145 39586.4745471068
157249542.3291737437 39384.6051470824
155030947.4440204799 32855.0415871553
156950455.4559020400 38449.0885753967
156622835.2872899175 37535.5910793878
155054132.9273918867 32913.4991325252
154576755.4153961241 31182.8844814673
156535744.5308790803 37278.3872136213
155706875.8648411036 34836.8914561234
151809438.2479926050 17607.4953507531
155504492.3386865556 34379.1807273477
155822347.4010272026 35366.9217295609
155184289.1959595382 33460.9999660179
154614397.5319889486 31265.3652657233
170628434.3033026159 66669.6364517212
170601162.6527367532 66597.6718826294
170653476.6771269739 66800.4336624146
170434033.0824625492 66521.8150239885
165478482.5624532998 56563.8037136160
154900170.1742096245 32168.2884424580
154549043.2692607045 31158.3936195746
154804780.3774296641 31917.0260570571
165537708.3194402754 56571.6099567786
164877909.5576767623 55299.5452359095
165440059.7541424036 56476.2232864788
165301718.0476720035 55933.9959511682
164982963.3944623172 55651.8743114594
154168031.9842848182 29509.1226886138
165336627.2028394639 56279.2254727259
165080720.5855645835 55812.1517971121
164952993.0886665285 55638.4988491908
151795087.6668730080 17573.9858006093
153915306.6929084659 27700.1242261780
153683765.2140175104 26826.3204779923
153877545.6269626915 27600.1044705836
153568372.7742542922 26753.4415381923
153901335.3425596058 27686.4981779074
153543520.4528394043 26688.1158156125
168006279.9541917145 59716.8690902106
167548123.8367716372 59085.2074500434
167325327.3224016726 58581.7521228991
166778253.8343377411 57410.0972156725
167263454.3565211594 58438.5050831041
167840598.9422580302 59500.6797797009
167013473.0565514266 58036.9301889297
167354192.7798982263 58655.7134571276
167953665.5150027573 59583.2130396417
167361412.8971695900 58671.2834742120
166569103.6505158246 57076.3792820177
166856171.6652496755 57687.1645937860
166508229.6629070938 56982.0183688104
166392850.3091083467 56665.9899722040
