156110628.6949240565 32296.1165564321
157727991.1457679868 37412.1996151619
159095400.3717762828 40905.2844929566
164037284.2199260890 51967.6946577132
167325327.3224016726 58581.7521228991
166778253.8343377411 57410.0972156725
180171433.2977910042 77773.5394897461
152275128.4936498106 17462.4132851375
152364824.6055818200 17605.4255353576
152427588.8503331244 18418.5048123099
152569105.5533029139 18499.1210908903
153603683.0879555643 24394.3565920937
156121382.5787203610 32407.1830036901
164514584.1456097662 53138.2166303694
164327007.7301924825 52543.2565931380
175263220.6163572967 72714.0081634521
175131143.6210566163 72372.6833801270
152424046.0691357851 18105.2550374282
152701376.1192947924 18594.4071800275
152854151.7872806191 21163.4690358741
156577114.7861155272 34106.4815037511
157780469.9839085937 37557.8382217102
158487931.5219086707 39284.8745278587
158565510.6621309221 39593.0729829540
159050502.5397976339 40455.9560017457
159177872.3462568521 40942.0221309533
158679702.1998169720 39820.8169469704
167062585.8280401528 58110.0469214246
167225566.7655660808 58140.4946003160
178926700.5373794734 77053.8206176758
178150653.9597899318 76264.4177551270
180432645.0682425499 78009.1359252930
176030650.8332659602 73838.2927856445
175360618.4221774042 72751.7343673706
175457304.3136879206 72973.1631927490
175210496.7500613630 72419.4209861755
175193994.1711633801 72415.8597030640
175493146.4501398802 73174.3367538452
175040360.0482293963 72268.5964355469
152210442.5884008706 16165.1427608204
152502823.2437641919 18483.7376709916
152280720.9330257475 17503.5021599544
157889035.4661006033 37669.4813902043
158909495.7257674634 40130.7966173311
177143650.6882283390 74704.9907836914
178250665.3105375469 76429.7630004883
179934241.5299725533 77483.1747131348
180367340.9347053170 77956.4627075195
179871228.8429484963 77444.4620666504
152223051.0060354173 16166.8867709112
153033433.4486521482 21957.0408742530
154094948.2562409341 25739.4662397505
158156038.5754842162 38469.8058809183
158203268.3618087769 38581.0870699100
167263454.3565211594 58438.5050831041
175492527.2643479109 72978.6566009521
175793470.7283043265 73338.0944671631
177871243.5544901490 75939.4113388062
158911621.5042021871 40271.1823811402
157723279.1394090354 37339.4724037631
158719761.8135778308 39993.3549275269
167799130.3849711120 59075.9750067517
168050508.9047894180 59806.7612311170
167840598.9422580302 59500.6797797009
175986684.4381842017 73655.8099288940
178387424.8015548885 76501.9051513672
178092566.7807135284 76252.2956237793
179633675.7761676013 77299.7194213867
179981505.6467995942 77655.2026977539
179947543.5268939734 77558.3687133789
180203321.6483980119 77848.8582763672
158117259.5636556447 38393.3050691356
158014137.5428357720 37959.2396192012
158338896.7682559192 39051.1635896434
178683540.3372171521 76770.6681518555
152265572.0798758864 17002.6470803035
153474254.0831030905 23915.7138804980
158016340.3855311573 38138.7771031074
164072214.6452249587 52102.4063276350
167525600.0355756581 58898.8580811024
167649548.5301527679 58918.3643595502
168016244.4168105423 59737.5690466687
176408996.4737672806 74122.3245468140
177953559.5328703821 75989.1866149902
178516693.0493318141 76726.7802734375
152250896.1440503299 16854.8238819642
152388985.8270394206 17741.2768241240
152246042.3521690369 16829.3472586944
153417022.7410773039 23552.9259594865
153279342.2877604067 23399.9694957323
153443776.7349158525 23725.6822199961
157638979.7055114210 36847.7780563049
176343179.4948402941 73920.3293075562
176928190.2118790150 74611.5805358887
153032996.1908476353 21639.5188529016
152803393.7838724554 20529.3669240577
152985816.2937024236 21518.9670644021
152882339.0077811182 21441.2964894874
164460089.0693608224 52883.6424275786
167790092.3001990616 59044.0256989002
178025216.2537216842 76116.8844604492
157927193.8580086529 37674.5616375618
157689583.7638984919 37109.7456809692
176694192.9332162738 74458.3137130737
154176109.6009014249 26420.5000170442
156264916.6200110316 33194.5519383214
157622927.3433097303 36832.6251025908
163811463.4047634900 51678.3677381575
164024941.0586604774 51906.3574079573
167474709.6351592243 58894.8316656873
176308958.2089745402 73853.4678497314
177237574.7324744165 75245.6826477051
157363979.4819633365 36111.1079990715
153413908.4646830261 23539.5129334815
154102251.3344465196 25855.2712695525
163798443.9097298086 51564.9307218343
177862742.8233079612 75938.1612701416
167013473.0565514266 58036.9301889297
177566300.8729590178 75559.5541076660
153931379.5031452775 25537.8560236666
154056079.1991521120 25702.8179156707
157591384.4972781837 36559.7087862007
157681553.0664394796 36930.6622481836
157658457.3262442350 36850.9115388095
153892728.8903079629 25484.3175190036
153113678.3123947382 22378.6482492080
153858870.5686986148 25303.1200669689
153874352.9166859090 25482.7112719939
153701941.5657930374 24679.2608041988
153580259.2909044027 24391.5826425777
156954256.3712510765 34379.0561856739
157252906.0490827560 35925.6066743843
163887141.2826193869 51871.3480466902
164153435.3664045036 52532.3685163558
176165277.3312466145 73849.6131210327
153137223.0577275753 22379.4663411370
157067583.7279674411 35126.6801557057
166704179.5186786354 57296.0945606432
157082838.4213430285 35144.2399627678
156492299.0794643164 33515.6659563743
156957480.1270302832 35016.4039639942
153186788.6217856407 22475.5247435709
156364862.4321096838 33314.4821024053
156666581.3517847359 34207.4888781272
156535276.1327800155 33837.4799317680
156247585.6100567579 32925.5503663383
178024584.6020567715 76041.4992980957
177415032.4747282267 75318.8449707031
156726897.8224195540 34226.4116678350
156299277.1915441751 33203.3778199516
167119556.2146805823 58129.1708317003
153171177.4988638759 22404.5074288286
156028196.6838183701 32257.2271969467
167354192.7798982263 58655.7134571276
167953665.5150027573 59583.2130396417
153797690.4081068039 24700.7320285721
152910350.8315310478 21466.7186837783
155812037.8650420308 31345.2976315171
167361412.8971695900 58671.2834742120
177741613.0134949982 75821.8760070801
166569103.6505158246 57076.3792820177
155835637.8059525788 31409.0410071324
164883624.4590567648 53770.2253450453
165003745.1906638443 53908.8242601454
166086258.4532568157 56117.2492227554
166856171.6652496755 57687.1645937860
176625705.7754014134 74371.2357635498
176763630.6220991910 74493.0632400513
177448099.1338943541 75380.6067199707
178397974.2504135966 76513.2680969238
156003541.9807344675 31676.1922696978
155943166.7363865376 31468.3251737505
156233316.2123126388 32526.0009357642
166355966.7691071033 56401.2826481014
166288561.3313046992 56266.6055997312
166636554.4395566285 57168.3641225956
177050881.4949712157 74665.8110160828
165123457.1327274740 54251.8482364118
166508229.6629070938 56982.0183688104
166392850.3091083467 56665.9899722040
178310865.8100624979 76440.3036804199
155603060.0602473617 30504.1504163779
155712647.6216014624 30709.5283460654
166094330.9893451035 56256.4050112665
178048947.2108769119 76141.8097839355
153269736.5591030419 22712.6204676768
165846251.5702112615 55471.1327478001
155945982.7267112732 31474.8853579201
177671477.1773186624 75748.8071594238
177801249.4712205827 75885.5199890137
155783553.7990915775 31318.8822827376
165538135.0912590921 54769.0249255500
165704266.4686590433 55242.1757526547
165539108.5532130301 55163.0129748285
177827720.1181365550 75936.8152160645
153024410.7907231748 21639.1013284130
155540005.4563083053 30431.7410313860
155501621.0599516630 30431.7008924522
155231757.1733396351 29497.3098264523
165384796.3679201901 54693.4270187691
165449265.4987019002 54734.5903521478
165166740.5531302392 54369.5611375868
165140601.3519509733 54322.7802051604
164348001.6427157819 52770.0338660181
164484030.6139466465 53050.3103896081
164677861.0009826124 53486.9554456770
155356545.1382775009 29579.8915037858
164787755.4088543355 53660.3414870203
165622245.0477710664 55163.0425207280
165710378.0748294294 55249.8829899034
155299455.3183007836 29519.8954734243
155277115.2114291787 29497.4339728542
165068078.1915936768 54251.0834093988
154969443.5786583722 28597.6714192107
159862032.8837651014 41670.3108728802
154639195.7124289274 27673.5748419948
154920887.6353980005 28009.2201631097
159843640.9881763756 41664.2650843645
174620628.9779455662 70306.8816452026
154503537.2314279974 26899.6332842298
174544044.6617526710 69747.9269256592
174841050.9818560183 70841.1546897888
163625708.4223532081 49903.0686609298
174729134.5770334005 70496.7122573853
154691643.1751058102 27700.5139181018
155029216.6597306430 28616.8688152321
154677109.4568645954 27678.1394622400
160204362.4185713828 42549.7915327838
163499933.3193954825 49275.3835184127
163504849.5190769434 49778.5080301315
175030147.5691967010 71160.4650344849
162570611.8285813928 47452.2588912994
154413887.4246680439 26763.6406095289
154386880.8195900619 26761.7845651098
174968352.2891647518 71068.6711883545
154565040.1248064935 27176.0341012422
163073271.8950419128 48605.8399431258
162924493.5176178515 48048.0305782109
163017773.0068680644 48520.7751393169
162731081.4335309267 47907.3673316985
162824161.1286614835 47957.9761459380
162634355.5918689966 47901.5873825103
162236824.5883798003 47002.1015598577
162548685.2479190826 47307.6394169134
162627218.1200848818 47587.5381647785
162087267.6807073951 46370.4718402939
161717090.9957549572 45764.6237262803
155229145.3262972534 28992.0926780477
155155171.8343819678 28867.5320472494
161348685.7271591425 44797.4719375563
162029529.7009430528 46218.5688816346
161993420.2323802114 46108.2704323567
161894142.2861042619 45830.5800005114
161921695.6558523178 46019.5136089204
161496002.1395311952 45304.4156938707
161578103.5486501455 45443.6583232759
161049751.0088804960 44392.4861284411
160995981.4899250865 43871.3060591510
161175940.5159993172 44495.8567936633
161361775.8980523050 44797.7798684072
161136834.9397481084 44410.6378431497
160355998.7819733620 42751.6609328082
161021359.1856422722 44193.1134829335
160549720.3919495940 42958.3779221269
160720463.7077429891 43525.4086690359
160100114.5603293478 42066.0697521977
159617002.3573273420 41036.5140307238
159792662.7775242329 41120.5839159777
159781761.1254493296 41094.3119912064
159708400.2439139485 41075.4765264085
174451371.1342168748 69085.0157165527
174534720.3650172949 69134.6676788330
174207426.3340784013 68746.0602769852
174197568.5192264318 67959.1734237671
174392425.4670542479 68956.2925109863
172655558.1446202695 62325.3728365898
172890998.5181121528 62882.5025038719
173290081.1485204101 63492.3698115349
173008131.8651543558 63229.9213271141
173169926.8925783038 63353.0532813072
173170037.4042703211 63389.1654105186
173430199.5475664139 63554.7515540123
173263941.1584637165 63491.8167700768
174029518.7401942015 65134.8874530792
174045276.9441925287 65170.8546376228
173750817.3436423242 64366.8748774529
173441750.3355030119 64188.8536658287
174036063.4873051941 65155.4999136925
173783709.6261655986 64789.5257315636
174111882.4214758277 65438.2957510948
173901950.1281295717 65052.9031348228
174053375.5489291251 65285.6351675987
174038410.6384780705 65170.4133009911
172574037.8300999105 60622.7143263817
172562646.6562049091 60482.3549971581
172583319.7345872521 60950.4814696312
172391032.7243124247 59968.0943770409
172446497.6308678091 60065.1172041893
172576282.3060904443 60799.3548903465
172557721.1540634632 60232.8605074883
