159052864.5623114109 44150.0416290238
161555449.4102564156 49461.9366089515
160412803.9388256371 47075.7653081976
161377012.7317501307 49169.5095066242
151964579.4962742329 19451.5496849921
151973487.0537619293 20157.7826107470
161154564.3573706150 48733.9343629293
161026677.2605769038 48698.3427844606
160698363.0914734304 47806.7887743078
160585091.7951699793 47785.8254736029
172472237.2555473447 70968.7242884636
152130809.9142370224 21191.4070779756
152477792.7610889077 22470.3555303765
155625197.3974803984 34761.8971934281
160763264.8972146511 47810.9910816886
174087879.9549873769 73739.7172698975
175427082.7504721880 75717.3547973633
152328547.2696199119 22238.4266515924
173186443.3984719217 72246.3113136292
172633073.2758593857 71045.0167427063
159555467.6232041121 45067.8480162285
172877258.3040832877 71770.6301002502
152284394.6321991682 21428.4318714319
173163165.5440035462 72139.0694656372
173471280.5947778225 72767.7587471008
152450756.9384291768 22269.2668867735
154515278.1419194341 31082.4355659857
160216017.5807652771 46885.2580662705
152205624.3999842405 21348.0504449010
161889201.8004162908 50261.0646235906
173872684.8112612069 73342.7036590576
176403497.8239604533 77182.8063049316
152157771.7486431897 21326.4970861627
152074162.2554697096 20414.4852223871
158538915.6286740005 42772.7252755500
152257726.0212645233 21354.8963215081
176590523.8780592382 77508.4077758789
177273672.1361348629 78162.4776611328
161674180.2509102821 49774.0582237616
161799596.0010322630 50100.7869746648
174253980.0630531907 74022.5131072998
177089060.9819288552 78002.2000122070
173131112.6057294011 72114.7308235168
152102378.0755397975 20567.0479239179
153080941.3130124509 25210.9267696915
152042288.6647345126 20379.6304563312
173950487.9203194380 73592.5509185791
162041608.4405837059 50608.3203303777
173023495.9398597479 72003.6252174377
151502022.6110868454 13426.0328774006
162033287.2324203849 50490.5016937964
172572427.1278810799 71011.7941360474
151524001.8738105297 14209.0471262486
160017520.9666256309 46224.3747654893
174062187.7125697136 73633.9135437012
174059805.5076132715 73619.9260406494
176723639.1714307070 77747.4801635742
151997662.3472567499 20257.9241538076
159835053.0804254711 45973.3285008408
160837647.8140262961 48073.8642451726
159424221.5297713280 45061.3989354111
158768329.0118782222 43515.1436488219
159020291.4101274908 44149.2457606383
172415014.8413705826 70440.6611061096
161160272.3273019195 48830.2168543451
155222532.1342969835 33559.1876547635
162096907.1911886334 50621.2691678964
174663178.6407249570 74592.8693084717
158756697.4759177864 43272.9500732757
161732633.6332345605 49850.6391479820
162189940.4604398012 50621.2792020552
161210899.2762260437 48937.9137141667
161573648.9074720740 49696.3907649480
173155995.9218801558 72136.8311195374
161998604.4640317261 50274.8680735789
159081512.8992331624 44186.1691679619
161864642.8713186085 50150.6633250676
177031482.6959449351 77931.3242797852
177137848.3517920673 78054.0759277344
159828025.9292541146 45731.6713505974
161930585.4721201658 50274.0134611093
161464812.9696422815 49362.8548622504
174601372.7621609271 74418.6982879639
172267145.3781144917 70432.5036773682
151530626.2023567855 14213.4018120320
151517389.0521180928 13436.3897613840
174466667.2024958730 74413.4629974365
158935767.6290645897 43901.6690241881
174115072.3122963905 73884.6232147217
158640758.1516939998 43237.3161952086
161006298.0464080572 48437.2054927312
161313903.5404886901 49034.0089406511
172416866.0149003565 70494.5437316895
172658897.8155474663 71294.5899734497
152544778.6667089760 23037.5033696098
155309464.6229650974 33850.1230146997
155248420.7281221151 33696.6705000512
157913502.0828977227 41306.5205566622
151726131.5649848580 16688.8175000552
154376033.3313008249 30281.4716644660
160926347.7514876723 48235.3399296990
173298051.2682671249 72330.9542732239
155392377.5913779438 33980.7491495647
175666698.6401037574 76201.3346557617
152578986.7102122903 23300.6629155083
172992404.9290119708 71780.0134620667
160554327.1084151864 47324.9945225557
160491463.4235518277 47323.4103642693
173012502.2152168155 71842.9511756897
173196357.8015813529 72299.4942359924
160079986.4250452518 46411.4807988396
159649594.2456982434 45499.6708231680
159203462.2657745183 44259.5803843252
151522841.5476744473 13460.6054708915
151613131.2025491595 15661.1299586346
153009281.8901026845 24870.4510014458
153034085.9248451293 25130.7732422678
153031379.2380310893 25124.3666596664
151492443.5508494079 12649.4826913781
151684983.1336249113 16573.0595240643
151652283.1909036338 15767.0514645627
173695971.7971737087 73185.3684539795
151481480.5145220459 12632.3256841355
159342839.4885757864 44789.6106577627
152882609.7756128907 24424.3022580622
158625851.8548783660 43035.4467951842
173651845.6088014841 73042.2891693115
174441300.4757212102 74325.0614471436
175782543.6585785449 76253.6446533203
160200107.9036301672 46522.4101061150
174145385.9057105482 73943.8455047607
174966380.5412313342 75152.8383483887
174923120.9072375596 74973.8949432373
157711340.6568886936 40654.9800135680
173753843.0918199122 73264.0360565186
172020234.4101625681 69817.0950660706
152526217.7014237344 22688.6571904896
158293203.5149726868 42325.3866297789
171765999.0340930521 69207.1452636719
174375328.0450553894 74056.5740966797
158488425.9785262048 42588.0492425598
158208489.2622927427 41795.3563563414
152308994.6070449352 21507.4193305401
152754784.7761674523 23974.0589116020
157946771.2750207186 41413.4570643492
157674480.5404976904 40538.5518079139
175993070.0911749601 76648.3674316406
171065409.0835631788 67988.0066890717
174649682.4434989095 74438.8108978271
152787644.6855024397 24212.5924809380
155590655.3588571846 34631.0936413370
157579764.1626363397 40407.3535199501
171551549.5966886580 68868.7437133789
153127352.8849301040 25233.2047315491
174667304.0142325461 74702.3225555420
155876143.5664587915 35520.5296309106
154713003.5303897262 31688.4238930121
157463102.7805768549 39943.2732788362
174778476.8484067321 74826.6974945068
157180211.7641568780 39202.6728544012
155075380.3550910056 33035.7871992700
175145190.7493351102 75460.7996063232
155470311.5263059735 34330.7726118676
154613567.0868416727 31254.5980765000
154832113.9335016012 32102.7948697582
175369080.0799492598 75614.9400482178
175427613.6248447001 75878.4517059326
172250748.7168248296 69938.8542022705
151658381.6334866583 15857.6071721775
175741807.1930839717 76230.8079528809
155711351.3736871481 34990.4993574731
172137567.4130457342 69920.8239593506
155596962.5665977597 34676.6890559159
175578198.0602605939 76094.9017181396
151879955.0575881600 18403.3894742794
154678296.3112613857 31409.4398842230
157209907.8668865860 39309.1711670198
171950572.1586402357 69740.2877006531
172084022.1563412845 69904.2389335632
157396472.0079882145 39586.4745471068
151563083.4058473110 14733.2847890308
157249542.3291737437 39384.6051470824
175827450.2029119730 76307.4406738281
176895838.0318755507 77803.0296630859
171379992.5197719634 68572.9346675873
176093735.0978289247 76777.6525573730
155567809.3740009665 34615.9703416787
171928271.2560114563 69627.2207641602
170844737.4055417180 67225.8310222626
155030947.4440204799 32855.0415871553
171107588.1752119362 68110.8001098633
156950455.4559020400 38449.0885753967
156843231.9598472118 37786.6373440363
156622835.2872899175 37535.5910793878
156815644.2143101692 37625.6429204084
156443362.6997785568 36545.4628336504
156893870.1056335568 37809.3125676252
155054132.9273918867 32913.4991325252
154576755.4153961241 31182.8844814673
156535744.5308790803 37278.3872136213
156604215.5569111705 37308.1597087421
156275559.8423772752 36424.7882627584
156185519.3663356304 36365.2560183145
156201291.6732375920 36365.7418310679
155706875.8648411036 34836.8914561234
170865755.5937910676 67314.8028659821
156430942.9711943269 36497.7969330343
151809438.2479926050 17607.4953507531
155504492.3386865556 34379.1807273477
156083835.1306096911 36001.0238413773
156014712.2608002126 35568.7911295854
155744698.9124436975 35089.0942759477
155822347.4010272026 35366.9217295609
171003987.0085334182 67560.9858188629
155184289.1959595382 33460.9999660179
151926360.7572866976 18470.4145055731
171634724.6444674730 69032.6949462891
152088105.5998240709 20446.7016678480
162999971.2328325808 51329.3354005665
151775918.9355971217 17393.0977363115
156468904.4493723214 36812.0687909052
163178482.6767346263 51952.5555174202
163054130.8071610630 51474.6154692024
154614397.5319889486 31265.3652657233
163464130.9990787506 52397.3841761351
154642733.9368913472 31311.8461342230
171247413.3251761198 68161.6387672424
171251482.1293476224 68189.4041023254
163491216.2260145843 52427.7333128303
170628434.3033026159 66669.6364517212
170601162.6527367532 66597.6718826294
154445985.5302757621 30511.6351051703
170653476.6771269739 66800.4336624146
170877855.6990094185 67480.2431106567
170434033.0824625492 66521.8150239885
165468162.6896324456 56550.4284146205
165478482.5624532998 56563.8037136160
154900170.1742096245 32168.2884424580
154549043.2692607045 31158.3936195746
154804780.3774296641 31917.0260570571
154320641.6829290390 30093.1669261977
165537708.3194402754 56571.6099567786
164840968.0405285060 55032.6507351771
164877909.5576767623 55299.5452359095
165440059.7541424036 56476.2232864788
163827191.0246020555 53105.0164383631
165301718.0476720035 55933.9959511682
164982963.3944623172 55651.8743114594
154168031.9842848182 29509.1226886138
154207032.1847283244 29529.4491427764
165336627.2028394639 56279.2254727259
165080720.5855645835 55812.1517971121
164952993.0886665285 55638.4988491908
154413736.0330830514 30421.0522540435
164682321.5721253753 54888.1458943263
164576795.7307963371 54886.8469326869
164551218.3734148741 54716.4421291277
151795087.6668730080 17573.9858006093
151854555.3391379714 18280.2187263643
154302095.7382255197 29568.5692275390
163972781.8930500448 53400.3301875219
151583456.4254548252 14850.8884252956
164119943.0535428226 53968.6385402605
163257940.2842308879 52172.3661618195
164106431.8312689662 53481.8512628004
151878963.5721980929 18348.0308258757
153013618.8139771223 24920.9785672873
163664646.0171171427 52882.5855593756
163985911.4524374008 53429.4814639166
163689318.3664607108 53056.9214663580
164084306.4592838585 53431.3544085100
152431975.3769224584 22241.5411979510
164214752.1128458977 53991.1438063309
163163107.8483528793 51603.0825076178
153915306.6929084659 27700.1242261780
153683765.2140175104 26826.3204779923
153877545.6269626915 27600.1044705836
153568372.7742542922 26753.4415381923
153901335.3425596058 27686.4981779074
153543520.4528394043 26688.1158156125
153460438.3163460195 26108.3852125062
153275084.4668752849 25776.1862501828
152706548.0006934702 23586.2221604018
152561143.0309053361 23056.1918869643
164402559.5875587165 54074.9329744391
167151165.4432418048 58249.6907073371
168006279.9541917145 59716.8690902106
167548123.8367716372 59085.2074500434
167325327.3224016726 58581.7521228991
166778253.8343377411 57410.0972156725
167263454.3565211594 58438.5050831041
167840598.9422580302 59500.6797797009
167013473.0565514266 58036.9301889297
167354192.7798982263 58655.7134571276
167953665.5150027573 59583.2130396417
167361412.8971695900 58671.2834742120
166569103.6505158246 57076.3792820177
166856171.6652496755 57687.1645937860
166508229.6629070938 56982.0183688104
166392850.3091083467 56665.9899722040
