155566929.5114928782 34072.3899906799
156307001.7860104144 35980.0492852852
156551573.7273710072 36812.0098729714
158637136.7170359492 42139.3923653774
158662534.3392728567 42179.8180245571
170780038.3072308004 66816.3720169067
170601162.6527367532 66597.6718826294
177122990.9464802146 77588.9414672852
177778691.6206192672 78050.6904296875
177081029.0068204403 77404.0006103516
177356401.3950294852 77842.6799316406
178264477.9372243583 78162.4776611328
154445985.5302757621 30511.6351051703
155006348.7417380512 32483.2803615257
158865272.8001319766 42517.6608582325
158290056.6663590670 41519.3265694789
160045340.1396690309 45008.2822218686
170653476.6771269739 66800.4336624146
152027556.3341122568 19466.8137695976
152213655.6457934678 21111.3069650335
170877855.6990094185 67480.2431106567
171170531.4936878681 67500.5598297119
177316383.2002394497 77815.9932250977
156484061.0312561691 36812.0097013637
154613480.7494413853 31158.6052060798
156126326.4369315505 35900.0801359341
158044884.1148773134 40685.8743366748
170434033.0824625492 66521.8150239885
171133156.5936887562 67494.6921539307
152980969.6965149045 24446.3279228946
154867502.9381372333 32070.3231850043
159797044.1686427295 44509.2859485894
160225996.2871163785 45046.2881409302
155800847.0197096765 34988.1505705044
158222683.8999128938 40785.3458973893
159895621.9666267335 44988.9085377008
176440835.3458589911 76919.9259643555
177417683.2419396639 77998.5264282227
177092661.5631486773 77500.6102142334
155356459.2194049060 33537.1726947129
156413312.7813977897 36182.9659254663
156474371.1279942095 36184.1675553434
165179729.8291498721 55888.5609677210
171586127.5590178967 68545.0472450256
175306374.1069834530 75143.5990219116
151487713.7070966065 11939.7761129703
160201124.3005227447 45024.8100698143
163090821.6189759672 51426.1985838264
165468162.6896324456 56550.4284146205
154718431.5769686699 31360.2630195990
154628589.0297347009 31265.3652657233
158460191.4952035546 41757.7862291709
174913611.8127394915 74514.7732238770
175992719.9664462209 76287.2158813477
159700848.7104381621 44311.4244373590
165478482.5624532998 56563.8037136160
158775880.4573241770 42455.8261182681
155946556.6114018261 35277.2875559367
159887943.0153973699 44964.5087163597
155850877.3324626684 34991.9272211036
155594192.9850194454 34359.1067946069
151542211.7917051017 13336.7187393361
159343587.9303062558 43507.9153853580
163813849.2224683464 53068.5224933587
175000367.6416207254 74573.6819839478
151993910.7116031349 19196.9921478307
155465623.8552838564 33992.1475733174
154900170.1742096245 32168.2884424580
155473349.6736835241 33998.3987692175
152163677.7110106051 20467.9717023065
152285821.9080919325 21232.3327561049
154549043.2692607045 31158.3936195746
159151948.6704707146 43226.6459388286
159004292.0809061527 42759.6763495952
155262645.8902779818 33185.9500548122
155146266.8080719709 33080.2180078877
155437405.2815651596 33741.1452270411
155394253.9157168865 33716.6048946828
159474436.9544518590 44098.9947623760
159229829.8991021216 43420.2604323551
171189161.4546847045 67698.8309173584
155074619.6805866659 32828.9556224868
159549760.4185113609 44185.4475592412
159518300.1627643108 44103.7845037133
159420280.1375196874 43640.7851541415
170837762.0804551244 67321.7813949585
159056629.4435175061 43187.0651969463
154804780.3774296641 31917.0260570571
154320641.6829290390 30093.1669261977
158706970.0997099280 42285.1390132457
177582586.3366435468 78009.1359252930
163558992.0708199739 52394.9562729578
154848187.7869892418 31917.2376435623
154734929.2350791693 31639.1986034438
154520896.0065051019 31005.0964916274
165537708.3194402754 56571.6099567786
164840968.0405285060 55032.6507351771
177106481.5173806548 77529.5321044922
154695827.6796950996 31321.2968244255
158037252.7593280077 40609.7450460047
152111411.7053986490 20421.5079420237
152246124.4523533881 21229.5327873854
152491954.0218674242 22421.7626164360
157243706.1102196574 38632.4334004968
157265114.2404428720 38634.6291903108
155000825.4080062807 32217.5828784332
158241121.0427087247 40911.8906229883
171510319.3868488371 68497.4458961487
163073062.9407652915 51371.9413816780
157282264.0894195437 38756.9940312952
156840480.2471009195 36844.7730932534
158035238.1885389090 40542.6972546801
157416221.7947656214 38834.3028005213
164877909.5576767623 55299.5452359095
165440059.7541424036 56476.2232864788
175928441.9163959920 76180.8152160645
152289654.7608047724 21329.6116325213
157417505.2194363177 38938.1011708826
163827191.0246020555 53105.0164383631
176566263.4899540544 77065.8285522461
164764125.9271068275 54928.4386837855
154679142.6701256335 31305.6533130035
171105922.6810904443 67481.6540679932
177227783.0767194927 77739.0958862305
152061453.0777744353 20317.6032219557
157694280.1273120940 39724.5048192590
176224056.7952894568 76689.4450073242
165301718.0476720035 55933.9959511682
164982963.3944623172 55651.8743114594
151488067.4624267817 12630.4743160063
154168031.9842848182 29509.1226886138
157432333.6942745447 39085.0668309778
151573158.2191328704 14291.5717158418
154207032.1847283244 29529.4491427764
157540987.1397026479 39544.3629659265
151707134.0945091546 16456.3595955049
157883472.8422572315 39916.9229634851
165336627.2028394639 56279.2254727259
151981036.9350038767 19192.1482917940
157701837.0757999718 39761.8258938268
165080720.5855645835 55812.1517971121
164952993.0886665285 55638.4988491908
175733564.8280470073 75930.9679565430
154413736.0330830514 30421.0522540435
164682321.5721253753 54888.1458943263
171171139.9889945686 67559.5554656982
170827604.2668228447 67159.1004532576
151521541.3117770553 13333.2566183406
156878991.7733739018 37211.6187753975
151789511.4215626717 17380.3182553326
164576795.7307963371 54886.8469326869
175532747.9005459845 75552.2351074219
176658456.8356737792 77205.1284790039
175893282.2788469493 76156.0697784424
151510340.9650359154 13311.3541731389
175989141.7787755430 76229.2321014404
152392015.5453797281 22019.7853032826
164551218.3734148741 54716.4421291277
157082102.7332541645 37988.1318791956
152932874.7099899650 24310.9474698752
151795087.6668730080 17573.9858006093
176109902.7479616106 76332.3824615479
151854555.3391379714 18280.2187263643
151619286.5883815289 15029.5542493698
170813450.1949899793 66977.9830994606
176196287.6636090279 76659.1942901611
152386256.8552923501 21418.6405689223
157016053.6601805985 37726.0777563751
175221614.8981122077 74927.2491683960
175621368.9219881892 75714.6181030273
154302095.7382255197 29568.5692275390
175522056.1404904723 75543.2004089355
157378981.5120203197 38827.0517216958
175814286.9285893142 76012.5780029297
157161473.6155497730 38145.5597325601
171254789.3465045691 68115.7561798096
156934909.1712985039 37713.2087705582
163972781.8930500448 53400.3301875219
171409626.3451229036 68276.6098442078
175449917.7071829140 75394.6077575684
151583456.4254548252 14850.8884252956
164119943.0535428226 53968.6385402605
174829956.4006582201 73956.6648254395
152766742.0829065144 23843.7035236834
152787239.1285468936 23943.5678925766
171755744.5067113042 68913.8522872925
163257940.2842308879 52172.3661618195
164106431.8312689662 53481.8512628004
174886842.1314869821 74049.2195281982
175147060.3432768881 74683.5055541992
175066744.2000864744 74666.7249908447
151878963.5721980929 18348.0308258757
153013618.8139771223 24920.9785672873
156717280.7970782816 36823.1182493567
163664646.0171171427 52882.5855593756
163985911.4524374008 53429.4814639166
163689318.3664607108 53056.9214663580
164084306.4592838585 53431.3544085100
171351703.3055363894 68149.8504753113
152431975.3769224584 22241.5411979510
151751709.5674305856 16679.8736059247
164214752.1128458977 53991.1438063309
171983135.2496861815 69192.0567779541
155785097.1533529460 34454.8866499588
151559965.6187638640 14094.5487930875
171839214.7984861434 69072.0682220459
172727483.2291769981 70505.2233047485
151668073.4309702516 15836.1691365242
172238743.0397844613 69606.0674324036
172368368.6479907334 69846.3683052063
172137813.2089495957 69271.6078643799
172279671.9998353720 69830.5452728271
172090301.2496612668 69233.1794204712
151663076.9072624445 15107.7304653575
151776055.9176167548 17368.2891609346
172449807.3869380057 69955.3758544922
151597555.1265998781 14855.9515938213
163163107.8483528793 51603.0825076178
173845205.5272622406 72368.8492813110
172608550.3544761837 70182.6071014404
172633133.8162926137 70259.7449340820
174059980.7604072094 72733.6497268677
174113746.0582841039 72933.5231399536
174241484.7364223599 73119.1393508911
174028942.5244161487 72569.3303756714
174872574.8357621133 74042.5273666382
151837694.0355647802 17580.7669841325
172476736.9825812280 70066.0893554688
172946469.2381600738 70922.1137390137
153915306.6929084659 27700.1242261780
173559332.8823718727 71760.1430206299
153683765.2140175104 26826.3204779923
153877545.6269626915 27600.1044705836
173566004.9709473252 71956.2989120483
153568372.7742542922 26753.4415381923
173300134.3717064261 71429.9417572021
173470584.4754049778 71618.4692611694
153901335.3425596058 27686.4981779074
153543520.4528394043 26688.1158156125
173040171.4012655914 71040.6053085327
153460438.3163460195 26108.3852125062
172817559.7453971505 70570.8773880005
153275084.4668752849 25776.1862501828
153130386.5248236656 25017.7091994015
153166753.1226787865 25066.5345862834
173333693.9018363953 71486.5709915161
173676375.4943703711 72110.5636215210
152313808.2846753895 21382.9853020338
152312907.7782737017 21339.9636775954
152826755.9462358356 24050.2913982375
152618957.6274246871 23183.6711786827
152706548.0006934702 23586.2221604018
152561143.0309053361 23056.1918869643
152427380.8403819799 22023.2365304632
174393493.4765667319 73206.3049697876
174050729.7685554624 72666.5183100700
174604717.7968534529 73602.4916763306
164402559.5875587165 54074.9329744391
151997933.9974178374 19289.3396200268
163203633.5674526393 51842.8607893065
151955607.0602963567 18490.0512919007
162510142.8760975003 50036.2462690249
162713352.2648369670 50415.7979381159
162649729.3659623265 50146.8651955500
162704138.7209163308 50308.4541011769
162694870.1007316113 50195.0466750581
162038379.1088126004 48882.5924979169
161747519.9287948906 48230.4069128949
162333879.3407621682 49684.2458716352
162272469.0321408212 49373.4848291205
162145283.9251359105 49142.3364783246
161955412.8363046646 48502.8803661186
161968105.7086724937 48597.8102215994
161396022.2909147441 47157.7291689124
161473151.2886988521 47367.4907143172
160681094.7634377778 45567.6488599814
161238441.5589176416 46795.2326843552
161283908.9552961588 46975.8204907645
161682119.1553181410 47699.2559551653
161117040.0415239632 46183.0954496022
160755311.1430349350 45836.8944618758
160523082.7437131107 45081.5142691992
160493603.4833317697 45057.3148881607
160597591.5231963396 45160.5022575613
167151165.4432418048 58249.6907073371
168006279.9541917145 59716.8690902106
167548123.8367716372 59085.2074500434
167325327.3224016726 58581.7521228991
166778253.8343377411 57410.0972156725
167263454.3565211594 58438.5050831041
167840598.9422580302 59500.6797797009
167013473.0565514266 58036.9301889297
167354192.7798982263 58655.7134571276
167953665.5150027573 59583.2130396417
167361412.8971695900 58671.2834742120
166569103.6505158246 57076.3792820177
166856171.6652496755 57687.1645937860
166508229.6629070938 56982.0183688104
166392850.3091083467 56665.9899722040
