177547653.9844284356 77249.5639495850
151912861.9153849483 17586.9932966655
152374651.2376766205 20536.8645106880
152221746.5845078230 20348.7808305351
152624831.7373795509 21227.2961843638
152465128.2039098740 21127.1546413032
156245558.4122954011 34400.5145853534
172372379.8294470906 68790.4937534332
174523174.5632815957 72598.0379562378
176443303.7260455489 75498.0828247070
177579721.8440254331 77287.8136291504
177474735.3196352124 77201.3712310791
152369121.9167873859 20511.5417642919
152315768.0194249153 20507.5241226284
173089538.8669604659 70199.7555561066
177412741.4070109129 77037.9663696289
177461244.1804889143 77173.8377380371
177841682.1066676378 77717.7758178711
151877921.1750520766 17522.4572250819
152183043.1385622323 20215.2250758735
152098075.6768016815 19467.5063058464
155714342.1306683719 33156.3250836022
156234148.8159915805 34320.5557821281
156533789.4709069431 35227.2004448064
162880276.6324948072 50613.4629847463
163128564.5850125253 51035.5831063706
163006830.7038159072 50650.3947248533
172671878.4099932909 69645.4859714508
176023336.8305800259 74793.4017944336
175868752.4829095006 74684.8776245117
176666956.6663687229 76001.2073364258
175901845.0007525086 74739.6057739258
175706928.8790658712 74499.5634918213
177694413.6807717979 77529.5321044922
178021811.6908133030 77911.4313964844
177654682.4256141484 77333.5674438477
178376735.2599381506 77916.4617919922
152047624.7832903564 19293.2981721489
152128219.7259530425 19577.1644119350
153099319.5759687424 24022.9504867643
154384414.4589701295 28782.4610379823
155355143.4741094708 32248.3540702946
156541280.8112520576 35227.2011017263
156475581.6148146987 35000.9391378537
162829967.3187921345 50596.1754370648
176030938.9845812321 75242.7302856445
176944225.2199564278 76507.6669616699
176863578.7359033227 76346.9424743652
151914142.2671155930 18381.3686067192
152020912.0137109458 18492.0525436824
154575276.1365413070 29569.8299726136
156420064.6215735078 34439.9863651134
162892486.2288662493 50617.3569792230
163355384.5494683385 51535.5060126390
162941569.4026119411 50630.9262864497
174126703.5232673287 72051.7269821167
174415781.0490914583 72577.1545639038
176867792.4511346221 76356.8437805176
153139182.2670796514 24043.3817144483
152905720.5925143957 23321.8470893949
156423449.1248898208 34538.5493456014
155097072.4818889797 31087.6076520570
156122831.7567735910 34315.2708793767
162292209.0890255570 49462.4989844281
162510142.8760975003 50036.2462690249
163303223.9447000325 51508.1050024945
173173531.1160659790 70439.7294616699
176784992.9031111300 76236.8775329590
176675344.1393439174 76096.5036010742
155207046.3121556640 31587.8787494786
155909867.5768812597 33525.9048868658
156114832.7989708781 33743.1490523480
156142856.7369735837 34315.2715362966
174217564.0727372766 72178.4542160034
174102421.7720944881 71921.6646652222
176972120.5760069191 76565.8811950684
176592565.4425977468 75950.2092285156
155926779.9720900655 33604.5270134099
156122750.5119923353 33767.5734908842
152765284.3093388081 22385.9602686018
155776848.2137049437 33403.3413139470
155847478.2928808033 33412.0644022466
155551494.1947817504 32716.5337468572
162713352.2648369670 50415.7979381159
162649729.3659623265 50146.8651955500
162704138.7209163308 50308.4541011769
162694870.1007316113 50195.0466750581
162857369.7906512916 50613.0519010201
162038379.1088126004 48882.5924979169
152653162.7968806624 22247.7835279554
154838627.6476169825 30218.3354505189
161747519.9287948906 48230.4069128949
162333879.3407621682 49684.2458716352
163379791.5484577417 51557.1387319490
151847632.9555951357 17433.2992214387
152735761.3443724215 22294.6445373893
163504192.2280127704 51753.4671919271
163110621.0208469629 51022.8369760439
176874481.3644384742 76372.2256164551
176320759.2855816185 75414.3323669434
176466683.1163128614 75807.4041442871
178607552.7289571464 77962.3381347656
178960569.6552917063 78021.1248779297
163200045.0048946738 51271.3788576052
163542669.7110685706 51905.4328958802
151861181.5860001147 17458.9761702990
155168828.7921700180 31579.4821830876
160868961.7929452658 46114.7219154891
162272469.0321408212 49373.4848291205
163007144.3576757312 50993.5514039919
162563932.5827330351 50043.7259246930
155897540.6043207645 33520.9038258977
176584904.6680643559 75855.8210296631
154861802.4888903797 30407.7982038148
161430245.2994195223 47320.6730263289
162145283.9251359105 49142.3364783246
172645289.6229041815 69270.5399799347
176857785.7286038101 76299.2671813965
178889674.1710319519 78002.2000122070
154748815.1816321313 30175.6780866273
155469555.5647622347 32491.5666034557
156570674.5506363511 35227.7919909060
161955412.8363046646 48502.8803661186
161968105.7086724937 48597.8102215994
155246687.3540767133 31693.3226677068
161563727.6579661965 47685.8806561697
172633142.5059201121 69259.5071277618
156458837.8979849815 34576.7395917065
161140409.2414132953 46770.0055694636
161248278.1042649746 46912.7803250942
173407288.7444778085 70949.2532844543
177283783.2283027768 76848.1677856445
172543848.9950305223 69182.9887790680
174323137.0847080946 72393.7663497925
177249374.2981230021 76722.4008178711
152823237.3836253583 23131.4521490186
161396022.2909147441 47157.7291689124
161473151.2886988521 47367.4907143172
173700290.9902940094 71421.4110641479
156676792.6889759600 35232.0845090912
156860574.0088063776 35264.7108129561
156007138.1636410952 33649.4448803551
154889943.8931087255 30667.5526176579
172589425.0229210258 69239.7850046158
177121072.7003584504 76657.0007324219
155003320.4373167455 30902.5145469792
160681094.7634377778 45567.6488599814
161238441.5589176416 46795.2326843552
172916472.8486289382 70094.8144626617
173485786.6009146571 71146.4220600128
152838905.0752004385 23135.1743764728
173428209.6774476171 70956.8695297241
164906747.2791613638 53893.5201541483
173321201.6588813066 70686.6309547424
173992904.1443977952 71900.0262374878
174345076.8396568894 72519.3703536987
164860048.9715300500 53871.3913852274
173632686.3100608587 71390.2324142456
161283908.9552961588 46975.8204907645
164894009.8667723835 53886.7875491679
152882405.6604176760 23189.1874936785
161682119.1553181410 47699.2559551653
161117040.0415239632 46183.0954496022
160755311.1430349350 45836.8944618758
153374972.3460902870 24967.8316458240
173877280.7486965060 71839.5609054565
155293670.2640963793 31776.2882049344
153595704.7087526321 25487.3390570655
154959523.6764041781 30806.6835882999
154985159.4783877730 30809.2490286119
155237045.7733780742 31689.9269633777
154932341.6737945378 30777.9973979481
173821485.5978158116 71698.2081222534
155343659.2550184131 31829.5877833851
174228981.5288684368 72323.3737106323
155015978.8539839685 30917.6582179554
154554141.4018327892 29106.5651290193
160267099.5233004093 44257.3879284970
160523082.7437131107 45081.5142691992
173717353.3278245330 71564.8966598511
154272805.7348771989 28089.5936830966
174772865.0938314199 73089.8592529297
175526532.8278558850 74135.4193420410
154338910.8196523786 28112.7264548317
154075795.5921379924 27184.2552068606
154191955.4942287505 27266.1378210559
174836471.4269258380 73110.7426452637
175128509.8032168746 73361.6799621582
153579068.6397431195 25462.1601806656
160156871.0279915631 44145.3853227310
164556168.9041707218 53517.9009493142
174265760.4506139159 72352.2655944824
175145666.0848080814 73586.2804870605
153932962.2840885818 26489.8882587925
154008974.2961255312 27175.4315680042
154002418.6036584377 26518.2455221899
153321005.5264119804 24560.0482071415
153840340.5010097027 26373.9033010975
153747485.5767951310 26263.5020025745
153793037.5227788985 26324.0182402879
153607453.2314173281 25505.2827642933
153517280.4984991252 25461.9737356678
160399510.0008523464 44627.3526994400
157679523.6342810392 37459.4311288111
174627797.2060273290 72700.8911743164
152724849.1212543547 22289.0318032767
159767099.1738366187 43233.4557573013
157554496.1494244635 36926.1858318560
160493603.4833317697 45057.3148881607
164046712.4884721339 52577.7574502528
174619085.7656366825 72676.0632934570
174666700.2951693833 72842.5424804688
174725678.0695815980 72980.4323730469
175464580.4918153584 73902.8606567383
160597591.5231963396 45160.5022575613
164427257.0152435899 53218.1870318949
175289699.4853842854 73738.9094238281
153452935.1853792369 25012.8374796811
159891169.0844968557 43541.5693128463
157163165.5799500942 35734.7973964922
164581033.6709790528 53588.3837939799
157329741.4757547677 36522.1663311236
157658758.8010969758 37434.0958965532
164605650.8711895049 53649.1224555615
153484476.8505210280 25043.9709079604
157970828.8405031562 37989.8723591082
159561077.2358602583 42678.0725286361
159490509.4378259182 42142.5941545181
158088429.4871979952 38368.4857075922
153234258.9191409051 24240.9049367722
163856692.6500617862 52040.0997924106
152795125.3796775043 22476.7696201553
164484782.9260645807 53236.1597949564
158338770.6160495877 39273.0385585539
159313275.2028524876 42033.9085160904
158444725.7065359950 39296.7829697840
159231853.6419365108 41814.4053623192
159518079.2245249748 42599.3536454849
152651860.7179408669 21297.1050918160
163930369.6493757665 52146.2014070302
152634742.0507135391 21276.0144768862
159980931.1711063683 43567.7075608216
164299643.5895285606 52937.8566307127
164089514.9829595983 52676.4542285502
158134146.2820833027 38484.0788028948
160001779.2850936055 43571.2464761428
159965586.9268554151 43551.8894784890
159363183.9428617060 42090.2947722189
159010769.5065844357 40923.6174574606
159224306.1070635319 41347.2178984396
158777216.3813437223 40260.4869108908
159021969.5026350021 41178.3652067892
159452828.5608008802 42115.4856088124
158625441.5832583904 39802.3837341517
157485034.8403459191 36739.0594108813
158191181.9940565228 38873.1666210406
158728884.1339595020 40169.5044166259
164031317.3323766291 52405.0590471327
166927835.6285358369 57928.0239124498
167151165.4432418048 58249.6907073371
158709938.9942459166 40155.1163585894
166569478.7726619542 57241.7941684923
166529876.6295325458 57065.4121470503
167244288.2095015645 58384.1026296071
167756572.2782641351 59392.1012297980
167504729.7905987799 59008.7648803107
168006279.9541917145 59716.8690902106
167548123.8367716372 59085.2074500434
157403982.9718325138 36534.9161519371
157871275.6764109731 37690.4535663836
167325327.3224016726 58581.7521228991
166778253.8343377411 57410.0972156725
157780469.9839085937 37557.8382217102
158565510.6621309221 39593.0729829540
158679702.1998169720 39820.8169469704
167263454.3565211594 58438.5050831041
167840598.9422580302 59500.6797797009
167013473.0565514266 58036.9301889297
157252906.0490827560 35925.6066743843
167354192.7798982263 58655.7134571276
167953665.5150027573 59583.2130396417
167361412.8971695900 58671.2834742120
166569103.6505158246 57076.3792820177
166086258.4532568157 56117.2492227554
166856171.6652496755 57687.1645937860
166355966.7691071033 56401.2826481014
166288561.3313046992 56266.6055997312
166508229.6629070938 56982.0183688104
166392850.3091083467 56665.9899722040
166094330.9893451035 56256.4050112665
165846251.5702112615 55471.1327478001
165538135.0912590921 54769.0249255500
165704266.4686590433 55242.1757526547
165539108.5532130301 55163.0129748285
165384796.3679201901 54693.4270187691
165449265.4987019002 54734.5903521478
164787755.4088543355 53660.3414870203
165622245.0477710664 55163.0425207280
165710378.0748294294 55249.8829899034
165068078.1915936768 54251.0834093988
