54599419.4687864035 181623.0113677979
50573695.9988527223 78015.0552761639
50598277.6519825310 94319.1795570208
50802915.0462396443 115574.8515805602
51365996.5041867644 135223.1817223839
50783586.4196271822 115362.9665174047
50820408.8415742517 115949.5083982805
51945591.7594492212 150183.4028088860
52730614.5129170045 150812.1389551163
50593338.9603949934 90520.4370501209
50611642.6802274510 98495.7756082369
51602898.4356488064 141810.6289155297
55106328.0827209651 181644.8614654541
51866085.1978800371 147884.7005212121
54406923.7735598981 179151.3545379639
51434924.8126113862 138353.4125842750
50911052.9498188347 119592.8420892432
51433628.9767638892 138343.3313195519
52146960.4179487899 150649.6063916497
51949446.4306659028 150640.7398488335
50587235.4063530490 86340.0823602313
50787714.7930412591 115573.2652245546
51758983.5615869239 146630.6457762718
54957797.4644444287 181639.0391082764
51742166.0628743246 146367.5050152465
51744672.3906551376 146541.0804211907
51353253.6876095235 134397.7897470295
50587040.1960778609 86239.2559650028
50579974.9496784136 82600.1799910152
50608680.2616361380 98375.3616014374
51321938.3391233832 134294.1493737511
50744928.7610785663 112233.4863099018
50736811.5720761865 111966.3502087975
69981656.3296283334 199348.8059082031
51304766.0453892797 133321.1371640973
50586483.0013429895 86238.2017595852
50893076.4207725003 118935.8325764993
51302021.2856594324 133317.7869918160
70366984.2544544041 201239.3530273438
50580289.7405212298 82925.2152053351
50600642.1234835684 94345.4822332431
70555637.5357269496 201986.1250000000
71452147.1593322009 202403.9934082031
50726853.2869933769 111847.3361328999
51731617.0217185542 146214.5805642419
51619092.7316219732 142577.3846720867
54381441.6541069299 177911.5857315063
54238052.1164309755 176461.9582977295
50587589.3020504937 86679.8096396485
50598962.8775823563 94330.5022489382
50625446.8168661669 102061.2559575764
50629091.3385490924 102184.9378888634
51830838.2105049416 146651.8918144107
50575121.4049775228 78483.7682392681
50863314.3301594406 117036.7251869896
50807774.9761228338 115677.1310543278
50712257.5226043761 111259.4251107434
50895852.6966204494 119591.2557332376
50607849.7478785068 98017.6902410127
50605303.3065585792 97938.9288064791
50640249.6320847720 102923.9233302046
51731256.4202332720 145968.4441139512
56199531.2480775490 183227.1856842041
54191315.8373439685 175423.3256378174
55752509.5452124625 182324.2074127197
54269310.3316503167 176663.0652313232
50710613.7887275293 111248.2328926781
51904737.4952978790 149602.3055705242
50631567.0958668739 102459.3648854066
50670781.8913494721 106220.2036632905
55472467.7893143520 182322.7396392822
50574652.2303868830 78406.7553709904
50626408.1381686181 102063.0553437425
50575582.7264075577 78571.9020779217
51838596.9212070778 147333.5124437623
54378593.8380928338 177244.0963439941
51201656.7092113197 129771.2570018768
50578327.6041031182 82587.7469208324
50713170.5185672268 111293.8981217602
50584982.7080164179 86224.0857107723
50617228.4559398741 98993.2485142900
50920703.2588090897 119897.7241223156
50830624.2441472933 116762.2442452172
51180128.3165252805 129152.3340600990
54481208.4439116344 179285.1892547607
54151899.9812963158 175279.4084854126
50607362.1529849619 97940.2740938021
50781671.0163990110 112684.4845839621
50583843.0861867815 83038.0101057077
50576554.0646291524 82099.6534231314
50783971.7649748400 115468.9446980814
51227870.6125321090 130383.3324975036
50589384.9967493042 86926.1930874605
51220841.7101010531 129798.8357617669
50595961.7993712723 93894.8978540255
50594730.2258218080 93816.6177713228
50662456.1149243712 103233.7982933093
50719234.9827987105 111829.9012468242
51723930.9633602127 145959.9831828289
50705810.1825712994 111240.6554822484
51572466.7925034016 138417.0341941528
54523644.0163319483 179890.9756317139
54283729.0972928852 176961.4018402100
54400885.3768371344 178751.8337860107
51582441.1662942097 141766.4821311645
50615485.8925331905 98495.8602865366
50684878.1267032772 107056.2408970548
54232973.2339622304 175772.2124481201
51077651.1957157552 125724.5733796805
51061328.1955572665 125670.7453330718
51171843.2418002188 129151.7590073608
50597838.0405962244 93953.0226095347
50686185.0801154748 107419.0003255922
51011399.6652286202 121867.1142319702
50592395.1827620938 90517.2254881654
50679728.7473602071 106857.0167721900
50633179.8182873651 102481.3751113516
50665966.5537657514 106210.1325881200
50636537.9780546650 102847.8669583443
51162352.1568961889 127052.3803756051
50665735.9579830617 106180.0502063063
51104981.1863046736 126676.6490174979
50651605.7977763861 103173.5904056979
50601503.5563933775 94711.5548623670
51087918.6743671745 126117.7699326538
51055706.1095142961 125509.4366196655
50588822.5005545393 86911.4205281710
50695650.9965316430 108006.7760249915
50932279.2956204489 120246.3529245853
54082064.6446180791 172823.0359954834
50664746.6320248395 103828.6798995454
50688812.4779276922 107897.5189078767
50642478.8411896303 103045.2457401706
54029530.1499041021 172248.5629348755
50628986.5459117815 102073.7166034010
51035987.0127115622 122535.1205085181
50961752.8507204652 121228.5919108503
53762753.5583302379 167047.8259124756
53907780.6162769943 168280.5921478271
50591503.9458169714 87105.9238253478
50961183.3568199798 120831.4704637661
69018924.7996891737 198024.6933593750
50929704.9752792716 120088.7781015857
53948474.8635778353 170204.0527954102
53925185.1008630842 168577.0463562012
54015512.5544419810 171652.2149200439
67802168.3872822374 197183.4538574219
50601200.0292496830 94707.6295024110
53992783.9915011004 171120.2161102295
54019601.2131902725 171754.8245086670
51019234.5837064236 121916.1867225021
53966637.7645857930 170522.7434539795
67312824.1940898448 196171.8076171875
50672727.4203091264 106811.8760580141
50595831.8867002428 93816.7024496226
53708880.8492477983 164487.7313232422
53708743.3466721773 164478.4603729248
53677503.4345703498 162102.9615020752
53668618.4341184720 162039.6285934448
53625494.8439530134 158633.6647262573
66871698.4414534345 187300.3971557617
66122132.4254087806 183543.0347595215
67257998.5463648587 187419.3306274414
66751146.5807487965 183744.9622192383
66807550.9446290880 183754.1453247070
66729888.4528375193 183544.9727172852
53541353.2210709080 158104.0383453369
53490886.9264779016 154325.0924148560
53499591.5676771626 157791.9802932739
53457891.8549088985 154229.0111389160
53377465.9734547958 152906.7563018799
53407004.0728680119 154149.6579055786
53486475.1257723868 154269.1450576782
53370140.5752838030 151011.0478973389
