52660116.0007504970 165249.6460103989
69180191.7841264457 203227.6745605469
50780229.3634217605 116446.9208664894
50694663.2138744146 108187.4034901718
50852389.6590480953 120384.6921009421
54836340.0563922152 187062.1778564453
52765588.2316451073 165596.2150552087
50627755.2474685311 102866.4496133355
50896490.2808419019 121067.1803955436
52675253.4730591923 165505.2014828920
50578085.0229204521 82164.4290683353
50604277.3678209484 98017.2200262286
50623561.9750929475 102458.7911053849
52604219.9579120725 164118.8793313317
54540771.2373757139 184960.4947509766
50595012.6513070464 93931.1003362872
51113102.4237170741 129217.3007473350
53046519.0734730661 167729.2113320641
52789989.1019873619 166497.8195473962
52528245.4541386068 164086.8889443688
52413720.5277364850 160754.1588678360
50637779.4821450189 104076.3208730388
50869855.9382507503 120532.2083714157
50723084.9938086495 112397.3709951798
51220117.8083559498 132484.3719746172
54889071.0775081292 188182.0510253906
50591855.9476741329 90698.2162921615
54125583.2442775890 182916.6302490234
68057177.0239815861 201670.0897216797
67803698.6462970823 200587.4633789062
52349752.7784226239 159764.5081376731
68295166.4960940629 202059.1723632812
54569172.9648735076 186683.9038085938
50625654.9620443806 102462.0700418231
50712154.9600354731 112152.2062626937
51262090.2938254997 132859.0608132406
52234335.7037533820 156345.0319802575
50695885.5892306119 108927.1160145858
54140904.6600841284 184539.7286376953
53831537.7616912872 180816.0971069336
54249695.5459929854 184849.9259033203
50610019.7525479645 98944.8133832170
50615198.9385408610 99026.1963982368
50914955.1821752861 121171.0413154960
51287485.8261668608 133277.1814285815
50676626.8846504986 107092.4417040814
50727964.3371496797 112918.0478383163
50849479.6457699612 117333.5871931612
51094868.0097049922 129017.4840961993
50658327.9778134450 106671.5844758619
53910963.9809876084 181386.6637878418
53885570.3429394811 181207.6035156250
50574725.3528625369 78481.8577365885
51283909.6819919422 133243.9353956580
50605787.1007874086 98336.4800702287
51141714.5070749298 129720.1691939533
50848239.7504663914 117158.5643230975
52505750.8693729043 161487.1088457108
50712242.8580567688 112309.7145253280
50780427.9575100765 116449.5548052490
54017111.8104014769 182008.8346862793
67972969.1980809420 201070.8227539062
50969388.4541678578 124522.8861040473
52430413.5062653869 161408.6352695823
54011807.8437388092 181563.1217956543
50574777.6643890738 78506.6393978680
50571870.8917325661 78090.1576417619
54037678.4331100434 182693.2141113281
50597446.5244263932 94302.5674990229
53881518.6496255472 181126.9399108887
53799426.7020465061 178271.2548522949
50688102.6500586867 107678.3638936142
51099360.1219878569 129151.7612509131
52340041.2458911389 159269.5977761559
52427102.0956864804 160947.9609531760
69064411.6555068791 202727.2717285156
68748183.3928250074 202603.4580078125
53607428.0509798303 175142.3446960449
50923645.7783913538 121651.5732008517
50617768.5288437530 99349.2193582226
53560637.5889367163 174883.9427185059
53812456.3467808887 178441.1304016113
50848741.3389699683 117215.0386697650
50977754.7266844586 124541.0881609321
50958709.1528971791 122160.7985409710
51050369.3246406764 125788.1342573166
50637236.4674189612 103794.4437704552
50776298.7094379291 116182.2770866752
53643020.5990313664 178134.6423034668
52279635.8086526245 156516.0931374840
50786069.4316377789 116886.9821974337
51070668.9724524617 126053.2163409591
50574963.9027772844 78580.0830966318
52283176.5316829830 156934.7572610192
67722604.0665770173 200136.7609863281
50598880.9917722419 94464.5469852723
50839917.4327652529 116959.6348547339
52391846.0778810233 160646.8851907067
52190763.9964909256 156185.7450539880
50609713.4325338453 98628.5415692497
50863479.3854506165 120400.9599196017
50605209.5157646462 98230.5018895520
50891828.2679661438 120985.1026544869
51014120.4074997976 125221.5366262496
50593253.2520508096 93894.9089910723
51005423.8749997839 125087.1908435225
52372021.0000114143 160317.3557717614
50595756.8692347333 94197.2970496966
51504568.7188201249 138905.3585286140
50667539.8585892990 107070.8367979014
52524841.0371822715 163125.6959810257
50630491.2980759814 103051.2325406838
50687365.3743909076 107559.1537144650
52370904.4429645240 160133.3983736038
50575639.9101309851 81849.8319424326
50587173.0197868347 86499.9908221979
50589954.4057208225 90122.8857863713
50951859.4468733892 121682.3095103502
51408112.9555594772 137069.0622155480
50583989.4228118211 86108.2907273713
50788551.7885931805 116896.6904622614
50770726.2027917504 116156.4028851092
52322620.6904230118 157790.8831720352
52340817.2021954507 159459.8968172073
50630925.9373090714 103332.7768338192
51363521.6422717944 134701.0089318566
52159142.6014466435 155318.7175188065
50576138.3644473255 81985.9796922151
51538480.1621364951 139311.0842470527
50711440.3095915988 111727.6234608749
52190216.4965642691 155584.3579645157
50632173.7788480222 103371.6583650280
50882038.6152265221 120859.2686671615
52053803.3168697357 151435.4239187241
50575134.3202922493 78892.8482653657
50678180.4110784382 107118.3444470922
51307104.1760409921 134341.3765160851
51427898.6309489012 138067.5178024583
50667060.8096918836 106964.9299154226
51575292.7681274414 142218.0634309761
52081496.2096055001 152085.4486989975
51487396.8374642134 138486.9171044640
51419048.0359513313 137951.7085168175
52137152.4030621201 155077.7463064194
50678297.9703375921 107501.4041424850
50591422.4556236863 90208.9158907188
50573279.6242927834 78424.1353022614
51546728.5686397851 139391.8690309525
52108064.2980262935 154149.6271035485
50636030.3309907764 103458.7930978406
52092996.7937907279 154032.2049023919
50572219.0250817314 78109.5381763587
51856821.7769034803 147380.1889699399
50600030.8733208179 94594.9518786836
50602349.1530151293 94728.5419286359
50669472.4007964879 107084.2304262007
50726494.3074660972 112402.4575712243
51977533.1361736357 150714.6488981247
51520819.4971734732 138998.5718202591
51996633.2539723366 151265.0342140198
50628369.2780400589 102946.9394067395
50709855.4257191867 111259.4251107434
51443851.2840219587 138418.5474259667
50702637.7591453344 110687.8755864659
51922240.3881073743 150389.8825146966
50598277.6519825310 94319.1795570208
51365996.5041867644 135223.1817223839
51866085.1978800371 147884.7005212121
51434924.8126113862 138353.4125842750
51433628.9767638892 138343.3313195519
51949446.4306659028 150640.7398488335
51758983.5615869239 146630.6457762718
51742166.0628743246 146367.5050152465
51744672.3906551376 146541.0804211907
51353253.6876095235 134397.7897470295
50587040.1960778609 86239.2559650028
50579974.9496784136 82600.1799910152
50608680.2616361380 98375.3616014374
51304766.0453892797 133321.1371640973
50586483.0013429895 86238.2017595852
51302021.2856594324 133317.7869918160
50580289.7405212298 82925.2152053351
51731617.0217185542 146214.5805642419
51619092.7316219732 142577.3846720867
50587589.3020504937 86679.8096396485
51830838.2105049416 146651.8918144107
51731256.4202332720 145968.4441139512
51904737.4952978790 149602.3055705242
51838596.9212070778 147333.5124437623
51201656.7092113197 129771.2570018768
50578327.6041031182 82587.7469208324
50584982.7080164179 86224.0857107723
50583843.0861867815 83038.0101057077
50576554.0646291524 82099.6534231314
50589384.9967493042 86926.1930874605
51723930.9633602127 145959.9831828289
50705810.1825712994 111240.6554822484
50601503.5563933775 94711.5548623670
51087918.6743671745 126117.7699326538
50588822.5005545393 86911.4205281710
50688812.4779276922 107897.5189078767
50601200.0292496830 94707.6295024110
67312824.1940898448 196171.8076171875
