194270653.6856049299 372347.2565917969
177837885.0966764390 106036.0501717916
178279383.9618331492 130642.5791057274
178352875.3244244158 134257.2268108055
182014488.7489770055 240140.3857375383
179954631.7363896966 194053.1530018225
184193323.5546973646 280493.0709288940
190250522.4714779854 362842.9785156250
194303930.3661632538 372558.8979492188
181716394.0612518489 236579.8627116680
186617783.4691311717 317042.0907311440
188956879.2928624749 347563.2374877930
189778170.7963586152 358321.6096801758
190122701.6254490614 361542.2458496094
189894101.2388784587 358995.7601928711
191231289.8147625327 367430.2340087891
190907093.4135801494 366997.1495361328
189322438.5829572082 352691.7279663086
194432520.9732391238 372895.0112304688
179195939.8581864834 168824.8049779460
179328952.5048054755 169055.3717011511
181028375.8654882908 222450.5406644344
189888047.2295134366 358715.0076904297
192261131.8208266199 369099.9509277344
181026015.6260587275 222025.2986505032
184169338.2049671113 279725.4669860229
185412673.8256741762 298434.0866254196
190016148.9950373471 361151.0698242188
192618753.3321624100 370435.3029785156
194366357.1776685715 372582.3884277344
177869059.3862939179 109020.8691644063
189075971.8482759595 348351.1356201172
189097114.4674145281 348420.2013549805
181371505.6352435350 229769.6270163059
181351257.6686701775 229074.2310941219
181123484.3736560345 224389.1609036922
185741076.1694615185 304349.5706576332
185299752.6355598569 297305.8791669235
189174185.7360428870 351019.9197998047
189056192.2366263866 347883.6265258789
194377340.8213298917 372822.6811523438
194369151.3074325323 372633.8142089844
194488023.2330584526 373098.8911132812
179020375.4101529717 161033.4924232289
181188701.5947276652 226025.8059232235
186336165.4113491774 313809.0685334206
192314951.9579390585 369643.2934570312
189434219.9093065858 353199.3252563477
194460828.1308938265 373080.8261718750
186537914.6107893586 316195.1789894104
189488536.4752559662 354156.2130737305
181800761.7619221807 238668.1854121685
190175384.9117473066 362451.8024902344
190390024.3691074550 363698.3652343750
190662681.4319866896 365274.8074951172
191251379.9117265344 367632.5008544922
185531220.8730293512 302182.9983075485
177727589.4485986531 101467.5069482047
181786269.5964341164 237352.1824824810
180219351.9640545249 200526.5678069964
189365216.4474825859 352823.2064819336
180433585.9968305230 207064.8917081356
180205444.8261001706 199350.4368394464
193464809.8339285851 371488.7238769531
190792083.5731791854 365966.4569091797
178534721.2871020436 138057.4781850502
178401358.3448498547 134848.5584100410
181699740.0911222100 236111.0914638042
181928520.1281766295 240073.9472758770
184585845.1247429550 287460.9544738159
193932860.6463535428 372175.4804687500
193799570.5633839965 371920.7080078125
181160056.9867747128 225472.9627835751
189099318.7685644925 348577.4571533203
193875281.4121885300 372143.5534667969
193460242.4049111009 371470.8845214844
178227058.8034121096 130134.9157756492
190838705.2831961513 366470.3287353516
192402358.1941401958 369808.6213378906
190986311.6550285518 367040.6756591797
192201621.5729652047 369009.0474853516
181895912.2736451328 238906.3141247034
185432493.6830887794 300014.8938153610
186710830.2531961799 317981.7131257057
177482195.1625878513 81609.2034003991
191718248.0964649618 368419.0863037109
177475992.6706148684 81497.5762031335
181252703.6807321906 228167.2821805477
181382678.9606519341 230129.2028911114
186514888.7404858172 315419.3915123940
190386778.9387378097 363332.0776367188
190558636.7764235735 364301.7954101562
191202140.5975390971 367293.4315185547
181519286.3901592493 232655.7049663067
186228233.7322612107 311641.3109650612
185679007.1396597028 304118.5566552505
190175270.4289574027 361805.1333007812
181538126.3710466325 232680.2486293316
181499794.0700538158 232035.6659721136
181581537.0370903313 233767.3809764385
178153628.1596476734 126253.0939271664
181539441.3845012486 232971.2114360332
184568579.8918180168 287042.5113797886
181636725.1669926643 235951.6362407207
193381820.0420372486 371125.1083984375
189451244.6558748782 353409.5562133789
180241893.5499835312 200572.4480699152
180975434.3275448680 221836.3212811947
181592417.0910346508 234372.4936931133
184076508.1073799431 278843.9906638488
181694045.4922963977 236063.7594190836
180944762.0321490467 220247.2439219952
177486322.6275015175 84983.6032741326
177712828.0778492987 101329.0944632730
181428586.3035982549 231829.3252055645
180284023.5533027649 201453.5348359197
178085485.2002761066 121938.9620745215
190314625.4645012617 363195.0285644531
180938428.5294264555 220197.6214063168
186137491.2789060473 310777.9926056862
178149666.4002339542 125945.9948580298
179560914.6319910884 180980.3683327287
186811405.9122820199 318957.6106944084
188917800.0371892750 346964.5753173828
177390503.8424610198 72760.0678278017
177436097.6606069505 81037.1337592858
181055054.9671950042 223218.8071973324
178196844.7472692430 126891.7809448456
180625986.6667875648 211671.5553957224
186406263.3207149506 314621.7357697487
181088878.2308880091 223320.7876740694
180863737.3542152941 219096.4961621761
180184897.1919152141 198753.8230794519
193166306.4888632894 371054.2700195312
177530623.1450501382 85823.3343361873
177580409.3551696837 89281.7558295983
184227803.5546727479 281851.1028602943
191438165.6986131370 367730.5850830078
192544052.0384411812 370065.3066406250
180852934.2603361905 218082.2794797421
180412221.3520972133 206563.5413019657
191564402.9614086747 368037.4481201172
179933098.3117009103 192729.9564075842
186293350.3183249831 312293.3261647224
178024656.6431526244 118328.0663286481
179075504.4878641069 164584.5830953643
180795896.5129346251 217027.1881711483
179130687.9625664949 166345.5745504424
185305260.4341545403 298113.6975873336
185830531.0336627960 305945.2364154458
182966536.7724891305 258304.6481289864
178917439.9817994237 157763.4550086781
177680201.2834220827 100889.5454978188
193106860.3027163148 370905.3139648438
178082994.4257121980 118508.9953768287
184558135.9857737124 286890.5630888939
189272612.4263040423 351674.6989746094
177413743.9245155156 76488.9692505887
177490591.1576084197 85159.4447944421
184349509.3115289509 283787.2564757690
191935382.1586827636 368681.3800048828
184098732.3300680220 279622.3047462702
184319013.1812483966 283584.0106261596
189383320.7674319446 353124.2070922852
184265395.2107546628 283150.9261535034
178132595.6800719798 122950.5446016822
179129676.4204220772 165281.8904150054
180519759.5490704775 208958.9669034481
178086257.5401873887 122124.1648409400
186113390.2213684320 309516.1770382524
179110212.3509856462 164860.1094738990
185928028.4824041128 307757.9095111489
179050237.2440016866 161976.7404553443
193452017.1090359986 371200.4497070312
193351718.2611976564 371074.9365234375
177408761.6981571615 72840.6300753165
180681728.0737885535 213800.8158490658
184377783.4276518226 284005.8942321166
180030725.9794496000 196330.5159778967
182990742.1492874026 259147.6560177803
193742506.0268973410 371577.5808105469
183040506.8619588614 259319.9397549629
185136208.1702969074 295538.9949401245
189595432.0892502666 355367.6808471680
190469738.8515342772 363802.9304199219
184497614.3800767362 286360.6092589721
184779957.4424932301 289873.4423278198
184547452.1293151677 286735.0764301643
182979047.4359801114 258820.6530885100
189560233.5111847222 354968.5488891602
180554436.9726910889 210773.6045227647
185647739.4517525733 302943.0259967446
183013256.7366353869 259222.2440152168
177348940.1858546436 68335.6275562156
178950575.5712148249 159529.7520982549
177362108.9244798124 68712.5290801931
178772724.1793940961 151302.2410804555
177374631.4560213387 72360.0401643622
190355444.1985788345 363207.2729492188
180289430.5689112544 202414.5108605474
182075985.3763548136 241338.9125385284
183215990.6344398260 262613.3331875801
178836418.5654727817 155424.5521156117
182154697.3091611862 241945.4983644485
178071866.8560983241 118391.9662830565
178023328.9600245059 117889.7365191016
178871924.7888833880 156911.1813880727
191692802.1622271836 368045.3060302734
177946467.8555523455 113701.0018341574
180391284.6105343103 205871.1931725591
177506320.7233205140 85331.5490756175
180386654.5847637355 205751.5721156970
183273378.5896776319 262991.7865746021
183222376.0897025764 262948.3831436634
178902893.6065662205 157194.0398366973
177569047.2586958706 89206.8060240704
179628113.0765199661 182839.1054514647
180091073.2088360786 197515.1304948159
179915316.8676706553 191115.0242326089
183164127.1027260423 261821.8897354603
179505791.7646829486 177844.0750588030
177567579.2983667552 89205.0668426711
182091145.0923720002 241511.7604098320
182216102.3061046004 244070.5055270195
184667986.2003910244 288431.1460021362
184669482.8380149901 288746.6524718627
179949043.5515533090 193591.7132206005
177590705.9212999046 89508.6711361292
179543793.4398392737 180018.3450783342
179518526.3882218301 178844.0109633137
184956115.8643010855 292614.9598061666
192144645.4032886624 368701.4127197266
185212217.8976719379 297011.0890175924
179574279.8613380492 181966.3860939592
177647235.6649067700 96760.6164115924
182861171.3517139554 256384.5649063587
190502325.8957830966 364101.7856445312
185181450.3513277173 296072.6695839986
177666239.0073203743 97085.0897530574
177600041.5677343905 92964.5178993005
177607481.0027929246 93457.4870253462
178789390.4045743346 152828.2796938345
179660793.7292068601 183108.2267311662
184912291.7300456762 292329.6255776510
180016047.5591991246 194560.6516562477
183313887.7524600625 263719.4846556187
177983377.3385445774 114207.9158523297
179805064.0137223601 189270.7526494988
179935845.0768155456 193392.8194596597
179745295.6107924283 186448.1014541239
179690353.3184835911 185564.3266914934
178738905.9906075001 149568.9486762807
190621977.1429758668 364769.5059814453
182937754.6961217523 256752.6819717884
178919373.8450414836 157813.5707465932
177894887.2943917215 109893.2571180869
178806338.4541192949 153691.2597114369
179664348.7602283061 185102.6793678850
177900169.3982602656 109954.0272177267
186887039.3490655124 319057.0920982361
177853746.0658529103 106963.8996175518
182355264.7697907686 246502.9007582664
177846040.6091777384 106278.6094130087
182572853.7652114332 250314.4137282372
177816328.5314476192 105800.3394278098
177941271.8512039483 110309.6729295883
182561638.5666176081 250150.4363794327
182459525.6131134033 248215.8549680710
187022230.3731219769 320207.1439347267
182700103.6409076750 251854.2288174629
187142947.4325155020 321382.2755265236
186937291.9671729207 319202.7959092855
182474646.1380018592 248446.5517476723
178009919.0110445917 114475.8387881551
182498814.3744133115 249061.2303247452
182303162.1237499714 244676.0408034325
182402292.0829647183 247362.2635817528
186946930.5120607316 319211.3650650978
182722833.9854000807 252184.5176570415
178729715.3278788626 148455.8570127572
178719965.5494581759 145038.8074567402
178703395.3290967345 144869.6100373427
178577623.6015156209 138124.4152842080
178605230.0866198540 139927.0729990518
179494267.0593133569 174220.9553780854
178607722.0386162698 139945.3313902563
178504397.8460060656 135819.3665592065
179435877.7224357724 171168.9927026331
183950881.0198514760 267584.5097291474
183907140.9939394593 266917.5723033031
183896432.9090312123 266213.4479109053
183768712.4881685972 263958.3370292266
188239764.4630201459 322921.3155500293
188688480.8956146240 327342.9913312793
188429704.7262929082 324786.7821637988
188312063.9381338358 323884.9244367480
188909307.1866306365 329053.4581642151
188912275.8763259351 329548.9462013245
188910762.5206964314 329388.9802131653
188653189.9388436377 325707.1675772667
