194447216.7494192719 371979.2932128906
177501633.2853761613 85084.4949889142
177756077.4458462894 100881.1882653493
178033122.0286453664 117745.8762027058
183273378.5896776319 262991.7865746021
191195925.5578422248 366624.2291259766
190949686.1490859687 366410.2098388672
185565709.1000260711 301952.8453147039
189837728.1086208224 357060.1182861328
190026885.5717651248 360361.2239990234
181863570.5068485141 231095.7516803741
191882761.7698963583 368022.8482666016
182084960.5370566845 241369.7765104827
183222376.0897025764 262948.3831436634
190327950.3973768651 361845.5682983398
193784671.1784970760 371306.6242675781
194733878.2502543330 372093.5688476562
179735224.8683940172 186088.4693049192
181865984.7065425515 236273.3405170441
185297670.0616710186 297286.8881600797
178902893.6065662205 157194.0398366973
184563243.3498390615 285039.9419005737
181796602.2858157754 230247.3013935089
181985638.2701242566 237788.6711444855
181879987.7855746746 237216.6015033722
181896396.8887987733 237221.8195853233
177569047.2586958706 89206.8060240704
180008129.7521343231 194002.0474460103
180278087.3143793643 201123.3308703878
179628113.0765199661 182839.1054514647
180086073.9575043917 195744.0734317675
180091073.2088360786 197515.1304948159
183008114.5148282647 258707.0633194447
184486249.6246531308 282517.3394454345
185361641.6348502040 298801.7709080800
179915316.8676706553 191115.0242326089
182311544.4518633485 245064.2513766289
182343768.9949554801 245153.4943170547
184597453.8341102004 287119.2755187377
178003076.7360835969 114294.8568832907
183164127.1027260423 261821.8897354603
189603561.0226051211 354954.2276611328
190373768.4191430509 363207.2729492188
194827559.8263810873 372195.2724609375
179505791.7646829486 177844.0750588030
177567579.2983667552 89205.0668426711
189542885.6373985112 354138.7842407227
191881192.3311989903 367962.6998291016
184539484.7913125455 284982.6529906616
189455429.2024758458 352856.9489135742
193669386.5261425078 370968.0688476562
182091145.0923720002 241511.7604098320
184569962.9641973078 285289.9701598510
189584281.0473358035 354792.3665771484
178089626.3681171238 117758.1572463727
182216102.3061046004 244070.5055270195
184830520.8764439523 290268.5703895912
186856103.4426599741 318528.5496964455
191934087.2142987251 368155.7078857422
184667986.2003910244 288431.1460021362
185458001.3421037197 299858.3746602163
193464815.7431378663 370954.2592773438
183155861.6338545680 260181.4434158802
184503478.0287171006 284473.7947868478
190331620.9072825015 362066.8693847656
184669482.8380149901 288746.6524718627
194273074.8141902089 371878.4130859375
193863241.9856091738 371309.2290039062
194509579.8688023686 372000.4584960938
179949043.5515533090 193591.7132206005
185525797.6616291404 301221.9486611784
186523911.9156772494 315071.8673844337
192730711.7464021742 369618.9072265625
177590705.9212999046 89508.6711361292
179543793.4398392737 180018.3450783342
179518526.3882218301 178844.0109633137
184956115.8643010855 292614.9598061666
184786531.2553047538 289643.4027993307
198959409.1886442304 372856.2316894531
183113517.9405155182 259689.8578822613
193060938.7050162852 370046.7231445312
182967399.7449478507 257057.4496109486
184905194.2373042107 291007.0026695356
192144645.4032886624 368701.4127197266
189932975.7043244243 358706.7901611328
191934846.4988132119 368596.9842529297
185518344.5282234550 300086.9765622243
185302238.6749534607 297864.8912636861
185212217.8976719379 297011.0890175924
179574279.8613380492 181966.3860939592
177647235.6649067700 96760.6164115924
182861171.3517139554 256384.5649063587
189195967.9806866646 350028.4461669922
177714132.3810539544 97700.4395644921
184897579.3812748194 290918.2288491353
189281658.6275313795 350778.9915771484
190502325.8957830966 364101.7856445312
190333080.4626058936 362808.7568359375
190492450.8656355143 363783.5008544922
191092397.2317589521 366612.5946044922
191463142.8830917776 367258.3477783203
183193884.9559916258 261964.0740110874
185181450.3513277173 296072.6695839986
186758265.8229466081 317695.2022843361
198621772.7800047398 372281.2131347656
191507735.4580168724 367281.3804931641
177586988.5048173964 89281.7558295983
183054437.4425733685 259581.5469729900
191627001.4902333617 367885.0994873047
177666239.0073203743 97085.0897530574
177600041.5677343905 92964.5178993005
185316064.9969522953 298060.7672127485
185055738.1934018135 293819.1382219419
185273029.5660287142 297143.4035641775
177607481.0027929246 93457.4870253462
189379482.1846687198 352401.1505126953
189511187.6831856370 353667.3612060547
193146516.5784384906 370350.5402832031
193093206.0190323293 370246.8730468750
178789390.4045743346 152828.2796938345
179660793.7292068601 183108.2267311662
186689582.5772495568 316738.9581437111
191317431.2799701393 367174.5496826172
177774146.3766949475 101683.6913852501
190433119.1027371883 363358.9440917969
184912291.7300456762 292329.6255776510
180016047.5591991246 194560.6516562477
178958560.7181875408 157979.7921408936
183313887.7524600625 263719.4846556187
183216529.1905005574 262130.0909073353
178130334.7076890767 118158.3614218268
177763861.3846779764 101654.2980403710
177983377.3385445774 114207.9158523297
189569077.0768295527 354716.0081787109
200144392.2189206481 373026.6828613281
179805064.0137223601 189270.7526494988
179935845.0768155456 193392.8194596597
199760051.4600727856 373022.6215820312
185136604.4818385243 295050.4752480611
179745295.6107924283 186448.1014541239
191787870.6140923202 367912.6568603516
179690353.3184835911 185564.3266914934
194027291.5331707597 371494.3645019531
189495608.1207785904 353592.6511230469
178837325.9351744950 153828.3659583852
186366185.4811004102 312549.7211655378
190732220.5199682117 365074.1500244141
177720887.5578050315 98035.8546393919
178738905.9906075001 149568.9486762807
190621977.1429758668 364769.5059814453
182937754.6961217523 256752.6819717884
190568127.9383635521 364181.7052001953
190836652.7779640853 365714.3687744141
179731773.0969624817 185621.7216933817
193681628.0718589723 370969.3881835938
178880913.9378759265 154999.3673362061
178919373.8450414836 157813.5707465932
189467899.8347802162 353027.4022827148
199094931.6062962115 372936.0427246094
194068680.6556355059 371596.7973632812
177894887.2943917215 109893.2571180869
178806338.4541192949 153691.2597114369
182440407.7479053736 247840.2116713524
185780927.9497140944 302975.6702658758
179664348.7602283061 185102.6793678850
186326481.7180926502 311134.9911246300
189847901.9079795480 357876.5869140625
189730042.0825687647 356603.7777709961
177900169.3982602656 109954.0272177267
192567268.9183315635 369273.8250732422
189889354.5488495231 358238.4902954102
186808858.5117039979 318075.4073204994
186887039.3490655124 319057.0920982361
182603014.1525774002 250525.4329390526
177853746.0658529103 106963.8996175518
182355264.7697907686 246502.9007582664
177796422.1550002992 102250.0980337668
177846040.6091777384 106278.6094130087
182572853.7652114332 250314.4137282372
194100586.7092674971 371655.1867675781
177816328.5314476192 105800.3394278098
177941271.8512039483 110309.6729295883
179020652.9883652627 159654.2498289526
186722635.4618289173 317046.2689347267
178138241.0575172007 121065.5662987265
182561638.5666176081 250150.4363794327
182459525.6131134033 248215.8549680710
185663684.9176666141 302414.4397952184
190152427.7681812346 360976.4498291016
187022230.3731219769 320207.1439347267
182700103.6409076750 251854.2288174629
190478390.6590898633 363522.9432373047
187142947.4325155020 321382.2755265236
190782270.3418733478 365440.1087646484
178206178.6823634803 121633.3610437853
180445856.1958562434 203153.8275489137
186851793.0453492701 318165.8858780861
179031872.5529244244 160125.0169657990
179083751.1630758345 160657.5793586765
185411353.0611616969 299515.5123068914
180359238.3328818679 201242.7698706910
186937291.9671729207 319202.7959092855
178891676.9153421223 156358.3185545385
182474646.1380018592 248446.5517476723
178009919.0110445917 114475.8387881551
182498814.3744133115 249061.2303247452
180569204.7670781314 206610.5098609254
198949342.5889208913 372725.6618652344
180384528.8210723996 202488.1988257691
180369914.0149406493 201843.0740699098
182303162.1237499714 244676.0408034325
182402292.0829647183 247362.2635817528
186946930.5120607316 319211.3650650978
182722833.9854000807 252184.5176570415
185074702.6542313695 294503.0909707174
186628286.0914548934 315557.2095980644
178890875.2103181779 155707.4108898819
177789212.2965573967 101740.5528151203
198543844.9310758114 372277.7692871094
177843777.4189784229 105828.5173851359
190606351.7560379803 364291.3160400391
186476742.1206822395 313218.3517289162
190818441.4432367086 365649.5819091797
186505095.5984723866 313516.1283602715
186156642.9200761914 308485.8795809746
192344300.1350199580 368883.5272216797
199034995.6628228426 372859.1472167969
178288369.6750195920 122614.4521218464
192998963.4040908217 369769.5582275391
178729715.3278788626 148455.8570127572
192694567.0757398009 369365.4981689453
180760719.1516034603 207624.9045648202
180717340.8415762484 207297.1780023202
180790847.4018592834 208819.4013909921
180539685.0861448348 204697.0903558359
192500447.5455605388 369158.4173583984
192485059.6772401929 369125.6263427734
178719965.5494581759 145038.8074567402
178703395.3290967345 144869.6100373427
178665667.6583140194 143907.5311417739
186101710.9071736634 307578.4581537545
198884499.5314055085 372660.6975097656
198724309.1943440437 372586.9697265625
186082427.1479374766 306289.8617037535
199724480.0186659396 372997.3896484375
199681932.6069875360 372940.4138183594
185954410.1967576146 305136.5770252943
178663041.2928985655 140977.4954304015
181700087.4998321235 226675.2266358321
178500797.6492543221 132989.3146793237
181825330.6034895480 230617.4889954512
178577623.6015156209 138124.4152842080
178605230.0866198540 139927.0729990518
179494267.0593133569 174220.9553780854
178563847.4983218312 136567.7177625289
179434556.4072454572 168492.6587182581
178570778.6662273705 136637.4136833241
185985765.0761338472 305523.6378773451
178607722.0386162698 139945.3313902563
178504397.8460060656 135819.3665592065
186016873.4249144793 305779.5389393568
186033603.3088381886 306283.9669178724
178560402.7568208873 136457.5841394057
179367780.0085251033 167320.3184472620
181038350.5384535789 211529.1639074907
179435877.7224357724 171168.9927026331
186209357.5766797066 308901.6112049818
181036946.0720082819 210940.7454742417
181117124.5339083970 212591.3699354157
185952718.0589177310 304359.9088734388
178431192.0741232336 124727.7554141870
179418722.6763250828 167927.6769680083
179269168.7359047830 163139.7372097075
179327673.5669297278 164011.1919365227
183950881.0198514760 267584.5097291474
184047860.6922015250 271350.8679834609
184197099.4360684454 272473.6639429335
184207311.0114271939 273102.8827539687
184245978.8754616678 273558.6514307265
184282138.4217745960 274845.3262354140
184194783.6560108066 272380.9769312148
183907140.9939394593 266917.5723033031
183896432.9090312123 266213.4479109053
183768712.4881685972 263958.3370292266
188239764.4630201459 322921.3155500293
188688480.8956146240 327342.9913312793
188429704.7262929082 324786.7821637988
188312063.9381338358 323884.9244367480
189091956.4277362823 332165.7174987793
189066893.8030287623 331639.7644996643
181564468.4260466397 213027.6559580122
181647641.1204170287 213534.7709777285
181653571.7601967156 213965.6334083010
181673283.5962699950 214628.5921726157
189169329.5530572832 332609.1090431213
189005915.8538224101 331189.6940040588
188909307.1866306365 329053.4581642151
188912275.8763259351 329548.9462013245
188910762.5206964314 329388.9802131653
188653189.9388436377 325707.1675772667
