191512899.2322341800 366684.3294677734
191470209.8152314425 366638.8668212891
180062086.1963846684 190514.7940664552
180166885.8785148263 194922.9318456911
194100586.7092674971 371655.1867675781
199112396.0501613617 372925.2819824219
177641462.1883894801 75838.0027967194
177756389.4277634323 98227.0090732384
177816328.5314476192 105800.3394278098
177854597.4561289847 106299.0611551735
177941271.8512039483 110309.6729295883
179020652.9883652627 159654.2498289526
180043921.0098691583 190112.0777578615
180515237.8164521456 203630.0850562379
180517330.0860133469 204623.5260628387
180694228.1920502484 206631.0772284791
185337856.6735140085 297737.1098026037
186683482.1041162312 315675.7980455160
190040862.8384034336 359582.4852294922
194441253.4487864673 371842.6503906250
180413790.9077379107 202515.5138549134
190068211.2046384513 359729.8870849609
194547779.0567531288 371997.5834960938
180539957.5286532640 205259.9982244372
185352544.2872722149 297801.5082070455
186722635.4618289173 317046.2689347267
177764858.0124566257 98264.6326694298
178138241.0575172007 121065.5662987265
185564072.7878866196 300444.1086753234
177743702.9834069312 97561.3803500939
194344577.5197168887 371812.4047851562
177726951.1393839419 94606.2152527678
182561638.5666176081 250150.4363794327
182459525.6131134033 248215.8549680710
185938521.2064516544 303887.3343008757
190582562.1405462623 363954.5755615234
191818962.0000058115 367801.3897705078
185663684.9176666141 302414.4397952184
190152427.7681812346 360976.4498291016
178051990.0215823948 117744.8773653540
180435632.0822490156 202968.9841800939
187022230.3731219769 320207.1439347267
177781216.8563399017 101683.6913852501
182700103.6409076750 251854.2288174629
186894968.6058101952 318583.9836754799
190478390.6590898633 363522.9432373047
190629853.8833058774 364769.5059814453
185307160.2010736465 297346.3881833181
193576508.0812961757 370390.0987548828
185900340.1897549033 303844.6221701726
187142947.4325155020 321382.2755265236
190782270.3418733478 365440.1087646484
192587029.4582349062 369273.8250732422
177900492.7567383945 109928.1722096014
178206178.6823634803 121633.3610437853
180445856.1958562434 203153.8275489137
182292278.0872020125 243372.4732222557
185859406.4373027086 303797.0369895399
186851793.0453492701 318165.8858780861
179206201.9983572960 160666.7580229223
179031872.5529244244 160125.0169657990
179083751.1630758345 160657.5793586765
186841406.6279167831 317821.6392960548
191568491.3014230728 367185.6007080078
178959771.9551047087 157361.6480842624
185411353.0611616969 299515.5123068914
190257918.3760415912 361712.3040771484
190744728.3630997539 364851.8187255859
193907453.8412305415 371028.4350585938
177690534.7684441209 83044.9196401337
180359238.3328818679 201242.7698706910
186937291.9671729207 319202.7959092855
186712646.2977859080 316550.3496942520
191117637.0899295807 366454.6843261719
178009213.4500020444 113810.1353040455
178891676.9153421223 156358.3185545385
182474646.1380018592 248446.5517476723
186787928.9156437218 317767.5474991798
178009919.0110445917 114475.8387881551
189900459.2147224247 357358.9088134766
182498814.3744133115 249061.2303247452
180569204.7670781314 206610.5098609254
190764503.6824485362 364992.7576904297
193946704.9275517762 371180.1203613281
194282225.6849586666 371743.1159667969
198949342.5889208913 372725.6618652344
180303632.4836145937 199553.2679786012
180301329.4053579271 199031.5165137574
180384528.8210723996 202488.1988257691
180369914.0149406493 201843.0740699098
182292321.0065702796 243747.6158766747
194243735.8139781654 371720.1135253906
190464895.3750265241 362890.7039794922
194031474.2185668051 371193.0510253906
182303162.1237499714 244676.0408034325
185230811.6571022272 296364.4379002675
184926250.8882398605 291658.5979933962
193704676.3174518049 370907.0427246094
182390873.3208967447 246172.1964430809
182402292.0829647183 247362.2635817528
184843540.5110432506 290176.7904908285
185050465.5840541720 292668.3137490377
190001273.9238215685 358976.5964355469
186946930.5120607316 319211.3650650978
183231172.4445908666 260051.8988975286
185185544.8514624834 295999.0631386861
186307731.7569300234 309570.4263339043
189928913.9849292338 357565.3663330078
199763455.7864492834 373015.4677734375
182722833.9854000807 252184.5176570415
182956949.6129187942 256589.6555435658
185074702.6542313695 294503.0909707174
190339038.8327442706 362331.8223876953
190580904.2577125430 363647.7740478516
193841488.4689051211 370936.9951171875
183082562.6069988608 258971.5188858509
177692766.2219588161 86501.6019521454
183115111.4742730260 259680.4961807728
184935497.6826414466 291788.6120888814
189825684.7111308873 355967.7003173828
184715141.9325604737 283013.5419772863
184667906.5942934453 281573.3183266744
184738235.9605220258 288264.7104775533
183061862.7721342444 258425.2161514759
182995749.1327214241 258204.9321620464
183314491.3125117421 260570.6064817905
186343651.0482545793 309917.3256258965
186628286.0914548934 315557.2095980644
191062720.7165528536 366269.1002197266
182844487.3502815962 255558.1851456165
178890875.2103181779 155707.4108898819
189982493.9258489907 358281.6153564453
191124249.0750468373 366495.1824951172
177789212.2965573967 101740.5528151203
182789399.3627646863 253772.6452476978
190973651.3778575063 366000.2952880859
198543844.9310758114 372277.7692871094
177978718.4701997936 113629.2281601462
178869279.6149562299 153600.0121864825
177755070.9179629385 97852.8645016063
191214968.8827745616 366586.2139892578
177843777.4189784229 105828.5173851359
178946136.0243917406 156839.1495815695
190606351.7560379803 364291.3160400391
190950257.1950447857 365947.3109130859
179652210.0285956264 181645.2864388078
182747522.8439453840 252342.8081619740
178773034.6730227172 148908.6994902075
182645808.4575446844 251427.8753006458
184917704.3772870302 291082.6809365377
189654691.2890458107 354172.7714843750
190741722.9032820463 364846.7144775391
191060952.6057491899 366257.3023681641
189650085.8766380548 353553.7387695312
179749049.7793865502 184039.2219093889
184813767.3224411607 289077.8481505737
186433092.2726703882 312116.8551563025
186476742.1206822395 313218.3517289162
189888150.3082645833 356784.3022460938
190879969.8017306924 365875.6641845703
190818441.4432367086 365649.5819091797
177726304.5893322229 89831.4614106599
182783401.2684085369 253265.1968472004
186505095.5984723866 313516.1283602715
186156642.9200761914 308485.8795809746
192344300.1350199580 368883.5272216797
185004920.1007369161 292104.8752724752
191723418.8670010865 367605.2032470703
182265717.7813487649 242174.3424124768
189437391.1775274575 350295.4140625000
178790966.3481618464 152204.6307646215
189432107.8632617593 349817.0596313477
189452651.0148511529 350601.6554565430
179790238.5112313330 185768.0802668333
177705446.3770253658 89813.0437002513
178857264.7456150055 152845.0007502342
189368110.2678287625 349652.1248474121
199034995.6628228426 372859.1472167969
199834352.8570492566 373022.6215820312
178828546.7882289290 152578.1677222679
189569157.0463357270 352438.1975708008
178288369.6750195920 122614.4521218464
192998963.4040908217 369769.5582275391
178034876.7156066597 114610.4534947788
189508970.6163600683 350917.8556213379
192320074.2338296771 368562.7598876953
179862088.2537817061 186587.9466609620
189639425.5747853518 353431.7073364258
178729715.3278788626 148455.8570127572
192694567.0757398009 369365.4981689453
180760719.1516034603 207624.9045648202
180717340.8415762484 207297.1780023202
180790847.4018592834 208819.4013909921
180539685.0861448348 204697.0903558359
192500447.5455605388 369158.4173583984
192485059.6772401929 369125.6263427734
178039318.2384567559 114629.7165934136
178719965.5494581759 145038.8074567402
180355568.5427821577 200589.3839159906
177948773.4791223705 110488.0082030511
178747508.9738291204 148653.4551618184
192243111.6541491151 368529.9688720703
179920897.3345873058 188044.4125423096
180197771.5904497206 195744.4954882562
178703395.3290967345 144869.6100373427
179772058.5412545502 185102.6793678850
178665667.6583140194 143907.5311417739
193568247.2364468575 369842.9986572266
180286799.7745786607 198624.0643272102
186101710.9071736634 307578.4581537545
198884499.5314055085 372660.6975097656
186345672.6131781042 310753.6835360527
179820996.5723414123 186428.3086604737
198724309.1943440437 372586.9697265625
177885851.6856032312 106337.5475700233
179899987.3220765293 187312.2301194668
180071625.6546180248 193328.8837277889
192093635.7982019186 368334.8436279297
192023117.6940827370 368210.5950927734
192117251.5238017440 368358.7938232422
199020750.7954379618 372842.8181152344
186082427.1479374766 306289.8617037535
199724480.0186659396 372997.3896484375
179924283.4266898632 188652.4276557565
182183159.4771130085 238505.4466280987
191797808.6386055946 367627.8397216797
199681932.6069875360 372940.4138183594
185954410.1967576146 305136.5770252943
179704769.1060603559 181941.2651881836
179638881.5245980918 178455.7378487885
178663041.2928985655 140977.4954304015
181987107.3995932937 232263.8742255232
179592445.3802384138 177315.3468486369
179571760.9465208352 177313.8516183197
181700087.4998321235 226675.2266358321
181888535.7632727921 231428.6601034020
179527581.4307483733 174731.7504193783
178500797.6492543221 132989.3146793237
181825330.6034895480 230617.4889954512
181987460.9178434312 234190.9717909282
178577623.6015156209 138124.4152842080
178605230.0866198540 139927.0729990518
179494267.0593133569 174220.9553780854
182070455.1490211785 234925.6826275771
178563847.4983218312 136567.7177625289
179520793.4173521698 174419.8490109742
179434556.4072454572 168492.6587182581
178570778.6662273705 136637.4136833241
185985765.0761338472 305523.6378773451
182176271.5024571121 238475.9240216201
178607722.0386162698 139945.3313902563
178504397.8460060656 135819.3665592065
186016873.4249144793 305779.5389393568
186033603.3088381886 306283.9669178724
178560402.7568208873 136457.5841394057
179367780.0085251033 167320.3184472620
181038350.5384535789 211529.1639074907
179435877.7224357724 171168.9927026331
186209357.5766797066 308901.6112049818
181036946.0720082819 210940.7454742417
181117124.5339083970 212591.3699354157
185952718.0589177310 304359.9088734388
178431192.0741232336 124727.7554141870
183495282.9103963673 261280.7128743225
179418722.6763250828 167927.6769680083
179269168.7359047830 163139.7372097075
189243270.9414361715 342191.7876129150
184604569.0117320120 280859.4974100292
179327673.5669297278 164011.1919365227
184331774.7923534214 275837.7072168593
184111115.2209922373 271984.8606828158
183950881.0198514760 267584.5097291474
184510485.9613329470 279133.6384912734
184047860.6922015250 271350.8679834609
184197099.4360684454 272473.6639429335
184207311.0114271939 273102.8827539687
184245978.8754616678 273558.6514307265
184282138.4217745960 274845.3262354140
184194783.6560108066 272380.9769312148
183907140.9939394593 266917.5723033031
183896432.9090312123 266213.4479109053
183768712.4881685972 263958.3370292266
183755250.1164851189 263496.0075957854
188239764.4630201459 322921.3155500293
188688480.8956146240 327342.9913312793
188429704.7262929082 324786.7821637988
188312063.9381338358 323884.9244367480
189091956.4277362823 332165.7174987793
189066893.8030287623 331639.7644996643
181564468.4260466397 213027.6559580122
181647641.1204170287 213534.7709777285
181653571.7601967156 213965.6334083010
181673283.5962699950 214628.5921726157
189204512.6666314602 333163.5939064026
189169329.5530572832 332609.1090431213
189005915.8538224101 331189.6940040588
188909307.1866306365 329053.4581642151
188912275.8763259351 329548.9462013245
188910762.5206964314 329388.9802131653
188653189.9388436377 325707.1675772667
