178098493.2537384331 114801.2240729546
180647514.6822600663 206247.9678774774
185532308.2289962173 297612.6985251531
192352634.6727709770 368606.0660400391
180643619.4454583228 204870.0224867761
189723905.0393722355 353633.2066040039
190378248.0626277030 360061.5626220703
180396670.6040838361 201926.7632094324
182528750.0544444323 246047.6063309958
185537050.4436500072 297991.7061074674
187095180.6077205837 319584.3262256384
187022581.0026063025 319045.7305841148
189887236.8409022987 356319.4293823242
190124178.2885010839 358456.9119873047
190194446.8169507086 359450.4217529297
194597828.3810133934 370961.0544433594
180760719.1516034603 207624.9045648202
186850160.0040591657 316401.8208475113
191519329.5127959549 366367.8826904297
194901998.5947889686 371005.0209960938
186729604.4218814671 316329.5310525894
194979280.1451854110 371164.1445312500
180717340.8415762484 207297.1780023202
180790847.4018592834 208819.4013909921
177859494.8771021664 102234.5644241786
177862013.6389008462 102448.5718497444
179661413.5027674139 181645.9970558733
180539685.0861448348 204697.0903558359
182336477.3116301894 243368.8392386487
186639757.7180285752 314690.7739701271
198538596.3342107534 371848.7336425781
177870895.2367289364 102473.9544457603
193021426.5057669282 369435.9830322266
177815673.9745588899 94600.9834585521
192500447.5455605388 369158.4173583984
194127798.6541082263 370250.5046386719
177769296.7222012281 93935.3547354076
191233898.4238701761 366206.0906982422
190927532.3109821379 364978.9739990234
178823795.8267650604 148769.1046903218
190792680.5661396086 364317.5809326172
191032246.2850817144 365598.3702392578
192485059.6772401929 369125.6263427734
179048973.4531981647 156701.4897178207
185059274.4461899102 289244.4153573141
190840925.5333933532 364723.5211181641
178029139.6602335870 114610.3192382073
178010946.6162438691 110846.0336280083
178039318.2384567559 114629.7165934136
178719965.5494581759 145038.8074567402
179718991.3864571750 181966.3860939592
194337514.9879652560 370443.7937011719
199666845.7919807732 372919.5297851562
180308871.0864758492 198819.6533164680
189864558.2034328580 354711.5465087891
189984769.7850762606 356598.9891357422
180355568.5427821577 200589.3839159906
194389424.8024983406 370501.4086914062
177948773.4791223705 110488.0082030511
178747508.9738291204 148653.4551618184
180097914.9028367996 193831.9463747330
185692793.8216012716 301267.0201476440
185233264.2085921764 294618.1775712967
185623645.4861702323 299790.1097310707
194455246.7766671777 370803.7565917969
177930023.4976255596 106909.5286254096
179992221.4116334319 190245.9913997315
182505232.2499085069 245803.9846805413
182713340.6040947735 249472.1999166091
190717954.0652256012 363703.6278076172
192243111.6541491151 368529.9688720703
180140496.0678496361 193846.5509700440
179920897.3345873058 188044.4125423096
180197771.5904497206 195744.4954882562
182575321.2856278121 246714.4502950907
186853722.2636934817 316945.3861222267
190052808.9231092632 357453.8128662109
193932449.4658282995 370159.8247070312
190138429.4890190363 358700.6555175781
193334049.4399779141 369711.2891845703
178703395.3290967345 144869.6100373427
179772058.5412545502 185102.6793678850
180443337.3719843924 202238.7120322883
180428633.9776875675 201946.2491503656
182443281.4034073353 244769.0180497220
182738853.0730311871 249826.8934416850
178890677.2487348318 152152.1532120864
185321783.7513189912 296194.8773533925
178665667.6583140194 143907.5311417739
178880795.2181167305 151668.0405613686
185285973.9101815820 295125.7824990377
185602388.8168295026 299516.6919028386
193568247.2364468575 369842.9986572266
189756432.6514558196 353990.6452789307
177830735.3220990598 101836.5639062142
177856691.7322072685 101874.8379581306
180286799.7745786607 198624.0643272102
180307945.6336761713 198661.0579538345
177820995.4862252772 101808.4143083427
185281762.9325192571 295032.2127968892
186101710.9071736634 307578.4581537545
186688356.5125982463 315389.6470980644
198884499.5314055085 372660.6975097656
179727907.5267018378 182305.9976253174
185125863.0183532238 292907.7574898824
185558716.0923892856 299225.0693356618
186345672.6131781042 310753.6835360527
180068454.8837466836 190938.4575186037
179820996.5723414123 186428.3086604737
180256939.1328534186 197968.8108835220
182818271.8456665277 249961.7773866653
185365999.2264992595 297006.1126992330
186536043.1765618622 313370.2619051933
185389638.5001206994 297222.9100625142
186559237.6488980055 313832.1159762144
190045099.2963419855 357016.6242675781
177871907.6850835383 102880.8652580116
198724309.1943440437 372586.9697265625
177939060.4889550507 107163.9273307655
180028163.1540502906 190716.4821223877
191210780.3290258646 365703.2877197266
177885851.6856032312 106337.5475700233
179936113.5020158887 189724.2399348877
179899987.3220765293 187312.2301194668
180071625.6546180248 193328.8837277889
179017965.9453832507 156077.8767329325
199002135.9489924610 372756.6159667969
177929737.0256777108 106346.2250385616
189992026.4593048096 356705.3045043945
192442890.2182990313 368806.2525634766
182648859.6748216152 248329.5148921092
186408227.4383668602 311932.9647860527
190664419.6982855201 362762.6109619141
178844303.8073293567 151280.6984852711
185808565.7608881891 302178.5384000540
192093635.7982019186 368334.8436279297
178207302.9792186022 116584.4357577702
182535789.3115516603 246406.6936299880
178734750.9423662126 148029.8421769301
178947584.2277078927 155421.1753606742
182235320.8075285554 239858.3238558819
182470924.9860915542 245674.7160298903
199811102.7055009305 373011.1074218750
178178710.9052202702 114898.5513699269
182288347.2494316697 242120.6160922101
190771998.1555151641 363780.6131591797
198668887.9808162451 372272.2902832031
190621752.9653269649 362558.1295166016
192023117.6940827370 368210.5950927734
192117251.5238017440 368358.7938232422
191755731.7142264843 367620.6866455078
191560269.5027644634 366817.0499267578
199020750.7954379618 372842.8181152344
178935357.8316558301 153279.9530293038
178830459.8321324885 151280.6744393056
186082427.1479374766 306289.8617037535
191683050.6853781343 367229.5106201172
190079342.4428352118 357903.9323730469
178106991.5515732169 114845.7639715886
178213578.9993475080 118727.5858200714
198643618.9793376029 372185.8903808594
178004773.0260066986 110723.4529364323
185754803.6352233589 301505.6419667006
199724480.0186659396 372997.3896484375
179924283.4266898632 188652.4276557565
182183159.4771130085 238505.4466280987
186387387.6823872924 311445.5401705503
179808580.1805784404 185749.8903806210
191797808.6386055946 367627.8397216797
179652409.1879830062 178538.8554024994
199681932.6069875360 372940.4138183594
178625989.9468212128 140153.4224849334
179892059.2839549184 186448.5839896500
179798502.2878955901 185558.4736886322
182878556.0148654878 250643.6080027790
190571599.3915860653 362538.0089111328
191619354.0797851682 366976.7547607422
182772856.8728285730 249843.1138596506
186260186.6230974793 309746.5440157652
185954410.1967576146 305136.5770252943
179704769.1060603559 181941.2651881836
179638881.5245980918 178455.7378487885
178663041.2928985655 140977.4954304015
181987107.3995932937 232263.8742255232
179592445.3802384138 177315.3468486369
179571760.9465208352 177313.8516183197
190433286.4827664196 361289.2977294922
178439629.0549112260 131697.0555240503
178482435.4866380095 132362.6842471948
181700087.4998321235 226675.2266358321
181888535.7632727921 231428.6601034020
182407738.4599847794 243375.1524338693
179527581.4307483733 174731.7504193783
182220592.4772353172 238994.5767502756
178469154.5678642988 131871.4853946557
178500797.6492543221 132989.3146793237
179616868.1572034657 177835.6030831635
182240771.4784416556 240311.9087815256
181825330.6034895480 230617.4889954512
181987460.9178434312 234190.9717909282
178577623.6015156209 138124.4152842080
178605230.0866198540 139927.0729990518
179494267.0593133569 174220.9553780854
182070455.1490211785 234925.6826275771
190550016.1236369610 362154.2222900391
178563847.4983218312 136567.7177625289
179520793.4173521698 174419.8490109742
186938163.8824208379 317107.6187634468
191192677.6751230359 365640.6488037109
179434556.4072454572 168492.6587182581
186555971.0990624428 313372.2404597998
178570778.6662273705 136637.4136833241
185985765.0761338472 305523.6378773451
182176271.5024571121 238475.9240216201
178607722.0386162698 139945.3313902563
178504397.8460060656 135819.3665592065
186016873.4249144793 305779.5389393568
186033603.3088381886 306283.9669178724
178560402.7568208873 136457.5841394057
186500677.3389357030 312763.1852450371
179367780.0085251033 167320.3184472620
199793405.3138058484 372997.8400878906
181038350.5384535789 211529.1639074907
179435877.7224357724 171168.9927026331
182847912.3699850142 250124.8158624172
186209357.5766797066 308901.6112049818
181036946.0720082819 210940.7454742417
185891962.2214449048 303544.8267811537
181117124.5339083970 212591.3699354157
185871075.4548173845 303459.0276345015
185952718.0589177310 304359.9088734388
179148528.0502736270 157472.5163361058
179176881.1496980488 159342.2136142552
186133216.5964685678 307816.5911854506
179191411.4345069230 159351.9250345454
182961410.9670513570 251639.2595044588
184942073.1839528382 285701.4746377170
178431192.0741232336 124727.7554141870
183495282.9103963673 261280.7128743225
183406316.4932559133 258059.5328280026
183352860.8868305087 258020.6635579163
183214964.6841205359 257041.1428059632
185012222.9321676195 287430.5960929096
179418722.6763250828 167927.6769680083
179269168.7359047830 163139.7372097075
183167487.8740715981 255011.0538069302
183051970.6239320040 253915.3278111512
184989632.5586768687 286114.1197635829
189651251.3484312296 348020.5008544922
189492726.8945688009 344959.1056213379
189481656.5166004896 344047.3157653809
189488530.6678975821 344213.5730285645
189243270.9414361715 342191.7876129150
189477942.2621136308 343978.8190002441
189398967.6703889966 342488.8921852112
189537678.2987238765 346500.8027648926
184604569.0117320120 280859.4974100292
184748979.8959651291 281764.4347269237
189634255.5183489621 347601.9280090332
182966361.7598397136 252342.5199498230
184896678.6308309138 284703.5383035839
189507076.9743314981 345662.8810729980
184775429.4521261454 281798.0135814552
184796853.1730960011 283366.3216869240
184793237.9194226563 282451.6578817801
179327673.5669297278 164011.1919365227
184331774.7923534214 275837.7072168593
184111115.2209922373 271984.8606828158
183950881.0198514760 267584.5097291474
184510485.9613329470 279133.6384912734
184047860.6922015250 271350.8679834609
183025348.6694840193 252987.5498254299
184197099.4360684454 272473.6639429335
184207311.0114271939 273102.8827539687
184245978.8754616678 273558.6514307265
184282138.4217745960 274845.3262354140
184194783.6560108066 272380.9769312148
183907140.9939394593 266917.5723033031
183896432.9090312123 266213.4479109053
183768712.4881685972 263958.3370292266
183755250.1164851189 263496.0075957854
188239764.4630201459 322921.3155500293
188865303.3348206282 328731.2963199615
188688480.8956146240 327342.9913312793
188429704.7262929082 324786.7821637988
188312063.9381338358 323884.9244367480
189223727.8520958424 333699.0053443909
189091956.4277362823 332165.7174987793
189066893.8030287623 331639.7644996643
181564468.4260466397 213027.6559580122
181647641.1204170287 213534.7709777285
181653571.7601967156 213965.6334083010
181673283.5962699950 214628.5921726157
189204512.6666314602 333163.5939064026
189169329.5530572832 332609.1090431213
189005915.8538224101 331189.6940040588
188909307.1866306365 329053.4581642151
188912275.8763259351 329548.9462013245
188910762.5206964314 329388.9802131653
188653189.9388436377 325707.1675772667
