182548483.3724213541 116346.4088746905
179376725.8173055351 80343.6084120160
179413636.9341380894 81813.1332681959
182606268.6726695597 117535.2894899249
182301438.2316866815 115292.3743315861
182344757.4447685182 116158.9227907062
177595570.5186137855 40141.4003230846
177914314.9173140228 44486.2588365590
179256263.3167065680 80095.3575880413
182104945.6246509254 114286.4928618595
182032924.3130628169 113722.3308705017
183295855.1052123904 122342.5793317184
184418804.2902176976 127282.7528705380
183975478.1709902883 126128.1924647486
190381467.4395224452 156016.1036376953
192164604.1794628501 159615.5633544922
198985492.4472921193 163130.9913330078
177847249.2785201073 44295.4064484956
190433744.9853992462 156121.1148681641
177686712.5321627855 42456.0957506215
177746499.5015019774 42634.0825823164
177838590.0723451376 44248.2627307540
177874945.2764150500 44472.5228746450
177750830.9263853431 43944.5851305043
177664935.4113437831 42439.3810289418
184658945.4654879570 127606.4631976865
188523934.2233608365 148570.9836578369
189853397.4818145633 154379.2636108398
190332899.4649407864 155996.2032470703
192547477.4902163148 160133.2222900391
198624093.0985810459 162416.3618164062
181956732.3446828425 112630.5586839840
181906813.4645875096 112359.7974232361
191858534.4350673556 158736.5853271484
192060187.4515603185 159164.2235717773
184225589.9173777103 127104.9958576940
184619973.6443483829 127318.2486061921
184291138.0339794755 127264.3938059008
183928064.0990461111 126113.0706304705
177614964.6567525864 40507.3152246177
183684027.0910878778 124749.9705723152
188630874.7904958129 149124.5047149658
188578603.8518452644 148939.8668975830
188158048.3447155356 146990.5369415283
192260960.9160322547 159833.7320556641
192890120.1372316480 160404.2559814453
199256879.3791925013 163592.2846679688
181897930.4982318878 112221.9680457115
188349716.0790573955 147938.8162994385
188280129.9632279277 147459.2840118408
192145526.0732089281 159251.5150451660
199036552.8493763506 163225.4270019531
178995162.8113514483 75261.6174428051
181772828.9927868545 110701.5865149498
181865795.8483039737 112072.7744129822
182241562.9686748385 114802.9741657898
184101331.6837856174 126868.6973606646
188195168.3226259649 147316.7564544678
192103287.8924658298 159217.5763549805
191770833.5653454661 158419.1400756836
177606673.9600008428 40401.9167955434
179076620.6877802908 77053.7016279583
181632105.5171822608 109439.2521843910
189915985.8929693699 154877.2279052734
189857057.3775250614 154470.0961456299
192149869.5259424448 159413.3873291016
192564537.5906703472 160297.1486816406
192323706.8065497875 159978.3294677734
192008661.1291648746 158814.7023315430
181645028.6264251471 109602.4291148186
182252776.3102592826 114837.8101109192
188895928.0933718681 149501.7951202393
189889410.4830785990 154781.8756103516
189839222.3772588372 154262.9807739258
192348472.8186039925 160093.6448974609
178927831.6691188514 74709.6411244457
179226589.4124903381 78728.2816603070
181726002.7236320972 110682.0704016685
188401860.7613606453 148485.1378326416
190400367.4702949524 156052.8820800781
198788111.8484256566 162706.7958984375
182024640.2193908691 112632.7098072693
189485289.9080392718 153007.8127517700
189689836.5771671534 153899.5292434692
177584616.9187973142 38364.5687137162
177562849.9341896474 36662.4605091726
181666914.7271661758 110096.7825100422
189437276.9529125094 152136.8291091919
198872567.7526077032 162790.7708740234
190168424.6082210541 155454.9038696289
189594718.1809729934 153101.6420354843
199172662.4558021128 163423.9276123047
199418269.6030801833 163709.8358154297
178134110.1699458063 52481.1177279791
181572092.2632405758 109004.0095191002
183853326.3396384120 125599.9919682369
189454098.8069735169 152739.3846321106
189771914.0327889323 154147.8693237305
189791835.8364258409 154230.8908081055
179082606.6014245450 77310.3984815960
181834778.6599295735 111889.8648060486
181683641.4691055417 110506.8189978600
190005144.0574311018 155041.5507812500
178239438.4841689169 56135.8983279159
178845501.1164292991 72632.2756383007
190260264.1069083214 155721.7257690430
189852165.7793852091 154370.2240905762
178365636.2082954049 56324.9890863737
181774368.8602647781 110740.3533924744
184094489.5683541894 126397.4275678024
181792167.7100111842 110860.9666138962
178997724.2387106121 76135.6356312816
179253078.8163702786 79897.7119172399
188323431.5835780501 147533.4839935303
190184288.2582462430 155610.3297729492
189776747.1014757156 154213.7826538086
190005596.0892726779 155150.6755371094
181484102.5894205272 107711.0029242575
178946395.1918642819 74721.0617482250
181630789.2757145166 109392.4527648032
188054216.7468670607 146309.8977813721
181505631.9191886187 107896.6313155234
181420485.3700389862 105711.8383257926
181806383.4263943434 111182.5142322844
190080367.5560021996 155222.0445556641
179212120.5773585737 78683.5847027188
187993155.5003600121 146220.6411895752
190151474.1812313795 155285.2952880859
178822389.7316735089 71332.4083915651
179248304.3375959694 78767.9361984935
178855226.7000711262 73365.5502372682
188099606.5945014954 146680.8553009033
193331525.7144542038 160406.5606689453
178897115.9155427814 73497.9826819804
179177271.1882943809 78610.5026812553
188212347.7969502807 147414.9404449463
178216867.1311812997 54390.2951174667
179158578.7689962089 78157.3998243695
183830047.4081426263 125465.9984989986
187872453.9346852899 144937.3196525574
178192768.4973761737 54281.2428493723
179249246.1407909691 79546.4811231976
181412957.0696112216 104971.9179170132
178957593.4886541367 75113.4615887459
198266227.7162117958 161589.3495483398
198382688.4237194955 162235.4638671875
178250444.4260486960 56306.2120865425
179011791.1731055081 76305.9479462688
179116686.4909144342 78086.2560255413
199001257.9755713940 163172.1903076172
178158860.9078861177 54178.6629017433
190678686.1790409684 156265.5591430664
190775618.2121580243 156402.6541137695
191086539.5683537722 156747.6643676758
198863466.0323713720 162780.7700195312
178913541.5980036259 74568.5943982189
190882763.7823619246 156725.1602172852
179038192.7301694453 76731.2842848187
183781715.6800743341 124925.9328938350
191697950.9490166605 157465.8716125488
183494807.1570942998 123477.5285683498
181479416.3765754700 106959.1277711391
178838818.5612342060 72429.1135886495
183506555.0269706249 123518.8772455119
178155165.8425377309 53129.2042337721
181454593.2016794682 106769.1868226528
183049125.8227382898 119864.1050511226
191289992.5045955181 157033.6347656250
191292690.3715603948 157075.4796142578
181551890.5202265978 108454.6996247768
183258730.4261921048 122009.5151668414
177938324.4507024288 45768.1685628062
178090310.8011065125 51125.1050859755
183584914.6782404780 123988.4262589142
183631729.3018574715 124429.3581257686
183578525.9173953533 123665.9774494991
178011643.4894464910 48591.5558489552
183451221.4401730895 123373.7682209834
188344659.6309092045 147666.1729202271
190908299.8881174922 156734.0599365234
178902087.9543978274 74416.6303822582
178814402.6264925301 70512.4248297994
183343051.6775690913 122442.1294117793
190798542.3675631285 156460.6755371094
190644822.1316099167 156256.3033447266
183415024.7486944199 123002.3861943111
198984327.4753052294 162821.6306152344
183235426.1502100229 122007.6579228267
183075296.8756321669 120624.3462248966
179669137.4910202622 82611.4929957276
178784822.7247999012 70395.3212620800
190589621.5113922954 156189.4396972656
178043279.7490946651 48665.5914526945
178784218.1702751815 70209.6792943066
183114496.3797281384 120840.6114292964
179624916.6377449632 82445.7655577546
177930964.0728945434 44537.2027957803
177940544.7773166001 46436.5665621003
181467167.7243064046 106936.2834985256
179623393.6783794761 82251.9602042844
179546423.1422015429 82014.0506448557
182592556.4445539415 116870.0087094512
177987115.0071370900 46979.9187463843
183024626.5734530389 119720.5333437826
182916604.8278277218 119267.1118349936
180986229.4999526739 99310.9896091796
182517578.5404515564 116161.0963958427
182894620.7022902668 118612.3955542948
182876400.6353566051 118596.2793379948
182909049.4505914748 118822.5801229309
182849795.8664468825 118561.7278548405
178084863.0896603465 48943.5689789080
189359683.1008209586 150360.5406799316
188951220.1747143269 149660.6572570801
189391946.5305742025 150840.6208801270
187646934.7109815180 143544.4877929688
181297225.8469958901 104169.9479367733
188847762.2827967405 149261.8951110840
187817542.1495637596 144059.0122146606
187822736.9951951206 144290.2239990234
187794879.6083879769 143667.3464050293
189305726.9674634337 150314.3242492676
181171125.3496683240 102409.2258261461
181410349.3011003733 104347.4665434337
181266661.5697424412 103012.1088524959
181243408.6234017909 102987.9939843318
181103575.3641693890 101256.9654540024
181049127.0978741646 100581.9190004054
181217420.2112261653 102917.8467675350
181113257.2476708889 101794.8072396419
181081888.0136585832 101086.0762837115
181146365.6029092073 102274.8493745509
189118605.9173906446 150065.7458801270
180989832.5982658267 99715.8147279226
180959228.4454144537 99304.4665689780
188946195.3258480430 149647.2584533691
180949690.0931456983 99294.9351330898
189339563.6880471706 150333.0255432129
180674965.8271236718 96166.2532426021
180917313.8924201727 99215.0098970118
180838490.8079904318 98389.9459572933
180613688.7214048803 95832.9908757112
180704232.0574247241 96184.4081898830
180714884.0497516394 96448.8805800579
180758121.4336245060 97623.0858021877
185715305.0839565396 131926.1380929947
180547771.7429757118 94119.8113744259
180381954.5225541294 92075.5233735442
180505039.4216995835 93687.4426677227
185878585.4245063663 132974.8290624321
180586349.3260765374 95108.9396810532
186313222.8833316863 135325.4188016924
180571188.9876509309 95106.8732843399
180593953.4868994355 95503.2039287090
180329179.0290016532 91660.0722563863
180327471.6220226884 91529.8123636246
186329741.7951610684 135624.6468442950
180427875.2817742825 93376.4234476089
180338615.7224535346 91792.1345987320
186159804.9194618464 134397.8854476187
185914246.9976173341 133207.2582694601
180260351.4276151061 89594.8859453201
180233649.3998419046 89463.3133134842
186067818.9677446485 133845.4504805777
186202152.9303466678 134945.6825667593
186186069.0016056001 134838.4578908953
186078202.5109665692 134258.4414114031
180050492.9553409219 86200.1973867416
179917907.5568954945 84280.4681334496
180007277.6145784259 86162.1267538071
180166644.5323383212 88039.5814640402
180124411.4228062630 87686.4625444412
179922355.1239830256 84781.9759548753
180149460.5836300254 87778.7330947369
179986626.0352211595 85808.8189673871
179862742.6986361444 83181.0500885957
185870181.7116295099 132151.1347676357
179946466.5573589504 84825.1445899457
179905339.3089115322 83526.1223572940
179876613.2871368229 83451.8885926455
179859691.3561467230 82889.2015771121
187009930.9298389256 137156.1872091834
187010950.9224735796 137192.1627646033
187377129.6352249086 138912.9567992687
187589866.5909525454 139020.0872870032
187061907.9071962237 137596.8828268591
186933099.4914428890 136981.0838315487
187111935.6829964519 137679.5471334998
187137507.2575719059 138044.9705954138
186973839.8538065851 137105.9609823767
186957721.8039868474 137082.8436728064
186956065.6613143682 137005.9153280798
187640464.3611979783 139260.1837298870
