189475822.3830510080 153875.7351837158
190017380.9237082303 155274.7585449219
190690292.6529599130 157113.5989990234
191613948.9276548028 159300.4577026367
191808152.0284257531 160255.3510742188
192134195.0422094464 160553.6625976562
192117816.2780871391 160423.8657226562
179173072.6101984382 79969.6819769999
182787620.6541941464 119680.3834802993
182970285.4605949223 119891.0299092829
183734088.3571798801 126495.9769320488
184558211.5495429039 132149.9119520839
189405127.3147518933 153363.1535263062
188942460.2281682193 151253.3313865662
190762980.3957239091 157549.9828186035
190827672.6165926158 157873.5034179688
192028434.1490281820 160398.0299072266
192141259.4880222082 160822.7314453125
181573850.8462873101 109402.1471149855
181758019.7089846134 111256.8129732434
189453117.3019743860 153510.5098152161
189741724.5824236870 154518.2005310059
198635468.1163151264 164121.0723876953
179029865.0985346437 78702.4439599495
182449667.1987344325 117487.8730597496
182819022.0459065735 119706.1750508845
185194974.4341826439 134851.0206997097
179082046.5323005915 79754.3677680155
177491553.9156372547 36606.8928298205
184354479.1397283077 130402.6090604821
184463149.1264598966 131161.3181914985
185019230.7330393791 134150.4644561931
184369927.8662795424 130571.4394459464
185281434.5781217217 135440.5766912624
189954855.7243317068 155120.7556457520
199509273.8012166321 164533.8638916016
177924958.1324563622 54071.8906466815
182503142.0007886589 118253.4971944392
183590902.5326413512 125813.4681947231
188503031.0021872818 149150.9217605591
177526240.1154657006 38352.3795748502
177916146.0660812259 52596.7127647058
177735652.3331280947 48256.3152684169
181825754.1953712106 111758.4108932167
185197111.5744215846 134863.5388881862
191306333.5456474423 158739.1717529297
198589210.4487653673 163384.6730957031
199713620.0814146101 164567.8103027344
177947357.7730935812 54333.2843115882
184143573.6910572052 129487.8244323432
185239984.0071657896 134899.2734310329
189156053.1793414652 152480.4099884033
184371806.8148192763 130691.5459747016
189528395.7348887622 153936.6524047852
177407735.1357412934 34635.4190849429
177456542.3769910038 36435.6898972639
188468716.2696154118 149142.7492218018
177444938.3034434617 36374.6546593159
177385009.5601659119 34150.3155831546
178228240.0998173356 54918.1810263203
189388054.5160135329 153298.2751846313
190746416.7042318881 157333.1547851562
177502741.2365675271 38201.5839908402
177494238.9044451714 38136.6261367053
177976863.1203306317 54674.2722128437
177878526.8588266969 52370.4475314471
184792002.9138272405 133118.5660539325
190967031.8539276421 158249.4155273438
179453352.8842759728 84145.8737974173
184361420.0906369090 130447.9887466133
182566003.4665618837 118314.4246649742
182280304.8185509145 115893.2793555260
184185781.7117382884 129553.1636657417
180186384.9868662357 93149.3380703926
181830766.8717613816 112463.7343948036
184689148.1240391135 132240.1462054942
190938613.8586645126 157939.3143920898
177840288.4762045145 52025.0868136737
177768434.4008080363 48752.6535448730
181611487.4414792359 109678.1971638136
182455323.2258059680 117510.8311591148
182629142.2184329927 118713.6386756562
183635058.2384348512 126055.7241141498
198476897.2434194088 163335.4151611328
182315983.1773717701 116115.9876990318
189233556.1213807166 152645.5511169434
199558421.6417286098 164554.6391601562
181265433.9665830135 105582.5748336911
181680326.2833844423 111104.7739913613
183891569.6500089169 127945.5115668476
181349634.5335462689 107268.1643417478
182588816.5531073511 118622.0687232018
182208427.7610894144 115447.7761054039
198244091.4101049602 163312.3149414062
178907711.3607687056 76381.4861914774
179436873.1844971180 83835.1873093151
180164381.0290772319 92773.7702238148
185026857.1356879473 134239.7300859150
177418599.3947213292 36087.2073134631
181905431.8115559220 112773.8997489959
189599066.4894831479 154098.3888549805
177429596.9063665867 36266.1171853682
179864053.4772776365 89368.8764249866
181217241.9111928940 105334.5776675344
184854858.4559715390 133609.5680070575
179029490.4349403977 78365.3807303568
181128160.1117687225 104991.5029452443
185738026.7934032679 135663.5826760388
189880785.4708161056 154913.9860839844
178920687.9607443213 76830.6682974955
185073888.1829085946 134554.9190178968
180056969.2659065127 91568.4713129585
199206959.1230491102 164295.4769287109
183987551.0466108918 128612.2585557214
188575643.7691095471 149757.2350006104
188352433.2897924781 148620.8764972687
198943200.9212562740 164283.1541748047
177824895.9550801516 50783.2177223861
179080599.4619932771 78777.0161866804
182373790.0861862600 117189.6628241539
188507428.1290554404 149367.5694351196
184618421.7398599982 132226.9208469093
199451931.3909153640 164464.6210937500
181561014.2885022163 109327.2386672646
199191849.6914577782 164292.9554443359
179254194.7933626771 81949.5412565271
182188688.0580939949 115175.0148392320
179351616.1824300885 83220.5742248750
179234769.6382718086 81776.7949247366
199369297.7403872609 164453.8725585938
182363584.0193632543 116930.6098990440
183708858.5498409271 126339.7501837909
190950429.0747316778 157962.1440429688
178992343.6706190109 78241.2359244486
179227310.1230913401 81709.5134077078
181187448.6183335185 105095.6695602536
184374290.6726098657 130850.4393851459
181635249.4271535277 110749.3600051552
182648171.9600166380 119088.4925248623
188966107.7068597674 151385.1149063110
178828317.4411076307 74035.5605399271
184710340.9842143059 132655.4810256660
179179436.5350050926 80417.1470237037
188665163.9262791276 150453.2024612427
191152032.6964999437 158586.8666992188
180137565.5922736526 92754.8524089565
184480954.3423351049 131586.1267242134
178981971.3404427767 78116.4228446146
181278946.2770759463 106767.0820663571
181793523.1203183532 111641.0534789711
184243536.2738842964 130245.9241170883
178800782.8884408772 73288.9620360262
199310332.7464345992 164384.5814208984
199267438.1859786808 164337.3890380859
184225198.9041235447 130157.6272124946
177715910.8616029024 45279.4475291595
181336153.9484691024 107122.8005038574
177821087.9404679537 49655.6982604394
181579092.7855747342 109603.7314613014
178829889.3832685947 74430.0324866434
179279967.7428066134 81998.3313963299
190560044.5062444806 156361.2717514038
181425393.9184425473 108236.6792858243
183559672.0879341960 125447.8814189136
188345319.4170226455 148382.7438201904
198621374.2526000142 163607.7087402344
198092750.8483332992 162575.4194335938
178887602.6059202552 76083.6903006693
191807861.8587330580 159950.1550292969
177398568.7482320666 34390.0744479960
177364339.9469775856 30690.0215667551
191720933.6960756779 159869.9735107422
191765583.8980666399 159929.0548095703
191725913.7875874043 159877.7770996094
179116265.6110131145 79885.0032889505
179964329.7886396646 91055.8540861194
182719573.2645581663 119260.0705583096
191344232.6085845828 158894.1528320312
188867325.6732326746 151191.6596145630
190924128.9451661706 157935.0807418823
184213176.6995024383 129857.3618094623
177794617.4800379276 48888.8758430257
183742749.8962625265 127088.8405692279
180123583.3391827941 92614.6159893160
181401168.3303462267 107668.8738430142
183674459.1969690621 126197.2926337421
193152195.3426106274 160993.6030273438
177366957.2866510749 32456.6009728825
178853456.7005278170 75028.2298375925
183878917.2996409237 127905.4523245990
180104751.9703789353 91590.0838695650
179996502.3276724219 91359.7815544491
179990317.3025892973 91358.6953947132
181526326.4791177511 108988.5173900723
191464347.9080906510 159205.7467041016
191475163.7701243162 159211.9635009766
183686648.0184700489 126216.8566740155
181462131.2332839966 108751.2474620938
188421612.1988366246 148856.9886856079
181558489.1067740619 109170.0962079167
181507520.2570245266 108755.0563305020
179202557.9854748845 80554.2225058561
193327180.7331024706 161010.1232910156
177360900.4256694317 29710.0659785857
181544988.5954436064 109131.2237303257
178861516.7299352586 75042.3910924753
179931829.4170297384 89806.5137816370
188756917.0696477890 150788.7864456177
177364644.5671726167 32422.2727073496
193137803.9053293169 160986.4351806641
189028790.4298683107 151454.1902999878
177660992.5298441648 42478.3378888369
177701744.1114601493 44443.9172683060
179844164.1260307431 88971.0729581898
179724483.9492563605 87303.2491056507
182338209.7670285404 116491.0260789394
189095368.1961332560 152055.9956130981
179714723.5159836709 86145.0122086590
179797043.5577996075 87317.3524992054
179646497.2998132706 85962.8846008684
179583636.4376847446 85495.0548917835
182440584.7162679136 117354.1655824184
182859257.9087501168 119799.4820115566
179614005.1221283376 85504.4848995667
181615249.0495930314 110249.0363782048
177694892.7068305612 44188.1198979914
177671697.0642347336 44178.4296584427
182470630.6055981815 117748.4389207363
177655830.5231828094 42174.5421687877
181578711.7810295820 109455.0401197076
177585886.1620773971 38627.5972502446
182848337.4467001259 119753.9149855708
177586619.6193198860 40141.4003230846
177699305.3638851941 44247.1608222723
190036602.3306419253 155294.5635375977
179553471.4077688754 84667.9315950458
189816159.8409432173 154803.1589355469
189914300.6551933289 155005.9460449219
183244484.5159851909 122136.7072695838
183306902.5042462945 122563.7715517059
183387391.4517015815 123549.5433979854
183465711.5413401127 123990.8679725230
183370250.9540640116 122577.5566426143
183399532.5113461018 123825.1875630245
188335784.9530738592 147880.6803131104
177577530.5663347542 38359.0535142934
190554373.8356806636 156349.2862548828
182032924.3130628169 113722.3308705017
183295855.1052123904 122342.5793317184
190381467.4395224452 156016.1036376953
190433744.9853992462 156121.1148681641
190332899.4649407864 155996.2032470703
177614964.6567525864 40507.3152246177
177606673.9600008428 40401.9167955434
190400367.4702949524 156052.8820800781
177584616.9187973142 38364.5687137162
178239438.4841689169 56135.8983279159
190260264.1069083214 155721.7257690430
178365636.2082954049 56324.9890863737
188054216.7468670607 146309.8977813721
187993155.5003600121 146220.6411895752
188099606.5945014954 146680.8553009033
188212347.7969502807 147414.9404449463
187872453.9346852899 144937.3196525574
178250444.4260486960 56306.2120865425
183235426.1502100229 122007.6579228267
183075296.8756321669 120624.3462248966
178784822.7247999012 70395.3212620800
178784218.1702751815 70209.6792943066
183114496.3797281384 120840.6114292964
187646934.7109815180 143544.4877929688
187817542.1495637596 144059.0122146606
187822736.9951951206 144290.2239990234
187794879.6083879769 143667.3464050293
181113257.2476708889 101794.8072396419
181081888.0136585832 101086.0762837115
180989832.5982658267 99715.8147279226
180959228.4454144537 99304.4665689780
180949690.0931456983 99294.9351330898
180917313.8924201727 99215.0098970118
180838490.8079904318 98389.9459572933
180613688.7214048803 95832.9908757112
180704232.0574247241 96184.4081898830
180714884.0497516394 96448.8805800579
180758121.4336245060 97623.0858021877
180505039.4216995835 93687.4426677227
180586349.3260765374 95108.9396810532
180571188.9876509309 95106.8732843399
180593953.4868994355 95503.2039287090
180427875.2817742825 93376.4234476089
187377129.6352249086 138912.9567992687
187589866.5909525454 139020.0872870032
187061907.9071962237 137596.8828268591
186933099.4914428890 136981.0838315487
187111935.6829964519 137679.5471334998
187137507.2575719059 138044.9705954138
186973839.8538065851 137105.9609823767
186957721.8039868474 137082.8436728064
186956065.6613143682 137005.9153280798
187640464.3611979783 139260.1837298870
