177614972.8682342172 43986.9427970247
181589918.3255138993 109920.4122092873
190698416.6329913437 158274.6769714355
193001106.0077742934 161906.4114990234
177495137.8480728269 40153.6340285437
184543495.1520881057 132767.1112242341
189794369.1429486871 155625.9508438110
192146689.0191978216 161522.5966796875
184696354.4839898348 133120.6556273103
180446353.2044603229 94008.1990115173
191728716.3650716543 160682.6153564453
191765794.2696379423 160859.2940673828
178256557.2511834204 61844.0579612109
178323295.9676367939 62240.0933616015
178070939.3839629591 58327.5929953906
179791893.6252067089 91002.7364669867
179985681.1714134812 92357.9078585632
190083654.8462042809 156716.1793823242
179999543.0148683786 92438.2690798767
180295918.6945587993 93604.7920825012
185000108.5868446231 134807.8936457038
180053301.3082408905 93489.1234499939
177563619.6007778347 42112.8804368870
179864946.6235886216 92179.0010134705
179897841.9109989405 92202.4960505493
179723152.0158903003 88796.0535456665
192019488.5221080780 161173.0991210938
199549473.7211216688 164565.7045898438
177568653.5220442712 43951.8539104359
178300024.7955416143 62071.2267844531
178139925.6274828613 60367.8033225390
184364433.7809408307 131438.6471129060
177428935.4056092501 37715.7368558543
179620614.3974170983 88586.4279882439
182296124.2048334181 116922.5354372718
183665779.7102234960 127018.0699831247
184720458.1721536517 133700.0475035310
184831516.4100946188 133959.5350275636
178041430.1676944196 58147.3908984515
179525272.6708225608 87393.7609521874
182101526.8367799520 115351.2825090711
182119846.0649101734 115857.5101740286
192512569.6610838771 161821.0782470703
182739139.2154064476 119467.7258364417
190360512.0224284530 157553.2008972168
179646669.3885700107 88779.7012903221
179765340.1961962581 90482.1035596855
177427594.8544562459 36466.2217092710
178161884.0577764809 60504.0673782974
179386745.1607997417 85570.1081525274
179572055.4588148594 88538.8188821800
182080987.2729445696 115002.2489178777
185072975.6005890369 135171.6613267064
179236286.2886095047 83723.7770892715
189761497.8928071260 155223.1887817383
177522028.7442098856 42043.3776917430
179420070.7017154098 86544.9023782738
182470712.8152112067 118380.1372515982
184884057.3794527650 134216.3213101290
183774761.0465146303 127475.4349511564
177568007.6074696183 43880.1884975331
190031725.8108530045 156408.7764892578
199652518.4664437175 164567.7762451172
177538496.8638178706 42047.7086925404
179335196.2775865197 85067.6216375806
199778788.8749591708 164723.8347167969
179413182.2594879270 85831.5658695139
192350092.7093972564 161533.2977294922
200047077.7884717584 164767.7962646484
179522396.2508830428 87215.5746405103
183571385.5117189288 126189.9286595583
191542486.0084158778 160169.3651123047
183850108.5142004490 128217.4737695158
184378025.1483814120 131697.5247755647
182350175.0581116080 117808.7780955327
182389001.9831577539 118130.6224428870
191474024.8184595704 159961.7515258789
181975905.7249013186 114740.5205962807
191427650.4040103555 159803.2819213867
179104404.6152547002 81517.1068222111
179377279.7012377679 85560.5453436353
179466274.1928700209 86898.0165350415
183450935.2084103227 125598.4501839578
188036465.9594762325 148125.6570377350
190510483.8966960311 157848.5968627930
179361624.0277005434 85445.9345304944
179318893.9112859368 85035.1727850415
182339612.4158300161 117260.5743409470
191531398.4417147040 160153.8854980469
177993324.3647426665 56225.2774731563
182504493.0102288127 118728.6724530533
182338486.8136162162 117064.8923932388
184304711.6395546794 131312.5014753938
191550423.4048153162 160237.3972167969
183523403.8008275926 125983.0019067228
190562900.5503304601 157955.4372253418
192418653.1905119419 161736.2957763672
190054178.1536782980 156512.3455810547
183394167.1126306653 125253.2196420133
189995115.5102773905 156188.5394592285
192431700.2217565775 161787.9278564453
177503154.4741418660 41823.9095592396
182617017.8824841380 119358.3876843974
179110186.0687037706 81905.7375595158
183598081.3370857239 126881.0767968595
189948892.4116930962 156157.4692687988
177473222.4191378057 39992.7700899737
181490347.7712440491 109525.0399158150
182787973.7946178913 119942.2839920074
191144974.7139333487 159438.1657714844
181874000.4639332891 113274.8789942488
191567476.8085417151 160466.1859130859
177469800.9034806192 38242.9282506602
189821060.9714525342 155724.3065032959
182595550.6207943559 119245.5614191815
190059030.0348906517 156678.3614501953
191563391.7763627172 160463.5172119141
181583356.5517023802 109661.9343764931
181650094.5662807822 111554.2898986489
181698917.3421786427 112064.9459655434
177310609.4810258150 30059.4648207512
177461092.9561489820 38207.5955184670
188255716.4393921793 148860.3676700592
177434523.9762767851 37955.7609347003
179057618.6248502731 80492.0780576353
191390499.4282888174 159505.7757263184
179289693.9652513266 83976.6699410563
182387007.3456542492 118082.2609235123
184347064.9415245652 131332.7875590175
177904490.9863375127 54232.0461872176
188349767.5727926195 149408.4910678864
190053563.6018692255 156433.4805908203
178224003.6202273667 60652.2243607193
178197542.0665976703 60570.6296341568
179191194.4830673039 82643.2575847115
191464455.2010484934 159902.4124755859
177389978.3431152105 35972.6350802081
188238413.4622502625 148558.9872684479
177380969.7853943110 34101.6397732444
179258404.1596101224 83774.3847848063
177978918.3400979340 56141.5964648578
183677338.3952116966 127064.5971110165
188433067.5920679867 149987.7372379303
190456866.4296643734 157709.8871765137
179006072.0085023642 78648.5472603922
179036935.3317651749 80186.6295357828
183746218.0327478051 127192.5759818256
177331282.6963109970 30321.3891484824
181782553.5811045170 112957.5055968910
179147222.8545675278 82014.7065621500
179126520.4226478338 81943.5280953532
177353524.8847181499 33994.3633555071
177817603.4914194345 50364.6530978534
184268158.7647485137 130542.5049786195
184211042.5013089776 130374.7089377046
188421173.1918976009 149595.8884372711
183741579.7877331972 127081.4440953434
192085288.6749598980 161313.3547363281
183640541.8329793215 126981.2571252286
190722690.7336462736 158525.7738342285
190540653.0417116880 157896.3587036133
181811551.5104814768 113190.8486144692
188580047.4649223387 150537.0694332123
178106315.7932997048 59400.3264853405
188847474.6226373017 151413.4530944824
191271510.7897444367 159503.8585815430
189042289.2267049253 152005.2505645752
177839516.0024883747 50983.4031356800
179008288.3105121255 78715.7359740396
188551387.4003988206 150435.8725795746
188702908.2410229146 150961.8706417084
191053506.3392652869 159320.8797607422
177965709.2226141393 56114.2490527484
181892222.1475754082 113402.5585143715
185198375.4416310191 135264.2027065456
189087376.7897361219 152471.5140323639
178078662.4600065649 58504.2345315861
188912082.0169890225 151780.8718929291
177811984.9546293616 50231.5516576323
198591049.7512768805 163715.0252685547
178040641.1239885390 56974.2014196918
191666980.6082373261 160516.6159667969
177471790.4591279924 38608.1855171286
191667635.9350836873 160586.2935791016
198571800.3825200498 163663.5567626953
177916878.9549032748 54252.1097190234
189077373.2327372134 152107.0783233643
178048446.3965440094 58231.0719067501
178027745.6437156498 56427.7642640667
182179791.6473161578 115941.4988123700
188777797.3634274900 151328.8529720306
185403475.2207266688 136019.2763945758
191754516.1282665730 160694.3260498047
177979343.9545370638 56207.9357118206
191503743.3393914700 160144.9089355469
189059043.3191906512 152082.6427764893
182193655.2018574476 116299.2459241226
189152748.4865655601 152725.8687286377
189081792.1398425400 152158.1569061279
185379291.0410170555 135605.7126552761
189003909.5546187460 151988.0602264404
185509560.4032661319 136436.3384487331
182962240.7520770729 120723.9242324829
198442326.2275457978 163323.3535156250
181959970.2371948957 114274.1226012856
181763830.6099357605 112401.9228637367
189137003.5666314662 152705.6441192627
198954212.3988049030 164312.3167724609
177374006.0776504576 34030.1826009005
183046954.3967902958 121010.8866694085
182650575.0872492492 119412.8077565730
177338478.4939947426 32132.9475411624
177902449.3880687654 54081.1072070453
177872995.4777644873 52868.4090536640
189202004.9826851189 152855.6464385986
177888075.1271984577 52878.1878622578
177794841.5656659007 50051.7795665118
182787620.6541941464 119680.3834802993
189453117.3019743860 153510.5098152161
198635468.1163151264 164121.0723876953
185281434.5781217217 135440.5766912624
199509273.8012166321 164533.8638916016
177735652.3331280947 48256.3152684169
177947357.7730935812 54333.2843115882
177385009.5601659119 34150.3155831546
189388054.5160135329 153298.2751846313
177840288.4762045145 52025.0868136737
177768434.4008080363 48752.6535448730
198476897.2434194088 163335.4151611328
181265433.9665830135 105582.5748336911
198244091.4101049602 163312.3149414062
178907711.3607687056 76381.4861914774
177418599.3947213292 36087.2073134631
189599066.4894831479 154098.3888549805
181217241.9111928940 105334.5776675344
181128160.1117687225 104991.5029452443
178920687.9607443213 76830.6682974955
198943200.9212562740 164283.1541748047
177824895.9550801516 50783.2177223861
199451931.3909153640 164464.6210937500
199369297.7403872609 164453.8725585938
181187448.6183335185 105095.6695602536
178828317.4411076307 74035.5605399271
178981971.3404427767 78116.4228446146
181278946.2770759463 106767.0820663571
178800782.8884408772 73288.9620360262
199310332.7464345992 164384.5814208984
199267438.1859786808 164337.3890380859
177715910.8616029024 45279.4475291595
181336153.9484691024 107122.8005038574
181579092.7855747342 109603.7314613014
178829889.3832685947 74430.0324866434
198092750.8483332992 162575.4194335938
178887602.6059202552 76083.6903006693
177794617.4800379276 48888.8758430257
183742749.8962625265 127088.8405692279
181401168.3303462267 107668.8738430142
178853456.7005278170 75028.2298375925
178861516.7299352586 75042.3910924753
177701744.1114601493 44443.9172683060
177694892.7068305612 44188.1198979914
177671697.0642347336 44178.4296584427
177699305.3638851941 44247.1608222723
183244484.5159851909 122136.7072695838
183306902.5042462945 122563.7715517059
183387391.4517015815 123549.5433979854
183370250.9540640116 122577.5566426143
183295855.1052123904 122342.5793317184
187993155.5003600121 146220.6411895752
187872453.9346852899 144937.3196525574
183235426.1502100229 122007.6579228267
178784822.7247999012 70395.3212620800
178784218.1702751815 70209.6792943066
187646934.7109815180 143544.4877929688
187817542.1495637596 144059.0122146606
187822736.9951951206 144290.2239990234
187794879.6083879769 143667.3464050293
181113257.2476708889 101794.8072396419
181081888.0136585832 101086.0762837115
180989832.5982658267 99715.8147279226
180959228.4454144537 99304.4665689780
180949690.0931456983 99294.9351330898
180917313.8924201727 99215.0098970118
180838490.8079904318 98389.9459572933
180704232.0574247241 96184.4081898830
180714884.0497516394 96448.8805800579
180758121.4336245060 97623.0858021877
180586349.3260765374 95108.9396810532
180571188.9876509309 95106.8732843399
180593953.4868994355 95503.2039287090
187377129.6352249086 138912.9567992687
187589866.5909525454 139020.0872870032
187061907.9071962237 137596.8828268591
186933099.4914428890 136981.0838315487
187111935.6829964519 137679.5471334998
187137507.2575719059 138044.9705954138
186973839.8538065851 137105.9609823767
186957721.8039868474 137082.8436728064
186956065.6613143682 137005.9153280798
187640464.3611979783 139260.1837298870
