189630786.0124883950 149890.0065383911
190121650.5949905217 152045.8995666504
198887999.7198050618 160901.3645019531
199161162.1415112615 161114.3482666016
199460104.1870964468 161394.9520263672
178827864.9024220705 45729.7389579122
178762321.0694310367 44741.5999650066
178861886.7684499323 46663.5301407878
179318792.8452539444 73201.7827362269
179474609.6332551241 77117.6168736666
179349570.2109903693 75264.5352086276
179448274.0641106963 76284.6757115573
179624031.1464005709 78961.0214773864
179680192.7527403235 79796.2449845523
179995721.3576811850 84988.6101661175
181585387.8092157245 103192.7268473357
186180542.8502366841 134242.3540407047
186612552.0704430938 135509.9803677062
190212232.3428707421 152262.3133239746
191284825.7508644462 154241.8436584473
191712297.3796094358 154684.9105834961
191578043.9380465746 154562.0713195801
199258063.5163430572 161311.6018066406
198871605.2178987861 160851.0716552734
180083705.7148639262 85682.6775593162
179494273.9297319055 77242.5215367526
179581554.5793324709 77873.9050871581
179946466.5573589504 84825.1445899457
181652617.1980329156 103554.3326261044
181356608.3848533928 101032.8954176903
181952390.9627463818 104434.2321585467
181870926.8912284374 104313.9691722393
186051150.7758271098 133477.8894489566
186312039.0371842086 134677.6908054883
190419925.5028054118 152680.1423034668
191794794.7613934577 154722.3827514648
199502658.0160101652 161423.4272460938
181830782.3029021621 103882.6482313922
181492288.7604048848 102588.8675763607
181827711.3332157731 103560.0590033531
179586491.5381246209 78028.2257311717
179678226.4066505432 79786.5310223252
181397905.3300026059 101084.3976361752
181414075.0762975216 101991.8893964291
181211724.0355485082 99604.8834714890
181251847.0473062098 100201.7803151608
181402971.3766812086 101334.3196287155
178891330.4300595820 48522.1378830974
179048740.2272019386 57983.2510519987
179405644.8874956965 75984.9949864596
179499078.5765584707 77852.1844395846
180935826.4258191586 96412.6360708475
181280830.0865000188 100382.2038991451
181343820.9351302683 100464.3052508831
181140949.6490438879 98677.6893727779
186416444.5104459524 135166.8264370421
186355135.4387476742 135076.1773897037
190496996.9971987009 152901.6393127441
191653032.8169295192 154592.4344482422
199199901.2348369360 161182.5627441406
199412519.2149071097 161320.3768310547
191467612.8400632143 154561.7682189941
191962550.0682383478 154772.5394287109
178920121.4847930372 49087.2967988900
179687219.1843808591 80186.5276494920
180066978.8290074170 85339.8217424117
180020542.8184944689 85221.1920152158
180729228.9465377331 94103.4132496119
186292836.6075929403 134587.7259266907
190543787.4051086903 153066.1853332520
191350021.8714651465 154505.6766662598
179780581.5001497865 81848.9790359437
199225207.3309844732 161286.8696289062
178923998.8741146624 50745.9021000271
179097877.2462969422 58491.7940653837
179725630.0632877052 80343.1263614595
179789947.4757386744 82061.3937087953
181023413.5587283373 97000.2090679407
190098122.4870261252 151604.6236724854
198430197.3599745631 160211.7127685547
198885556.3148695230 160862.8786621094
178987627.3849281073 52838.0381860812
178935881.1537505388 50932.0797596578
191136129.3482281566 154150.7184143066
178980394.8195582628 52833.8664703448
179124946.4498647451 58971.6135878838
179004550.2329525352 56845.5242594755
180109437.2399913967 85782.0876554847
180992971.5076546073 96731.1097637415
186315395.6172766984 134703.7941790083
189428069.6419724524 149069.5855178833
190530272.6478366554 152999.2385559082
190689854.4443194270 153554.3661193848
190338798.1056181490 152647.1250915527
190673177.7007170320 153511.6548156738
179905339.3089115322 83526.1223572940
189580414.9808445275 149737.2597732544
190938011.0323163271 153836.3619689941
190970231.5930602551 153851.4361877441
190610376.8810249567 153430.6849670410
198767038.9528991580 160701.0004882812
178992886.3342441320 55019.7560163219
179930220.9831381738 83542.4181771725
180007100.8957293332 85089.5482469052
180067203.3691156209 85409.2990154028
180840750.4120180607 95222.5385967493
180917342.6444300413 96410.0811992884
185719598.4725725353 130158.9487820501
189737417.4380725622 150494.4218139648
189863839.7561163604 150943.8804626465
198872309.1277702451 160859.8380126953
198512841.2682526708 160316.4649658203
179876613.2871368229 83451.8885926455
189448579.7661969960 149238.0177688599
192300077.7984258831 155118.2510375977
192092524.3017037809 154961.4900512695
198933015.9947828650 161010.3358154297
198724957.4640797675 160627.5120849609
192461761.1440607309 155224.8975830078
192216987.1200259924 155090.0546264648
192067196.7475945354 154816.9888305664
179859691.3561467230 82889.2015771121
185789961.7274098396 131001.2319980497
189473827.8450517952 149426.9281425476
189818178.4984316528 150551.5372390747
189996571.0615873039 151441.3718566895
190032762.9482179582 151596.1388244629
190281123.4281027019 152314.1719055176
198595121.7974471748 160504.0546875000
198338542.7808155715 159539.3469238281
179255191.9935898781 59921.6335410154
179270714.2153801918 60492.7393113649
179213520.0830436945 59587.5541941202
180208218.5526635945 87098.5610742569
185925854.1989153028 132394.3739047879
189487056.9642340243 149498.5733718872
180348550.8147048056 88571.3006014824
180397406.8889470994 88807.6741619008
185921166.2436993718 132359.3442111844
186150231.0049998760 133984.8031406933
189404502.2854171693 148062.4343032837
180408186.8421835601 88867.8818035023
180144210.8728497326 87002.5449609756
180813950.7662829757 94949.1738942862
180792396.7726361156 94599.3473259211
180988254.8635821342 96517.2492529154
186471580.8365877271 135306.6012421474
186111738.5759068727 133584.8103428418
189417704.7473332882 148755.1657791138
189591652.2899432480 149793.5799026489
189637013.7783209980 150244.7710037231
198867999.6921665967 160833.6650390625
198228750.5272028744 159412.3020019531
180679107.4181630611 93304.5126758814
181128983.5738445520 97896.0426765680
180997035.1245578527 96784.9424568415
180889219.4124587476 95603.2045763731
180752434.7126203179 94598.4687916040
180669366.7191532850 92607.9973009825
180522516.4851702452 90482.4327596426
180699793.1498640180 93878.6601427794
180691891.2536613941 93677.7697619200
185799292.0746804178 131643.3757040286
189975628.0268594027 151143.0691833496
180667951.6099525094 92149.8559336662
180610432.6963157654 91932.7457293272
180458315.9404252768 90213.5511378050
180469916.7745431662 90465.0246485472
185752669.3734304607 130986.5367160672
198637738.0992928445 160591.8776855469
198378483.7965583503 159802.1112060547
180305490.9753924012 87253.5238932371
180315467.9606820345 88450.9984911680
185931937.2186762094 132678.4289279813
186017571.2641157210 133170.4664646024
186394373.8925807476 135087.8821011046
190331843.7581755221 152358.1958312988
182632495.0687159896 106639.1292830865
182635579.3555840254 106949.4122654359
182534914.1305778623 106013.3630420129
185987158.1105397642 132801.9547844464
186140017.7025917172 133982.7090244824
185879160.6705690622 131697.1035877541
186666569.8707065582 135788.3606370986
182735143.7691839337 107315.6330040853
182403000.6088314056 105301.1942244928
182840994.6511374712 107481.4911085387
182901637.6282180548 107896.1016696851
182598738.9071457982 106437.6506570737
182631276.4737356305 106483.9671482007
187253636.8450389206 138519.0067380914
187009930.9298389256 137156.1872091834
182889625.3048763871 107792.8194213669
187010950.9224735796 137192.1627646033
182682929.0403018594 107072.0386146466
183185442.4870002270 108074.9047292630
186593677.6299088001 135340.6367445532
187377129.6352249086 138912.9567992687
187589866.5909525454 139020.0872870032
186778907.4824379086 136222.6809141636
187061907.9071962237 137596.8828268591
182572563.3845201135 106405.9783786695
186933099.4914428890 136981.0838315487
197610720.4326803386 158389.3626708984
197774953.3943012357 158948.2322998047
198054449.9618856609 159337.7812500000
197385072.4537733793 157640.6912536621
187111935.6829964519 137679.5471334998
197805366.8941311240 159110.7698974609
182589601.6688790619 106430.9167617719
187137507.2575719059 138044.9705954138
198082952.1217347383 159357.5618896484
182627773.1305200756 106443.3453658979
186858038.8431765139 136335.1295989100
186757014.2680827975 136028.7924253941
186973839.8538065851 137105.9609823767
186902958.1018870175 136494.5626974646
186957721.8039868474 137082.8436728064
186956065.6613143682 137005.9153280798
197643315.5257045329 158658.5009765625
186722308.7760827243 135800.1533957068
182483156.3343880475 105406.7898239057
182460083.4088613093 105333.5632614057
186927554.0451925993 136658.5324285030
188027485.9778922200 139703.4487140179
188110257.1084417403 140089.3155250549
187640464.3611979783 139260.1837298870
188602263.9606309831 140814.5159587860
188326291.2886715531 140656.8019962311
187937791.9695542455 139284.9013309479
188189306.2167077065 140414.3534717560
188084605.0951298475 139771.0983371735
187958702.7071126699 139667.1243534088
197396188.7943007946 157690.2700805664
188661197.3478463590 140936.9921519756
189383778.4891470671 143633.9484176636
197231993.6777267456 157190.8658752441
197354652.2975054383 157574.9575805664
197527551.6394383311 158252.0235595703
197516585.6687856317 157833.6250000000
197522600.6652600169 157911.8193664551
197155545.3142535686 157114.0175170898
189140128.0973159373 142575.7496757507
189259073.0448423028 143613.1062431335
196213155.5930593312 155987.1438598633
196567014.9002651274 156517.9489135742
196097000.2558198571 155541.3966674805
195867601.1523689628 155332.2914428711
196381870.7105544806 156187.9197998047
196468230.8656952977 156333.7168579102
196991258.5634033978 156687.7640991211
196437036.2679967582 156266.2296142578
196307291.7827151418 156159.8318481445
196790797.7719435990 156523.1978149414
196440117.1277178526 156299.8687133789
196553570.6086939871 156486.5061645508
189383386.0481392145 143619.0915756226
196114300.2757214606 155783.1110839844
196061245.5969236493 155442.4682006836
189198754.2822714448 142824.0319976807
189041000.4847135544 142264.5119552612
189064786.3434308767 142553.0851364136
188753455.7575071454 141085.6233444214
188894831.7245743275 142143.2226791382
188852918.6424938142 141250.9556045532
185249717.6705986857 120985.6191650666
185179746.5221326351 120514.8189255036
185700056.6806867719 125730.2437412143
184920588.9537342489 118649.1927362904
185648794.6065916419 125653.8631268023
185148919.9196807146 120331.8312622346
184849189.8575861156 117787.6187073030
185020136.6192677021 119527.3804031648
185111776.7184104323 119798.4095398225
184970179.3365460038 119377.6355224885
184774243.8816591501 115801.4477601836
184801305.9800686836 116357.6541947760
185125658.1454041898 119978.3869752325
185618095.5158965290 123474.1842217445
185458719.3258510828 121395.3197831549
185371997.5217807293 121317.6798905768
185582228.0269057155 122978.5563745499
185575788.1501186490 121937.8090944290
185514713.4735620022 121436.3730983734
185547881.4042734504 121577.2624645233
