179163045.1798558235 82694.8106796329
181950618.5277307630 113586.8467838698
182063287.2478718758 115465.5813267165
182186864.5912601948 115906.0831115395
186106848.7118840218 139314.6817357466
189162914.3885716200 154241.2467288971
189556834.8919231296 155926.9310607910
199500854.0292337537 164661.0626220703
199200986.7911520898 164416.0061035156
185741961.9811666012 138749.7004504427
185717083.0729147792 138131.8734894022
189043539.3590487838 153087.6337051392
189637757.0540836751 156195.1652526855
199501091.2101062238 164663.5152587891
189165680.8211168647 154398.6575622559
199553439.7214819789 164741.2266845703
189209022.0954258144 154477.2079162598
189468045.5084955096 155319.8757934570
193153212.9433948994 162144.3004150391
179315959.3214902878 84330.6439564488
184245428.8013593554 131023.9023619294
185806681.5158594549 138767.1836848482
177695533.6992185712 48242.9603703246
178312455.1414014995 63636.8683168993
179728756.7039486170 90249.1451752313
185886069.1083683372 139265.5385020003
192064407.9313579500 161467.2916259766
199340078.9459471405 164535.5515136719
199672097.5740856528 164961.8830566406
199431030.3277970254 164657.7593994141
189089907.5797066689 154149.6569976807
189087700.2983224690 153945.7578125000
189334883.8468722105 155277.2853698730
190951924.3310459852 159260.0039672852
179090993.8049855828 80411.8218795841
179711060.7229594588 90150.6711351402
191365214.7526427507 160148.2187500000
192384081.3178567588 161809.8450927734
192135514.5565871298 161568.9102783203
177411451.9089071155 36092.9466163963
179285785.3337233067 83996.8806344157
182248244.0727204084 117074.2096984535
184081459.6366237402 129662.7341452241
185825410.8285527825 139250.8009905815
189086046.5015336871 153587.2116394043
183273032.0330088735 124219.4871972501
183483624.5608084798 126334.5920207202
183327693.6307539344 125065.2501901090
177345633.4492531419 32616.9835502654
179752946.2932243943 90590.1440774925
189234460.5268328190 154605.3675231934
183284009.1734191775 124987.8524850309
178132750.9520606399 60494.8927261087
189302393.6749253273 154634.4150085449
177681782.7195791006 48015.2276841328
178103445.5058725774 58612.7562479870
183233544.7871417999 124170.1061318815
190953975.0136000514 159343.5097656250
185352288.2995848060 137194.7759911940
180060739.5481936932 94139.0742556580
179995137.4315370321 93434.8911501892
191914814.7029539943 161146.6302490234
192850411.7603868246 162026.4490966797
181969655.0715408325 114973.0353305489
191293800.3184145689 159916.4833068848
182049240.1854599714 115275.7544479631
179202408.1976740360 82778.9871035516
179097507.5651313663 81902.5955917423
182476311.2350820899 118226.6837781072
191069987.6107211709 159558.8693847656
177396905.0258212090 35980.3915320486
177622410.1492433250 45987.7794418260
178347496.8929468691 65096.6134937958
181952642.6754071712 114620.8939640456
191406726.9945704937 160346.4737548828
177367589.4301343262 34217.4712756891
177687910.7262688279 48024.9950181171
177653022.3118039966 46198.3666996881
179256362.5456180573 83774.7866402750
192632045.6796855927 161997.9914550781
178413983.9026040137 66811.3927309618
182489095.1668928862 118289.1416351199
177668275.4819025397 46293.3650903450
191327934.1728881598 160013.8137207031
177426093.6054450274 37977.5931516737
181973466.2708144188 115159.7994205885
184374691.3485375643 131798.4656553864
184894402.9946088195 134762.9170229584
193152891.0733752251 162101.3803710938
177569638.4683567882 44285.6260067495
183420245.8640363216 125774.9469064176
182451412.3452517390 118171.9429995277
179934952.8140046299 92929.9115359314
184290345.5058526993 131456.3820982575
177321109.0688422620 32059.2878368285
177999501.4985580444 56452.8380837592
178395268.6214270294 65141.4112475024
178500085.9108074605 67119.7558362589
192285534.1629786193 161668.5437011719
190092831.3041271269 157123.3310852051
192176594.0817978084 161584.1160888672
177713392.3126828671 48909.3130914941
179214053.7112699449 83592.9036972111
179662798.1575487852 89110.6482889183
181798911.0675525665 113308.1891910963
181862654.8496874571 113560.4775173813
177670358.6722244024 46325.8633372560
183753281.5366498828 127441.7757714689
178025388.1589424312 56930.3410403582
191670554.7463658154 160720.3822021484
177327374.8859151006 32135.3330935028
182784409.9149536192 119973.4460325361
177994773.0939656198 56413.2614357400
178439645.8550789654 67025.8189530224
190083321.8548707664 157014.7023620605
181501440.7378210425 110118.4867985182
183636852.5803883672 126963.3390191495
181442516.2091766596 108990.7945988112
183674089.4876065850 127102.4237080812
192294346.3613893986 161684.6536865234
177603716.2060153186 45977.7315903828
191497326.6628655791 160533.0393066406
177990888.5009947717 56386.7066943499
180046923.4377927184 93966.1496951111
183790275.0298487544 127963.2620080411
189889958.2559734881 156621.0807495117
180037046.7853876352 93963.7905447014
183594627.1747238636 126883.8741601408
185017919.0829305649 135457.5637882352
180012747.2812598348 93807.7137820252
193150997.5277547836 162090.2973632812
177584320.6492264867 44790.0264669135
191603565.5189248323 160623.8144531250
182659980.4476973414 119812.0033724242
190056624.6725997031 156994.9806213379
182695002.2768020928 119845.1608465806
191471812.8607924581 160501.8916015625
177309404.5787810385 29911.0393608895
181461737.9436122179 109839.0444157057
190022947.3773914874 156831.3074035645
178328932.6683534086 65021.7087099658
181593930.0269632339 111284.8468549185
184416328.0507723689 131905.5883665681
184964083.3041471243 135414.1830509305
185432954.6512388587 137414.1547377259
177552029.0667011142 44067.8855080577
178159378.2097230852 60647.6152694079
178262923.3299356401 62539.5089217576
184605699.0680037141 133152.0179519933
177529614.6797852218 42202.7764812307
178260136.4931192696 62470.5944237861
190909822.3433821201 159150.3047485352
177507029.0435518920 42056.1163665252
177349309.6848104596 34022.0498859391
178289043.8566587269 63248.1100771533
178047667.6617580354 58442.7270877215
185097330.7802061439 135875.5899568200
181533874.7868952751 110423.7801945143
177982108.6064164937 56374.1500286016
180475461.7733606100 94372.6141798623
179612193.4747543931 88643.3305017089
180081242.3485717773 94188.8168870785
190785700.6573604941 158731.4452819824
182601409.2613715529 119425.8487612464
185033092.2385458648 135542.2986757904
177970074.4023232758 56346.8026164922
179637206.9878264666 88699.7292544820
181613571.3847913146 111555.4838688307
178317850.1543727815 64143.3324186656
178316936.5076794922 64094.6715867417
185408513.9341727495 137363.1702947617
177452139.2549794614 38028.6751269000
185329383.3593210280 137068.8038027436
178215906.4414771497 62405.5953322801
185038816.9130495191 135828.1980898529
184786040.3353288174 134006.1190367341
180309941.6024242043 94331.9200880654
191119259.9974489212 159649.7695312500
192578431.3170841932 161928.4873046875
180091930.2646134496 94200.0459353455
177545182.0028323233 42231.0802977355
190639582.8309780359 158347.5390930176
180116968.9991000295 94237.1668846160
177495137.8480728269 40153.6340285437
184543495.1520881057 132767.1112242341
191765794.2696379423 160859.2940673828
179791893.6252067089 91002.7364669867
179864946.6235886216 92179.0010134705
179897841.9109989405 92202.4960505493
183665779.7102234960 127018.0699831247
184720458.1721536517 133700.0475035310
178041430.1676944196 58147.3908984515
179525272.6708225608 87393.7609521874
182119846.0649101734 115857.5101740286
190360512.0224284530 157553.2008972168
179646669.3885700107 88779.7012903221
179386745.1607997417 85570.1081525274
179572055.4588148594 88538.8188821800
179420070.7017154098 86544.9023782738
179335196.2775865197 85067.6216375806
179413182.2594879270 85831.5658695139
179522396.2508830428 87215.5746405103
183850108.5142004490 128217.4737695158
182350175.0581116080 117808.7780955327
182389001.9831577539 118130.6224428870
179377279.7012377679 85560.5453436353
188036465.9594762325 148125.6570377350
190510483.8966960311 157848.5968627930
179361624.0277005434 85445.9345304944
179318893.9112859368 85035.1727850415
182339612.4158300161 117260.5743409470
182504493.0102288127 118728.6724530533
177503154.4741418660 41823.9095592396
179110186.0687037706 81905.7375595158
177473222.4191378057 39992.7700899737
182595550.6207943559 119245.5614191815
181698917.3421786427 112064.9459655434
177310609.4810258150 30059.4648207512
177461092.9561489820 38207.5955184670
182387007.3456542492 118082.2609235123
177904490.9863375127 54232.0461872176
177389978.3431152105 35972.6350802081
188238413.4622502625 148558.9872684479
188433067.5920679867 149987.7372379303
190456866.4296643734 157709.8871765137
179006072.0085023642 78648.5472603922
179036935.3317651749 80186.6295357828
181782553.5811045170 112957.5055968910
188421173.1918976009 149595.8884372711
183640541.8329793215 126981.2571252286
190722690.7336462736 158525.7738342285
178106315.7932997048 59400.3264853405
177839516.0024883747 50983.4031356800
179008288.3105121255 78715.7359740396
188551387.4003988206 150435.8725795746
188702908.2410229146 150961.8706417084
177965709.2226141393 56114.2490527484
178078662.4600065649 58504.2345315861
188912082.0169890225 151780.8718929291
177811984.9546293616 50231.5516576323
198591049.7512768805 163715.0252685547
178040641.1239885390 56974.2014196918
177471790.4591279924 38608.1855171286
198571800.3825200498 163663.5567626953
177916878.9549032748 54252.1097190234
188777797.3634274900 151328.8529720306
189003909.5546187460 151988.0602264404
182962240.7520770729 120723.9242324829
198442326.2275457978 163323.3535156250
181763830.6099357605 112401.9228637367
198954212.3988049030 164312.3167724609
183046954.3967902958 121010.8866694085
177902449.3880687654 54081.1072070453
177872995.4777644873 52868.4090536640
177888075.1271984577 52878.1878622578
177794841.5656659007 50051.7795665118
198635468.1163151264 164121.0723876953
177840288.4762045145 52025.0868136737
198476897.2434194088 163335.4151611328
181265433.9665830135 105582.5748336911
198244091.4101049602 163312.3149414062
178907711.3607687056 76381.4861914774
181217241.9111928940 105334.5776675344
181128160.1117687225 104991.5029452443
178920687.9607443213 76830.6682974955
198943200.9212562740 164283.1541748047
177824895.9550801516 50783.2177223861
181187448.6183335185 105095.6695602536
178828317.4411076307 74035.5605399271
178981971.3404427767 78116.4228446146
181278946.2770759463 106767.0820663571
178800782.8884408772 73288.9620360262
181336153.9484691024 107122.8005038574
178829889.3832685947 74430.0324866434
198092750.8483332992 162575.4194335938
178887602.6059202552 76083.6903006693
181401168.3303462267 107668.8738430142
178853456.7005278170 75028.2298375925
178861516.7299352586 75042.3910924753
187993155.5003600121 146220.6411895752
187872453.9346852899 144937.3196525574
178784822.7247999012 70395.3212620800
178784218.1702751815 70209.6792943066
187646934.7109815180 143544.4877929688
187817542.1495637596 144059.0122146606
187822736.9951951206 144290.2239990234
187794879.6083879769 143667.3464050293
181113257.2476708889 101794.8072396419
181081888.0136585832 101086.0762837115
180989832.5982658267 99715.8147279226
180959228.4454144537 99304.4665689780
180949690.0931456983 99294.9351330898
180917313.8924201727 99215.0098970118
180838490.8079904318 98389.9459572933
180704232.0574247241 96184.4081898830
180714884.0497516394 96448.8805800579
180758121.4336245060 97623.0858021877
180586349.3260765374 95108.9396810532
180571188.9876509309 95106.8732843399
180593953.4868994355 95503.2039287090
