190247957.9940144420 157123.9650878906
179272434.0630203485 83603.8676949625
179147222.8545675278 82014.7065621500
179350696.3847493529 83729.8419827705
179267940.6609323025 83562.6837350016
179126520.4226478338 81943.5280953532
179438912.9448297620 84817.4544688838
181641651.4771124125 109806.6477782875
181919972.7927246094 113656.5676123947
189949599.6829208136 155797.3010864258
191342768.9229955673 159847.1413574219
179093755.5376359224 80323.1222030704
179635770.7385791540 87121.6277562755
182313582.9265711606 116313.6114925601
190147596.4906928539 156653.3703613281
190415134.0375751853 157287.2610473633
189878237.9235993028 155491.2769927979
192010463.7719454169 161115.2695312500
177409729.9859431684 35839.7889455454
183627077.2196930647 126297.4030602872
183582367.1797826290 125875.1776956022
190125442.3265293837 156051.6433715820
190895846.0879373550 158995.3783264160
177321934.3566328287 30055.6237981406
199854762.7283841968 164600.8183593750
177512805.6642955840 38907.9840497547
178987206.5563543439 78246.2735955303
179429856.6518821120 84298.1276084539
184914307.5004973412 133427.1495571993
200053070.9225048423 164694.0382080078
177353524.8847181499 33994.3633555071
177817603.4914194345 50364.6530978534
190126341.8241881132 156248.8957519531
192281063.2270577550 161372.9071044922
184011201.0957105160 128544.8643520772
183781435.1849559546 127297.2062219083
192449250.0906914473 161389.9265136719
183767308.0441055894 127111.7119897306
190061178.9698036313 156015.3896560669
183706125.6354832053 127035.9258907139
183804922.5753448606 128111.8973535001
190421997.9028639793 157402.7332763672
179550252.8556004167 85440.8373977917
181651340.9890230894 109856.0854919106
184268158.7647485137 130542.5049786195
184211042.5013089776 130374.7089377046
188421173.1918976009 149595.8884372711
200062932.3391147852 164732.2655029297
179605514.4205938578 86518.9255630749
179630406.0626967549 86601.5988040566
183762989.0140805244 127095.6374690235
190486680.6091245413 157441.7897338867
190599386.6581972837 158092.1691284180
177574983.1943787634 40866.5336301886
190527419.7534705997 157722.1090545654
191802952.5418958068 160836.3109130859
179241497.9932793379 82041.7850448673
179555736.1286495924 85460.8125211971
183741579.7877331972 127081.4440953434
192085288.6749598980 161313.3547363281
178401454.0447440445 61124.2607238889
179557986.6155416369 85528.6485073324
183544754.7892176509 125449.8858636320
177514056.8488029242 39904.2660363764
183640541.8329793215 126981.2571252286
184667038.8066780567 132874.9180268198
190489963.7655481100 157654.7140808105
190722690.7336462736 158525.7738342285
191799621.9739744663 160796.2526855469
184513298.5286607742 132413.8570738435
184356784.6019729376 131288.3469769359
182044804.2888587117 114914.9888440445
182126317.6510059237 115585.9587701038
184383264.5047335625 131664.2625876069
190540653.0417116880 157896.3587036133
181811551.5104814768 113190.8486144692
188580047.4649223387 150537.0694332123
190824855.1829139590 158873.8946838379
179451128.6979510784 85183.4046890514
181701092.3756112456 111771.2468536049
188461408.2482599914 149791.5920162201
178179253.9042616785 60264.2137524532
178184570.3828127682 60279.1466137813
188495450.1138089597 149944.6405239105
178106315.7932997048 59400.3264853405
179491179.3429663181 85276.5171601551
184337807.1481195092 131204.9320914447
191874512.5201663971 160954.3829345703
178150853.5304803550 59980.5549389767
188370592.8888376653 149266.1864681244
177511243.0683277249 38624.5744331442
181654083.9481807351 111448.9726379067
188847474.6226373017 151413.4530944824
191271510.7897444367 159503.8585815430
189042289.2267049253 152005.2505645752
177839516.0024883747 50983.4031356800
178244779.0817750990 60540.3345902115
179008288.3105121255 78715.7359740396
188373100.3464878500 149349.6906127930
188551387.4003988206 150435.8725795746
188702908.2410229146 150961.8706417084
188300219.1769893467 148473.6165218353
191166609.6762363911 159350.7113037109
191973933.3049294353 161061.6114501953
191053506.3392652869 159320.8797607422
177965709.2226141393 56114.2490527484
181892222.1475754082 113402.5585143715
199968610.4852266908 164661.9797363281
185158967.7610537410 134782.1214077175
185126377.0476396084 134741.9501735866
178131681.1436145604 59459.0378023731
185198375.4416310191 135264.2027065456
189087376.7897361219 152471.5140323639
178072791.9115444124 58240.3499829220
178078662.4600065649 58504.2345315861
188912082.0169890225 151780.8718929291
181788165.2468674183 112957.5055968910
182094934.5046944022 115084.1767717459
177530182.7892594337 40645.1612251364
177811984.9546293616 50231.5516576323
198591049.7512768805 163715.0252685547
178040641.1239885390 56974.2014196918
191666980.6082373261 160516.6159667969
177471790.4591279924 38608.1855171286
182440128.6257431507 117672.8441388160
191667635.9350836873 160586.2935791016
198571800.3825200498 163663.5567626953
177916878.9549032748 54252.1097190234
189077373.2327372134 152107.0783233643
178048446.3965440094 58231.0719067501
178027745.6437156498 56427.7642640667
182419297.8840215206 117579.5718828961
182315819.2458311319 116638.6159502789
182179791.6473161578 115941.4988123700
188777797.3634274900 151328.8529720306
182161769.6978481412 115813.9856706717
182370014.9882500768 117551.2664319351
185403475.2207266688 136019.2763945758
191754516.1282665730 160694.3260498047
177979343.9545370638 56207.9357118206
191503743.3393914700 160144.9089355469
189059043.3191906512 152082.6427764893
182347364.9052777290 116692.3346082047
181993858.0868800282 114385.9641444013
185117458.3688880205 134596.8715908229
182193655.2018574476 116299.2459241226
189152748.4865655601 152725.8687286377
189081792.1398425400 152158.1569061279
179061439.2238829136 79889.3010375162
185379291.0410170555 135605.7126552761
189003909.5546187460 151988.0602264404
182583124.0415632427 118699.2819387019
191795114.1109524369 160714.9334716797
185509560.4032661319 136436.3384487331
182962240.7520770729 120723.9242324829
185170705.1143265963 135142.3449489772
198442326.2275457978 163323.3535156250
181959970.2371948957 114274.1226012856
181763830.6099357605 112401.9228637367
182841461.0108148754 119842.7089406550
189137003.5666314662 152705.6441192627
179243920.8244804144 82065.3264727851
183502514.3304013014 125367.9940583408
198954212.3988049030 164312.3167724609
177374006.0776504576 34030.1826009005
183046954.3967902958 121010.8866694085
182650575.0872492492 119412.8077565730
177456910.4561823905 37864.0299523920
185112500.7430728674 134592.9895412624
177338478.4939947426 32132.9475411624
177902449.3880687654 54081.1072070453
177872995.4777644873 52868.4090536640
189202004.9826851189 152855.6464385986
191637297.7484323680 160369.0063476562
179806918.0995695591 89001.8729274159
185073254.5695248842 134467.0976345241
191555598.8943765759 160198.8808593750
177888075.1271984577 52878.1878622578
177794841.5656659007 50051.7795665118
182787620.6541941464 119680.3834802993
189453117.3019743860 153510.5098152161
198635468.1163151264 164121.0723876953
182819022.0459065735 119706.1750508845
185281434.5781217217 135440.5766912624
199509273.8012166321 164533.8638916016
177735652.3331280947 48256.3152684169
177947357.7730935812 54333.2843115882
177456542.3769910038 36435.6898972639
177444938.3034434617 36374.6546593159
177385009.5601659119 34150.3155831546
189388054.5160135329 153298.2751846313
180186384.9868662357 93149.3380703926
177840288.4762045145 52025.0868136737
177768434.4008080363 48752.6535448730
182629142.2184329927 118713.6386756562
198476897.2434194088 163335.4151611328
199558421.6417286098 164554.6391601562
181265433.9665830135 105582.5748336911
181349634.5335462689 107268.1643417478
198244091.4101049602 163312.3149414062
178907711.3607687056 76381.4861914774
185026857.1356879473 134239.7300859150
177418599.3947213292 36087.2073134631
189599066.4894831479 154098.3888549805
177429596.9063665867 36266.1171853682
179864053.4772776365 89368.8764249866
181217241.9111928940 105334.5776675344
181128160.1117687225 104991.5029452443
178920687.9607443213 76830.6682974955
185073888.1829085946 134554.9190178968
180056969.2659065127 91568.4713129585
198943200.9212562740 164283.1541748047
177824895.9550801516 50783.2177223861
199451931.3909153640 164464.6210937500
181561014.2885022163 109327.2386672646
199369297.7403872609 164453.8725585938
181187448.6183335185 105095.6695602536
182648171.9600166380 119088.4925248623
178828317.4411076307 74035.5605399271
180137565.5922736526 92754.8524089565
178981971.3404427767 78116.4228446146
181278946.2770759463 106767.0820663571
178800782.8884408772 73288.9620360262
199310332.7464345992 164384.5814208984
199267438.1859786808 164337.3890380859
177715910.8616029024 45279.4475291595
181336153.9484691024 107122.8005038574
181579092.7855747342 109603.7314613014
178829889.3832685947 74430.0324866434
198092750.8483332992 162575.4194335938
178887602.6059202552 76083.6903006693
177398568.7482320666 34390.0744479960
179964329.7886396646 91055.8540861194
177794617.4800379276 48888.8758430257
183742749.8962625265 127088.8405692279
180123583.3391827941 92614.6159893160
181401168.3303462267 107668.8738430142
178853456.7005278170 75028.2298375925
179996502.3276724219 91359.7815544491
179990317.3025892973 91358.6953947132
181526326.4791177511 108988.5173900723
181558489.1067740619 109170.0962079167
181544988.5954436064 109131.2237303257
178861516.7299352586 75042.3910924753
179931829.4170297384 89806.5137816370
177660992.5298441648 42478.3378888369
177701744.1114601493 44443.9172683060
179724483.9492563605 87303.2491056507
179797043.5577996075 87317.3524992054
177694892.7068305612 44188.1198979914
177671697.0642347336 44178.4296584427
182470630.6055981815 117748.4389207363
177655830.5231828094 42174.5421687877
177699305.3638851941 44247.1608222723
189816159.8409432173 154803.1589355469
183244484.5159851909 122136.7072695838
183306902.5042462945 122563.7715517059
183387391.4517015815 123549.5433979854
183465711.5413401127 123990.8679725230
183370250.9540640116 122577.5566426143
183399532.5113461018 123825.1875630245
183295855.1052123904 122342.5793317184
188054216.7468670607 146309.8977813721
187993155.5003600121 146220.6411895752
188099606.5945014954 146680.8553009033
188212347.7969502807 147414.9404449463
187872453.9346852899 144937.3196525574
183235426.1502100229 122007.6579228267
178784822.7247999012 70395.3212620800
178784218.1702751815 70209.6792943066
187646934.7109815180 143544.4877929688
187817542.1495637596 144059.0122146606
187822736.9951951206 144290.2239990234
187794879.6083879769 143667.3464050293
181113257.2476708889 101794.8072396419
181081888.0136585832 101086.0762837115
180989832.5982658267 99715.8147279226
180959228.4454144537 99304.4665689780
180949690.0931456983 99294.9351330898
180917313.8924201727 99215.0098970118
180838490.8079904318 98389.9459572933
180704232.0574247241 96184.4081898830
180714884.0497516394 96448.8805800579
180758121.4336245060 97623.0858021877
180505039.4216995835 93687.4426677227
180586349.3260765374 95108.9396810532
180571188.9876509309 95106.8732843399
180593953.4868994355 95503.2039287090
180427875.2817742825 93376.4234476089
187377129.6352249086 138912.9567992687
187589866.5909525454 139020.0872870032
187061907.9071962237 137596.8828268591
186933099.4914428890 136981.0838315487
187111935.6829964519 137679.5471334998
187137507.2575719059 138044.9705954138
186973839.8538065851 137105.9609823767
186957721.8039868474 137082.8436728064
186956065.6613143682 137005.9153280798
187640464.3611979783 139260.1837298870
