178307303.9673569798 64612.8915252136
179682042.9572114646 89071.5805485583
180225384.0128319860 95736.2515017517
192120507.8852761090 161487.3931884766
177325285.2027264237 33913.5425598715
177603508.3759053349 46101.0273537608
181642529.3430508971 111987.2319004469
184098623.4242915511 130059.0793953873
177634460.4713282883 46291.2737150714
184003388.3022014499 129942.6804345585
189147043.3618715703 154342.5414199829
190016719.0581839681 156906.2593078613
190010846.9217839837 156845.2294616699
191277536.7404486537 160091.3153076172
177302251.6578390002 27095.9984210592
189418901.6402738392 155468.8147888184
178209900.9027441740 62579.7496795105
179462522.3098943532 87516.1239812634
182041381.9865097106 115909.5008823805
177699004.2293974459 48250.7101273388
180152350.4785847664 95261.3202273377
178195416.7283851504 61159.3366546081
190488091.2786098719 158040.5160064697
177656914.1295612454 48136.5672864765
179545600.7381485105 87730.3918111584
179416548.1351808906 85916.9354115836
181684931.2393332422 112015.0839207106
182008900.4421657324 115508.9941620976
182161271.2538508773 116904.3054413944
179382985.6138982773 85908.4774625561
180036742.1695943475 94201.7979772665
185327668.4497244954 137144.0047776140
178130202.0543122292 60673.9702605652
180156499.0707945228 95719.4786746033
180261322.9955712557 95749.9973513611
179381539.2939719856 85746.8640935681
184975263.6561788321 135666.6520717526
182251463.9080647230 117381.0689732217
184141828.4683041573 131017.3590997197
183702108.1981893778 128231.9388268925
183917754.3876650929 129854.6871026494
177731454.6090326309 50020.0439988151
177746615.8131602108 50236.7292072996
183655424.7558833957 127505.0814894177
179145786.5665435791 82142.9204184671
182204345.9137908816 117108.7176029616
179276152.8573863506 84345.5485965571
180273661.7283752561 95875.3699099548
183712745.0046261549 128502.9470900036
184513588.9310440421 132406.0593138337
192984757.6506786346 162172.6716308594
188963758.9213837385 153569.6572952271
177389814.6151225269 36183.0487328619
180002603.1360098720 94016.1980349548
183683690.2367606759 127780.7216185071
182207058.1823522449 117312.9909641676
185563550.4169170856 138219.0681029558
191875568.1672194898 161018.2540283203
188615556.0319803357 151817.2196846008
178071506.6702705026 58686.3261451575
185360844.6745736599 137731.3808762468
185901387.9634460807 139671.5184109136
182820155.0760238171 121394.4243390113
185660864.6492853761 139122.2953884527
183655323.4169827104 127144.0413816907
185956927.5051875710 140131.5129678249
181792612.1333498955 113756.9558079176
191459970.8782020807 160361.4846191406
199547830.1109017432 164906.9434814453
189342493.8019123673 155302.6786193848
179557709.8989996612 87848.1686917803
181855672.4010078907 114245.4797947340
185484076.4375174046 138091.0756006241
181967228.3980445266 115487.2930881911
189936794.8929015398 156841.9040832520
177313906.9534738660 30118.7217636046
182899187.3408520222 121433.5318772839
186250859.7646693587 140349.0381250978
188681343.2787485719 152222.2398300171
188726229.0767052770 152499.5791168213
199441203.4497493505 164839.6569824219
185832476.0748659372 139395.4167413712
186021276.5426713228 140342.7398281097
189025438.6021046042 153681.2749099731
192688595.6356998086 162028.9947509766
179305634.3333752751 84848.5061910412
179508972.8461383581 87715.1183736584
185851430.7290058136 139603.8807315826
182707817.5460433960 120563.1986863660
177406269.8999350965 37817.7777967378
181940044.1208592057 114702.3375065260
199572158.3807650506 164981.6363525391
181395883.6327337325 107251.6153080397
181955496.4330238700 115203.6790592604
188835014.2311217189 153137.9119338989
179349809.0014389753 85745.6177609301
183548450.8960627317 127014.7892781007
185790474.1289464831 139219.3457026705
182963651.3797616363 121435.6060602115
188657059.1537399292 152095.5423164368
191852901.8335119188 160901.8850097656
177471393.6560041308 38672.3597103432
178045223.8867371678 58623.1724484864
189824076.2939242125 156699.4806213379
189841893.8951594830 156833.3789367676
199437919.3427760303 164768.5240478516
183462766.1598303914 126086.6515534818
184257267.1308555603 131435.8132200837
179225064.5108094811 83977.6355855725
182746303.4369784594 121053.9717022926
192870851.7341046929 162056.7242431641
184288533.9893584847 131457.4905882478
177391852.1772615314 36277.6974033490
177466212.7639367282 38323.3762560710
182567865.4496816397 119820.0661437660
182995475.2042607069 122163.0706480891
192706181.4527728856 162043.7749023438
179034436.4047504067 80124.7495309000
182343428.3010593653 117468.3683898598
199208374.5479238927 164732.1586914062
178138308.9272229373 60675.3380868736
179904443.7959011197 92329.7166315370
177377954.6112606227 36102.7161078230
182603142.2838265896 120268.4349687146
178959324.2085627913 78346.5753967350
179338388.8998167515 85681.9765279553
182356853.3628684878 118200.9405334145
182465856.9239884317 119152.0259826332
181741029.6430960894 113015.9867122769
185805113.7144283950 139226.4053035006
188901709.5765303373 153558.5304641724
177304241.4516256452 30079.2345391002
177354624.1707251072 35787.8307752535
183653717.7813245654 127060.6366342008
178099067.6823963821 58706.4389407489
181406274.0329278708 109204.6137930834
182366427.1369119883 118466.0748107582
179072688.3939102888 80434.2440921625
178994896.3729293346 78648.4013473575
189072873.0296387076 154159.6065979004
189277459.2574452758 154788.1290283203
189076466.9286292195 154296.7565002441
179002989.5561910868 80063.6063339298
179221984.2485668063 83931.6637838146
177445758.0571224391 38265.2790389955
189532222.8394388556 155977.1206970215
179163045.1798558235 82694.8106796329
199200986.7911520898 164416.0061035156
189637757.0540836751 156195.1652526855
189165680.8211168647 154398.6575622559
192064407.9313579500 161467.2916259766
189334883.8468722105 155277.2853698730
179711060.7229594588 90150.6711351402
192384081.3178567588 161809.8450927734
192135514.5565871298 161568.9102783203
185825410.8285527825 139250.8009905815
183483624.5608084798 126334.5920207202
183327693.6307539344 125065.2501901090
179752946.2932243943 90590.1440774925
189234460.5268328190 154605.3675231934
183284009.1734191775 124987.8524850309
183233544.7871417999 124170.1061318815
190953975.0136000514 159343.5097656250
185352288.2995848060 137194.7759911940
179995137.4315370321 93434.8911501892
191914814.7029539943 161146.6302490234
179097507.5651313663 81902.5955917423
191069987.6107211709 159558.8693847656
178347496.8929468691 65096.6134937958
191406726.9945704937 160346.4737548828
192632045.6796855927 161997.9914550781
178413983.9026040137 66811.3927309618
184894402.9946088195 134762.9170229584
177569638.4683567882 44285.6260067495
183420245.8640363216 125774.9469064176
179934952.8140046299 92929.9115359314
177321109.0688422620 32059.2878368285
177999501.4985580444 56452.8380837592
178395268.6214270294 65141.4112475024
178500085.9108074605 67119.7558362589
192285534.1629786193 161668.5437011719
190092831.3041271269 157123.3310852051
192176594.0817978084 161584.1160888672
177713392.3126828671 48909.3130914941
178025388.1589424312 56930.3410403582
191670554.7463658154 160720.3822021484
177994773.0939656198 56413.2614357400
178439645.8550789654 67025.8189530224
181501440.7378210425 110118.4867985182
192294346.3613893986 161684.6536865234
191497326.6628655791 160533.0393066406
177990888.5009947717 56386.7066943499
177584320.6492264867 44790.0264669135
191603565.5189248323 160623.8144531250
190056624.6725997031 156994.9806213379
191471812.8607924581 160501.8916015625
181461737.9436122179 109839.0444157057
178328932.6683534086 65021.7087099658
181593930.0269632339 111284.8468549185
184416328.0507723689 131905.5883665681
184964083.3041471243 135414.1830509305
177552029.0667011142 44067.8855080577
184605699.0680037141 133152.0179519933
177529614.6797852218 42202.7764812307
190909822.3433821201 159150.3047485352
177507029.0435518920 42056.1163665252
178289043.8566587269 63248.1100771533
181533874.7868952751 110423.7801945143
177982108.6064164937 56374.1500286016
179612193.4747543931 88643.3305017089
190785700.6573604941 158731.4452819824
177970074.4023232758 56346.8026164922
181613571.3847913146 111555.4838688307
185038816.9130495191 135828.1980898529
184786040.3353288174 134006.1190367341
191119259.9974489212 159649.7695312500
192578431.3170841932 161928.4873046875
177545182.0028323233 42231.0802977355
190639582.8309780359 158347.5390930176
180116968.9991000295 94237.1668846160
177495137.8480728269 40153.6340285437
184543495.1520881057 132767.1112242341
191765794.2696379423 160859.2940673828
179791893.6252067089 91002.7364669867
179864946.6235886216 92179.0010134705
179897841.9109989405 92202.4960505493
184720458.1721536517 133700.0475035310
178041430.1676944196 58147.3908984515
190360512.0224284530 157553.2008972168
179572055.4588148594 88538.8188821800
179420070.7017154098 86544.9023782738
182350175.0581116080 117808.7780955327
188036465.9594762325 148125.6570377350
179318893.9112859368 85035.1727850415
177503154.4741418660 41823.9095592396
179110186.0687037706 81905.7375595158
177473222.4191378057 39992.7700899737
181698917.3421786427 112064.9459655434
177904490.9863375127 54232.0461872176
188238413.4622502625 148558.9872684479
188433067.5920679867 149987.7372379303
190456866.4296643734 157709.8871765137
179036935.3317651749 80186.6295357828
188421173.1918976009 149595.8884372711
190722690.7336462736 158525.7738342285
178106315.7932997048 59400.3264853405
177839516.0024883747 50983.4031356800
188551387.4003988206 150435.8725795746
177965709.2226141393 56114.2490527484
198591049.7512768805 163715.0252685547
178040641.1239885390 56974.2014196918
198571800.3825200498 163663.5567626953
177916878.9549032748 54252.1097190234
198442326.2275457978 163323.3535156250
198954212.3988049030 164312.3167724609
177902449.3880687654 54081.1072070453
177872995.4777644873 52868.4090536640
177888075.1271984577 52878.1878622578
198635468.1163151264 164121.0723876953
177840288.4762045145 52025.0868136737
198476897.2434194088 163335.4151611328
181265433.9665830135 105582.5748336911
198244091.4101049602 163312.3149414062
178907711.3607687056 76381.4861914774
181217241.9111928940 105334.5776675344
181128160.1117687225 104991.5029452443
178920687.9607443213 76830.6682974955
198943200.9212562740 164283.1541748047
177824895.9550801516 50783.2177223861
181187448.6183335185 105095.6695602536
178828317.4411076307 74035.5605399271
181278946.2770759463 106767.0820663571
178800782.8884408772 73288.9620360262
181336153.9484691024 107122.8005038574
178829889.3832685947 74430.0324866434
198092750.8483332992 162575.4194335938
178887602.6059202552 76083.6903006693
181401168.3303462267 107668.8738430142
178853456.7005278170 75028.2298375925
178861516.7299352586 75042.3910924753
187993155.5003600121 146220.6411895752
187872453.9346852899 144937.3196525574
178784822.7247999012 70395.3212620800
178784218.1702751815 70209.6792943066
187646934.7109815180 143544.4877929688
187817542.1495637596 144059.0122146606
187822736.9951951206 144290.2239990234
187794879.6083879769 143667.3464050293
181113257.2476708889 101794.8072396419
181081888.0136585832 101086.0762837115
180989832.5982658267 99715.8147279226
180959228.4454144537 99304.4665689780
180949690.0931456983 99294.9351330898
180917313.8924201727 99215.0098970118
180838490.8079904318 98389.9459572933
180704232.0574247241 96184.4081898830
180714884.0497516394 96448.8805800579
180758121.4336245060 97623.0858021877
