50652620.7191667631 306826.2994615585
50879237.0850981474 341065.3617225587
50634919.9537181854 305915.9138241145
52310594.8787271678 407548.9002151489
50619503.6019352227 298783.3333867001
52800326.0016663373 416952.7556838989
52536125.1616232097 410944.8459548950
52909993.4374330789 417005.6741409302
52568310.1852035522 412911.8050003052
55845665.2949342653 464185.6528320312
51284039.6728372201 365387.4378172755
51175946.5769959763 363379.3632589877
55627939.5010742471 462296.8447265625
50680951.1612138003 313434.8564149248
52915553.4160342664 417514.2681884766
50641911.9818403199 306541.1951990831
50633644.5648256466 305852.7556515071
52439248.9924513847 409967.8841552734
51725229.2528766915 387671.9264045358
51062282.8822528198 356131.3252951205
52509094.4218882620 410337.8619384766
50612069.9749678597 298108.0494317892
52680135.7985557690 413638.9978713989
55997112.6647552773 465906.4965820312
52396897.1655777246 409073.2636184692
50631408.8579325601 305677.7863154518
50683521.8757820353 313477.5210472229
52399541.4729007185 409853.8035354614
52220278.3945478573 404300.3115921021
50850244.1360910386 339063.0698045181
52675456.9388473183 413214.7405471802
51298966.9615326300 367338.6387297288
51140964.5298172906 359575.6271750033
50593732.7195482105 290399.3713412392
50877520.4659253061 340685.1667146520
51198628.3976382688 363954.9136792347
52751486.0483898222 413662.4727249146
55803873.6022200212 463737.5366210938
51315887.0789420381 368068.4008013830
52275819.3183314502 406507.8272171021
53556939.7838730216 431138.6628417969
52118261.4571503699 399403.9654060006
55550121.8888245299 460568.3162841797
50582167.4613597393 276192.4130916926
50646955.0130775645 306602.5225982517
51321677.2326597944 368101.6586138830
50896228.2285244241 341236.5270732702
52504839.0037334710 410277.4281058908
51045350.8947833106 355829.1347427964
51754072.7596844956 388415.1752448678
51032911.9948638007 354778.2662357986
50647347.8180209324 306764.3867978933
50598141.2759621069 291210.4326724857
51087180.2412708774 357524.9988825619
51997762.5147666484 396005.5174942017
50588321.9477423579 283808.9926295388
53779010.2671399266 434375.3884277344
53466123.9394631684 429556.2215576172
53000143.3579588234 419223.3487548828
53316976.0128438026 427668.4750976562
50594265.0027695149 291148.5171818808
50677799.5112187192 313409.5828757393
53313620.8399177492 426020.9421386719
50865411.0028950945 339987.4570506872
53901867.1001542062 434985.9816894531
56469110.8837183937 467193.0595703125
51032130.0734740868 354382.9620133042
56171918.4791839495 466659.4228515625
53136686.9550266266 421222.3579101562
50573917.2744750828 262230.2355761635
52200554.3431064785 403286.6976089478
50591434.7194101214 290337.6540890071
51918055.2900286168 394898.6895270944
50855880.6986293942 339916.6006816687
51060441.8303623125 356104.0296707749
50717269.7684548199 315093.6849327418
50936237.0653614923 346788.2456332432
50592829.8073709980 290380.3187213051
51032668.7765867785 354610.1303752661
51987666.0540020093 395765.0210647583
50589144.5995727703 284222.0151777151
50661939.1832018197 307098.2048239815
53227833.4872131348 424541.6529273987
51613381.1859897748 381781.5586295724
53255073.5563762933 424824.8526611328
50577058.5785550475 269646.1345948651
50695949.4055387080 314787.3846911415
51990991.6105990708 395906.5053840280
50805574.6802412197 333308.5069915354
56095325.2445582077 466213.7817382812
52004039.5421941876 396230.0546393991
50601559.6001421362 291344.6808414310
53475448.8391559422 429793.3720703125
50575407.1635608077 269142.9588156929
51718992.4567876086 387090.1330695748
50809580.5110164806 333805.7414280772
51709276.9091021493 385491.3389549851
50790121.4690112695 331585.9428126216
50676458.0621907413 312192.7521919553
50772874.6712500155 325818.7325346768
51195159.0108124688 363403.0769559070
56108634.4944877699 466257.7124023438
55547613.9690388516 460532.1586914062
50955015.7834601551 348698.3386429013
51637911.2812732384 383707.1543130875
56294424.1265448704 467120.9448242188
55764571.0053050593 463698.9809570312
50805140.8281952590 333308.1219724417
52011563.1376555413 396524.2637458444
53277144.4048546851 425654.8847656250
55355319.1672613695 458974.3940429688
52137045.2948332131 400861.6579666138
50668612.7899845913 307782.8215789646
50804159.4990454018 333260.6791299284
50786864.5294477567 326546.7899453938
52161861.5066218525 402616.9634528756
53924214.7638431042 435404.9064941406
50580697.4241631776 275829.6045470345
51168830.7639036402 362061.4795971513
51602604.3406654373 380649.1528482437
51672500.7072581723 383993.7785773873
50720120.3840797991 319927.4949960281
53459219.7902940512 429192.7141113281
50748785.4098997265 320247.4894053075
51827214.5329527035 390672.6079841256
51957875.3862694278 395487.9114509225
51841846.1956782266 391055.5171638131
53771548.0986591876 432890.1057128906
54780751.9530087113 451738.4897460938
51726725.4104487523 387769.6375251412
53378290.0224740058 428279.0683593750
53621292.7219399810 432341.8449707031
55174689.4230457842 456914.7670898438
54953339.8603075892 454029.4091796875
54094922.8992214054 435466.8200683594
50586852.6116458550 283804.7892966378
50993385.2548428997 348821.1469631927
51540941.4063899964 379280.1130133867
51160781.9401578531 360420.8486105502
51480753.8426451162 372723.7874266505
51562076.5983300731 379309.7634444833
51575653.6850116625 379387.4720793962
53273200.7298324853 424835.1809997559
50842297.4274934530 335014.7209754884
50688350.8757161126 314293.2589159235
55622382.0719055533 460982.2114257812
55343029.7895790488 458537.0034179688
50677685.8243615553 313386.7748985621
50931620.9566456974 345355.9491443621
50602135.8267999664 291939.6774844974
55020331.8266884685 455115.0395507812
54830738.5756337345 452166.1094970703
50939864.7891348898 347676.0492219763
51304603.0835218057 367961.5273171589
55506374.0682018623 459312.1279296875
50760926.9326379374 325502.4322984517
51907094.6314189211 392356.3850837350
52028808.5542847440 396601.0911384225
51017321.2657133043 349568.5784601332
50951253.0619881302 347871.1854776503
50937850.2128089219 347673.4554126920
50586390.9517788216 283743.2566024098
50614059.1595459059 298731.0986270756
50943779.5836976916 347682.9165858464
53532538.7417392507 429817.1030273438
53861937.0322632194 434774.0549316406
50573732.3292278200 257278.2112220973
51291217.6271433458 367024.2316899821
51596881.5892644823 380612.9673621058
51698664.1681779251 385330.0687690377
50640373.5240535140 306462.8951873630
51000992.0047390088 349307.8411554457
50584901.0626930967 283587.1553282845
51521914.4531292990 378909.6760680079
51339222.9263599515 370929.3052254841
50664237.1833399087 307159.9220762136
51038977.0056269690 355664.9130476117
51381742.7794561088 372216.1595529318
50806963.0254358724 333448.1960929632
50750296.5464799628 323613.4857004243
51004813.1909217089 349380.0544157387
55573662.4166548848 460586.6782226562
50902773.2474755570 341926.7365463283
50765120.2050135210 325618.5902040303
51483269.6419487894 372878.2877115011
55267864.2612496167 458027.9467773438
51170620.1758413091 362138.3040043637
50652659.6554857641 307011.1227173391
50638303.3697272614 305961.3408689382
50644021.7948812023 306550.5827569845
51045055.3817259744 355692.6688467562
51871430.4039824679 391701.3633475900
53208034.2511465400 422212.2528076172
50611812.9451306090 297959.3997654500
51033818.0479287133 355433.5994644761
51149037.0344960317 360319.6582530364
50579568.5139200464 270193.5678038704
50610111.2348500788 297920.2355342018
50793537.1104857922 332181.8995745480
51636774.4280383959 382661.3507875204
50872881.2476827502 340204.2601158917
51889046.9336661473 392145.8478469849
50799682.7189313248 332447.4053848684
50801226.0336324498 333260.2941108346
51559827.8347873613 379284.1960061789
51796351.5621939823 389276.8886848092
50800831.9902732596 333259.9830797017
51226550.6247086972 364797.6760457456
50574874.0849643797 263326.8663840401
51030448.3395430744 349716.6015942530
51771228.8817156628 388882.8172126412
50590878.2584182397 290162.6847529518
50953618.0558716580 347994.3552458422
51205091.1552683711 364310.8184007406
50664695.6034950465 307592.1586904409
51579345.6195727438 380432.3280214071
51516755.4954310358 378677.6664346457
50628739.6579241231 299876.8080815556
50768690.7361355200 325663.9210205078
53176330.1237920076 421359.8334960938
50945268.1675765663 347762.0345813470
50621053.5995657817 299113.0883455160
50625098.8427136764 299834.6079091909
51513679.1376777962 375411.5178903341
51502812.2604607344 375130.9321098626
51228670.5784513876 364928.8712330163
70714579.7990457416 485913.4291992188
51063011.7944770232 356525.2302477062
50588332.5757649019 284195.0370664480
50762287.2900198922 325502.7433295846
51419407.1843763366 372281.9935668409
69953667.3058173954 484083.0888671875
51391381.8581481054 372237.1123727560
50604386.3346156627 292041.2459097090
50583626.8975815997 276916.2513055685
51334047.6619910151 368218.6496175230
51203931.3728440925 364263.0668481588
53078471.1979429424 420296.3261108398
50605882.8238075003 292095.9190925807
50779467.0917818472 326545.4031064510
50628904.6579302847 300163.7257966879
51071684.3993391842 356741.3323892355
50776445.2023720145 325864.0633511543
50907064.2550595775 341972.0673628058
50608896.6828604639 292217.2821664289
50846246.2088623419 335029.4606327415
50820941.7090481371 334355.9513473511
51063750.1012770161 356528.3493551016
51069197.1667830348 356578.4295042455
50995288.0442424864 348845.8356707096
50580609.8523700163 270420.7184525314
53618281.0450502783 431839.1513671875
51124250.9557003379 358284.1449455917
50804402.5213952586 333305.3138961792
51073184.6926657557 356790.5289766788
51123329.6726472676 357681.1457361877
51065250.3946035877 356577.5459425449
54660316.7175031751 442420.1981811523
50574009.8591841310 263113.2729544747
50581909.1915341467 275856.5826583016
50571870.8917325661 250197.9163727015
53210990.7725182325 422212.9457855225
50666069.8220768645 307681.5022196397
50588972.1266540959 284222.0120257363
50584180.9743843302 277557.4947780818
54773911.3879834265 445256.8966064453
50600937.9608087167 291312.8697799891
53213445.9686708748 422281.5436706543
50624083.4283365533 299174.8055977481
50577259.4958237112 269998.9942970606
50574473.7354669645 263113.2982654902
50571958.7897538617 257083.6124042720
54546919.8065467775 441626.6278076172
54666771.9805118889 445231.9860839844
51494766.5174041837 373254.8842899799
54461245.6791716069 437274.3314208984
50582295.1203452870 276712.6925473767
54544246.9668290019 438766.3090209961
54527487.1876373887 438642.7675476074
54444666.7920073718 436398.1166687012
50578213.4977140576 270162.7303824532
