52892762.7858023345 419485.0867385864
50682408.0203379020 313549.9259318667
50786806.3761632293 330535.3053614497
52639152.2563401759 414375.6779251099
51214441.2883822322 365329.3544631302
55541534.7489730865 461401.8408203125
51195570.7180340886 365319.0562758744
52748404.6602220833 418503.4044799805
56590862.8864607811 469957.8198242188
50690532.1730663031 314567.8034114200
53197633.7538090199 425481.0233840942
52689363.5654834211 415534.6106987000
51311058.3858638257 371995.7319344878
56482565.5818300098 469603.1777343750
51457308.6784926206 377664.6419656277
52443818.5219756588 411006.7793655396
50854135.5375051275 339107.6353478525
55634514.4434820041 464404.2622070312
50643573.7242040187 306728.4237666237
52938313.8277381957 419977.4098510742
52872326.8913664818 419364.8121337891
51019792.0597392544 349597.5996159911
50710877.6490308195 315184.9117631796
56322028.1195341647 469207.6445312500
53241099.7318947315 425889.8222656250
50661337.6005755067 307934.8221378177
50681670.3758098260 313478.5778872254
52645334.7089266777 414556.9654006958
50949688.4507911280 348714.6996704178
52380016.5450614542 408251.3299026489
52271939.9240555987 406424.3994827271
55678642.0904292986 464527.8193359375
51300177.0474941581 371973.6119866669
52079305.9687177539 399420.7066421509
56015071.1907204539 467539.5805664062
51420515.8044344485 376308.4053893387
52182332.0817490667 402680.2693939209
50937451.5803607926 347673.7664438249
51391193.1972336918 374816.2748084664
51317138.2320839912 373025.8348506987
51341363.9534872621 373615.7767312527
53105525.6246823072 424540.7356643677
51193122.1146124750 365277.4390702546
51313049.5733357072 373019.7508483231
55382123.9368919432 460465.5891113281
52841641.8966260105 419263.5416870117
51185148.9888883755 364087.4921180308
52805278.7291186601 418577.6163330078
52117997.3539037853 400120.9184036255
52922917.5812251344 419928.4708938599
52964073.6397861838 421340.0751419067
52730858.9683649838 418229.3576126099
50720190.1409652606 320018.7218264659
50932538.3815515116 347018.8182342412
56964078.6402581781 470142.9916992188
50589180.9299478605 284227.7970380667
50860659.7189724445 339941.6588524045
55844655.6214189231 466648.9130859375
52670006.3383945227 415381.1646728516
51538821.3886487484 380749.6112151444
56309454.8827228397 468939.5297851562
51453443.9112147838 376880.9502095282
52724213.8313474953 417607.0806350708
52962322.5056675375 420373.4743118286
52706644.6443644762 415820.6758499146
50633161.3339817002 305716.9505467000
52132823.4885361046 400207.8788528442
55187093.1109227836 457039.0903930664
52266035.2952400297 405091.9699249268
55593079.6925166100 461576.3698425293
50744975.7725093365 321154.7140488942
50798275.3310042471 332622.1843043864
51510571.8660289198 378519.8486365974
52083646.8903170452 399530.8910598755
50634263.3190625310 305914.4729037392
52990594.3614646941 422490.5982666016
56188856.3998198360 468471.8305664062
51386380.7744631320 373985.5694558620
50802123.7617839128 333260.6791299284
55737586.7527923733 465517.5659179688
55256192.1581758410 458774.2517700195
50665998.1454446539 308195.5594425052
55793754.2894403636 465906.4965820312
55408479.7749336436 460523.4687500000
51530887.0905865803 380612.4260955155
53103190.0473556817 424486.0457229614
55615657.2523665577 462585.8012695312
52407063.4324389994 410127.5618286133
50677755.5812470168 313478.0017289999
51232929.7892434597 365930.8125281930
50603976.1518495530 292024.1852969974
51242069.1717826873 366312.8375182450
51585401.0325782746 380866.9155555367
50955226.6554196626 348912.3058771254
56000798.1181251481 466659.4228515625
52959836.1525390595 420219.4968948364
51391096.8619889766 373995.9492149055
52242901.6454828531 404418.2939314842
52708459.4124053121 417388.8650588989
50854160.2835140750 339320.6439197423
50601558.2417771965 291939.6774844974
52554588.1141046733 414182.4683303833
50855672.3709866703 339749.8873191313
50600458.6771893650 291836.6456983238
50638671.8754764274 306725.5342349857
50927055.9060434327 346623.5140117468
50944765.8131356314 347920.7359037758
50871550.1117085740 340967.2381328405
51445650.2725012451 376478.3170432746
50573940.7741986141 263113.2698024958
51031664.6053132787 354382.9620133042
51370183.9498597383 373817.5430793464
50610862.7882717252 297981.9527864340
52288846.8637859821 406777.1161575317
50618357.0512096360 298783.3333867001
55087852.9141240343 456992.0676269531
52442233.5625546128 410699.2918167114
50913682.1784786358 341999.8041713075
51034251.8999746814 355433.9844835699
50580728.4434271604 276192.4162436714
52157567.5470717698 401163.4618301392
55618717.7532415763 463698.9809570312
50612363.9331867024 298731.0986270756
52247109.1875856370 404435.8396053314
50582942.5779718757 277064.2425303566
55602426.9299377874 462296.8447265625
50611492.3899450898 298108.0494317892
50644497.3570021689 307317.7178899273
50775896.5606598482 326500.0722899735
50931020.0772573203 346676.4113855721
50885454.9411955103 341331.6675950587
50644185.4497518390 306767.5879978719
50580520.1157844439 276004.5738830897
50593155.1345254406 290399.3713412392
52539622.9608009607 411406.3606643677
50590300.6733954698 290162.6847529518
50636184.6780335456 306515.6275195926
50751289.6869920194 325502.9129802287
51174619.1479895934 363236.1700310707
52378700.4648545682 407625.6977615356
50634892.9207358956 306040.5695490944
50862786.7122837752 340104.8136949302
52478516.6053210348 411040.3726272583
50673843.4176508039 312218.5064129178
52429108.1176439524 410331.9325637817
52502729.6317221224 411111.5777053833
51700588.7538684234 385821.6613593698
52269037.3726852387 405966.7025833130
51914175.8957527652 394815.2617927194
52210763.7116116434 403639.0152053833
50879237.0850981474 341065.3617225587
52310594.8787271678 407548.9002151489
51175946.5769959763 363379.3632589877
50633644.5648256466 305852.7556515071
51725229.2528766915 387671.9264045358
52396897.1655777246 409073.2636184692
50631408.8579325601 305677.7863154518
52399541.4729007185 409853.8035354614
52220278.3945478573 404300.3115921021
50850244.1360910386 339063.0698045181
51298966.9615326300 367338.6387297288
51140964.5298172906 359575.6271750033
52275819.3183314502 406507.8272171021
53556939.7838730216 431138.6628417969
51754072.7596844956 388415.1752448678
51032911.9948638007 354778.2662357986
50598141.2759621069 291210.4326724857
51087180.2412708774 357524.9988825619
51997762.5147666484 396005.5174942017
50588321.9477423579 283808.9926295388
53779010.2671399266 434375.3884277344
53466123.9394631684 429556.2215576172
53316976.0128438026 427668.4750976562
50594265.0027695149 291148.5171818808
53313620.8399177492 426020.9421386719
53901867.1001542062 434985.9816894531
50573917.2744750828 262230.2355761635
52200554.3431064785 403286.6976089478
50591434.7194101214 290337.6540890071
51918055.2900286168 394898.6895270944
50855880.6986293942 339916.6006816687
50592829.8073709980 290380.3187213051
51032668.7765867785 354610.1303752661
51987666.0540020093 395765.0210647583
50589144.5995727703 284222.0151777151
51613381.1859897748 381781.5586295724
50577058.5785550475 269646.1345948651
50695949.4055387080 314787.3846911415
51990991.6105990708 395906.5053840280
50805574.6802412197 333308.5069915354
52004039.5421941876 396230.0546393991
53475448.8391559422 429793.3720703125
50575407.1635608077 269142.9588156929
51718992.4567876086 387090.1330695748
50809580.5110164806 333805.7414280772
50790121.4690112695 331585.9428126216
50772874.6712500155 325818.7325346768
51637911.2812732384 383707.1543130875
50805140.8281952590 333308.1219724417
52011563.1376555413 396524.2637458444
55355319.1672613695 458974.3940429688
52137045.2948332131 400861.6579666138
52161861.5066218525 402616.9634528756
53924214.7638431042 435404.9064941406
51168830.7639036402 362061.4795971513
51672500.7072581723 383993.7785773873
50720120.3840797991 319927.4949960281
53459219.7902940512 429192.7141113281
51827214.5329527035 390672.6079841256
51957875.3862694278 395487.9114509225
51841846.1956782266 391055.5171638131
53771548.0986591876 432890.1057128906
54780751.9530087113 451738.4897460938
51726725.4104487523 387769.6375251412
53378290.0224740058 428279.0683593750
53621292.7219399810 432341.8449707031
54953339.8603075892 454029.4091796875
54094922.8992214054 435466.8200683594
50586852.6116458550 283804.7892966378
51160781.9401578531 360420.8486105502
50842297.4274934530 335014.7209754884
50688350.8757161126 314293.2589159235
50677685.8243615553 313386.7748985621
55020331.8266884685 455115.0395507812
54830738.5756337345 452166.1094970703
50939864.7891348898 347676.0492219763
51907094.6314189211 392356.3850837350
52028808.5542847440 396601.0911384225
51017321.2657133043 349568.5784601332
50586390.9517788216 283743.2566024098
50943779.5836976916 347682.9165858464
53532538.7417392507 429817.1030273438
53861937.0322632194 434774.0549316406
50573732.3292278200 257278.2112220973
51291217.6271433458 367024.2316899821
51698664.1681779251 385330.0687690377
51000992.0047390088 349307.8411554457
50584901.0626930967 283587.1553282845
51521914.4531292990 378909.6760680079
51038977.0056269690 355664.9130476117
50806963.0254358724 333448.1960929632
50750296.5464799628 323613.4857004243
51004813.1909217089 349380.0544157387
50902773.2474755570 341926.7365463283
50765120.2050135210 325618.5902040303
51170620.1758413091 362138.3040043637
51871430.4039824679 391701.3633475900
51033818.0479287133 355433.5994644761
51149037.0344960317 360319.6582530364
50579568.5139200464 270193.5678038704
50610111.2348500788 297920.2355342018
50793537.1104857922 332181.8995745480
51636774.4280383959 382661.3507875204
51889046.9336661473 392145.8478469849
50801226.0336324498 333260.2941108346
51796351.5621939823 389276.8886848092
50800831.9902732596 333259.9830797017
50574874.0849643797 263326.8663840401
51030448.3395430744 349716.6015942530
51771228.8817156628 388882.8172126412
51516755.4954310358 378677.6664346457
50628739.6579241231 299876.8080815556
50768690.7361355200 325663.9210205078
50621053.5995657817 299113.0883455160
50625098.8427136764 299834.6079091909
70714579.7990457416 485913.4291992188
50588332.5757649019 284195.0370664480
69953667.3058173954 484083.0888671875
50604386.3346156627 292041.2459097090
50605882.8238075003 292095.9190925807
50779467.0917818472 326545.4031064510
50628904.6579302847 300163.7257966879
50907064.2550595775 341972.0673628058
50608896.6828604639 292217.2821664289
50846246.2088623419 335029.4606327415
50820941.7090481371 334355.9513473511
51069197.1667830348 356578.4295042455
53618281.0450502783 431839.1513671875
51124250.9557003379 358284.1449455917
50804402.5213952586 333305.3138961792
51123329.6726472676 357681.1457361877
51065250.3946035877 356577.5459425449
54660316.7175031751 442420.1981811523
50574009.8591841310 263113.2729544747
50571870.8917325661 250197.9163727015
50588972.1266540959 284222.0120257363
50584180.9743843302 277557.4947780818
54773911.3879834265 445256.8966064453
50624083.4283365533 299174.8055977481
50577259.4958237112 269998.9942970606
50574473.7354669645 263113.2982654902
50571958.7897538617 257083.6124042720
54546919.8065467775 441626.6278076172
54666771.9805118889 445231.9860839844
54461245.6791716069 437274.3314208984
50582295.1203452870 276712.6925473767
54544246.9668290019 438766.3090209961
54527487.1876373887 438642.7675476074
54444666.7920073718 436398.1166687012
50578213.4977140576 270162.7303824532
