50955226.6554196626 348912.3058771254
53213755.3129362613 423054.7053909302
56000798.1181251481 466659.4228515625
52959836.1525390595 420219.4968948364
52835443.4694278091 417680.1728591919
51391096.8619889766 373995.9492149055
52242901.6454828531 404418.2939314842
52708459.4124053121 417388.8650588989
50854160.2835140750 339320.6439197423
50601558.2417771965 291939.6774844974
52554588.1141046733 414182.4683303833
50855672.3709866703 339749.8873191313
51270760.6763036922 365361.2401366532
50600458.6771893650 291836.6456983238
50638671.8754764274 306725.5342349857
50927055.9060434327 346623.5140117468
51395586.2536680251 374339.3662087917
50944765.8131356314 347920.7359037758
51356359.4895124286 373116.0263127387
50643933.2989284471 306728.4237666237
55547127.6918211356 461087.5483398438
50871550.1117085740 340967.2381328405
55258358.2915477380 458471.4416503906
51445650.2725012451 376478.3170432746
50573940.7741986141 263113.2698024958
51334237.8824580908 372001.1773185432
55570013.7795083523 461153.0029296875
52472946.3647444099 410903.5182800293
56376412.5992418304 467193.0595703125
50799517.1576717719 332446.7093346417
51031664.6053132787 354382.9620133042
51370183.9498597383 373817.5430793464
51281846.5458769426 366228.3297057450
50610862.7882717252 297981.9527864340
52288846.8637859821 406777.1161575317
51574836.5148130953 380749.6112151444
50618357.0512096360 298783.3333867001
55087852.9141240343 456992.0676269531
55866414.7003509924 464508.4980468750
51237620.4982210547 365354.0489135087
51338714.6625721753 373019.7508483231
55900827.4435093626 466257.7124023438
56208405.6661145464 466740.6376953125
51509544.6870665401 377545.6405783594
52442233.5625546128 410699.2918167114
51465034.9407839775 376766.2222838700
50748899.0967568904 320270.2973824847
51321796.8935827464 371969.8094473779
52383303.1460320875 407684.8435745239
55390530.1990628242 460089.3291015625
50913682.1784786358 341999.8041713075
51034251.8999746814 355433.9844835699
50580728.4434271604 276192.4162436714
55822309.5780387148 464000.4711914062
52157567.5470717698 401163.4618301392
55618717.7532415763 463698.9809570312
50612363.9331867024 298731.0986270756
52247109.1875856370 404435.8396053314
50582942.5779718757 277064.2425303566
55602426.9299377874 462296.8447265625
50611492.3899450898 298108.0494317892
50644497.3570021689 307317.7178899273
50775896.5606598482 326500.0722899735
50931020.0772573203 346676.4113855721
50885454.9411955103 341331.6675950587
50644185.4497518390 306767.5879978719
50580520.1157844439 276004.5738830897
50593155.1345254406 290399.3713412392
51309862.3857816011 370375.2235768735
52539622.9608009607 411406.3606643677
50590300.6733954698 290162.6847529518
52695226.4654544443 414628.2520141602
52799436.5165694356 417514.2681884766
50636184.6780335456 306515.6275195926
50682889.3335983157 313474.5013279500
50751289.6869920194 325502.9129802287
51174619.1479895934 363236.1700310707
52378700.4648545682 407625.6977615356
50634892.9207358956 306040.5695490944
50798868.9226601422 332370.8086380363
50862786.7122837752 340104.8136949302
51312368.7135623991 371118.1763292849
52478516.6053210348 411040.3726272583
50673843.4176508039 312218.5064129178
52429108.1176439524 410331.9325637817
50935409.1699563339 346857.3967393325
52502729.6317221224 411111.5777053833
51700588.7538684234 385821.6613593698
52269037.3726852387 405966.7025833130
51280496.7785847858 365505.9267916977
51914175.8957527652 394815.2617927194
50744467.9793732986 319994.4093228686
52210763.7116116434 403639.0152053833
52392405.8117828816 407908.3301773071
50879237.0850981474 341065.3617225587
52310594.8787271678 407548.9002151489
55845665.2949342653 464185.6528320312
51175946.5769959763 363379.3632589877
50680951.1612138003 313434.8564149248
50633644.5648256466 305852.7556515071
51725229.2528766915 387671.9264045358
51062282.8822528198 356131.3252951205
52396897.1655777246 409073.2636184692
50631408.8579325601 305677.7863154518
50683521.8757820353 313477.5210472229
52399541.4729007185 409853.8035354614
52220278.3945478573 404300.3115921021
50850244.1360910386 339063.0698045181
51298966.9615326300 367338.6387297288
51140964.5298172906 359575.6271750033
51198628.3976382688 363954.9136792347
55803873.6022200212 463737.5366210938
52275819.3183314502 406507.8272171021
53556939.7838730216 431138.6628417969
52118261.4571503699 399403.9654060006
51045350.8947833106 355829.1347427964
51754072.7596844956 388415.1752448678
51032911.9948638007 354778.2662357986
50598141.2759621069 291210.4326724857
51087180.2412708774 357524.9988825619
51997762.5147666484 396005.5174942017
50588321.9477423579 283808.9926295388
53779010.2671399266 434375.3884277344
53466123.9394631684 429556.2215576172
53316976.0128438026 427668.4750976562
50594265.0027695149 291148.5171818808
50677799.5112187192 313409.5828757393
53313620.8399177492 426020.9421386719
53901867.1001542062 434985.9816894531
53136686.9550266266 421222.3579101562
50573917.2744750828 262230.2355761635
52200554.3431064785 403286.6976089478
50591434.7194101214 290337.6540890071
51918055.2900286168 394898.6895270944
50855880.6986293942 339916.6006816687
51060441.8303623125 356104.0296707749
50717269.7684548199 315093.6849327418
50592829.8073709980 290380.3187213051
51032668.7765867785 354610.1303752661
51987666.0540020093 395765.0210647583
50589144.5995727703 284222.0151777151
53227833.4872131348 424541.6529273987
51613381.1859897748 381781.5586295724
53255073.5563762933 424824.8526611328
50577058.5785550475 269646.1345948651
50695949.4055387080 314787.3846911415
51990991.6105990708 395906.5053840280
50805574.6802412197 333308.5069915354
52004039.5421941876 396230.0546393991
53475448.8391559422 429793.3720703125
50575407.1635608077 269142.9588156929
51718992.4567876086 387090.1330695748
50809580.5110164806 333805.7414280772
50790121.4690112695 331585.9428126216
50772874.6712500155 325818.7325346768
51195159.0108124688 363403.0769559070
50955015.7834601551 348698.3386429013
51637911.2812732384 383707.1543130875
56294424.1265448704 467120.9448242188
50805140.8281952590 333308.1219724417
52011563.1376555413 396524.2637458444
53277144.4048546851 425654.8847656250
55355319.1672613695 458974.3940429688
52137045.2948332131 400861.6579666138
50668612.7899845913 307782.8215789646
50804159.4990454018 333260.6791299284
50786864.5294477567 326546.7899453938
52161861.5066218525 402616.9634528756
53924214.7638431042 435404.9064941406
51168830.7639036402 362061.4795971513
51672500.7072581723 383993.7785773873
50720120.3840797991 319927.4949960281
53459219.7902940512 429192.7141113281
50748785.4098997265 320247.4894053075
51827214.5329527035 390672.6079841256
51957875.3862694278 395487.9114509225
51841846.1956782266 391055.5171638131
53771548.0986591876 432890.1057128906
54780751.9530087113 451738.4897460938
51726725.4104487523 387769.6375251412
53378290.0224740058 428279.0683593750
53621292.7219399810 432341.8449707031
54953339.8603075892 454029.4091796875
54094922.8992214054 435466.8200683594
50586852.6116458550 283804.7892966378
51540941.4063899964 379280.1130133867
51160781.9401578531 360420.8486105502
51562076.5983300731 379309.7634444833
53273200.7298324853 424835.1809997559
50842297.4274934530 335014.7209754884
50688350.8757161126 314293.2589159235
55343029.7895790488 458537.0034179688
50677685.8243615553 313386.7748985621
55020331.8266884685 455115.0395507812
54830738.5756337345 452166.1094970703
50939864.7891348898 347676.0492219763
51304603.0835218057 367961.5273171589
51907094.6314189211 392356.3850837350
52028808.5542847440 396601.0911384225
51017321.2657133043 349568.5784601332
50937850.2128089219 347673.4554126920
50586390.9517788216 283743.2566024098
50943779.5836976916 347682.9165858464
53532538.7417392507 429817.1030273438
53861937.0322632194 434774.0549316406
50573732.3292278200 257278.2112220973
51291217.6271433458 367024.2316899821
51698664.1681779251 385330.0687690377
51000992.0047390088 349307.8411554457
50584901.0626930967 283587.1553282845
51521914.4531292990 378909.6760680079
51038977.0056269690 355664.9130476117
50806963.0254358724 333448.1960929632
50750296.5464799628 323613.4857004243
51004813.1909217089 349380.0544157387
50902773.2474755570 341926.7365463283
50765120.2050135210 325618.5902040303
51170620.1758413091 362138.3040043637
51045055.3817259744 355692.6688467562
51871430.4039824679 391701.3633475900
53208034.2511465400 422212.2528076172
51033818.0479287133 355433.5994644761
51149037.0344960317 360319.6582530364
50579568.5139200464 270193.5678038704
50610111.2348500788 297920.2355342018
50793537.1104857922 332181.8995745480
51636774.4280383959 382661.3507875204
51889046.9336661473 392145.8478469849
50799682.7189313248 332447.4053848684
50801226.0336324498 333260.2941108346
51559827.8347873613 379284.1960061789
51796351.5621939823 389276.8886848092
50800831.9902732596 333259.9830797017
51226550.6247086972 364797.6760457456
50574874.0849643797 263326.8663840401
51030448.3395430744 349716.6015942530
51771228.8817156628 388882.8172126412
50953618.0558716580 347994.3552458422
51205091.1552683711 364310.8184007406
50664695.6034950465 307592.1586904409
51516755.4954310358 378677.6664346457
50628739.6579241231 299876.8080815556
50768690.7361355200 325663.9210205078
53176330.1237920076 421359.8334960938
50621053.5995657817 299113.0883455160
50625098.8427136764 299834.6079091909
51228670.5784513876 364928.8712330163
70714579.7990457416 485913.4291992188
51063011.7944770232 356525.2302477062
50588332.5757649019 284195.0370664480
69953667.3058173954 484083.0888671875
50604386.3346156627 292041.2459097090
51203931.3728440925 364263.0668481588
53078471.1979429424 420296.3261108398
50605882.8238075003 292095.9190925807
50779467.0917818472 326545.4031064510
50628904.6579302847 300163.7257966879
51071684.3993391842 356741.3323892355
50907064.2550595775 341972.0673628058
50608896.6828604639 292217.2821664289
50846246.2088623419 335029.4606327415
50820941.7090481371 334355.9513473511
51063750.1012770161 356528.3493551016
51069197.1667830348 356578.4295042455
53618281.0450502783 431839.1513671875
51124250.9557003379 358284.1449455917
50804402.5213952586 333305.3138961792
51073184.6926657557 356790.5289766788
51123329.6726472676 357681.1457361877
51065250.3946035877 356577.5459425449
54660316.7175031751 442420.1981811523
50574009.8591841310 263113.2729544747
50571870.8917325661 250197.9163727015
53210990.7725182325 422212.9457855225
50666069.8220768645 307681.5022196397
50588972.1266540959 284222.0120257363
50584180.9743843302 277557.4947780818
54773911.3879834265 445256.8966064453
53213445.9686708748 422281.5436706543
50624083.4283365533 299174.8055977481
50577259.4958237112 269998.9942970606
50574473.7354669645 263113.2982654902
50571958.7897538617 257083.6124042720
54546919.8065467775 441626.6278076172
54666771.9805118889 445231.9860839844
54461245.6791716069 437274.3314208984
50582295.1203452870 276712.6925473767
54544246.9668290019 438766.3090209961
54527487.1876373887 438642.7675476074
54444666.7920073718 436398.1166687012
50578213.4977140576 270162.7303824532
