51660805.1368888319 390427.5152053833
52339159.6598946378 417390.5940551758
53434605.5017333925 445844.7393798828
51071918.5864394084 355860.8797140941
56196751.9137975425 479033.2231445312
51151438.3673926815 357806.5887130126
52176085.2537502870 411653.9411010742
55695176.5630305782 475051.3872070312
51716525.2422357574 394637.5854253769
51104513.9712662026 356058.7860270366
53699252.5626353621 450630.3112792969
55311403.5155968294 470028.6127929688
52726563.0697292611 427846.6051025391
55484122.1735859737 473204.1250000000
50710888.8343413547 308291.2350679040
54399543.7157630846 461409.2988281250
50748433.5791416839 315085.8295270205
52145941.7184627950 408851.3518676758
54691660.2368464768 463587.9594726562
53085858.4125789329 437395.9129638672
50887051.5136257187 338221.7472832086
53546097.1070786417 448385.6604003906
54713233.7946752384 464511.7041015625
56317964.4701136723 479230.1752929688
50606950.8031431437 269871.3895354783
50698342.6271020547 302126.3205261528
50686699.1174445823 300728.0468295473
51572297.5861487612 387894.0619626045
53801918.4345112741 452889.0520019531
52889214.4669324458 431026.1745605469
55682202.1961713880 474078.4858398438
50685429.7791872248 300434.3776280540
50694627.8143002316 301494.9836868048
52641088.0381940752 425730.6162109375
55409447.1987246722 470869.0085449219
55425689.5612511039 471108.9179687500
56538668.7352482602 480148.1953125000
51303778.4079951271 363662.1603195891
50599574.8115819842 263110.3752017128
51523390.5570532829 384791.7808496952
51124711.8282720074 357378.4013875052
55970832.0607770383 476424.2890625000
51527992.6868073344 385308.9490737915
53430481.1016354784 445188.4667968750
51499599.7980144992 382373.2705459595
50898468.8076442480 339082.4588055909
50598445.3442199528 261505.9601680436
56815722.7233214229 482671.6191406250
55790165.5050330758 476164.5668945312
55483706.6960205585 472752.9218750000
51572631.8252035901 387940.6500816345
50878795.9035242721 337980.4560724678
51107040.8918020204 356911.8206055388
50671900.2772528604 300076.6889220658
55480501.9225730896 472627.4658203125
53470080.5053716078 446271.8067626953
50698786.7646335289 308286.4048293829
51676477.5780013576 390913.1355667114
56974451.9646406621 484007.7841796875
51408635.2764424086 377138.1709060669
50915683.1661732644 339101.7616015556
53754042.3065118641 451089.1495361328
53579582.9605608881 449517.1315917969
55383402.8333794773 470802.4475097656
53983936.4365697652 455176.4169921875
55593926.8250148296 473853.3549804688
55784487.5861818194 476098.0058593750
54681510.8072883040 463260.6333007812
51467122.3557942361 379872.3410243988
52810400.8362705335 430369.9019775391
50654406.2753829658 292422.9666334498
54152242.1238213703 457922.1191406250
56222793.6896600798 479088.4340820312
51566698.9881835282 387791.2383947372
51671009.5644753650 390891.5878372192
54640220.2456988990 462449.3715820312
54394282.8051339015 460351.2338867188
53543517.3687463328 447518.9981689453
53572189.5028075352 449254.6403808594
51555085.6359166428 387612.3672561646
54497402.1331938505 461709.1323242188
51522540.8335911557 384756.0259017944
50970399.4810853079 346594.3252116069
54397509.5937484577 461336.1918945312
56084767.0259394497 477473.8891601562
54112156.0019968599 456065.8693847656
56464597.1421292499 479757.7011718750
51535923.6538860053 386568.3895645142
52718481.5334584489 427540.5279541016
53031965.9099621251 436192.9730224609
50994917.6938848719 348447.1379519328
51597359.9065756276 389568.1448860168
51383836.5561080277 374313.1034011841
52520197.8145007715 422111.7456054688
52786295.6130056158 428292.6461181641
51215862.0492692515 363562.5496760234
50648673.9000339806 291884.8318587723
50664463.1932096183 298756.7625304642
51068329.0233944431 355671.8023844585
54855618.1464364827 465501.0825195312
56536097.8376312777 480028.5805664062
51050160.1412748173 353719.4116378906
51666841.1787866652 390688.2525100708
53776214.8872803673 452298.4311523438
50663586.7478992939 293106.0055656317
51593298.5738229454 388329.8732557297
56042243.0136273876 476804.4082031250
50611374.6456613988 270183.6494084140
51393475.6348000243 377127.4487380981
54068035.2117473185 455802.0729980469
50954034.1350800619 345611.7698261961
51535025.2435989305 385906.6640100479
56410859.8198986650 479472.4130859375
51545209.4192158207 387604.8693923950
51651429.9201141149 390057.8760647848
50606564.4088780805 269133.0119572422
54889103.9999187291 466632.5537109375
52516555.0100778490 421295.0207519531
52616749.5361182690 425360.3342285156
50698147.9389696866 301544.4248582125
52241761.5732962266 414258.6253051758
56196361.5966202691 478865.7065429688
54840071.9622828513 465094.5190429688
51702067.0451487303 393655.5101394653
52533144.5520673171 423422.7450256348
51593518.0210107341 389140.0152044296
56573282.7731529102 481476.9614257812
53946667.7746194601 454746.6069335938
50623475.0920628011 278080.7729715705
50842737.8966061622 325714.1420540097
56566711.7904811278 480889.1723632812
53855069.1141685992 453034.7849121094
51033777.5439683571 349343.5787551026
52777552.8063884228 428161.2403564453
50616741.0044005215 277421.6058782339
50657933.7491174191 293096.3991557243
53892252.0299628526 453462.8359375000
56677874.3459146991 482401.4692382812
51198528.3478600159 359542.1433769348
53771741.9777859002 451701.1616210938
50946132.0261561647 341304.3025065288
51726681.7146368697 394805.8555364609
50885172.4563244060 338033.8453010800
56593071.9376139939 482002.3520507812
50941990.3091741949 341062.5714884624
52295017.7095771506 415301.7787170410
51052873.8384200409 353772.4898353699
52731719.1887060627 428104.7080078125
50657111.0579829887 292945.3985993224
54142697.0913942084 456783.5312500000
56497083.2980734408 479991.4511718750
53229001.4592589363 441768.4151611328
56849208.5768036693 483803.0903320312
50954414.3302234933 345782.1319002393
50974599.1250488982 347914.2516032085
50842671.1647044793 323660.9669880569
51645122.0600757897 389813.5072240829
53730750.6578020826 451088.5261230469
51677890.1773818880 392040.3749599457
51759346.8327472284 396083.8372535706
53665256.4681364819 450077.7966308594
51469328.8755708337 380036.3513698578
50683899.8577920347 300224.4984666109
53781596.7992366329 452626.5607910156
56605046.6069351286 482077.5322265625
52412190.3881282434 419589.3033447266
52513211.9869085476 421124.0242919922
53044774.3977779672 436849.2456054688
53515231.2421133891 446412.3471679688
54590306.9274269640 462216.9536132812
56562442.0228297561 480444.0043945312
53433798.4230081588 445390.2144775391
53985622.1837094650 455670.3515625000
51683246.0851794332 392098.5536060333
57207253.6951001808 485004.9433593750
53283151.9767228961 443062.5826416016
50671886.8785800040 298817.1053058761
57006283.4844884127 484916.2700195312
51858103.1350341737 399690.2304496765
52833235.5435743481 430622.6958007812
55085034.9139267728 467745.7333984375
52272208.8777945712 414942.3465576172
50651904.1801305115 292210.7790461662
50722544.9436522648 308942.6774123907
54147169.8095136061 457404.7055664062
51871745.2850954607 400205.4610176086
52144659.2376257554 408696.9815368652
53123012.4440887272 438517.7382202148
52480113.5679699853 421047.6116943359
55242979.9720307663 469501.4101562500
52569248.0935091451 424837.2775878906
54231330.8466562256 457988.2878417969
50646391.2778739855 286157.2445202651
55234098.6123869717 469501.0659179688
50628398.9686864614 278164.3793073851
53457948.1814966723 446075.3985595703
52415557.6504949629 420027.1469421387
52516676.4354295582 421973.0844879150
52417051.9929399863 420075.0260620117
52301130.5818755254 416319.1257324219
52687640.6329315677 426875.0601806641
54563264.7226031274 461907.9667968750
54053110.8385788798 455730.3061523438
57334247.6857452765 485913.4291992188
52562095.5833843648 424588.5501708984
53126498.4167981222 439368.4852294922
52853784.6705063581 430762.0450439453
52971028.9950319976 435098.0219726562
53143676.9897806421 439548.6079101562
53202641.3121260703 440655.2354736328
55279204.7506323531 469546.4716796875
53883338.2936674580 453107.4975585938
53343419.8136855364 444027.1558837891
52991180.0673888922 435738.6724853516
52544939.1733777523 424319.2612304688
52301607.5739113390 416503.2761840820
50641224.5496238247 278593.0923396531
53032296.0096002594 436338.7972412109
52291374.1596758962 415101.1194458008
53284893.6326171309 443284.6867675781
52149980.1853215024 410066.5135498047
53356362.1515960097 444225.9401855469
54943893.9307255000 466986.2651367188
51435574.7838612348 378830.2998276949
53110524.1414783001 438036.3834838867
50774516.3399347663 316488.4717341661
53248833.1600957736 442512.9027099609
54266734.7661082223 458335.3671875000
54829104.9987465143 464741.6142578125
53165690.2004010826 439724.3741455078
52150587.8618398234 411054.6428833008
51374584.4933041632 373383.3619309664
53262487.3127411827 442899.8863525391
50711800.2975695059 308681.9401077032
50737977.6085399836 310449.9226120710
50733727.7206156328 309648.0759504735
53630094.3227647468 449521.4985351562
52532392.9500120208 422681.0715637207
51491562.6186319441 381811.6662522554
55285673.3114251569 469855.1215820312
54117972.0492745414 456307.2136230469
52526396.7952257991 422609.3173217773
53524477.9665770158 446705.8762207031
52464538.1508264840 420547.9588623047
51638739.3690999895 389804.9642918921
50837689.7579005733 318321.9412459569
50783092.2657607347 317405.6205276251
51432331.9755600318 377517.0855027437
50643054.4719473049 280270.0255691931
52608446.3658006117 425223.9129638672
50748012.9532424584 310929.0416010618
50927528.5317127332 339802.9040690288
51742067.8864305168 395498.2082891464
54941955.8582930043 466789.5131835938
50926900.4475414082 339124.0144485533
51788130.8184724450 396821.7344722748
52397370.7333585918 418172.3477783203
55038001.7959658876 467219.4042968750
51584065.7599758282 387994.5061570406
52184073.7153220698 412186.1140747070
52076994.7284839228 408210.3701515198
51952049.6273198873 403808.5308866501
51951228.3795888871 403397.7097959518
55174839.6075301021 468896.1953125000
51934120.1648832858 401941.5429811478
51839334.9594617039 398779.2986192428
54549547.6359954178 461837.9213867188
51940118.0954271853 402316.9415311813
55337245.1320356429 470068.7416992188
50725442.6458905637 309648.0697463751
55134106.0162264034 467774.4301757812
51742885.3893686235 395750.7651128769
54322585.9452650398 459197.8920898438
50861117.4235501885 331334.8520375714
51996527.9299528673 404248.7345705032
52076273.7204147801 406912.9911623001
51814895.9938113540 397486.2561674118
51941222.7789409608 403212.2631799430
50831246.2807302624 317456.7379021645
54939989.2060170323 466661.2504882812
52046563.3658551946 406393.4938373566
52965842.0895916894 431890.6788330078
51793279.5906666443 396940.9117460251
52074263.7152798995 406621.3393859863
52031284.4924265966 405890.5885057449
55216464.9355767518 469289.2661132812
54305850.0117188692 458765.0312500000
51019369.0346254334 348929.2194209993
52004216.0981948972 404807.7503625602
52028043.1853328273 405848.8233606070
51909924.0254115164 401321.9755517691
55180170.2243508995 468955.5620117188
54271811.2034613043 458663.4667968750
54269425.8511728123 458617.0180664062
54369857.1282154769 459613.1655273438
54347983.5351905674 459305.7700195312
54319079.4146443680 458829.8344726562
51931759.8874936923 401660.6204700470
54285040.6063868031 458728.2700195312
52139973.3156970218 408542.7004959583
