51286782.7069981322 352785.8787748279
52075948.7939008772 386124.5200831890
57720747.6248245239 459293.3657226562
50576631.8647701517 263299.8423280600
50583928.6064255089 270234.4349861881
52341482.8746480867 388981.2868669033
57975643.4769188464 460432.4916992188
50609693.7200943381 291268.3183669373
50776883.8037063554 322801.6614437090
51378369.2753401548 360720.7830992937
57324154.2619272470 455099.3532714844
57763339.5398326963 460256.9179687500
50614340.2394906431 292104.2730747983
50744247.8832148984 315820.5589656816
50622786.8537794426 298684.5381063148
50842772.7512902543 330527.0112963082
51938495.2912794873 380863.8472735882
52528226.9478807822 392793.1798970997
52986493.8526802287 399919.1012225449
56821730.8600768149 450289.9846191406
50576449.0471595824 256492.1726359683
50641142.6940084845 300004.4077800959
51123980.1469261572 347242.8016864122
52673537.5016701967 394059.0083270371
52043330.6004319638 381184.5732674599
57368440.6920028776 457081.4057617188
50666811.9760655537 306633.3810595497
50779030.5638137460 323049.3635132299
50881258.8919941112 331143.6954895990
51908329.7015444860 380540.7798104286
57008893.3073030561 452855.7413330078
56369231.1708834767 441805.6199951172
56856485.9419153780 451154.6275634766
52313096.2846003175 386543.7865803838
50863908.1630733311 330590.6254632758
51879545.2527893111 379414.7345784307
52533072.0336883962 392840.5192917585
56598458.3177717775 448540.7071533203
50893110.2417556867 332010.8149492280
51060534.9907743335 345331.6169508757
51596759.4692384005 368318.7203842625
52673804.3453895524 394620.8728297289
52468976.9763910472 391374.3088224232
56314987.6593860090 441710.1995849609
52673944.0084085166 396250.3432691395
56173595.8566056043 440788.6011962891
56502091.3274543285 447192.4237060547
51067795.7755796015 346353.5824089707
51163094.4008940682 349948.2001239122
51758074.4588113949 374429.8117941245
56494132.2006603777 446054.5875244141
50623819.4479558170 298822.9574780017
50774811.0255244076 322787.6022052752
50579600.1566096991 264012.0805044058
50596386.2447134331 284399.4471019953
52470481.9095466882 392161.5504412949
50573360.7808182910 256447.2236547354
50607158.3846012428 290307.8340182411
50783095.6783960909 323710.8778180834
51176469.4295379594 350512.6509275064
51290208.3069972843 355821.3746963963
50632281.4448301792 299012.8090655133
50582292.2014737129 269457.3644028776
50665307.2117101103 306010.9099448058
50632529.2464919835 299020.7347912341
50724247.3394959643 315043.0712900907
52333561.7146917209 387509.3234263361
56598081.9588479698 447673.2879638672
50605248.8623988256 285252.5929600522
51851148.7816804945 375568.5614662990
50639624.3553107306 299733.6331295520
50621047.9503810182 292213.0083813220
51193222.7900064662 352718.0341977701
50982923.2891458273 337503.9529494108
51421887.7236819044 360966.1274668202
51457566.6601176709 361145.5548111424
51458957.0384861305 361530.3552261814
50603334.4894921109 284606.5072971210
50604575.3915251046 284795.0084685311
51118459.1806457192 346733.7896538438
51767659.8371570855 374633.4264181480
51556822.0649122521 367073.3662476242
50581785.6591947153 269392.7177686905
50592256.2814363390 277023.0895378846
50767895.4251977056 322580.9505672441
51366757.8112609759 360489.2822281346
51618542.2166989595 368901.1393850669
50576464.3793283626 262521.8331861710
50595313.1141735986 283707.1445540413
50820873.8079626635 324224.7174768434
70138890.7014583051 483143.1044921875
70785011.4314511865 483773.4648437500
70818787.7017504126 485913.4291992188
50945969.5550973788 337461.8326773109
51058480.7075493634 345127.2043019371
51513824.2132231817 364447.9198962450
50989752.4162861034 338885.9199470343
50586925.9723604023 270315.9594509411
50610579.8990130946 291500.8188330382
50662211.8926451579 305824.0207044035
51041489.0055906698 344960.4839552702
51431098.8608647957 361133.8105350137
51376343.1896066666 360637.6696945652
50943099.9371136501 337235.6931456389
51216996.4713938385 352770.7654167637
50597215.1479490027 284461.1643542275
53809118.8623593822 409959.1572875977
51676748.8594724461 369431.2942772731
51539472.2829783335 367058.7398489341
51464243.0305927992 363738.6422974095
51360944.9992286861 359494.2610641941
50661545.1336993054 305820.4336846322
51360128.0624681786 359483.4112335667
51350266.1869602501 359456.8151489720
53280773.1153406277 403509.4250030518
53691349.5606909171 409819.0996856689
50620843.7011095211 292172.5338277295
50683199.1856375188 307763.5000919551
50593405.5527782738 283555.2936877236
53459722.3464037403 404310.1853637695
50591056.5443440005 276988.3123678449
53635621.7484099492 405192.0484008789
51193067.3693419546 350900.6716813669
53215926.3853312805 402167.5167694092
50622066.6477042809 298065.3847994911
50706015.8598286882 308229.5844193920
50765415.5504047424 321859.0929836617
50721767.4647030011 314321.2137065083
50708381.8706147894 309195.2894138023
53283147.4091783836 403619.5349884033
53188012.6025190875 401743.3285102844
53268025.0019730255 402715.1518363953
50759757.5720197037 316235.1742863046
53427795.1070160344 403889.3295707703
50637408.2404564694 299029.0125420541
53199315.9329886958 402058.8792533875
50673438.6874052584 307561.3027867228
56460502.1512646228 442851.1082763672
56132431.2018545046 436579.2091064453
55583145.7783771679 426736.0910491943
50588484.6351327226 276060.1905131852
55654134.1088478938 431486.0324554443
55203102.3089042231 424711.0250091553
55720966.5761769935 431661.4601898193
50661132.9809320346 300051.1610115916
52967397.3063285872 396604.7225204110
55389058.2539908215 425367.3415374756
56038417.4083293900 433954.9842529297
55110013.7134074196 417517.0593500137
54752457.3353075013 415544.3214349747
55096388.2598223910 416457.8191188574
55199526.7867189273 418460.6148920059
55102531.9829104915 416493.7450189590
