178304844.8736456335 2532399.3886718750
183603903.6899300814 3146975.6816406250
183488129.9410718679 3145832.2656250000
183542783.0501888394 3145993.2753906250
177608210.4319899976 2325890.5976562500
178197741.3111308813 2517495.6347656250
179165081.8969451189 2698964.2714843750
179985629.9245215058 2823666.5039062500
183436947.8151293099 3141853.6855468750
183645116.6794770062 3148425.5214843750
183277584.0881311595 3137300.8007812500
183127066.8962348700 3127579.3203125000
186328400.6597150564 3282517.3847656250
190451267.5782066584 3385649.1796875000
190595761.9732458293 3387851.6757812500
190961977.8311651945 3394212.7734375000
178139732.3623475730 2490682.7949218750
180437558.9744819999 2878962.5234375000
181382503.5419489145 2968812.2558593750
182229508.0966629982 3058149.0839843750
182748034.2607541680 3099181.1289062500
183371982.2404598892 3139599.2851562500
190854217.1001354456 3392980.2265625000
181537393.7796025574 2991199.4003906250
183082235.7601483762 3119030.1191406250
186080882.5852951407 3271991.9433593750
187655906.6075984538 3326049.6484375000
181408310.9541500509 2972290.9414062500
181456196.8915435672 2980809.2128906250
188383154.9331850111 3342835.3144531250
178181670.2157358825 2505774.9843750000
186373259.3000200391 3285233.4140625000
186527020.4799322486 3292547.7890625000
188172782.2923798263 3340047.6445312500
183089437.5059853196 3123346.2578125000
185656618.4740031660 3256797.6171875000
185620137.1498351693 3255695.0390625000
181458833.9194545448 2987662.9238281250
177459288.5553497970 2293580.0722656250
178245862.7964096367 2519988.9687500000
178394855.9328581691 2544454.3085937500
188006071.5831849277 3336082.5195312500
177419940.1874252260 2273116.3281250000
179809572.0674470365 2801623.8476562500
183003046.1281233132 3118328.1894531250
188224552.8344983757 3342025.1230468750
185764457.4220621586 3262462.3300781250
185603247.7883113027 3254750.5058593750
177533693.3563677371 2314797.1582031250
178382037.0186850131 2542805.3613281250
178282989.7868981659 2531595.4492187500
182964283.5086591542 3114344.3476562500
190727882.3309605122 3391449.8281250000
178315088.4280236363 2535753.4843750000
186792410.1471832991 3301183.4160156250
177508105.3577265441 2308891.8554687500
181529096.8612078130 2990724.9082031250
182429160.5862909853 3077073.0546875000
186860490.0366257429 3304792.5644531250
177595037.9072136581 2325158.2695312500
185021044.1345804632 3212125.7832031250
185494463.4359360933 3248526.3183593750
185769984.3219014406 3263116.6132812500
177412491.1662379205 2256083.0996093750
177553296.1222019494 2323566.5703125000
178258524.0344349146 2522864.5644531250
182938582.1442219317 3113420.4531250000
180411754.6707397103 2870225.0644531250
182396775.8607059121 3073664.1855468750
184733407.3040893972 3202623.0273437500
178338481.5060610175 2538233.6503906250
182416896.7493501008 3074316.0566406250
189511133.5305687785 3365991.3593750000
178340160.1300003827 2538533.8769531250
184603727.6169826090 3200644.9570312500
177360963.7604359090 2239410.4248046875
179923618.7083535194 2817249.8906250000
178259940.1260092556 2525383.8066406250
184786075.0569113195 3206847.8066406250
187965985.2558669150 3334717.1074218750
177378908.8521778584 2247979.1943359375
177414053.2610328496 2271168.5351562500
179032687.6407720447 2669862.1152343750
180100458.3246003985 2835153.5312500000
182254774.3462529480 3064532.0117187500
182828547.0157866776 3103845.5742187500
184478165.4934769869 3196206.0683593750
177473250.8621052206 2299835.8359375000
178967308.0015016198 2658418.1386718750
180053455.9993585944 2832993.6523437500
190811720.3926891983 3392303.1406250000
182913073.1016447842 3108498.3554687500
190743604.3106518686 3392008.0898437500
190816936.7766444385 3392544.9023437500
182482328.7581129670 3079100.6191406250
177433460.9310394824 2282968.8945312500
182078368.0142988861 3048252.3320312500
184565354.9214050770 3197584.3183593750
190521949.7235746682 3387829.7382812500
178033390.2954687476 2466962.4003906250
190061617.6235238612 3377198.6972656250
178949037.9373435080 2656357.5039062500
184350248.1224070489 3186513.3808593750
177386114.1206954420 2250101.5322265625
181996247.7206526101 3036480.6035156250
192960455.9429115951 3402550.6679687500
177427885.5117847025 2276940.1503906250
189673284.6471859217 3370061.0429687500
189652627.8104348183 3369945.4960937500
192814439.9277086258 3402181.7070312500
182357352.7874169946 3069455.3164062500
182119442.8715911806 3053185.8886718750
182581319.5951721072 3086153.7343750000
181589302.1081927121 2998991.2324218750
181601879.5078736246 2999374.5839843750
187881726.7559204400 3333981.5605468750
188064178.0777303874 3336347.2578125000
179911179.9893619418 2815788.2910156250
180044170.3793957233 2829866.3359375000
181552039.6004365385 2992861.4980468750
187673219.2766299546 3326732.1582031250
180720722.4537467360 2898475.8164062500
188062189.0338990092 3336103.9433593750
190479918.9513730109 3386754.0742187500
190640182.7537085712 3390662.2539062500
178067480.5876730978 2479112.6855468750
187683352.4524941146 3328760.8867187500
179067035.2056027949 2681647.6914062500
179893307.6120017767 2814038.3847656250
180625637.5718867183 2896086.1093750000
182736744.1557155252 3097271.1308593750
180594110.9180975556 2890737.0742187500
180555518.7837978005 2889935.9902343750
186886146.0578607321 3305058.3847656250
179741980.2248447835 2783937.1425781250
180575378.4335802197 2890375.6386718750
182441810.2792084515 3078310.6777343750
190196290.4281743169 3378710.1406250000
177746458.8361097276 2383419.2148437500
179762514.2444350123 2793431.2734375000
180911614.4130927622 2905599.0410156250
180492900.7494468093 2883101.7988281250
177696618.9759565592 2367341.7910156250
182638480.2911617756 3091178.8320312500
178078595.2863538861 2486663.5820312500
179225461.5143599808 2710057.7382812500
186564243.3778319359 3294012.4160156250
179190529.6767914891 2699026.7968750000
184175185.5041675568 3176182.3671875000
177402635.6726905704 2256025.2705078125
178019476.8780509531 2462699.0625000000
178915406.0115099549 2653675.7382812500
179769971.0973275900 2797797.4882812500
190201701.9953017831 3379747.8789062500
177353806.4163529575 2230205.1318359375
185842748.5399141908 3264692.4042968750
178024918.8710480928 2463172.2480468750
179002689.4702589214 2666578.3808593750
179254700.1038900316 2713131.0644531250
186848156.7943226695 3301696.2558593750
189964012.8803601861 3376916.9589843750
187845132.3043987453 3331536.5527343750
181549078.2285647392 2992779.7832031250
189905973.7782274187 3376430.9511718750
193515525.2547110915 3403398.7460937500
180324070.4923282862 2860560.0292968750
184201567.3988975286 3179202.4785156250
177758932.9293346703 2387349.3476562500
178967750.0323251188 2663437.8984375000
183976963.8672577739 3166204.9160156250
182360005.7325599492 3072469.1269531250
181652597.9714666307 3006924.4003906250
186570867.9181279540 3295076.2441406250
177996569.7032353878 2460267.7558593750
180312914.6023460627 2854233.6503906250
186593149.1451997757 3295383.1503906250
187729387.8503194749 3329560.4199218750
184427076.3720734417 3189758.7500000000
189130969.2931808829 3357316.3828125000
188974234.1613578498 3356425.5117187500
190263117.4319188297 3382714.2539062500
177873067.0128730834 2413234.5820312500
184102796.7043890953 3174138.6777343750
186204819.3547758460 3281878.8105468750
186102286.1565792561 3277136.1093750000
184345985.6346522868 3184503.1875000000
184458978.0286047161 3190371.3671875000
188799488.7199419737 3351865.4355468750
184246876.2780945301 3182139.3847656250
184044773.6167292595 3171042.1933593750
179108852.3250230849 2692513.5996093750
188581490.5193455815 3346293.3261718750
178463631.2037687600 2550616.3984375000
192449512.2470706105 3399663.7304687500
179039276.5011683106 2678462.0527343750
179045219.7248777449 2681054.1484375000
184161893.9767031670 3175100.1074218750
178420645.7558675706 2548492.4179687500
181864293.5357483327 3027198.1171875000
183852360.5581639409 3159139.5234375000
178584891.1305216551 2563158.3554687500
180365176.6963350773 2862582.3828125000
180370049.8487541080 2863903.6875000000
188939282.6385870874 3354329.1894531250
192657305.4026834667 3401344.8203125000
188823018.8155439496 3352102.7324218750
188693389.9414513409 3350914.4707031250
192580992.6731134653 3400311.2539062500
179276317.6574428678 2715267.6582031250
192648205.2106748521 3401268.9023437500
187115039.0098885596 3311300.9257812500
186427058.2053349614 3289859.4960937500
177876004.3135928214 2420068.3808593750
193403536.6087717116 3403158.0312500000
193821010.2414929271 3403495.8125000000
193535413.7600233257 3403490.9453125000
192066027.6766813695 3396934.9296875000
183917982.3335308135 3159531.3632812500
179434989.1125302613 2728532.6523437500
179117059.3854517043 2693739.6328125000
178489826.7172080874 2559835.4316406250
179315520.0901471674 2720406.5703125000
179383515.9207151830 2721928.9316406250
179408396.6476481259 2727007.2851562500
192492679.4945987463 3400179.8359375000
185885930.0952663422 3265066.6953125000
192857352.4344833493 3402328.1132812500
188454452.7389985323 3345604.6250000000
189634305.6216126382 3366482.1738281250
183769306.3182200491 3152109.4785156250
180266239.6035659909 2854173.1445312500
185897616.1227325201 3266777.4570312500
183758117.3773896396 3149328.0390625000
192472071.8508348763 3400137.9023437500
187266947.2233046591 3315313.3339843750
180184047.7753968835 2838267.4804687500
187200351.1587066948 3312035.9023437500
187765156.9025195837 3330078.2187500000
187477139.3309795558 3322112.5390625000
187583424.4831081331 3325462.5371093750
187443621.8427902162 3320780.6035156250
187160460.7758266032 3311302.1601562500
181969817.0273741186 3036423.7304687500
186945164.4475346506 3305422.3105468750
193081634.4608208835 3402979.1015625000
177825127.1560805738 2404259.8789062500
193024449.9322400093 3402944.2304687500
181915816.6769732237 3029188.0976562500
190143750.3148865998 3378401.8261718750
177674311.9153546393 2359155.6035156250
192997565.4500829279 3402901.4492187500
177640040.5342452228 2343434.9882812500
177952893.5838050246 2443312.3066406250
179658172.0178500712 2769916.6933593750
181903924.2536828518 3028823.4589843750
177718576.1160816550 2370175.9589843750
177945055.6720383763 2441073.6074218750
180229426.5192480385 2844693.4648437500
177928149.9300617278 2433163.7050781250
177857534.3380115926 2413192.7910156250
177886192.4105503857 2422232.3945312500
177909712.0234072506 2430275.9570312500
177838034.7195451856 2410674.3554687500
177691612.6104296148 2366288.3613281250
177776347.4087311327 2393108.2636718750
177622364.1247882545 2330785.5800781250
192049742.4703957736 3395221.1406250000
177720563.5573050678 2371179.2363281250
181804819.3467008173 3018174.8984375000
179629115.3401871622 2758136.6640625000
192233710.4028177261 3397198.3593750000
179651388.9697646201 2766090.4277343750
177635693.4383567870 2336954.2324218750
191771734.5833767354 3394302.3242187500
179642607.4646399021 2764057.8222656250
180899245.9355185628 2905400.1699218750
179634186.9824061394 2758214.1523437500
191960365.5972791314 3394595.9296875000
185327546.6624469459 3225730.4843750000
185359526.1588963270 3228700.6308593750
181027890.1486207843 2917400.9980468750
180988715.7828526199 2910838.2695312500
185373777.9810650349 3228720.8066406250
185229162.0480033159 3220728.9941406250
185135453.1843954921 3215530.6367187500
179514420.5310644209 2729856.5371093750
179515584.9673043191 2730961.9453125000
179495083.9420541823 2729557.6093750000
178888472.9502031505 2604247.8496093750
178717345.6451720893 2573972.6015625000
178839562.0310857892 2596839.0605468750
181176875.1290298104 2924286.9941406250
178787814.3492058814 2587087.9355468750
181311655.5701098740 2935523.9980468750
178716651.6939509511 2571574.0371093750
181118375.3586407602 2920991.5175781250
181236999.1093154252 2935072.8730468750
178829183.9592663348 2594711.5214843750
178864438.2681128979 2603299.5976562500
181313482.4373667240 2937850.6679687500
