187184906.3321080506 3288479.9609375000
188864279.5125193000 3333290.3007812500
189385852.4708980322 3348091.6425781250
189305697.7398136258 3343358.1289062500
188971392.6911098063 3339811.5761718750
189008550.7974517345 3340174.9824218750
189215394.0661697984 3340630.2011718750
192085621.4317922890 3378668.6835937500
179892630.9253573120 2748174.6738281250
178321410.4700513184 2419978.4687500000
178996332.5889294744 2610644.5195312500
178994956.0283634663 2610493.4433593750
179624152.5668285787 2718358.1054687500
179869463.6204618514 2743160.3320312500
179768879.6812594831 2736776.9218750000
179626797.6340694129 2725703.0273437500
189253392.9400934279 3341846.0761718750
178203696.6092679203 2377938.6875000000
178219087.1483374834 2400025.8417968750
178267948.3170212507 2401131.9179687500
178744582.5094138682 2575203.0566406250
178864438.2681128979 2603299.5976562500
178835117.1728765368 2592409.0117187500
179486996.1851178706 2697581.5566406250
179508701.6243527234 2708927.3359375000
179605392.4310652912 2717281.0117187500
181783048.4173387289 2981100.9882812500
187485113.4904063344 3298820.8808593750
187447682.2277460992 3297540.0703125000
189093303.4342232943 3340298.4316406250
178816020.1270149648 2583283.0312500000
178171759.7219629884 2377623.0429687500
178749302.6735562384 2581934.1894531250
179371619.2183692753 2681966.1289062500
179451420.5655063093 2697241.1562500000
181398383.6880219877 2949902.2480468750
181510867.6853336692 2961981.4218750000
181731910.8247434497 2976289.5742187500
187562729.3722492158 3300304.0839843750
187654690.4365022779 3304277.2832031250
187376241.6753013134 3296167.8710937500
188962734.5508395433 3334930.7910156250
179764583.4628434777 2730932.5449218750
179505093.3731411994 2700701.1835937500
179376085.7989217937 2690747.6445312500
181790646.0494835973 2982122.9960937500
187445971.6150721610 3296578.7832031250
178206241.7930188477 2378540.4511718750
178167344.2986406386 2370560.9941406250
178605872.6648766696 2539836.9394531250
178733008.8164995611 2566085.2070312500
178658162.3457778394 2558906.8671875000
179289009.1541685164 2677708.4101562500
179162743.9730921090 2651031.3789062500
179201373.0250632465 2660390.7910156250
181778968.7998728752 2977983.1738281250
182005462.6182960272 2998332.4707031250
187280585.9509105682 3294079.8437500000
188560513.7166435421 3324512.7128906250
191391939.3637236655 3367155.4804687500
192795526.9833964109 3383886.6523437500
192983519.6252318025 3383926.1796875000
193084301.1386264265 3384292.0664062500
178154430.3779751658 2364419.3535156250
181701325.0446675718 2973899.3046875000
181755876.4841644466 2977505.5937500000
182032234.9733563662 3000528.2031250000
184921562.0829855204 3189248.2070312500
185325556.2703624964 3207744.8925781250
187221124.5680574179 3291006.6523437500
186766032.1635196209 3273698.2636718750
190800693.1222172379 3365857.4921875000
178215200.4054774642 2393100.9062500000
179287288.5627783239 2670941.7402343750
179262445.1412786841 2668818.1191406250
179277883.1448000371 2669333.0703125000
186930130.2265010774 3276982.8398437500
197248380.0795879364 3393946.0351562500
179183332.0685491860 2659074.9414062500
182188363.0311416388 3012345.7050781250
184623342.4138232470 3177812.2011718750
184616843.1116682291 3177274.7695312500
186998632.4210786819 3283964.7714843750
188569165.0221222341 3325635.2421875000
188441649.5697970390 3323770.5390625000
188893700.4061208367 3334058.9003906250
197597266.6958717108 3396022.6171875000
179253858.2233000100 2664113.9531250000
181700957.3062661886 2972522.4804687500
188721757.4903276265 3331432.8476562500
190797884.1462414861 3365104.1992187500
191940359.9524117708 3377781.8710937500
192791486.9700164795 3383394.1093750000
192596458.2503071427 3383245.2187500000
179131997.4827053249 2646331.0527343750
181725231.2065015137 2974256.9082031250
181901075.7641546726 2992480.8125000000
188733916.3788544834 3332794.7753906250
188615804.2775893509 3329446.6816406250
188581037.1727485657 3328030.7265625000
190364739.5111535788 3359421.4453125000
190769878.9528667331 3364193.7656250000
179097105.7841907442 2633521.1875000000
182123714.8630245924 3006252.6328125000
178213976.5128107071 2384506.3457031250
178295450.1671383679 2414074.4882812500
178249332.1355212927 2400422.6074218750
178410862.9032061696 2443350.9433593750
178988863.9157723188 2609984.1074218750
179118999.6823078990 2639882.2773437500
179023922.9463977814 2624497.8437500000
181828999.1963377595 2985918.6933593750
181614798.0574704409 2968993.8632812500
182836321.7748429179 3037574.7480468750
182333965.4303873181 3015197.6699218750
184707644.4188883305 3181844.0527343750
191936668.0105836093 3376813.3437500000
178392730.8751299381 2439385.0449218750
179008680.8840108514 2613318.4980468750
179021049.1730068326 2618685.4765625000
182519386.4838030040 3032808.9277343750
188623046.1419067979 3329605.1933593750
190419850.5177119672 3361141.4843750000
178434121.6730556786 2451650.7792968750
182486274.0262692571 3027879.8027343750
183649925.9276121259 3113212.3496093750
185089146.9480657578 3198727.9960937500
184928480.1894259751 3193095.4121093750
187100119.3423252106 3285384.1113281250
188634441.2057721317 3330653.1308593750
192087262.7741220891 3378973.7968750000
192169685.8550804555 3379147.6250000000
192500620.0086365640 3382080.2226562500
178356950.5681091249 2423397.4609375000
180330337.5739249289 2807590.0273437500
180222698.5715606213 2792662.8652343750
182478016.5175639987 3023596.4238281250
184753068.5932353139 3182336.7832031250
184995739.5120343566 3195057.2128906250
185158174.5080122948 3202658.4042968750
190530871.0798801482 3362593.5664062500
182560866.7446531951 3032950.4609375000
182666185.6103680432 3033485.4277343750
184944578.3887502849 3193423.0605468750
184711537.2659327984 3182262.6992187500
181313482.4373667240 2937850.6679687500
181377331.7325209081 2943723.3144531250
182359367.0114643574 3021769.9296875000
183788658.4881680012 3119359.0488281250
184796309.7310027778 3186964.6972656250
184839489.1244152188 3188618.0820312500
186678054.7979283333 3265002.9550781250
187168202.4901763201 3286837.2363281250
190116679.0776440203 3357467.5585937500
191167471.2603077292 3366346.6093750000
196762655.9166767597 3392159.3398437500
197240716.9172126055 3392931.5820312500
197183427.2092067599 3392531.0156250000
178428997.8179982603 2447587.7636718750
181196902.6161319315 2920305.0292968750
181300217.7179937661 2933717.6972656250
185563874.8201688826 3207746.2500000000
185060397.5000941455 3195653.7363281250
192252830.6305384934 3379699.1562500000
192393871.6098052859 3380941.5937500000
178332909.4054923952 2422169.3320312500
178374761.7313530147 2429107.6250000000
178819875.5449334085 2586298.4296875000
178692874.0296964049 2560928.5410156250
181284631.2774005532 2932458.6894531250
181264014.9277210832 2930658.1679687500
190150502.6466350257 3358085.3281250000
190022317.4533994198 3354539.9433593750
197088417.7739267349 3392394.2265625000
180338171.3972859681 2808614.7675781250
190790758.3695983887 3364737.0156250000
190730328.2829379141 3364113.5898437500
178743619.4157271981 2568238.2617187500
180338448.4078378677 2810714.9218750000
186710905.3617649674 3267373.5000000000
190509898.4683111012 3362417.7382812500
178793956.0037808120 2582197.2421875000
178695061.0366184413 2562403.3789062500
180216200.2372099459 2791118.2441406250
182188038.0475502312 3009036.8984375000
184775650.6810923219 3182769.4433593750
189827612.4210999012 3351106.1210937500
190173974.8933471739 3358396.8164062500
189995357.4157114327 3354371.0742187500
191630122.7400348485 3372219.4570312500
191844199.6154725254 3375136.8437500000
191575671.6769388318 3369506.9589843750
178382187.6960112751 2429179.6191406250
178621926.7181088030 2540264.9121093750
182097737.2389939725 3000611.6972656250
184485601.4168500304 3162349.4804687500
187819124.7325190604 3304498.1308593750
188033894.5101951659 3310245.3984375000
191865074.7564277947 3376773.3046875000
197239696.4387401342 3392704.8085937500
178645876.6379004121 2544742.9355468750
180445378.6260484457 2820485.9179687500
184454648.6912469268 3161634.0371093750
178575697.2226351500 2512033.4062500000
197368718.2588473260 3394098.2734375000
187958823.2463643551 3308867.8046875000
188113890.0746359229 3313845.1132812500
180290916.8282949924 2803370.0000000000
187933687.1805309355 3307967.2636718750
187870624.7873663902 3307589.4707031250
192257546.1017458439 3380668.0312500000
184346228.2924045920 3157302.3281250000
181256728.0890746415 2923033.7089843750
178547866.0158571601 2502413.6250000000
180556707.6542847455 2833918.8828125000
184355056.7338082194 3158807.7304687500
180657678.9981373250 2843700.5214843750
178454499.3350193202 2466941.4941406250
180464195.1109842658 2826725.0371093750
180417552.1491279602 2816809.8515625000
197396570.6908819973 3394808.0000000000
178590959.6464453936 2514860.2304687500
178513125.4013966024 2486402.4804687500
178565091.0778877139 2510964.4472656250
178576797.7100473642 2512677.9062500000
178533306.5863488317 2502063.5390625000
180992551.5277662277 2890321.0664062500
180981127.6878803968 2887800.7343750000
181087778.7964364290 2899861.5683593750
184415768.2221818268 3160417.8789062500
178522184.9150678217 2496563.4199218750
181065312.0167282820 2898554.1875000000
181014576.4470121562 2895103.5996093750
184019421.3742758334 3137602.4335937500
181129785.2266386151 2905505.0722656250
183905680.0664184391 3128058.3183593750
184009993.4656368196 3135743.8789062500
181132628.8947710395 2906217.8339843750
178476391.9772579372 2472658.2734375000
180380104.3519763350 2814723.3066406250
181028306.3985210955 2898148.8671875000
184125679.1346384585 3145078.7851562500
184244290.6181459725 3152195.0273437500
188028558.2063694000 3310054.0878906250
180854531.7303689420 2853445.3183593750
178491735.4603959024 2477132.1503906250
178517548.6642993987 2487744.7519531250
184323881.3878329694 3156174.1953125000
184030634.8669526279 3139023.2304687500
184201396.2450578809 3150108.4824218750
178491522.3890134394 2475904.0156250000
178507899.0632394850 2485873.8828125000
178503816.0000250638 2479968.6542968750
183732353.1828035712 3118000.1210937500
183803918.8357114792 3124042.4003906250
183841736.9943828881 3124949.9550781250
183582101.4413813055 3105597.1210937500
188040284.1134569347 3310480.9121093750
185849141.2581261396 3221304.3457031250
187979414.0972406268 3309719.2441406250
183377611.1734733284 3091530.9648437500
183467621.4358766079 3098141.0625000000
183372576.0681096613 3091487.3535156250
183159242.9938924909 3069443.4765625000
183235684.3148861229 3078432.4921875000
183272032.3895277679 3084782.1289062500
180519797.9654461443 2827082.6464843750
180525761.5131906867 2829240.6855468750
180727010.6923500896 2851537.0878906250
183187350.9255626500 3076971.4218750000
180678296.0902820826 2844289.2871093750
180697519.8270924389 2850572.1835937500
183331495.8357520401 3087002.2929687500
183058337.5920924842 3058973.6230468750
183135771.7268889248 3059076.1523437500
183143804.0781727433 3067143.5625000000
183142324.3838207126 3062968.6718750000
182931548.3672934771 3051231.8183593750
182850116.2810403705 3043021.5136718750
182890868.2867666185 3046851.5058593750
183014208.5043886006 3055993.1406250000
182918421.3351499140 3049361.2226562500
180681141.4788701534 2846319.9296875000
180641556.4319326878 2842274.3164062500
186627026.5988913476 3255058.2324218750
186675373.0960988998 3256257.9648437500
186368688.1603940427 3239867.5429687500
186417324.8569071889 3240645.1640625000
186262260.1215108931 3234963.2441406250
180860374.0298829973 2863994.7441406250
186485352.5051060617 3242194.7812500000
186302441.5567724109 3235041.2167968750
186203841.6186527610 3234779.5703125000
186159126.1657557786 3229632.2207031250
186084875.5454801321 3227036.4511718750
186089613.7505090833 3228590.5410156250
185773518.9573746622 3213079.8925781250
185722229.4780515730 3209652.1894531250
180883265.5423676968 2865117.0722656250
