187432131.6267792284 3319637.9355468750
187754170.2486545742 3327628.2890625000
188164369.1496541202 3336325.3554687500
188569805.6542375982 3346108.3847656250
188698036.0131570995 3350901.3808593750
189027625.8657630682 3353485.8125000000
190922409.3807599545 3389412.3867187500
190507581.0010767877 3384048.6250000000
192492679.4945987463 3400179.8359375000
179398894.1827473938 2720606.4863281250
179433576.1052008569 2725273.2363281250
179315747.1673016250 2713654.1269531250
182400368.1591621339 3058394.1093750000
182465148.0161576271 3070605.5097656250
178360700.9993210733 2537987.5410156250
179189793.8243711293 2687555.9199218750
179220873.7026432455 2706536.3398437500
180360688.8908848763 2857526.3906250000
181889560.1855666339 3020254.3867187500
182401910.8782882392 3068709.9648437500
183640842.2071752250 3140877.7500000000
185885930.0952663422 3265066.6953125000
186109262.0786918402 3275300.3320312500
186924966.0121197402 3301635.0000000000
187117331.1341314614 3306548.0800781250
188824143.3468624949 3350952.1386718750
192857352.4344833493 3402328.1132812500
193400322.6516726613 3402981.5742187500
179074855.1456663311 2676200.9785156250
179205220.4764238298 2697750.5742187500
180368917.6126323938 2859335.4746093750
181890822.2942577302 3023030.2597656250
185947639.0025613904 3268538.2792968750
188454452.7389985323 3345604.6250000000
188635378.6902074516 3346174.8554687500
189634305.6216126382 3366482.1738281250
179082702.9411354959 2683034.7773437500
179972970.4797981679 2815767.5742187500
180450896.5211918354 2873788.0117187500
180525812.8124786019 2876931.6933593750
182592960.9394328892 3080054.9531250000
182504618.9869617820 3072940.3027343750
184064680.6612745225 3159339.6191406250
187834389.0964323580 3331132.5507812500
188263207.7925843894 3339783.8554687500
185594082.6363478899 3241366.0410156250
188972229.0732836425 3352489.0996093750
188846609.0633095801 3351047.0058593750
189529022.0358057320 3354833.4453125000
183769306.3182200491 3152109.4785156250
179744885.9291288257 2783992.8828125000
183831784.6873017251 3154739.7460937500
190628340.0757936835 3386974.0859375000
180266239.6035659909 2854173.1445312500
178391709.1508182287 2541150.3535156250
183739293.8738649786 3148838.7792968750
185897616.1227325201 3266777.4570312500
187902972.3851364553 3331704.6132812500
179305978.5168301761 2707344.5800781250
183758117.3773896396 3149328.0390625000
188401608.7445399761 3342305.8652343750
192472071.8508348763 3400137.9023437500
184156245.3400332630 3169343.4492187500
183677566.6681297421 3148321.9121093750
178393792.9745302796 2542526.4511718750
183872035.6567486823 3158291.1777343750
177431770.1255132258 2270908.4375000000
180032584.1931997836 2822425.9375000000
187266947.2233046591 3315313.3339843750
189535719.8027143180 3364673.5859375000
180081475.7685011029 2830686.2089843750
182169037.3127956688 3049668.9453125000
183102802.1455946267 3110745.8984375000
185860988.7645885944 3262297.0429687500
187701239.1330713332 3326452.8730468750
180184047.7753968835 2838267.4804687500
187918693.4767442346 3332726.9140625000
185835118.8218749762 3261689.5351562500
187872627.4271695018 3331572.9335937500
180011980.7251645029 2820725.9101562500
177387668.6591759026 2249834.0478515625
179866472.5885736644 2804164.9082031250
185710328.9065281749 3256107.3535156250
185730785.9974526763 3257615.6875000000
187569114.1701500118 3323784.9980468750
188099578.3600560427 3335083.3789062500
188230709.8532594740 3337983.0664062500
189738660.9089669287 3367962.2714843750
182151644.1023736596 3049493.8496093750
189804954.3437187374 3372220.5605468750
190040492.0145649016 3375497.5937500000
178473923.9282203317 2548890.0957031250
185778665.7949290872 3260097.0292968750
187200351.1587066948 3312035.9023437500
187704400.8857987821 3326945.2500000000
187765156.9025195837 3330078.2187500000
187477139.3309795558 3322112.5390625000
187583424.4831081331 3325462.5371093750
187443621.8427902162 3320780.6035156250
182401059.8401934505 3065925.4355468750
183178353.3638770580 3117242.4082031250
189773757.9538674057 3368232.5625000000
187160460.7758266032 3311302.1601562500
178356248.9906957746 2533347.2871093750
181940962.3648824394 3030159.6875000000
183536503.6588986218 3137410.8105468750
186521218.6239139140 3289654.0898437500
181792429.9620683193 3015780.4667968750
183423087.0030396581 3129986.3027343750
182100834.8559718430 3044913.4882812500
181969817.0273741186 3036423.7304687500
177370477.5784768760 2238860.0107421875
183629865.7302772999 3139720.1210937500
183646272.3194873631 3142669.4199218750
185630416.1001021862 3253532.0058593750
183151503.1270186305 3113746.5898437500
186404439.4583997428 3286686.3535156250
186788219.8865202367 3296265.7031250000
186819476.7213761508 3298686.6445312500
186945164.4475346506 3305422.3105468750
179724033.4703916013 2777214.3320312500
177504106.4248135984 2295701.4882812500
182949204.3952255547 3099127.9511718750
186679787.8347115517 3295039.1757812500
186611050.8698937297 3293351.9238281250
186623244.0914610326 3294424.5449218750
193081634.4608208835 3402979.1015625000
178325481.6334125400 2528168.9550781250
177736890.4299577773 2376217.8984375000
179924159.8442943394 2809657.3085937500
177825127.1560805738 2404259.8789062500
178264528.8236314356 2515202.3359375000
179899487.8087397516 2808173.9843750000
178238498.3586860299 2511682.3027343750
178179011.5409796238 2498738.3574218750
190832261.9606246054 3387762.9375000000
180118284.7948913276 2834229.6152343750
177449169.2599956691 2274087.0488281250
179800150.5210290253 2792557.4042968750
193024449.9322400093 3402944.2304687500
177407400.7502286434 2252647.2900390625
181915816.6769732237 3029188.0976562500
186403616.7491199076 3286660.4238281250
179781034.8145212829 2788087.1660156250
182915982.9987225533 3092420.2636718750
189950981.5552665889 3373963.8496093750
190237824.1250828207 3380208.3984375000
190070703.7034047544 3376215.6699218750
190294719.3971746862 3380343.9179687500
178230872.0843891203 2505807.0292968750
177354486.3214065135 2231276.9228515625
186356462.5695412755 3283290.4707031250
190143750.3148865998 3378401.8261718750
177424537.9810850322 2258984.9765625000
190598755.1656390131 3385234.7812500000
190472767.8307525218 3383876.4648437500
182286817.7638745010 3057623.4863281250
182199650.3050069511 3052931.3906250000
177674311.9153546393 2359155.6035156250
190563979.3527546227 3384801.8789062500
192997565.4500829279 3402901.4492187500
192850881.3733499348 3401690.5781250000
192826852.1785259843 3401566.4921875000
177640040.5342452228 2343434.9882812500
178022082.9311625063 2455381.8222656250
178145175.4107185304 2488845.5371093750
182711497.7018709481 3086524.0742187500
177952893.5838050246 2443312.3066406250
179658172.0178500712 2769916.6933593750
192716808.1754493713 3401223.6210937500
178170008.4289409816 2492859.0312500000
181903924.2536828518 3028823.4589843750
177718576.1160816550 2370175.9589843750
177945055.6720383763 2441073.6074218750
178082868.6103443503 2470693.0488281250
190508990.5106239021 3384716.1562500000
178060017.4200070500 2466281.4394531250
178130481.2367101610 2484248.3378906250
178100579.9766133130 2476718.2304687500
191677734.1191925108 3392854.8671875000
179790860.8759014904 2791204.4121093750
177465901.6542087793 2278119.4335937500
178031103.7328178883 2462463.9667968750
186492310.3624079525 3287811.1621093750
177420678.6865767539 2257732.6152343750
191763818.0082320273 3394078.2929687500
180229426.5192480385 2844693.4648437500
177492280.4064154923 2285330.4472656250
183348167.8512598276 3125943.8164062500
186802271.4675852656 3297894.9433593750
177928149.9300617278 2433163.7050781250
178002886.1456837356 2450507.4199218750
179811100.5628564358 2793974.0644531250
186269334.6782785356 3281063.0078125000
177857534.3380115926 2413192.7910156250
181718345.3862768412 3003624.7851562500
177886192.4105503857 2422232.3945312500
177909712.0234072506 2430275.9570312500
177838034.7195451856 2410674.3554687500
177760859.1690497994 2386203.8750000000
177691612.6104296148 2366288.3613281250
177762431.4803341925 2386599.5156250000
177776347.4087311327 2393108.2636718750
177622364.1247882545 2330785.5800781250
181728151.4305272102 3009119.2734375000
192049742.4703957736 3395221.1406250000
178515148.0047781169 2549277.0449218750
181678519.7166115940 2996926.0800781250
183011595.8006855845 3105129.9746093750
179826560.2927254140 2796054.9726562500
177720563.5573050678 2371179.2363281250
181804819.3467008173 3018174.8984375000
179951901.5520483553 2813422.3964843750
182032001.1883178651 3039746.6152343750
186454774.5770428181 3286728.1621093750
183282306.8500462174 3120256.4218750000
179629115.3401871622 2758136.6640625000
192233710.4028177261 3397198.3593750000
177611684.9590115249 2324607.7597656250
182961982.6956927478 3099252.3437500000
183347226.4923295379 3125238.4179687500
183248637.5442080796 3119612.1933593750
177804973.4562296569 2395964.9179687500
182977911.8489526212 3103962.2949218750
179388270.3541713655 2716561.1445312500
179651388.9697646201 2766090.4277343750
182741419.4906863868 3087393.0937500000
180612801.9482468963 2880760.3750000000
177635693.4383567870 2336954.2324218750
182647553.9299816787 3081829.0156250000
192318901.9471971691 3397331.0273437500
177590489.3984353840 2319721.4472656250
182774142.1524938941 3089004.2363281250
182553127.1252909303 3075587.9648437500
180743668.3562856615 2892004.8085937500
192211966.7002314627 3396210.5781250000
180746784.7626105249 2892404.9003906250
191771734.5833767354 3394302.3242187500
180732047.2356938720 2890950.3339843750
179642607.4646399021 2764057.8222656250
177573756.3032222092 2308309.1621093750
180771815.8286659122 2898081.1445312500
180899245.9355185628 2905400.1699218750
179634186.9824061394 2758214.1523437500
191362880.2133078277 3390080.3984375000
192107181.0464158654 3396128.7890625000
177572534.8775924742 2300907.5566406250
191960365.5972791314 3394595.9296875000
179044705.8293546140 2657459.0214843750
179047919.0111045539 2660673.4921875000
191484478.8150654435 3391185.1250000000
180721032.0142522454 2889584.3476562500
185327546.6624469459 3225730.4843750000
191493968.4598044753 3391417.8085937500
180595869.7415153086 2877702.2792968750
178991164.8855908215 2648972.4746093750
179055226.4124974906 2664979.7519531250
185359526.1588963270 3228700.6308593750
178949224.9329714477 2637364.5488281250
179009313.4203446209 2651721.1757812500
181027890.1486207843 2917400.9980468750
181509352.6798944473 2960672.2363281250
180988715.7828526199 2910838.2695312500
181427155.8359270692 2958126.8710937500
185373777.9810650349 3228720.8066406250
184952404.9393112063 3200300.0175781250
185229162.0480033159 3220728.9941406250
185135453.1843954921 3215530.6367187500
179514420.5310644209 2729856.5371093750
179515584.9673043191 2730961.9453125000
179495083.9420541823 2729557.6093750000
185052834.9064685106 3209477.1074218750
178888472.9502031505 2604247.8496093750
178936926.2115069628 2613358.6582031250
178717345.6451720893 2573972.6015625000
178839562.0310857892 2596839.0605468750
181176875.1290298104 2924286.9941406250
181567192.1613298059 2969415.4082031250
178787814.3492058814 2587087.9355468750
184513880.3409599662 3171024.3261718750
178648951.5783608258 2549374.6640625000
181311655.5701098740 2935523.9980468750
178716651.6939509511 2571574.0371093750
178928019.6040817499 2613117.4746093750
181118375.3586407602 2920991.5175781250
181639423.8394454420 2975593.9023437500
181403146.4116823673 2950239.6132812500
181458010.2322793305 2958328.0351562500
181236999.1093154252 2935072.8730468750
181546329.0267568827 2966531.8066406250
178829183.9592663348 2594711.5214843750
178864438.2681128979 2603299.5976562500
181398383.6880219877 2949902.2480468750
184928480.1894259751 3193095.4121093750
184944578.3887502849 3193423.0605468750
184711537.2659327984 3182262.6992187500
181313482.4373667240 2937850.6679687500
184796309.7310027778 3186964.6972656250
184839489.1244152188 3188618.0820312500
178695061.0366184413 2562403.3789062500
