178135098.2359096110 2433395.5117187500
180100410.9322932959 2796084.4746093750
179754226.2869520783 2774283.2871093750
180085560.9702824056 2783880.9550781250
180651893.5022763908 2881469.6113281250
182562690.7047590315 3055940.7460937500
182768740.5510768294 3072467.3476562500
182891922.7602820694 3080345.7070312500
183016409.0317998230 3082079.4550781250
185512810.6693764925 3238455.2578125000
190849413.3167932034 3384384.0742187500
191752438.1248081028 3389945.1250000000
178160639.5805810094 2442162.4960937500
178155813.0489531457 2440297.8242187500
179663837.4478737414 2754224.6816406250
179831786.9557519555 2775075.6582031250
191165294.4809297621 3386466.9531250000
185852714.0658293366 3249381.8222656250
178008960.7892353237 2422283.1308593750
181427155.8359270692 2958126.8710937500
182352245.1881888211 3041827.3183593750
182849492.7555297017 3076582.8437500000
179668340.3873067796 2755878.8105468750
183013876.3898845613 3080419.4570312500
198341060.9127600789 3398873.4375000000
177643937.7593484223 2304560.8789062500
177681099.8088558316 2310341.8281250000
198887404.7587504685 3399865.0039062500
177932721.7576462924 2394759.9667968750
179538959.3908311427 2739246.8300781250
179615636.8734575808 2747291.6386718750
180626344.4981694818 2877323.4316406250
185338749.4025387764 3224947.1328125000
187411438.7376192510 3305789.0000000000
190893987.4855248034 3384430.0781250000
190917761.8097961843 3384481.5312500000
187401561.9592826068 3302437.4179687500
187323570.2157088518 3301026.1113281250
179084036.1382818520 2653169.8144531250
179708296.7394734919 2761026.0175781250
180814511.4145456553 2898461.5839843750
182374532.1953691244 3042617.9667968750
182369151.6503988802 3042506.7539062500
185373777.9810650349 3228720.8066406250
187475764.3922779560 3308843.4394531250
187430832.8441172242 3307014.3242187500
198899029.2194837034 3401309.3554687500
179683800.2546809614 2758881.8886718750
182635175.2055560648 3063934.9160156250
187541518.9872764349 3310506.1445312500
177593658.9610557258 2279461.6855468750
179116138.3391445577 2670072.0605468750
180592114.0002781749 2873282.6132812500
178141087.8382949233 2439660.4199218750
179860654.9029113650 2783747.7050781250
182307876.8620307744 3036251.1660156250
182337371.3514910936 3040190.3574218750
187602638.6442301273 3313062.6152343750
187735905.9722343385 3315717.5507812500
177964969.8089668155 2414116.6757812500
179168996.9691374004 2675257.0058593750
180715267.4219368696 2886260.8164062500
182673414.2953242958 3065365.4707031250
185700936.8702324331 3243647.2753906250
187701771.3643890619 3315483.0546875000
192954516.7970085442 3391805.5898437500
180782803.4486492276 2894073.1777343750
177547659.2633376718 2260790.8457031250
177968716.4200330079 2415910.6171875000
182401226.4410820305 3048219.4375000000
198687560.8477550149 3399335.2304687500
178058894.7645565569 2430184.5410156250
182810842.8171547353 3073463.4296875000
177957864.6983542144 2410784.8261718750
181561602.0517156124 2968149.6875000000
182739407.3141004443 3069499.2792968750
177943081.2300368845 2405183.3183593750
182193150.8585199118 3020155.9023437500
190614656.5102871358 3380274.9960937500
192389714.0096106827 3391352.0000000000
179190628.0578939617 2681821.7617187500
180500987.3492109478 2859362.5976562500
184952404.9393112063 3200300.0175781250
188214932.5107520819 3325835.3164062500
190023935.1605982482 3364787.9160156250
191717799.7330483794 3389351.2890625000
177656755.6461736262 2306676.9316406250
179717458.6966772676 2762125.1152343750
179684244.7690431774 2761003.8105468750
180455484.7248689532 2857084.4785156250
182240455.8064964712 3033220.8378906250
190281795.1211383641 3373573.7109375000
191105819.6276381910 3386110.9453125000
191104774.6530850530 3385598.8359375000
177662803.2451946735 2309743.7128906250
178031479.8087476194 2424358.7636718750
180530917.2167092264 2868135.2832031250
185229162.0480033159 3220728.9941406250
187945086.2592055798 3319577.6054687500
192369186.9289144874 3391165.4609375000
177684997.5634874701 2311142.9941406250
179624557.6859407723 2752403.1035156250
185489400.1540760696 3235336.7519531250
179544442.9028354585 2740107.4843750000
180506773.9566273391 2860298.7109375000
185135453.1843954921 3215530.6367187500
188171850.1249240935 3323892.9550781250
188068645.0959614813 3323416.7480468750
177608333.7739699781 2291072.8730468750
177914456.1681098044 2389232.8300781250
179514420.5310644209 2729856.5371093750
182335081.1337256134 3036366.2167968750
177628974.9906994998 2294404.4550781250
189903844.9808772504 3364308.6796875000
179515584.9673043191 2730961.9453125000
179659256.8132580221 2752550.8261718750
179518663.7535735071 2734595.1992187500
191649893.5879246294 3388345.6210937500
177866750.2984086573 2384107.0390625000
179495083.9420541823 2729557.6093750000
180511622.4590540826 2864981.4433593750
180473611.1891875565 2857193.4824218750
185052834.9064685106 3209477.1074218750
186123307.5449532270 3257681.1855468750
177875116.6374059319 2384441.1425781250
185448762.9288313389 3233120.3398437500
192825258.7213526070 3391724.1132812500
179175440.3338350952 2677904.7773437500
185299361.1696659029 3224481.4609375000
185431467.3582442105 3228857.5039062500
177561397.1354722679 2263129.6718750000
177940876.2547011971 2400430.5566406250
177932132.9385668039 2394639.4082031250
189940362.2079379261 3364630.0039062500
181588989.5274589360 2973099.5214843750
185292154.2543510199 3220950.1289062500
190049865.6321406960 3367344.8808593750
190097314.7866689265 3367375.1699218750
191344187.0515321195 3387553.1015625000
179233347.9309171736 2690972.1054687500
179524080.5558492839 2737601.1718750000
190027807.6206316948 3366988.5507812500
191320345.4829752445 3387087.0898437500
188926148.9380816519 3340750.0273437500
177642468.2969966531 2296357.1992187500
188414643.0104071796 3327831.1445312500
177864212.4651837051 2381553.2714843750
186986772.6474955082 3287259.2285156250
192248204.0703431964 3390733.5351562500
177826932.2148554027 2367187.7285156250
177815354.9824344218 2362860.9296875000
177586813.0512071550 2278577.3535156250
177757806.2486810088 2345494.5410156250
177705254.1439079940 2325060.6210937500
186287273.3432165384 3263691.6054687500
186125247.3664408326 3259005.7695312500
179196987.2279933989 2685948.3398437500
178744330.4630789161 2578041.5371093750
183981497.1697838008 3141992.3496093750
186397428.5712418854 3265838.0468750000
193079444.1601398885 3392313.1250000000
179292110.0278879702 2699625.4355468750
186861568.5217753947 3284417.2734375000
179417991.8199505508 2719984.9218750000
186339274.4950394034 3265565.0722656250
185962205.4741997719 3252249.3046875000
179332341.1723447740 2706973.9042968750
186047927.1304331124 3256071.8046875000
187047171.7592671216 3290785.3339843750
186343410.4388422668 3265627.4960937500
179206413.8974680603 2686502.9589843750
186063683.6108963788 3256136.5859375000
186280288.3323734701 3262903.4453125000
188627691.1190663874 3335660.9941406250
189788103.6190259159 3362687.2363281250
190244163.7587692738 3371194.3867187500
190118372.2116358280 3370274.5917968750
190414760.7489826679 3374836.3359375000
190503529.9314381480 3376780.7832031250
186176313.7976260781 3259296.7402343750
179458025.8776217997 2723391.8359375000
188362986.8176854551 3327775.7363281250
192655522.9273500144 3391386.5039062500
179394518.6098091900 2713941.2968750000
179328336.6552061141 2703518.8925781250
182202139.3037226200 3027374.0683593750
182131322.2789448202 3017855.2304687500
183146791.6727039814 3085509.6132812500
183473209.7162117958 3108416.8222656250
186093042.2727555037 3256634.8027343750
193080024.3522718251 3392386.6093750000
183091735.4085299969 3083753.1054687500
186740188.6334647834 3278313.0468750000
186674445.9830142856 3267676.3378906250
177811486.6959800124 2349592.1777343750
178654667.4523524940 2562018.4160156250
188747122.0608465374 3336088.5820312500
188502849.2897228003 3331780.3144531250
184102002.6225504279 3149082.0996093750
184649262.6646503508 3174569.3984375000
184319130.0414134264 3161036.5488281250
178888472.9502031505 2604247.8496093750
183432103.5624895096 3104224.2890625000
183283951.4062229991 3097826.9843750000
177729459.2520119548 2327701.4609375000
192356726.3910436630 3390871.2734375000
182094021.4602551460 3015963.4179687500
183151028.0848005116 3090844.9121093750
178936926.2115069628 2613358.6582031250
188592193.5516614616 3333568.1621093750
190565613.3384941518 3377102.7851562500
178774882.9333890676 2585728.3691406250
182153456.2443726063 3019823.7968750000
187195179.5788952708 3294971.8710937500
188458356.5758493543 3331030.7207031250
188415046.5408752263 3330438.6582031250
183083098.7941046059 3083277.2421875000
178717345.6451720893 2573972.6015625000
178602239.4134673178 2547466.9902343750
178523768.9737908542 2525065.1367187500
192183261.0432979763 3390155.6875000000
178519993.7163719237 2523799.9042968750
178491823.2389293611 2507844.1582031250
178839562.0310857892 2596839.0605468750
187154421.9772658944 3292037.6972656250
178541993.6885756552 2526436.5039062500
181706599.3602226377 2981762.9140625000
179054012.4056123495 2645279.8691406250
178978994.7086962461 2628146.5839843750
178476762.8087771237 2507525.0996093750
181929242.5574384630 3001513.2949218750
182014324.6042045951 3009291.5058593750
197811112.9347923994 3396353.6523437500
181176875.1290298104 2924286.9941406250
178573602.2640326917 2528176.2031250000
181567192.1613298059 2969415.4082031250
181824307.5785315037 2993731.1386718750
181968843.0960768163 3002087.5429687500
181854404.8098204136 2996523.1640625000
178787814.3492058814 2587087.9355468750
181734363.9656636119 2986067.7890625000
184513880.3409599662 3171024.3261718750
198269285.8053772748 3397842.7578125000
178518021.0436321199 2523014.3691406250
178648951.5783608258 2549374.6640625000
181311655.5701098740 2935523.9980468750
189635947.9684034884 3355297.6914062500
189688301.2215578854 3357045.9570312500
178716651.6939509511 2571574.0371093750
178928019.6040817499 2613117.4746093750
180931641.9359019995 2902225.0371093750
181118375.3586407602 2920991.5175781250
181639423.8394454420 2975593.9023437500
189558812.0677289367 3352498.4902343750
181039622.8474270701 2914088.1035156250
181403146.4116823673 2950239.6132812500
189263458.0828788877 3345325.2871093750
181458010.2322793305 2958328.0351562500
198023464.6970973313 3397095.7304687500
178600110.6665318310 2542940.9375000000
181039623.3221506774 2914253.8242187500
198058856.9729434848 3397170.3359375000
181236999.1093154252 2935072.8730468750
181546329.0267568827 2966531.8066406250
184465232.0310992897 3168160.8457031250
184446941.9291969240 3162822.2949218750
189517228.1096893847 3351301.1542968750
189532515.4946931303 3351646.1425781250
178829183.9592663348 2594711.5214843750
178864438.2681128979 2603299.5976562500
181398383.6880219877 2949902.2480468750
197597266.6958717108 3396022.6171875000
178410862.9032061696 2443350.9433593750
178434121.6730556786 2451650.7792968750
184928480.1894259751 3193095.4121093750
184944578.3887502849 3193423.0605468750
184711537.2659327984 3182262.6992187500
181313482.4373667240 2937850.6679687500
183788658.4881680012 3119359.0488281250
184796309.7310027778 3186964.6972656250
184839489.1244152188 3188618.0820312500
197240716.9172126055 3392931.5820312500
197183427.2092067599 3392531.0156250000
178428997.8179982603 2447587.7636718750
197088417.7739267349 3392394.2265625000
180338448.4078378677 2810714.9218750000
178695061.0366184413 2562403.3789062500
197239696.4387401342 3392704.8085937500
180445378.6260484457 2820485.9179687500
197368718.2588473260 3394098.2734375000
180290916.8282949924 2803370.0000000000
178454499.3350193202 2466941.4941406250
180417552.1491279602 2816809.8515625000
197396570.6908819973 3394808.0000000000
180380104.3519763350 2814723.3066406250
184244290.6181459725 3152195.0273437500
184201396.2450578809 3150108.4824218750
183732353.1828035712 3118000.1210937500
183803918.8357114792 3124042.4003906250
183841736.9943828881 3124949.9550781250
