50762441.0451814681 4504.5364458789
53041774.5391393900 6161.2407855988
53049408.2486368194 6200.1514301300
56458728.4289743826 6818.0305862427
54836330.1837769076 6645.3433914185
53432418.2413429096 6291.6917057037
53270221.6880321726 6272.5574514866
57486153.9043105319 6901.3807449341
50859040.4950746596 4634.9815078080
51519403.3556757048 5341.7088849670
51463596.0495440736 5321.6341054407
52123471.8700542450 5715.0808682605
53033977.7151335031 6152.3887701035
54004225.3551068380 6470.5596599579
57606694.4319866523 6915.7467346191
53428211.1488834694 6281.0001382828
53177604.5684403554 6250.4591464996
53371453.0297723487 6279.8120098114
53854108.5338977501 6448.5275630951
54264376.8331741020 6506.6541404724
55016170.4986749217 6673.9771041870
53461220.0377463624 6337.7366867065
57435516.3766135499 6892.9894180298
53789327.5902547911 6408.3074245453
54074890.4483317807 6477.5928287506
53693833.6707570329 6400.9084224701
53621373.6006521806 6364.2240333557
51533506.0047407746 5379.6727665004
53005846.8282667622 6105.0352363586
52357524.6945031285 5839.9669990540
54271017.2462327853 6517.4558107853
52090529.0360047743 5715.0525261736
54391924.9832560197 6553.9719352722
56799096.5540122166 6855.8745040894
50826003.4051565900 4616.9133423045
51895004.1227361858 5584.4627000219
52510257.5493685082 5897.0797356069
55110179.8006756827 6677.7120742798
56176360.6833473369 6803.1598892212
57860877.8362514749 6917.4723968506
50736260.9429450035 3898.3640700877
51345499.4771000147 5083.8237999049
52157694.6054400131 5715.2186055011
52318837.1415570080 5832.5736492686
57157873.8389519230 6880.2191238403
57950150.1648373231 6935.5315246582
51562970.4143016562 5405.7353031603
52319971.1875716597 5833.6263300888
51874651.8234451413 5569.8883520365
56294398.6663494185 6810.9949111938
52266301.4352067560 5792.6960648000
52359305.0100155100 5851.0764378011
56597872.5591424033 6839.3085556030
54358787.0108412132 6545.4184455872
57493331.4746394232 6903.2600479126
51420858.8424275145 5284.7602346507
56637641.4339598939 6839.8587570190
50739046.9830821902 3983.7825693861
56980118.8980224505 6875.2589187622
56333485.0411373898 6814.0576171875
56720406.6891061440 6851.4827270508
52080785.0952373520 5660.1942448444
51951208.3416245207 5625.6038555927
55387533.6997056678 6717.5461730957
56471132.3527553454 6836.0897140503
50867006.9866045043 4639.5140431225
54431998.7636836395 6559.3276119232
54527953.5066180900 6596.5621757507
54313440.8547067866 6538.3967804909
51444951.2480032966 5294.7159221736
51921568.4809499905 5607.3740162677
52594962.4471518174 5917.6915023029
54664872.0968406722 6607.0690002441
54417007.7963335738 6555.3240890503
51637820.6695993543 5440.1297364384
51572828.4009869173 5410.6812679917
55848293.7549532279 6766.3140716553
54277570.6990856007 6521.6646449566
55115098.1903740391 6679.7663650513
56056424.6226354465 6793.5476074219
51896155.1601943746 5605.7584614581
50819881.3809592426 4604.0224124091
50815289.5628980845 4602.9104129523
51358350.9110368714 5201.6650817660
51454271.8000061885 5310.8232114878
56213801.1673129126 6804.3351669312
50834122.3500300571 4620.1659167142
50793570.6525489166 4504.8406807184
54816962.5610576048 6641.5768585205
54758376.6078906879 6637.2242584229
55949556.0400605276 6772.0998382568
51557088.5376534685 5398.1007516948
53689780.3930686340 6373.7274479866
56122014.2613826320 6795.6940307617
52046335.7207458764 5647.9815602130
54283490.8622887060 6530.2776474953
52189482.9555362388 5730.6757404283
55892311.3195749596 6767.5491638184
52623472.2508540303 5922.7930023149
53834229.2747213766 6413.4240093231
55180946.1319349632 6683.7385406494
55348868.6970580444 6713.4200973511
55502021.4579617009 6730.2829513550
52849821.6678114757 6031.2727249265
51063381.3286187351 4861.9839526161
54184130.6423701420 6500.7015495300
50897824.6886288524 4711.3927394885
51765358.3789997399 5512.9208232691
52824331.1274699643 5995.7485063672
51554666.7964190394 5384.8903838922
52896950.0761903152 6043.7509372830
52958672.7223792747 6101.9075916409
54127987.2507092133 6486.3937511444
55639668.7695796564 6752.3150482178
51701489.0400399789 5476.9629942738
51648452.7524926364 5449.8478414589
51924429.6032077745 5611.9117296725
55296658.1656979844 6684.2181930542
52212478.3664994910 5756.1669177487
54984712.8671500906 6657.3538436890
50898414.1722744703 4712.4266083144
51005313.1010799929 4825.9900792304
51939385.9561391622 5622.5431418247
55443069.2722802684 6722.9550094604
50820101.7514621094 4613.9965644181
54496297.4630418345 6560.7329254150
52256891.3272409812 5758.7759053186
56693230.4307739809 6840.7538070679
51581229.2152543068 5411.3199627995
51018456.6124840081 4830.5950814623
51516016.3350547627 5328.1143212891
52221783.5902918652 5757.8704038635
51633594.5516208112 5438.1173281795
51784018.7164106220 5533.7045312054
52954054.7791422531 6071.1981530786
55760884.5740313753 6757.7238845825
51607870.8029212877 5428.4253163463
57586596.7034534141 6904.3080444336
50903728.0893842652 4722.3813654322
51931884.1284181327 5621.2052597827
50919759.1882065088 4737.9316754694
51623196.0886982903 5435.9627064890
52655104.9031302333 5925.6738655046
50841126.5607855320 4622.4517237023
51600902.1193742752 5424.4190183259
51863395.3241815418 5552.6026495970
51890989.2506653219 5578.6206641025
51747615.3354779258 5498.7189008570
52308737.2622355297 5812.2119333521
51819003.9033926278 5550.6704369611
50981932.7880765051 4787.3291741747
51905740.5385400653 5607.2150425739
52313223.8573858887 5812.8042686358
52657829.1105890200 5952.5624030828
50955910.8385687545 4760.2939037042
51978509.0190470666 5646.3487336016
57430790.9107891694 6882.2224578857
50901000.2871321514 4721.1349374193
51058710.4139656350 4858.9507817904
51798299.1187136769 5542.2654373473
51783973.2157898694 5516.6907425760
52015275.6899153516 5646.4598921328
52738273.2336185649 5954.8794873878
50836922.2019994780 4622.4104761183
51784135.1432366669 5537.0546688861
52318377.0188030675 5816.9014551416
52480763.1272154748 5881.5543371364
50957038.0579458997 4769.5697967986
50952245.1862284765 4751.0817074722
50929796.6129831225 4750.7215297532
52439846.8684917465 5852.5119258836
52449165.7428390533 5854.0157939866
52167011.4769332185 5726.0144798234
50957246.3855886161 4772.6920614063
50810981.8464657292 4521.0672912885
50912446.4166736901 4729.0732796363
51890734.8590466529 5574.7184520750
52539926.5961082429 5908.7565020248
51169871.8661723435 4959.7373452842
51299212.3332444429 5017.8684490123
50873112.1076476946 4641.2634694270
50950168.6167508587 4750.7590856522
52502266.4639647081 5895.4240106270
50848111.7542956322 4627.7203319360
51144226.4893444404 4950.6175426617
51183410.1131740585 4959.7655519345
50847379.3132015839 4626.0562440170
50880792.1706796736 4652.7232982242
50925487.3814359233 4750.7188898295
52493578.3624192402 5885.2267357111
52493447.9138341546 5884.2302284725
50854987.4508593157 4628.7811934673
52077692.8054146469 5653.3327224939
52496363.4727854654 5890.3454453871
51270323.3204438835 5013.1826146492
51053847.5561325774 4850.6016574749
52740854.8546761572 5964.3673323393
50953328.8988594338 4755.2593811776
52847126.0782152563 5999.7369307280
52461165.8453736454 5861.5975746587
52782903.8238379657 5984.4865516424
52466961.5336534977 5870.0312774181
50880055.2728435844 4646.9046012782
52186671.4152290225 5727.4247307777
51268314.6751024947 4999.6951245018
52501186.1108646467 5890.6174971759
51154724.5771945417 4955.3468369842
51272977.6696940362 5014.2410405525
51143872.5936469957 4950.3943305858
51036769.3587668315 4847.5998671227
51044905.7066016421 4849.5011782967
51034162.7647327557 4845.5391887748
52472368.4790401235 5870.1620050669
52458234.8084435612 5856.9318398833
50923491.9025114626 4740.0008384311
51102174.5367813930 4871.7779654900
51206922.5362884179 4964.2608022469
50761015.5728253350 4212.0685083885
51127174.6533982158 4871.7951966696
50761158.9497344047 4217.1773457339
50744149.8848985285 4013.1960371584
50742353.6585906371 4006.1227507666
50751612.6498300210 4115.8542199507
51333925.5815509781 5035.6832148472
50748171.9928645939 4017.9937117994
51096479.5433025062 4864.5351621881
51231932.5559396222 4975.1439869145
51211338.1943912953 4972.0838331918
51195383.2778545320 4962.4076530659
51345284.9665408432 5068.3885302285
51329462.8581281900 5029.8739623888
51263485.8820842728 4991.8195687556
51135603.1841762736 4874.7171919369
51250144.6439044178 4986.3557975157
51203788.4697997868 4962.5705402656
51127397.3790930584 4874.0802772567
