51424883.9167138115 5332.2956868511
51545311.2339234725 5412.3977238041
53336584.3546526507 6282.9729614258
52526703.4462934732 5978.5415689945
56939740.8387063667 6871.3549423218
50678249.0318882763 4204.5686590703
50892260.1003276631 4723.4567257346
52637079.4345112368 6047.6033763885
52684179.3693459108 6075.9617900848
50816002.0567286238 4612.2180195106
51656146.1808675453 5455.0940176845
52546505.8098308071 5984.5980339050
52872364.5626919419 6113.5870933533
52578647.6932081208 6032.1303215027
50727725.2134554237 4397.2032151150
52441380.3324334621 5920.7951388359
52566654.7195347473 6029.4684028625
54100502.2242078707 6486.8447322845
51589814.7051903903 5434.4298206669
51424144.0356329307 5305.1459447419
53388482.5233437791 6299.6695318222
54867536.4233783856 6648.5053787231
57556709.4215336815 6917.4723968506
51521469.8414219692 5380.4672616939
52366411.7826422602 5912.6404396892
53820622.6804155037 6427.2937526703
55311643.7933218256 6714.4649200439
50759413.9854646325 4504.8490695245
51626561.8919848278 5438.0927112669
51667612.6969336867 5471.2971560578
57256057.7486480549 6904.3080444336
51761250.6035357639 5524.0256682727
56098075.5466841981 6800.4645004272
56461112.3380754367 6833.8061828613
57231470.6381603703 6900.7626495361
50798767.5205673426 4526.6139964985
51339164.1477074549 5229.2207785946
52674181.8331562877 6066.9176864624
54488395.0845750049 6605.2894134521
51477966.2566431537 5342.4692883710
51564829.5969019160 5413.9895678251
54506924.2110842243 6606.1945266724
53310074.7747935131 6282.3900985718
54177508.8150547966 6526.8431968689
54352496.2869435474 6562.5157546997
50899796.4355520681 4723.4584911709
51338224.5596117899 5218.2933158324
52943817.0547260791 6147.1005611420
53030694.7127856910 6196.6001052856
53407539.9512206987 6306.7983083725
56116628.2686602548 6802.9096069336
51449087.9668169394 5333.1725517507
55237577.0330709442 6710.7299499512
57341630.9015616551 6909.6030578613
57355739.2109219208 6915.7467346191
50673332.0360837728 4203.7244455622
50781829.3876203895 4519.3619220670
51568439.5480867922 5421.0158438268
52676581.0300326273 6074.5971164703
54834069.8282938376 6646.0697097778
57645981.7501195297 6935.5315246582
57171494.5333441570 6896.3623199463
50753338.7002875432 4493.9796214628
52333678.6332106069 5885.5537446141
55076041.0548541173 6679.3859405518
53360808.0973872021 6289.3298900127
52823998.3806321174 6103.9423351288
50682751.0714085698 4205.6334637658
52456027.7277146727 5966.3459870219
52901152.5277467147 6146.1357021332
54435249.3165471852 6581.4955062866
52686351.0690141618 6081.9102382660
54846006.9750442281 6646.7435684204
56487955.6264267191 6844.0354385376
52767283.5699585155 6101.6162281036
56237724.9547885731 6808.3479003906
56444864.7881100625 6822.0033416748
50754712.3046421930 4500.9010397273
51519003.9316723719 5368.2013153434
53342789.0932143256 6284.9552688599
54479501.8050964549 6603.5276031494
52878350.7495787442 6123.6483249664
55164599.3342510983 6688.8529510498
56980794.9142112657 6884.5232543945
51573229.3299905062 5422.1182874660
53104721.5045115724 6200.6871528625
50747334.1698889583 4405.8222803998
54660024.0596915111 6630.7611389160
50755219.3522028551 4504.4313926625
54253876.5889028385 6536.5051350594
54335640.6315093413 6551.8722286224
51595560.4376785681 5435.1232274990
50987693.6767224371 4832.9570483267
54029506.9342606142 6485.8543357849
54820343.5458795056 6645.3433914185
56001127.5021839812 6773.8616485596
54336662.5747788027 6558.0658512115
56927611.7566745356 6871.0083007812
51537447.4653211758 5392.3165855627
56957732.3176821843 6873.8958282471
50823416.8443101496 4614.4434519410
54274703.0733010098 6545.3436107635
53840155.9446649626 6438.4825878143
56076627.4151716158 6799.0353240967
50913385.7547659874 4734.3077402413
55924885.7786333337 6770.6295852661
50890895.6313472241 4712.1190741062
52756861.5312233642 6084.4282204509
53268657.3170687035 6261.8981094360
55812022.5427784845 6764.6123504639
53348307.1771761402 6287.4757742882
52554852.5700754300 5986.0519768596
54124959.0066863969 6496.7505092621
50650170.9127460718 4089.6657531516
54761184.8292862102 6640.4822616577
55648521.1932471320 6754.0768585205
56002657.6153567955 6793.2460632324
51541682.6336454526 5402.9201177577
51581835.8937466219 5429.5936747785
51727869.6506615803 5500.3686708431
53776370.1918662339 6405.2616558075
55000791.5112994835 6677.8001251221
50691763.8810548857 4306.5435452716
51681688.9920477718 5476.4935583095
55716786.5097138807 6754.3511123657
50659302.6619322449 4199.1258971946
51551307.9491292983 5413.0911306362
54954825.2504023984 6673.9771041870
50770946.5041046664 4505.1729261380
52971721.4147518054 6171.0273203850
53942053.7098422572 6453.6536006927
51392206.8824098781 5259.4538024445
51416550.0045055151 5281.6364062806
52997729.8168002442 6192.7178363800
54750165.2409948334 6631.7302551270
53624973.0161407366 6371.0559635162
57330451.9375350997 6906.8978118896
56761374.8919529691 6855.8745040894
52972339.1624748781 6176.8941154480
50855781.1051447615 4628.9569301680
53211606.4676988944 6253.3343734741
51410535.7646293566 5263.9856895772
53444259.6324822232 6327.1435527802
51565285.5302136093 5414.2538182235
53785496.8458134905 6419.9327545166
53131010.0054507479 6239.8660125732
53976617.8435806856 6458.5300025940
53594732.7018810138 6353.0074434280
53502058.1055919304 6351.5337419510
53241546.9676231369 6257.4988393784
55070050.4593259022 6678.1778106689
50903201.3066550046 4727.4501264766
50773441.5824720263 4506.3087984573
51980527.4958087727 5646.3588997698
51699625.6563397646 5484.8003860679
50775345.0867025331 4508.2904391805
52070242.1487881169 5695.0154835558
52885491.2040399686 6144.8821353912
50740447.7087008804 4397.7783520150
51530318.4951698035 5380.8574763504
53049408.2486368194 6200.1514301300
53270221.6880321726 6272.5574514866
50859040.4950746596 4634.9815078080
52123471.8700542450 5715.0808682605
54004225.3551068380 6470.5596599579
53177604.5684403554 6250.4591464996
53854108.5338977501 6448.5275630951
53461220.0377463624 6337.7366867065
53693833.6707570329 6400.9084224701
53621373.6006521806 6364.2240333557
52090529.0360047743 5715.0525261736
50826003.4051565900 4616.9133423045
51895004.1227361858 5584.4627000219
56176360.6833473369 6803.1598892212
52157694.6054400131 5715.2186055011
52318837.1415570080 5832.5736492686
52319971.1875716597 5833.6263300888
51874651.8234451413 5569.8883520365
56294398.6663494185 6810.9949111938
52266301.4352067560 5792.6960648000
51420858.8424275145 5284.7602346507
56980118.8980224505 6875.2589187622
56333485.0411373898 6814.0576171875
56720406.6891061440 6851.4827270508
51951208.3416245207 5625.6038555927
55387533.6997056678 6717.5461730957
56471132.3527553454 6836.0897140503
50867006.9866045043 4639.5140431225
51921568.4809499905 5607.3740162677
51637820.6695993543 5440.1297364384
55848293.7549532279 6766.3140716553
55115098.1903740391 6679.7663650513
56056424.6226354465 6793.5476074219
51896155.1601943746 5605.7584614581
50815289.5628980845 4602.9104129523
56213801.1673129126 6804.3351669312
50834122.3500300571 4620.1659167142
54816962.5610576048 6641.5768585205
54758376.6078906879 6637.2242584229
55949556.0400605276 6772.0998382568
53689780.3930686340 6373.7274479866
52046335.7207458764 5647.9815602130
52189482.9555362388 5730.6757404283
55892311.3195749596 6767.5491638184
55502021.4579617009 6730.2829513550
51063381.3286187351 4861.9839526161
55639668.7695796564 6752.3150482178
51648452.7524926364 5449.8478414589
51924429.6032077745 5611.9117296725
52212478.3664994910 5756.1669177487
51939385.9561391622 5622.5431418247
55443069.2722802684 6722.9550094604
50820101.7514621094 4613.9965644181
52256891.3272409812 5758.7759053186
52221783.5902918652 5757.8704038635
51633594.5516208112 5438.1173281795
51784018.7164106220 5533.7045312054
55760884.5740313753 6757.7238845825
51931884.1284181327 5621.2052597827
50919759.1882065088 4737.9316754694
51623196.0886982903 5435.9627064890
50841126.5607855320 4622.4517237023
51863395.3241815418 5552.6026495970
51890989.2506653219 5578.6206641025
52308737.2622355297 5812.2119333521
51819003.9033926278 5550.6704369611
50981932.7880765051 4787.3291741747
51905740.5385400653 5607.2150425739
52313223.8573858887 5812.8042686358
50955910.8385687545 4760.2939037042
51978509.0190470666 5646.3487336016
51058710.4139656350 4858.9507817904
51798299.1187136769 5542.2654373473
52015275.6899153516 5646.4598921328
50836922.2019994780 4622.4104761183
51784135.1432366669 5537.0546688861
52318377.0188030675 5816.9014551416
50957038.0579458997 4769.5697967986
50952245.1862284765 4751.0817074722
50929796.6129831225 4750.7215297532
52167011.4769332185 5726.0144798234
50957246.3855886161 4772.6920614063
50912446.4166736901 4729.0732796363
51890734.8590466529 5574.7184520750
51169871.8661723435 4959.7373452842
51299212.3332444429 5017.8684490123
50873112.1076476946 4641.2634694270
50950168.6167508587 4750.7590856522
50848111.7542956322 4627.7203319360
51144226.4893444404 4950.6175426617
51183410.1131740585 4959.7655519345
50847379.3132015839 4626.0562440170
50880792.1706796736 4652.7232982242
50925487.3814359233 4750.7188898295
50854987.4508593157 4628.7811934673
51270323.3204438835 5013.1826146492
51053847.5561325774 4850.6016574749
50953328.8988594338 4755.2593811776
50880055.2728435844 4646.9046012782
52186671.4152290225 5727.4247307777
51268314.6751024947 4999.6951245018
51154724.5771945417 4955.3468369842
51272977.6696940362 5014.2410405525
51143872.5936469957 4950.3943305858
51036769.3587668315 4847.5998671227
51044905.7066016421 4849.5011782967
51034162.7647327557 4845.5391887748
50923491.9025114626 4740.0008384311
51102174.5367813930 4871.7779654900
51206922.5362884179 4964.2608022469
51127174.6533982158 4871.7951966696
51333925.5815509781 5035.6832148472
51096479.5433025062 4864.5351621881
51231932.5559396222 4975.1439869145
51211338.1943912953 4972.0838331918
51195383.2778545320 4962.4076530659
51329462.8581281900 5029.8739623888
51263485.8820842728 4991.8195687556
51135603.1841762736 4874.7171919369
51250144.6439044178 4986.3557975157
51203788.4697997868 4962.5705402656
51127397.3790930584 4874.0802772567
