51664391.5803627148 5584.3380773254
51528380.2862896621 5464.4895805791
53644726.9167169109 6429.6416320801
52466170.3009146899 6023.3230037689
55831186.2032319233 6786.7156372070
56816785.5515337512 6894.0787887573
52031427.0814653710 5820.5232859738
52309162.7506860197 5950.2427259684
53366421.1826958731 6359.6244277954
56806455.0919857398 6888.5131988525
50660361.9804330543 4201.1066867256
50708023.8653830513 4323.9872390175
52048086.5432726964 5840.8026148565
52942567.0766655132 6210.2835559845
56553934.4354060665 6867.5434761047
52893290.2461266294 6188.7674140930
52395287.0379879698 5979.6247234344
50611221.3960643485 3854.9503155313
53061111.1915625110 6244.9898357391
57247989.3762367740 6935.5315246582
51178761.3993385658 4998.5106813066
56943631.6313241944 6904.3080444336
57175692.5985730365 6917.4723968506
52439402.9940846413 5993.3202331066
51996870.1225318760 5780.7962478586
52262232.2635269463 5914.1780956388
55830012.3704785630 6784.4512138367
54324140.7707499787 6584.7793350220
52871704.8553997800 6185.0059794188
52305505.8040577024 5939.6987247467
56568460.8438713178 6873.6434860229
51974116.1397188976 5766.9159615524
53073812.9957544878 6245.7537307739
53786005.1185633466 6458.8952789307
54617490.3397393301 6633.5265197754
53018264.4346143529 6238.7021697760
55925696.4073713496 6789.1607437134
52214811.3199407756 5887.8261635303
53510103.4366914406 6401.1722488403
53147043.6770438775 6300.8239727020
52598419.2408497185 6064.8930320740
53441953.3707732484 6369.0077781677
56647963.4487128183 6874.6209030151
54633706.5770671293 6644.4849319458
50846510.0079546273 4645.1223128138
51685287.8484855518 5609.8857250735
52128803.3053231239 5860.1494058892
56929962.5347722396 6902.6016998291
50705715.4520767927 4317.8462170644
53659863.8760413751 6448.2593879700
53712556.7087263539 6452.4164295197
50878140.5792629197 4736.8669623581
51752559.1023963690 5656.9527416527
51793052.2511992678 5685.0835541710
51810438.9606038481 5686.8767972514
51499421.3997426406 5414.9367901608
50890904.1268293709 4740.6820527633
51838822.6067718863 5689.3914022967
56914037.0530496165 6898.7786788940
50696731.1392503306 4316.5679344455
51567152.3333720192 5494.7738884613
51935495.8146312460 5762.5112849958
52437480.4330695644 5992.2369694710
54181297.2438409999 6564.9982414246
53001296.3277800307 6232.8881816864
52994716.3414498791 6215.9430503845
54481832.7519009337 6620.4708480835
55057451.5233416185 6687.0270385742
53644010.9375208989 6417.9159071445
54128756.2745498195 6553.8727912903
51688043.2293588594 5615.1308981217
53420849.8857238963 6362.2540664673
54265125.0952667221 6581.3608169556
52539021.3702509850 6037.7032279968
50723419.9839529544 4412.9792529488
52447223.9309586510 6022.7047481537
50619701.9838827625 3864.1245776303
53106532.1194721162 6272.5778446198
54579017.0474677607 6628.1892013550
51672607.9551884532 5604.0670306012
51768425.1505283713 5682.0371804722
50706227.7713820860 4318.4596123232
53110588.7559547499 6284.0037841797
52387585.5213604271 5973.3810557127
54564879.7088066116 6625.7876205444
53259330.1324924752 6315.3404693604
50832753.9059162140 4644.7892777848
51745174.0604900420 5656.9135579169
54859869.2873535380 6664.9949417114
52009640.7143387347 5802.6213144585
50618704.0227278545 3864.0179561637
51046120.8815240413 4850.6292265949
51970129.0231007785 5765.6171709821
56170987.7206650451 6823.6333656311
56547934.8482724354 6847.1666908264
51868560.2781360000 5724.9294004627
51847021.6747065112 5691.1941643283
56973226.6718486920 6915.7467346191
50604472.5522004068 3754.5578121208
51974127.0298215821 5779.4873225018
54758742.3797028139 6649.6863708496
51847297.8785020187 5724.1644350812
51870742.9861411750 5734.2340537496
51887957.7339344472 5752.2262840793
51741219.9381136969 5650.1712574996
50613308.5235071182 3855.3096904941
50901374.1802109852 4759.7393778858
53820973.0373811349 6468.4933280945
50709483.4011304006 4327.1860935597
51636567.7268982828 5570.5712736174
50607375.6864870638 3852.7491459288
50682948.9475752786 4312.1105200764
53141681.1862846687 6288.3318538666
52815243.5995211005 6122.1120929718
55976870.5330650285 6793.5337295532
54209103.4307572767 6567.8005256653
56184120.0499190316 6830.2865753174
52507049.4669995457 6034.0731725693
51762302.2387887314 5678.3396307752
52474898.0947220996 6026.9588088989
56663452.0579817966 6880.9778594971
56399440.5716215000 6840.9276885986
56805554.1773636267 6882.8169097900
51431453.9355701357 5361.7257125466
50720640.8574210554 4393.2095497021
50650594.1376149058 4188.4209168420
52339374.6304074973 5955.2735390663
53283069.8111970797 6336.2487993240
54066104.0149515644 6546.6624031067
56586258.4733327106 6873.8575134277
50648442.1077479944 4187.3146777712
54044907.9095668122 6544.7654991150
53250353.8002059832 6306.5527038574
52356490.5152117759 5969.9761497974
50674335.4014606997 4307.4409026051
51280595.6582713127 5209.7737143272
55099326.9395074472 6690.8989639282
52470991.6066251174 6025.9797515869
56884152.1752817556 6896.3623199463
53282210.8289915696 6324.4441211224
50668705.9950792491 4214.1109651396
50806976.1738644987 4614.7230633463
53075738.8174138442 6265.0755119324
54761467.6788376495 6651.6208572388
50656625.1977389231 4200.5364508953
53626939.7946196273 6414.8623657227
50672312.0801233128 4303.5191089058
52852925.0270178765 6143.6101007462
50993512.6601308882 4847.4720035491
54986385.4479611889 6685.7174911499
53029968.4618412331 6244.9806652069
54069038.0307489857 6549.1655120850
53226625.8986372352 6304.3854408264
51410769.8106753379 5349.9501892597
53521290.2169634178 6405.1826515198
50813814.6924684420 4625.3375227747
53291836.5495641604 6346.9756813049
51245227.8763839677 5168.1690794462
50978002.7972502336 4804.3362278882
51264980.9030573219 5200.7465574974
50728153.2993208021 4416.6398120165
51273876.6328606904 5203.7046408214
53492963.5418539122 6382.3441944122
52164232.0897997618 5869.3832479715
53339382.7071674541 6347.6256580353
50763731.1574917883 4516.3152468443
56378258.8972791210 6832.7746009827
50664775.9265514165 4208.5331756020
53958914.9536294565 6508.7990760803
54047434.6304579899 6545.7684288025
50627872.2008564174 3885.8931682732
50629276.9061438441 3985.9826190721
50750093.0022535771 4417.9570124654
51301383.6763703227 5236.2190174618
53659446.2116913125 6446.4975776672
53490298.4748966470 6371.1247825623
54824716.6476619020 6663.6853942871
55113173.9111865833 6694.1629638672
53559072.3949242607 6406.9579544067
50880020.3992508203 4738.0589509023
53830565.6570355967 6469.9298515320
52254409.8270907700 5892.5073572397
50796827.7620512992 4526.0999560594
50984139.6211267188 4844.2562598841
54003162.7910407856 6529.6812915802
54796887.0754923448 6663.5786666870
50979682.1421093866 4843.9247503278
50869158.3225490749 4722.4066087262
50784694.4866971821 4523.1994701764
54011374.1579366401 6535.1752948761
54483212.5191067532 6621.4499053955
54485739.2399979308 6622.4528350830
51331932.6516492963 5240.2477669128
55370843.0890765563 6726.3482589722
53850234.0891039744 6479.3226585388
51327936.0788764581 5239.9010548600
51187976.0481704548 5109.8749520750
53804307.6237157956 6466.9237098694
53793193.5625006631 6459.7821311951
50640707.3888380900 4096.1867125075
52583494.9941995218 6045.1037509441
55009691.8045080230 6686.5319747925
51399758.5407394245 5327.8800242365
55345218.1485157534 6724.2849044800
55391474.4639709070 6727.6578063965
52203315.6030313671 5880.7878996134
53846366.4877954498 6473.1026618481
54369848.7924490646 6600.8425903320
54210694.6751078889 6575.3656959534
54955108.0999538377 6685.1156997681
53912459.0039950535 6505.5231704712
51442321.5846386328 5366.9822459229
54221881.4553798661 6578.8104934692
55572952.1911873743 6733.5342025757
50670685.0582312196 4216.2415686989
54629077.1619352624 6638.4048538208
51325472.0603379756 5239.8461340637
54467408.3616359904 6616.3727569580
51286316.1721347645 5222.2749361553
53883719.9425862208 6500.5564689636
55640232.5236111507 6754.9819717407
51372899.0019229278 5306.2770594995
51377606.4149081036 5313.0347239596
52754440.5225328654 6121.0020275116
50751087.9277646765 4493.1597190141
50900841.8969896808 4752.2654272901
51388561.6977644339 5314.5166046245
50653179.6887194961 4196.9308023553
52638028.7247919738 6078.6839332581
50751800.8413036093 4506.3151660204
56064163.6984040961 6801.1874465942
52677594.9401402399 6079.9022808075
51217637.0236127824 5132.2078429171
50641212.2203371525 4184.8509068813
56437658.0972713456 6842.4200057983
55321852.2533274069 6721.5226440430
50894859.9532998055 4749.7281962222
52828255.0935548246 6126.8090362549
51428435.6979019716 5350.8430795678
50877251.7334766313 4734.8589156385
50819467.6918931678 4630.4034180937
52600631.0972468480 6065.5895709991
50885466.0361359864 4740.6109835354
50962015.1841583103 4804.2060962615
50825496.3543868661 4631.2911651430
52574688.3378326222 6042.0830821991
56459507.1760771647 6844.0354385376
52705955.0925875306 6095.3386592865
52612780.2543837056 6073.3065624237
51317835.9159878716 5236.3406984609
52835299.1519472674 6137.4022674561
55305031.1456799731 6719.4683532715
52619824.3127761483 6074.1997509003
55757344.9697299823 6756.2915191650
52835131.0417161882 6134.9442996979
50813655.2125640884 4625.0044877457
54353464.5897335187 6586.1327133179
52255128.8385508209 5896.9760511406
50792564.1900728866 4525.8289259861
50791173.0132367015 4525.2118146348
52721189.5368048698 6105.5657577515
54305955.7998689786 6583.6098556519
56083794.6989194527 6802.5827026367
56071917.1083041504 6802.4503402710
54939202.6451952979 6678.9805374146
50871445.4375680387 4734.7976668177
55244987.9899305180 6713.7494125366
52597679.3871359006 6060.1774387360
56170477.1975925639 6804.4944992065
56116878.5538089797 6803.5476226807
54461015.5730421469 6603.8801422119
51354810.7207727283 5250.4293538433
50635481.6402552500 4080.3993645038
50813566.0381986871 4616.4565382299
50758951.2166680023 4508.7326546984
50755775.8131947368 4506.6633591580
55785967.2780629322 6764.6123504639
50656412.4735355377 4199.2823796782
50798767.5205673426 4526.6139964985
56116628.2686602548 6802.9096069336
55237577.0330709442 6710.7299499512
52686351.0690141618 6081.9102382660
56056424.6226354465 6793.5476074219
55502021.4579617009 6730.2829513550
51063381.3286187351 4861.9839526161
55639668.7695796564 6752.3150482178
55760884.5740313753 6757.7238845825
51058710.4139656350 4858.9507817904
50957038.0579458997 4769.5697967986
50957246.3855886161 4772.6920614063
51154724.5771945417 4955.3468369842
51143872.5936469957 4950.3943305858
51036769.3587668315 4847.5998671227
51044905.7066016421 4849.5011782967
51102174.5367813930 4871.7779654900
51127174.6533982158 4871.7951966696
51096479.5433025062 4864.5351621881
51135603.1841762736 4874.7171919369
51127397.3790930584 4874.0802772567
