52032305.3785803318 5779.6942602396
53382160.1180906072 6340.3169660568
50763731.1574917883 4516.3152468443
56869414.9496921971 6887.4790840149
56882055.2542324737 6894.0787887573
56378258.8972791210 6832.7746009827
53517908.0783862993 6394.1522464752
53448084.8630180284 6348.2441329956
57014552.1488372013 6912.3600387573
50664775.9265514165 4208.5331756020
51434189.5680493042 5357.5997041590
52308936.0163206458 5926.2109724283
57035303.2055414245 6914.2565231323
53958914.9536294565 6508.7990760803
51889143.9879314676 5683.0853161812
54047434.6304579899 6545.7684288025
50627872.2008564174 3885.8931682732
50629276.9061438441 3985.9826190721
50750093.0022535771 4417.9570124654
51301383.6763703227 5236.2190174618
56253730.9679130390 6825.6542549133
53659446.2116913125 6446.4975776672
57286454.9971779808 6935.5315246582
52509500.9541411623 6018.0269677639
56721858.1438851133 6878.9938888550
51627256.8682655469 5459.9151253708
53490298.4748966470 6371.1247825623
53443462.7733590975 6345.0253715515
53783171.6318063512 6450.6271362305
54824716.6476619020 6663.6853942871
50916106.3853134736 4758.8679755030
51542854.0523285717 5435.5066733368
51282401.3775719553 5205.5955699839
52180421.1352408603 5871.1519657373
55113173.9111865833 6694.1629638672
53559072.3949242607 6406.9579544067
50880020.3992508203 4738.0589509023
53830565.6570355967 6469.9298515320
52254409.8270907700 5892.5073572397
50796827.7620512992 4526.0999560594
56583149.6617431119 6867.5434761047
56666240.0267796591 6869.9113731384
50984139.6211267188 4844.2562598841
50683308.9831821695 4294.3110336507
53369430.3014358804 6338.7825698853
56719391.6304772571 6873.2046279907
57042656.7070595846 6915.7467346191
53508125.7208498791 6382.2073314190
51974600.9272253215 5730.0896493196
57001176.5447220877 6900.7626495361
56965132.1395391598 6898.7786788940
54003162.7910407856 6529.6812915802
51793426.1153361425 5650.4757702649
52143456.8797883615 5847.6171849966
54796887.0754923448 6663.5786666870
56936204.7916915193 6895.0437088013
50979682.1421093866 4843.9247503278
51849698.3163560778 5677.3965206146
52927377.4416162372 6171.6828060150
50905263.2881471068 4756.6342244732
50869158.3225490749 4722.4066087262
52088493.9815104380 5801.0749046803
50784694.4866971821 4523.1994701764
51688370.1212805435 5562.4835255444
54784739.8101295903 6649.6863708496
51539829.5095497072 5402.2307776040
53673490.7493508533 6447.8977546692
54011374.1579366401 6535.1752948761
54483212.5191067532 6621.4499053955
54647408.0402972028 6644.4849319458
54485739.2399979308 6622.4528350830
51790782.2036926299 5639.1853657067
52500819.7970989794 6009.1713557094
51331932.6516492963 5240.2477669128
52467089.4712764621 6006.9523708820
55370843.0890765563 6726.3482589722
53850234.0891039744 6479.3226585388
50732148.5063400194 4398.4428208708
51327936.0788764581 5239.9010548600
51811576.2369042858 5661.5596707165
51187976.0481704548 5109.8749520750
52337908.1519528851 5935.8935552835
52414068.6159251705 5974.0521036386
51998129.8057413176 5760.0175519376
51736903.7943966389 5565.9814579785
55102187.8922335729 6688.8506698608
53231382.7216129377 6265.7820355892
53804307.6237157956 6466.9237098694
53793193.5625006631 6459.7821311951
56711395.1690948382 6869.9619140625
51971689.6002966836 5724.4623996355
52017527.1446205005 5760.2638443708
50640707.3888380900 4096.1867125075
51756745.4582873508 5600.9037291995
51804424.5520136878 5658.7882225811
52583494.9941995218 6045.1037509441
52023436.2763003036 5768.5337775946
55009691.8045080230 6686.5319747925
50652073.3880119845 4187.7227271001
51399758.5407394245 5327.8800242365
55345218.1485157534 6724.2849044800
50678510.0824556947 4291.8057463631
50627862.8951648027 3789.7930064866
53334025.1674601808 6327.6700608730
54269390.2452444211 6580.2385330200
51272851.3995132223 5136.9281155624
55391474.4639709070 6727.6578063965
51931408.6090361848 5722.7614191025
52203315.6030313671 5880.7878996134
53846366.4877954498 6473.1026618481
52067583.3938310742 5794.9709112942
54369848.7924490646 6600.8425903320
54210694.6751078889 6575.3656959534
54955108.0999538377 6685.1156997681
53912459.0039950535 6505.5231704712
57270639.3729617819 6917.4723968506
51442321.5846386328 5366.9822459229
54221881.4553798661 6578.8104934692
50673787.4825974181 4283.2809507776
55572952.1911873743 6733.5342025757
50862139.4019491524 4641.7100886179
50683496.5028609708 4295.7954317421
52349231.5046445504 5936.4018102884
50670685.0582312196 4216.2415686989
51281076.4759282842 5205.0428280509
54629077.1619352624 6638.4048538208
51325472.0603379756 5239.8461340637
54467408.3616359904 6616.3727569580
51912873.3546797186 5691.1501756012
51286316.1721347645 5222.2749361553
50998561.5385155752 4847.4720035491
53883719.9425862208 6500.5564689636
52027064.2646646947 5771.5918658078
52042334.9234227985 5789.5935404599
52103027.5883443207 5802.2001852393
55640232.5236111507 6754.9819717407
51372899.0019229278 5306.2770594995
51377606.4149081036 5313.0347239596
52034118.5485970601 5783.8450281918
52754440.5225328654 6121.0020275116
52881630.6788507104 6162.6592903137
50751087.9277646765 4493.1597190141
52525638.3393303826 6027.5757350922
51417480.4150456414 5349.3611989029
50812878.3456898406 4532.6926150560
50900841.8969896808 4752.2654272901
52378025.2050972357 5954.4334398508
51669653.8857910484 5480.7655592239
51388561.6977644339 5314.5166046245
52098489.3480125442 5801.4346929789
53311267.5118523613 6303.4649851322
50727015.2097595334 4396.2882750044
52510137.8085364625 6018.3286666870
50653179.6887194961 4196.9308023553
52909183.7990233079 6169.4389038086
54156066.0706760660 6551.7826576233
52638028.7247919738 6078.6839332581
51639936.4092254266 5470.7937273987
53310873.4684931710 6301.5069458485
50751800.8413036093 4506.3151660204
53276919.3110459521 6274.6254482269
52163438.9461225197 5862.8232754469
51638212.1511218771 5463.1915340432
53091045.0358183309 6211.7178370953
54585450.3921379521 6626.5945739746
56064163.6984040961 6801.1874465942
52383151.7533945590 5968.3035913706
52677594.9401402399 6079.9022808075
51217637.0236127824 5132.2078429171
50641212.2203371525 4184.8509068813
50852554.0236034617 4639.6962317301
52254202.8772539422 5884.8400350809
50710009.4261639044 4308.7425237212
53136865.3720609620 6251.6885452271
56437658.0972713456 6842.4200057983
55321852.2533274069 6721.5226440430
53653097.6926175877 6417.8244938850
50894859.9532998055 4749.7281962222
52828255.0935548246 6126.8090362549
51569214.1994614378 5457.5387701996
51428435.6979019716 5350.8430795678
50877251.7334766313 4734.8589156385
50819467.6918931678 4630.4034180937
50838723.5055819601 4638.8434016777
52600631.0972468480 6065.5895709991
50885466.0361359864 4740.6109835354
52156775.1842745170 5855.7699328661
53096893.8914980516 6212.9775929451
50962015.1841583103 4804.2060962615
50879555.0978945047 4735.3506553926
50825496.3543868661 4631.2911651430
52170131.5223107040 5867.1558996439
52574688.3378326222 6042.0830821991
56459507.1760771647 6844.0354385376
52705955.0925875306 6095.3386592865
52612780.2543837056 6073.3065624237
53261414.8826357201 6272.0318698883
52279786.6360063851 5913.1748733521
51317835.9159878716 5236.3406984609
52835299.1519472674 6137.4022674561
50695531.0520428047 4308.6359022546
55305031.1456799731 6719.4683532715
50914993.6059325263 4756.9802706537
52619824.3127761483 6074.1997509003
55757344.9697299823 6756.2915191650
52835131.0417161882 6134.9442996979
50813655.2125640884 4625.0044877457
54353464.5897335187 6586.1327133179
52268384.7019492760 5897.2967287004
54591747.0330146179 6626.8258209229
52255128.8385508209 5896.9760511406
56235665.6418307498 6807.2825927734
50792564.1900728866 4525.8289259861
52139689.0499828011 5819.0000152588
50791173.0132367015 4525.2118146348
52721189.5368048698 6105.5657577515
54305955.7998689786 6583.6098556519
56083794.6989194527 6802.5827026367
56071917.1083041504 6802.4503402710
52989499.7903669998 6178.1572272778
54939202.6451952979 6678.9805374146
50669326.6354866549 4210.9798038751
50871445.4375680387 4734.7976668177
52953330.4775431976 6172.0251255035
55244987.9899305180 6713.7494125366
50736832.5319299325 4410.6946232987
52597679.3871359006 6060.1774387360
56170477.1975925639 6804.4944992065
53143802.5030353591 6253.3343734741
56116878.5538089797 6803.5476226807
56434693.8555600718 6834.7711029053
52271595.0305100679 5905.9702031612
54461015.5730421469 6603.8801422119
51516149.6292885691 5389.7687816243
51354810.7207727283 5250.4293538433
50635481.6402552500 4080.3993645038
50813566.0381986871 4616.4565382299
52454115.4507603645 5981.1083931923
52992140.7740445063 6184.0189571381
50758951.2166680023 4508.7326546984
50755775.8131947368 4506.6633591580
55785967.2780629322 6764.6123504639
50656412.4735355377 4199.2823796782
50723849.9720812067 4384.3567891912
52463195.4047615305 5987.1626244076
51414798.8356798366 5328.6833783489
50727725.2134554237 4397.2032151150
52566654.7195347473 6029.4684028625
51667612.6969336867 5471.2971560578
50798767.5205673426 4526.6139964985
53310074.7747935131 6282.3900985718
53030694.7127856910 6196.6001052856
56116628.2686602548 6802.9096069336
55237577.0330709442 6710.7299499512
52686351.0690141618 6081.9102382660
56237724.9547885731 6808.3479003906
56001127.5021839812 6773.8616485596
51537447.4653211758 5392.3165855627
55924885.7786333337 6770.6295852661
56002657.6153567955 6793.2460632324
51541682.6336454526 5402.9201177577
50691763.8810548857 4306.5435452716
52997729.8168002442 6192.7178363800
52972339.1624748781 6176.8941154480
53049408.2486368194 6200.1514301300
53270221.6880321726 6272.5574514866
55848293.7549532279 6766.3140716553
56056424.6226354465 6793.5476074219
55949556.0400605276 6772.0998382568
55892311.3195749596 6767.5491638184
55502021.4579617009 6730.2829513550
51063381.3286187351 4861.9839526161
55639668.7695796564 6752.3150482178
55760884.5740313753 6757.7238845825
51058710.4139656350 4858.9507817904
50957038.0579458997 4769.5697967986
50957246.3855886161 4772.6920614063
51183410.1131740585 4959.7655519345
51053847.5561325774 4850.6016574749
51154724.5771945417 4955.3468369842
51143872.5936469957 4950.3943305858
51036769.3587668315 4847.5998671227
51044905.7066016421 4849.5011782967
51102174.5367813930 4871.7779654900
51127174.6533982158 4871.7951966696
51096479.5433025062 4864.5351621881
51135603.1841762736 4874.7171919369
51127397.3790930584 4874.0802772567
