58124018.5134871826 6900.7626495361
53765470.4017122835 6244.3050079346
50897539.1320590228 4620.2917598040
50956752.2340379655 4670.2484022231
52102792.7074429989 5613.6785893842
52296629.9418195188 5774.6248992277
53725685.0893811658 6235.3153285980
55530357.1148771867 6570.0230922699
58119642.5815405026 6899.4381408691
58355129.0769231990 6915.7467346191
50938689.1891554371 4669.3042099723
52510804.0032883212 5860.8628678918
53572666.1590858921 6182.0534234047
55827523.7074679807 6627.2970161438
58568503.2113159373 6935.5315246582
58492348.1651273444 6917.4723968506
52895570.1817137301 5970.0117638111
52807502.8248419538 5951.9786434873
52022916.2927875891 5610.7735245629
52462432.3407789096 5856.0491677030
50925255.9816273227 4661.1693557748
52131204.1609825194 5659.4367623730
52359257.1213419214 5796.5654652119
52644566.6970578358 5911.0302720070
55413077.8764768019 6569.1669559479
56043943.4590745270 6682.6929244995
57463265.1030127481 6801.9690399170
52264076.1865063980 5742.5609176159
50761015.5728253350 4212.0685083885
52255307.0322168395 5740.8648575052
52602637.0332886577 5897.7101464272
55769001.3240498081 6615.9835433960
58137474.7072256580 6904.3080444336
50787307.9053313136 4326.6374897768
53137185.3640000150 6029.3373732567
53436635.4704637676 6153.5454463959
55809326.8867375255 6616.0744628906
52171297.3042071164 5674.8768934906
52235271.8673576117 5714.0729894638
52548797.9612947404 5874.0719654560
52590432.6995186806 5880.8281745911
52872045.4935220703 5963.7581660748
50924769.3752519861 4659.9802078526
52203401.2392401248 5698.6026163101
53576419.1238877475 6198.4551200867
57565845.2263111547 6823.8340873718
51127174.6533982158 4871.7951966696
52336293.8549927473 5779.5393167734
55742725.3345202282 6610.8713722229
57821763.4323973134 6875.2563629150
50840726.0004464313 4529.1470845448
50854599.0059565753 4532.3123077558
53304192.5150072202 6107.9694557190
55561077.6147680357 6592.2756767273
55686454.2504793331 6599.3716583252
57983758.5561779812 6884.9135894775
52624092.2458860427 5897.7622296810
53574795.1781611592 6194.6679239273
50856078.4010809362 4545.1725078950
52434047.5020161048 5807.0313047171
54031234.9254331142 6292.1568679810
53400571.5285411626 6141.9746837616
54206013.8086631373 6335.4584407806
54256823.1382603869 6336.7812271118
55812749.8176546395 6618.0020332336
53330493.5027613565 6121.8373174667
52700249.3453871533 5918.4152314663
53605485.3416471779 6207.2271528244
53510013.2300253659 6176.2907683849
55543239.1574199945 6577.6351814270
52918124.1265011206 5991.5310475826
52598423.8152458742 5889.5467221737
54188442.7616433054 6315.8687801361
50761158.9497344047 4217.1773457339
54460413.9991332516 6378.3743419647
58161791.0132330731 6905.3939437866
50744149.8848985285 4013.1960371584
50881630.8467792869 4545.2902337308
56090039.9461736158 6686.5820770264
55653593.2158537582 6596.3802337646
50742353.6585906371 4006.1227507666
50751612.6498300210 4115.8542199507
50886387.4025466293 4548.3247585840
51125198.3767893016 4869.7527007037
51333925.5815509781 5035.6832148472
55853390.1261182949 6656.4444961548
50748171.9928645939 4017.9937117994
51081792.1148742735 4858.6397496634
51154306.9718826339 4885.9222945611
52806502.7838305831 5951.9227747917
53070919.6314778328 6014.6277493238
53722786.6288766041 6222.5924854279
52442699.5897682980 5813.5781092644
50900094.9018624723 4629.5623918568
51096479.5433025062 4864.5351621881
50905090.5642019063 4652.8643740662
50982404.5907021835 4745.6401826292
53559163.3386007175 6178.2686014175
53971633.4914822280 6283.1671886444
54143084.7509979084 6305.8758430481
57759423.4211183265 6861.0920791626
53706256.9565206096 6218.5298366547
53499091.6533927694 6155.2208232880
55258754.8430574834 6505.7644214630
55412179.5118749812 6567.6886177063
52792930.7611104101 5947.3960692883
54034788.4281034693 6296.4741725922
53574482.3116064966 6185.3428984284
51231932.5559396222 4975.1439869145
53199151.1717199683 6035.6188313961
53579582.4845008627 6201.2670192719
52863335.4282016382 5960.9124541283
53353046.0106056333 6132.9699306488
53034305.0619797930 6005.2083070278
53173131.2630139813 6030.0604157448
53266384.5772355124 6100.7463395596
50996068.0759003386 4753.8543188521
51366130.3108068183 5071.4486839513
55729695.0021137297 6610.2417469025
57266743.3602781817 6799.6805458069
53074912.2783466578 6015.6616127491
51103873.4048746750 4868.4187913188
53094511.9990776703 6028.0808432102
53127937.9544525743 6028.6250040531
53265172.0364005119 6084.9411981106
53201501.0289786234 6077.5758173466
57585419.6981334165 6833.8025283813
52905810.5152455345 5972.0374670029
57631573.0208808705 6848.4617614746
51018949.5296209976 4770.9377832104
54955981.0723528862 6415.1814537048
56369602.5258952826 6711.4970169067
50839085.8038198650 4447.7417778322
51075008.5103408545 4836.2882970446
56622934.0200000778 6749.6889648438
51356875.2736505866 5069.8610688313
51326011.3111997768 5017.3627993504
55047621.1505944282 6443.8092918396
51592677.1700258926 5175.9902311305
57101039.4792117104 6789.1154327393
51077249.7108936831 4850.6170665661
54860482.5264644101 6395.1194610596
51496093.5650576577 5126.2583153325
51211338.1943912953 4972.0838331918
51524131.8118779287 5136.4817523345
51195383.2778545320 4962.4076530659
51345284.9665408432 5068.3885302285
51186614.1235649735 4959.0555056969
51329462.8581281900 5029.8739623888
50989172.3925849870 4748.8602498644
51083773.9819909483 4860.5073594996
51263485.8820842728 4991.8195687556
56959274.2774377167 6769.4737548828
51135603.1841762736 4874.7171919369
51250144.6439044178 4986.3557975157
51203788.4697997868 4962.5705402656
54962611.6431226432 6431.5102157593
56400437.4549000040 6718.4654846191
51127397.3790930584 4874.0802772567
56179425.4768282399 6693.8746490479
51418954.3071961701 5087.2625879967
54939210.2685370967 6406.8578529358
54796339.1000176072 6390.1419830322
56289177.9142439440 6708.6141738892
57548286.6758795753 6806.6528110504
56194778.2527453229 6697.5192871094
56775311.5375655070 6757.8919525146
56869973.2861474007 6762.9850845337
56420902.0096855462 6719.9083099365
57045142.1601336673 6785.0171813965
56454927.1293624863 6727.6568679810
58091064.3841602281 6886.6537094116
56552614.9196531549 6735.3500137329
54872812.1120823026 6401.9593086243
54795936.2417185158 6380.9880104065
54764647.3685534075 6378.5128517151
51149055.8508055657 4874.8798712417
51775213.4165285826 5197.6984955147
51866654.7608081177 5209.2883135155
51896874.0518124104 5251.9577271715
51800354.9903444722 5197.7246290943
51994446.1281823143 5297.5368325487
52005858.9318908006 5304.6046885749
51848842.7175645828 5198.8111107027
51855708.7867902070 5204.7120302990
51894141.7208705097 5240.2630556896
51940579.3551905751 5254.3267218843
51767412.1562950015 5193.3415581957
51877021.5307943076 5227.5351894572
