52835299.1519472674 6137.4022674561
53581381.4426736906 6355.8328071833
54104868.8684394732 6532.5893669128
57059463.0982725248 6889.4105911255
53999000.4380119368 6490.7656173706
54926798.7214143351 6660.9214096069
50695531.0520428047 4308.6359022546
53949907.6193585172 6467.2548089027
55305031.1456799731 6719.4683532715
50914993.6059325263 4756.9802706537
50914588.7022973672 4739.7704464780
50838379.2833904102 4628.1446261702
51224669.1650019288 5112.6630406183
53745808.1851977333 6433.7710189819
52548208.7564501762 6013.7110171169
52619824.3127761483 6074.1997509003
53666559.4683336839 6418.7974535227
54115430.8508557752 6542.1086769104
55757344.9697299823 6756.2915191650
50635009.7867641374 3982.8998980846
51322501.3532161564 5232.3786813122
52523149.1072024480 5998.5979344845
52835131.0417161882 6134.9442996979
54055924.5977396592 6527.7349700928
56849736.3777966276 6872.5307693481
50767349.4814437255 4510.3204535919
50813655.2125640884 4625.0044877457
52133846.4534803480 5736.4660583735
55000110.8428548500 6683.4530563354
51449023.4128909931 5343.7652487378
54214581.4422052130 6547.0753784180
54353464.5897335187 6586.1327133179
52268384.7019492760 5897.2967287004
55155524.0748320445 6689.8143234253
57042282.4237984046 6888.5131988525
50685396.5013686940 4220.6090362072
54042628.8666314855 6493.0694389343
54591747.0330146179 6626.8258209229
53970377.6295399591 6476.4944810867
54577794.1194866523 6620.3627014160
52255128.8385508209 5896.9760511406
52147764.6746023893 5833.0281852484
50884004.4506471455 4738.1900449418
50868362.1894303560 4641.4355034701
52008187.6795364469 5670.7260209918
52889784.1543431506 6159.2499427795
56235665.6418307498 6807.2825927734
57170055.1717163846 6900.7626495361
50792564.1900728866 4525.8289259861
52326887.7785763219 5908.9863114357
53870601.5169633105 6452.8422756195
54266097.6815319136 6574.7500076294
56396156.7072186992 6815.1124191284
52139689.0499828011 5819.0000152588
55343602.3881407902 6721.5226440430
50791173.0132367015 4525.2118146348
51317531.2521047741 5227.4540489925
52678611.8880802542 6079.8834285736
52587176.2632281408 6035.6241323948
51305211.2838495448 5220.9826793348
52721189.5368048698 6105.5657577515
54305955.7998689786 6583.6098556519
56083794.6989194527 6802.5827026367
50677704.2963937521 4212.4393776610
50946331.5908153355 4757.9648061382
52432666.1902806833 5954.7059323788
52148461.2875722349 5833.0550396442
54671946.9775934443 6634.2421035767
56071917.1083041504 6802.4503402710
52801122.1456499547 6117.4340000153
53384398.0538072512 6302.5485534668
52989499.7903669998 6178.1572272778
54939202.6451952979 6678.9805374146
50669326.6354866549 4210.9798038751
50871445.4375680387 4734.7976668177
53111296.0859636888 6221.6991615295
54109683.2783116773 6533.0851612091
56776331.5775324479 6863.8202285767
52006340.8638527691 5668.2069866657
52347861.4470843971 5915.8909235001
53233411.2122436538 6258.1715030670
52953330.4775431976 6172.0251255035
53126686.6182310805 6225.6496677399
55244987.9899305180 6713.7494125366
50665071.0843219459 4201.6662489887
50736832.5319299325 4410.6946232987
52386772.4451864436 5920.9098718166
52382525.6927457228 5916.2851989269
52597679.3871359006 6060.1774387360
56170477.1975925639 6804.4944992065
57282471.4134684131 6915.7467346191
51231349.6102632731 5123.2035887045
53143802.5030353591 6253.3343734741
51435463.4996615574 5335.1800314289
56116878.5538089797 6803.5476226807
51345632.9482127726 5233.5621699364
56434693.8555600718 6834.7711029053
57117824.6379404441 6893.4282760620
51311982.0980325639 5223.3460489613
52793490.7345960140 6105.9301567078
52392237.0245701224 5948.4942891598
52271595.0305100679 5905.9702031612
52099374.6845428348 5728.3771965504
54461015.5730421469 6603.8801422119
52153167.2721657157 5835.3051302433
51414242.3286895081 5310.5323108536
51516149.6292885691 5389.7687816243
52254704.7050828040 5874.9907007217
51354810.7207727283 5250.4293538433
56897970.4356648549 6874.2939987183
57603017.6654184535 6935.5315246582
57269071.4020479545 6905.3939437866
50635481.6402552500 4080.3993645038
50813566.0381986871 4616.4565382299
52244913.4687803313 5862.8697041124
56432595.5284058675 6816.1705245972
52918770.3921785429 6163.4997253418
52249697.7379272804 5863.0158298016
51389107.3615570441 5295.5723311187
52219358.1304086298 5838.1026467085
54476129.0934766904 6605.6419525146
57125216.0205976591 6893.9464263916
51321098.9902846068 5228.5354425710
51293544.4975598380 5219.5082857412
51394684.1679682359 5307.3414099099
52454115.4507603645 5981.1083931923
52992140.7740445063 6184.0189571381
50758951.2166680023 4508.7326546984
50755775.8131947368 4506.6633591580
51392326.2666095942 5307.3152774902
56466444.3070515618 6844.0354385376
50665120.0288346484 4201.6892913270
56291643.3543936685 6812.2686462402
52469869.8697025403 5993.2052788734
55590183.3420077935 6730.5147399902
55785967.2780629322 6764.6123504639
57154257.1080271974 6894.4056930542
52443752.0442788079 5955.3516730070
57206487.6418031380 6902.6016998291
50656412.4735355377 4199.2823796782
54831199.8587540165 6648.5053787231
51419109.1544537246 5330.1577892161
54735527.9747717455 6640.2804489136
50643469.6386637241 4092.3357687506
50723849.9720812067 4384.3567891912
50752506.8820442706 4493.8091729211
51014991.9416282550 4834.7217885213
52463195.4047615305 5987.1626244076
54817821.9957881048 6642.0422592163
51413669.1514832601 5310.4952664477
52450681.7234896570 5965.4497010708
52425191.6842680052 5953.3581736088
53662609.2760412470 6372.7883682251
53372596.5368488505 6295.3446264267
53665823.8813287839 6376.4822206497
50774358.5298973769 4511.1239340829
52605890.7540317476 6062.3520336151
52485037.6848831177 5996.6240808964
52616902.0239676684 6065.1234817505
53101551.7694934383 6200.8102520704
54499845.0350538269 6606.2816619873
56954867.5707583204 6881.5959548950
50667176.7129229382 4208.1521904543
51482798.4759207964 5346.7340508801
53387639.7511653230 6310.5939416885
51487366.8426051363 5347.6003684620
51414798.8356798366 5328.6833783489
51424883.9167138115 5332.2956868511
51545311.2339234725 5412.3977238041
53336584.3546526507 6282.9729614258
51656146.1808675453 5455.0940176845
52578647.6932081208 6032.1303215027
50727725.2134554237 4397.2032151150
52566654.7195347473 6029.4684028625
51589814.7051903903 5434.4298206669
57556709.4215336815 6917.4723968506
51667612.6969336867 5471.2971560578
57256057.7486480549 6904.3080444336
51761250.6035357639 5524.0256682727
50798767.5205673426 4526.6139964985
51564829.5969019160 5413.9895678251
53310074.7747935131 6282.3900985718
53030694.7127856910 6196.6001052856
56116628.2686602548 6802.9096069336
55237577.0330709442 6710.7299499512
50781829.3876203895 4519.3619220670
51568439.5480867922 5421.0158438268
52676581.0300326273 6074.5971164703
50753338.7002875432 4493.9796214628
53360808.0973872021 6289.3298900127
52686351.0690141618 6081.9102382660
56237724.9547885731 6808.3479003906
50754712.3046421930 4500.9010397273
53342789.0932143256 6284.9552688599
56980794.9142112657 6884.5232543945
51573229.3299905062 5422.1182874660
54660024.0596915111 6630.7611389160
50755219.3522028551 4504.4313926625
51595560.4376785681 5435.1232274990
50987693.6767224371 4832.9570483267
54820343.5458795056 6645.3433914185
56001127.5021839812 6773.8616485596
51537447.4653211758 5392.3165855627
53840155.9446649626 6438.4825878143
55924885.7786333337 6770.6295852661
53268657.3170687035 6261.8981094360
53348307.1771761402 6287.4757742882
54761184.8292862102 6640.4822616577
55648521.1932471320 6754.0768585205
56002657.6153567955 6793.2460632324
51541682.6336454526 5402.9201177577
51581835.8937466219 5429.5936747785
51727869.6506615803 5500.3686708431
50691763.8810548857 4306.5435452716
51681688.9920477718 5476.4935583095
55716786.5097138807 6754.3511123657
51551307.9491292983 5413.0911306362
53942053.7098422572 6453.6536006927
52997729.8168002442 6192.7178363800
53624973.0161407366 6371.0559635162
56761374.8919529691 6855.8745040894
52972339.1624748781 6176.8941154480
50855781.1051447615 4628.9569301680
53444259.6324822232 6327.1435527802
51565285.5302136093 5414.2538182235
53131010.0054507479 6239.8660125732
53502058.1055919304 6351.5337419510
51980527.4958087727 5646.3588997698
51699625.6563397646 5484.8003860679
52070242.1487881169 5695.0154835558
52885491.2040399686 6144.8821353912
53049408.2486368194 6200.1514301300
53270221.6880321726 6272.5574514866
50859040.4950746596 4634.9815078080
53854108.5338977501 6448.5275630951
53461220.0377463624 6337.7366867065
53621373.6006521806 6364.2240333557
52090529.0360047743 5715.0525261736
51895004.1227361858 5584.4627000219
51874651.8234451413 5569.8883520365
56333485.0411373898 6814.0576171875
56720406.6891061440 6851.4827270508
51951208.3416245207 5625.6038555927
50867006.9866045043 4639.5140431225
51921568.4809499905 5607.3740162677
51637820.6695993543 5440.1297364384
55848293.7549532279 6766.3140716553
56056424.6226354465 6793.5476074219
51896155.1601943746 5605.7584614581
54816962.5610576048 6641.5768585205
55949556.0400605276 6772.0998382568
55892311.3195749596 6767.5491638184
55502021.4579617009 6730.2829513550
51063381.3286187351 4861.9839526161
55639668.7695796564 6752.3150482178
51648452.7524926364 5449.8478414589
51924429.6032077745 5611.9117296725
51939385.9561391622 5622.5431418247
55443069.2722802684 6722.9550094604
51784018.7164106220 5533.7045312054
55760884.5740313753 6757.7238845825
51931884.1284181327 5621.2052597827
51863395.3241815418 5552.6026495970
51890989.2506653219 5578.6206641025
51819003.9033926278 5550.6704369611
50981932.7880765051 4787.3291741747
51905740.5385400653 5607.2150425739
50955910.8385687545 4760.2939037042
51978509.0190470666 5646.3487336016
51058710.4139656350 4858.9507817904
51798299.1187136769 5542.2654373473
51784135.1432366669 5537.0546688861
50957038.0579458997 4769.5697967986
50957246.3855886161 4772.6920614063
51890734.8590466529 5574.7184520750
51169871.8661723435 4959.7373452842
51144226.4893444404 4950.6175426617
51183410.1131740585 4959.7655519345
50854987.4508593157 4628.7811934673
51053847.5561325774 4850.6016574749
51154724.5771945417 4955.3468369842
51143872.5936469957 4950.3943305858
51036769.3587668315 4847.5998671227
51044905.7066016421 4849.5011782967
51034162.7647327557 4845.5391887748
51102174.5367813930 4871.7779654900
51206922.5362884179 4964.2608022469
51127174.6533982158 4871.7951966696
51096479.5433025062 4864.5351621881
51211338.1943912953 4972.0838331918
51195383.2778545320 4962.4076530659
51135603.1841762736 4874.7171919369
51203788.4697997868 4962.5705402656
51127397.3790930584 4874.0802772567
