153720883.2384915948 2741870.0439453125
154782591.1074326634 2857972.1826171875
155345605.9357584119 2908119.0537109375
155876825.0132383704 2958826.1708984375
160754638.6501421630 3255366.0927734375
162282373.3982511163 3326112.0322265625
162491049.0703257620 3340783.9970703125
165066822.9790165424 3437183.9619140625
171845859.1904321611 3620981.0341796875
173207143.2665591538 3647066.0888671875
173524291.8863463700 3650383.4990234375
173834588.5506443083 3657535.5849609375
151444427.8504792750 2266012.6005859375
156029266.9010444582 2971762.5654296875
157226595.0439145565 3057551.3017578125
157417978.8621847332 3068479.0166015625
162379760.4461533427 3334210.7138671875
161657472.0490776002 3303279.5185546875
162115861.8832744956 3325577.4443359375
167740995.7883847356 3526702.9169921875
153177249.5046832561 2665814.7919921875
165129809.3851266503 3441019.6142578125
155052461.2621523440 2883599.0263671875
155057325.9625559747 2888094.7119140625
164667790.3099703789 3422753.9697265625
153843931.9742347002 2756954.2626953125
157275651.9243315160 3059530.7841796875
172287249.0200482309 3631570.7021484375
151689518.7303109169 2387606.3935546875
171886923.7061527669 3625809.7333984375
171533994.2204279900 3617176.4638671875
161315444.3303704560 3286414.2958984375
164764599.7461334765 3428489.5400390625
153363811.7679879665 2693764.6962890625
155437359.3602890670 2923777.4287109375
161721268.5784604847 3305532.9443359375
161799876.4892371297 3312247.2119140625
165473874.7259578109 3455458.6240234375
156238291.1497081220 2981500.2001953125
173998462.5882348716 3658427.5263671875
154883288.9040480852 2872601.1337890625
159339425.9872732162 3189137.7216796875
162714467.6761983037 3346541.8271484375
164551310.9203486145 3416099.0888671875
166481433.9014023840 3487302.7197265625
167478832.4781611562 3519722.2568359375
156063265.6910133958 2973404.3017578125
151712656.8714583218 2411531.4208984375
165154001.6259866655 3441623.8369140625
152128881.7114907205 2510514.7001953125
161151067.0328443944 3281905.8115234375
160997233.2244077027 3271576.3662109375
171486955.5969753265 3615281.2802734375
151698168.3876509368 2406589.4052734375
154513850.5689213276 2820782.1357421875
158597974.1008029878 3145166.1943359375
169477470.9691802561 3569975.1435546875
165160535.4123399258 3443643.5712890625
167383816.7544956505 3516873.5537109375
170000697.8705683947 3582414.0498046875
171619031.1868737936 3617736.2138671875
171379079.8390754461 3610101.5791015625
159614409.6963595152 3203755.2236328125
159260584.3782561123 3184741.7919921875
169640065.0366306007 3573926.3193359375
171658856.3432138860 3618657.6474609375
151760497.1890025437 2419804.5458984375
164861931.3764073253 3435383.6064453125
172155738.9034124911 3628533.1318359375
152108640.9467917681 2507766.6455078125
153098728.7593498230 2664670.3779296875
156803727.0227553844 3020471.3193359375
158652847.5999763012 3148430.9716796875
153240423.4639049768 2680268.3056640625
155919859.8014194965 2962836.5908203125
158943591.5867644548 3164137.4228515625
172358546.3468681574 3632531.1513671875
172359474.4821152389 3633780.4365234375
155742423.8322715759 2949394.1298828125
167127609.9214652181 3509566.4482421875
152143893.8937494457 2513362.4150390625
167665419.9680835605 3525462.5927734375
161375109.9724286497 3291325.4150390625
167033511.8333951831 3508744.2919921875
174297569.8860099018 3660057.2490234375
165538047.6934221387 3457749.1220703125
167151597.7009189129 3510361.5380859375
169428928.5352272987 3569912.1396484375
172301064.4917924702 3631573.8544921875
159391420.9779934287 3192028.9697265625
160847664.5084502399 3264350.5986328125
165206802.1825141609 3448050.5244140625
158600638.7761266828 3148277.6357421875
161432643.8565821946 3294828.8837890625
155045968.2913461924 2880424.4228515625
159439826.9218383133 3195040.4248046875
152286240.0967375338 2526383.6513671875
161581689.6852210462 3300357.5283203125
165419858.1775141060 3454477.2119140625
166524125.0660200715 3491408.6591796875
169610392.0407582819 3572705.6708984375
155199190.2366386056 2901312.7158203125
166833431.5532970726 3501175.3818359375
169568992.9010664821 3570535.8271484375
169732719.7474175692 3576809.5810546875
152198854.7005719244 2522905.3955078125
166158692.0729887784 3477833.2197265625
173442671.0769141018 3650176.7373046875
153511225.1635475755 2701885.5615234375
158855415.0803951919 3161172.5986328125
152800920.9231077135 2621174.6201171875
172682695.3701583445 3638816.0068359375
151464338.8930980265 2283213.1708984375
151494182.1515066326 2318209.6376953125
152562360.7059421837 2583748.1103515625
153419410.1927981079 2701171.5947265625
155832967.4833345413 2956966.1513671875
155817823.7363965511 2954780.0087890625
174286534.8788252473 3659440.1357421875
165907173.3474889696 3470977.8564453125
166531426.3396182656 3492542.1123046875
173133675.9113239646 3646493.5888671875
155673408.2413464785 2944855.3583984375
159594987.0499125421 3202787.2275390625
161030229.0644994080 3277460.5947265625
155402090.4198148847 2919889.3857421875
160868662.5372406542 3265038.3466796875
155712328.0905157924 2947007.9677734375
170131390.2198002040 3583664.9443359375
152077867.0880936682 2502233.3837890625
169279406.9496174157 3563565.1142578125
155481593.2189620733 2929611.6123046875
153315105.9921718836 2687726.4658203125
157818909.8720034063 3093821.7138671875
172577743.4298020601 3635028.3349609375
155228284.7198942304 2903795.2177734375
155664784.7443401515 2941547.6513671875
155566575.5002683997 2937185.3310546875
154174128.7661859989 2793893.4755859375
155378456.4047787189 2917904.5830078125
165737389.9473693073 3462344.5869140625
169665919.3770873547 3575987.3623046875
174020621.1667455137 3658569.7958984375
172839431.7115653753 3640266.2724609375
172923648.4739133716 3642180.4208984375
166207403.9197532535 3479611.1259765625
169607691.8715600967 3570910.4443359375
152039302.5209650099 2496913.4736328125
169570496.6545690298 3570644.3662109375
154029730.7786746621 2777644.9501953125
151838595.1493904293 2444951.5615234375
173566118.1905217171 3652084.0498046875
161981553.5576679707 3318082.9189453125
157949450.2374337912 3097969.7490234375
173352940.8109961748 3649858.0029296875
154279028.4379902482 2803036.9912109375
156609461.1301133931 3012876.2822265625
160926691.1594382226 3266888.3974609375
157355723.1812530756 3065774.7529296875
173538031.4338696003 3651470.4521484375
152844132.5340222120 2630922.0283203125
160968762.5251497328 3271033.9072265625
163739325.1878492236 3386203.5361328125
152912917.9991808832 2643509.1611328125
157459401.1894110143 3072216.7822265625
152663487.1959755719 2605785.8095703125
157946476.3898705542 3097957.6767578125
163059663.8096800148 3358633.2900390625
156916381.1356506050 3035097.2001953125
174471768.5685662031 3661074.1865234375
157190486.5209821761 3054847.0380859375
159354175.5524878502 3189920.6513671875
159369027.4712438285 3190266.7666015625
166806797.6885324419 3498331.3115234375
156968279.1622130275 3036339.3798828125
170163638.5708760321 3584620.6318359375
156127057.0564940572 2976858.1337890625
154328734.6108915806 2804171.0400390625
156916668.6457864940 3035641.1982421875
151616018.4341371953 2377778.0634765625
152991801.3361080289 2650429.7568359375
163643932.5783260763 3383621.6162109375
163224300.8923678398 3366582.7158203125
156617867.4739317596 3013955.0166015625
152900694.8845505118 2639834.9833984375
156452108.4428128004 2996322.3818359375
152494267.8091793954 2550794.7021484375
163546539.8820713162 3379428.0087890625
163261908.1047560573 3370794.7392578125
156735215.4330357313 3020354.7880859375
163156264.4269263446 3362533.8759765625
154272716.7118632197 2799859.2783203125
152495434.1805538833 2552604.4345703125
151572907.6903051138 2360470.8603515625
152598076.2526769936 2593248.5595703125
162808599.3090406358 3352046.0595703125
162922487.6597714424 3355950.1259765625
169770157.2501894236 3577212.5810546875
162352223.6377045512 3331987.8916015625
156581603.8799155653 3007109.5068359375
166402663.2634690106 3485322.4130859375
170561488.8034194410 3591869.5380859375
156525848.9405153692 3001229.9248046875
152952873.8735461235 2648099.3662109375
158760570.4238682687 3153558.7412109375
158682658.6851463318 3148607.8974609375
166339219.7834015787 3484263.7060546875
151879913.8367598653 2455186.6923828125
154338004.6082155108 2808108.2373046875
155960480.6725217998 2963374.3349609375
155808883.9420907199 2952446.6201171875
162603746.1223293245 3344521.0205078125
152883303.3643072844 2635339.8251953125
168168830.5247348547 3535520.0263671875
157656709.9181907177 3083844.0068359375
154419903.4700122178 2818732.3037109375
170473824.8690469265 3589251.7099609375
157983685.6678286791 3104996.4501953125
162095338.4237129092 3323788.0517578125
168171809.5511109829 3535816.7490234375
160275307.0033926368 3233342.3505859375
167867870.1993100047 3529094.6240234375
152383218.4380958974 2544394.1923828125
152714061.8876515925 2612823.3173828125
168196316.2611532211 3536246.7099609375
154667859.7065587640 2843994.6376953125
151466726.2125882804 2286857.6806640625
152299298.9715062678 2537342.1279296875
152474799.6686156690 2550495.3720703125
152363199.2363180816 2541688.8505859375
169197204.4610920846 3560150.0966796875
161955465.0675861239 3316921.1826171875
152211039.7783139646 2524868.7158203125
163191733.9968439043 3364027.3525390625
152761226.3472239971 2616669.7763671875
154383798.1153104901 2811751.0361328125
153025759.3592502773 2656528.7763671875
158175277.9260599911 3114476.8486328125
158886478.9422429800 3161644.1494140625
161927225.9232517183 3313470.0869140625
162198743.3881341815 3325929.8955078125
161759137.2316479683 3308287.9130859375
154305458.0965386629 2803898.1572265625
151915929.2972396910 2466384.6337890625
151592971.1424233913 2365184.9443359375
154354094.8062584996 2811663.6650390625
169352076.5946872234 3565449.3388671875
170441577.0085472465 3588090.0576171875
151488666.3864640296 2309352.6103515625
158214380.7890247405 3117368.0537109375
156281952.0377257466 2983577.8486328125
160299632.8023610115 3237852.9931640625
159956551.0632039309 3218478.6083984375
160483812.6203153729 3246476.1845703125
168833787.9250395596 3549627.2724609375
151859970.9171734750 2448569.5595703125
160035556.6046500206 3221406.7451171875
151927313.7470697463 2469038.0322265625
168060109.0525098443 3530811.3583984375
158452940.9984690547 3136185.6494140625
154701413.8434909284 2846081.2958984375
151563259.0704237819 2351798.3134765625
160276108.8176817596 3235745.1474609375
152830911.7516384423 2629988.4208984375
157990136.3856168985 3105206.6572265625
168478572.4328889847 3542280.4638671875
151512839.6650643647 2326656.4912109375
151502870.1043828428 2322500.8525390625
160371114.4265390038 3239534.1259765625
168078604.8379273117 3530937.2412109375
151891561.2017553747 2461514.5244140625
152894014.1594756544 2637886.6064453125
167969865.9104443789 3529871.5654296875
168591296.8972472847 3545656.9208984375
154126264.4530645013 2785106.3623046875
154574246.2694385648 2833209.4599609375
169115123.2290968597 3558065.8193359375
152036543.3999496996 2491979.7392578125
152198367.5873472989 2520071.4033203125
152647509.0624780059 2593508.8310546875
154236793.6455415189 2797438.3505859375
164348562.4914915264 3401680.2021484375
151544749.5776762962 2343080.8095703125
152169933.0390011966 2514837.5966796875
154604034.1110538244 2836676.0439453125
164423870.0941977203 3404296.3369140625
164171323.8086480200 3394908.2431640625
151877227.3099353015 2453671.8017578125
163885291.7472003102 3388447.6142578125
151615061.2938231826 2372780.3583984375
151648276.4194220304 2386983.6435546875
164358316.6002770364 3403858.6728515625
164293128.5348556042 3400038.7275390625
164449670.6402071714 3406014.7236328125
163969425.1774633229 3390479.2685546875
171226611.6564376652 3592700.6982421875
153655698.6103271246 2708287.1455078125
