170279889.9015499055 3564148.0888671875
170608413.6358397007 3572252.9169921875
171110636.7926360667 3582281.3896484375
172786091.6184663773 3615542.6123046875
176681831.7607913315 3661074.1865234375
151636647.2043904364 2296029.1572265625
154023867.6142261624 2746517.3466796875
158660602.1402810514 3119540.0634765625
159945028.7096419334 3193703.9951171875
160291553.0138843060 3210225.7470703125
160703271.3005280495 3224706.8818359375
162632098.4896427095 3314040.2900390625
163172188.7206103504 3336796.4365234375
163125792.2235259116 3330367.0927734375
166806105.4209253788 3468481.5966796875
166569735.1877882481 3458872.9052734375
166704486.8964148164 3463639.6591796875
170809196.6901515722 3578690.1748046875
175812816.8332446814 3656744.7216796875
163189782.1559809446 3339375.8056640625
151976749.4529387653 2433926.0068359375
162699162.5976413786 3321733.8232421875
166244569.2630404234 3450787.4501953125
166526773.9242956638 3457189.8857421875
170638202.1158934236 3577444.5419921875
160459891.3466360569 3219098.2509765625
152044070.7034675181 2451238.3076171875
153921794.7784500718 2739913.6611328125
157922940.3485202193 3061950.5361328125
157926510.3377904594 3062383.8896484375
158524565.1844190657 3111941.4404296875
159744509.5978595018 3185152.5263671875
162550557.7834286690 3311536.4208984375
162541901.5801948607 3310635.0302734375
162757462.4315789640 3322010.9931640625
162794518.6763424575 3322508.3408203125
166149274.4129105210 3447122.5478515625
152001726.1972798407 2440090.5185546875
151909246.7947681844 2431620.0556640625
159548799.7521390617 3163124.8310546875
160454042.9715407491 3218451.4404296875
162654636.7134242952 3315678.7021484375
162330102.9644171894 3306471.7763671875
165776712.3506215215 3436024.5693359375
173927482.5942226946 3631923.6396484375
160336373.3683006167 3216018.6904296875
160150375.9554005265 3202592.8134765625
159903221.0920989513 3191497.4130859375
154114463.2133990824 2758793.3779296875
160103964.9079872370 3202303.2607421875
159991876.4148955345 3200130.6826171875
160770412.2654654384 3236259.0361328125
151720334.6734372079 2353312.1787109375
153837861.5249960721 2731092.1650390625
154003701.7617427111 2744625.6728515625
154139572.8024762869 2761787.8642578125
154389755.6301977038 2788279.9580078125
155593160.5556390882 2890854.6064453125
155581434.9513354301 2886999.5634765625
160905903.7276721597 3238570.9228515625
153863462.9065707922 2737280.5419921875
158505252.4290972352 3111469.9169921875
170742685.3945502639 3577950.6240234375
160836813.8938010335 3238109.9580078125
166467124.2588785887 3457011.6533203125
174108260.7291737497 3632122.5341796875
155543728.2840814590 2884066.9521484375
153918581.7572150230 2738178.0947265625
153925499.3647265136 2743159.1884765625
173747281.1906785369 3631711.2880859375
174133970.2351838648 3634718.6552734375
151690030.3247122467 2347015.4716796875
152476846.1420021653 2533198.4931640625
153023958.4356860816 2617928.8154296875
158438703.7421452105 3104229.5419921875
162578496.2004754245 3313297.4619140625
175258348.8844312727 3651499.6865234375
151647545.1805201471 2300595.6591796875
159249654.5553415120 3153482.8388671875
166206079.6540620625 3450288.7587890625
166337226.8863232732 3454390.3759765625
152720460.1348953843 2582064.4931640625
155513330.7254487872 2883123.2880859375
159218473.8796674907 3146529.3076171875
162158223.0732651055 3297799.5517578125
161794599.9289608300 3277274.8564453125
165388027.9193325043 3421283.8837890625
173583789.4254922867 3630167.2724609375
176285907.8796581924 3659116.5693359375
176423080.2343063056 3660045.6162109375
161952099.2131491601 3289601.5791015625
161737516.3003343046 3276804.0771484375
161539988.2260467708 3267249.4189453125
161592468.0798939764 3273174.3408203125
161125477.9587568939 3251215.8955078125
161255496.0145055354 3257314.5537109375
151690494.6969467700 2349630.7705078125
158747060.3151947558 3125754.1318359375
159262405.1891040504 3155190.7041015625
156295091.6553360224 2938311.3466796875
166035587.6569201350 3444046.6103515625
166321126.3226569295 3453039.9306640625
170167210.7694564164 3563750.0380859375
160765269.1016632915 3233421.1669921875
154514993.8149346709 2797413.7060546875
155135749.8522877991 2847141.9287109375
156121558.2801728845 2931393.7314453125
159363887.6369354427 3159120.9716796875
159172304.9696166217 3146451.5263671875
159250938.1531542838 3154020.0595703125
156193186.3668779135 2938195.8271484375
151643531.8809128702 2299355.3779296875
151845796.5449669063 2411261.5576171875
155838935.9697616100 2911759.8076171875
159969487.9895893335 3194754.2470703125
169728544.8802188039 3552437.0615234375
154246474.6793867350 2774344.5537109375
155135224.4384151995 2843857.0361328125
156066816.5937215686 2922687.5224609375
158456498.5436573327 3108806.5322265625
158547350.4909481108 3113544.3447265625
165842644.9692749381 3437851.3564453125
165950133.3319289088 3443635.3642578125
169919633.2707327902 3559241.1552734375
170012656.8934904039 3561727.1123046875
170704397.0436537564 3577539.2607421875
170838002.4606942534 3578906.3115234375
169975064.2768147290 3559712.0458984375
173184240.9349063933 3623740.5849609375
159607614.9970994890 3163952.0400390625
151636172.3428535759 2294249.0126953125
159392554.8517678082 3162590.9951171875
151761047.8639083207 2370404.5673828125
152856076.1635220945 2600524.0556640625
153100943.7833758593 2625785.4404296875
176016745.0622735620 3658087.9990234375
151832936.1286962330 2383341.5751953125
154700629.4731225669 2814819.0224609375
154777022.7089715302 2823621.1865234375
158033078.0321244597 3077106.6904296875
159221270.4300526679 3149697.2451171875
158989032.2844049037 3141063.9755859375
172850899.5056458116 3617087.1904296875
173424824.6192960739 3624806.2607421875
175700528.6413294375 3655499.0888671875
176172299.7834677100 3658979.9404296875
151740403.0381531715 2368621.3818359375
158674449.2431755364 3120802.0205078125
161532102.5816887021 3263601.4501953125
165864913.6491927505 3439134.3369140625
156068423.3353277445 2923759.0478515625
161112505.5019297600 3247480.2724609375
164819289.4550685883 3400785.1845703125
165722774.0547242761 3433286.8388671875
152891305.2968964577 2602710.8447265625
152772778.9913678765 2592284.8212890625
155692703.9780969620 2899826.2392578125
158364255.0869294107 3103572.7607421875
166618625.4951838851 3461006.2900390625
173457341.0837149322 3626259.7529296875
175061700.1835296154 3647293.7841796875
154094124.3431332409 2753625.5341796875
151836210.2283143401 2393424.8427734375
152640298.8969283700 2567859.3720703125
154039284.2307714820 2752987.7861328125
173256164.7620145977 3624151.8310546875
155426107.0213790536 2877499.5576171875
155195124.0830097795 2859195.8251953125
174865327.6473155022 3645593.2333984375
158066413.0863822401 3084137.8720703125
165353999.5045561790 3420864.5908203125
172916259.8937823474 3617313.8974609375
158039981.9046158493 3082365.8974609375
170351989.1982333362 3570273.0419921875
155571066.0668727160 2885576.9208984375
175069543.7557064593 3648332.2373046875
158320443.8056541383 3096560.1201171875
154650337.9782366455 2808445.2958984375
154901552.9691935778 2830752.7197265625
151729922.8715089262 2364051.2314453125
155153024.3085163236 2851252.8115234375
173448636.9385528862 3626233.9833984375
164897626.3385521770 3402809.1162109375
173091426.3514605761 3620877.2216796875
171832237.4349316657 3596767.9287109375
152968481.4325544238 2609603.5771484375
154469452.6818973124 2793124.0869140625
154657436.6530521810 2810999.5302734375
154729861.5923598111 2816557.2177734375
154592301.0959722102 2805629.5029296875
155247430.0228509903 2862807.2236328125
151844167.0609538257 2400295.9755859375
152661884.7868855000 2575331.8056640625
157545121.7170150578 3040503.6865234375
157597533.2496673465 3042281.9462890625
164419545.2105149627 3384539.3701171875
165182071.0939325094 3413712.5048828125
172504665.2249554992 3608983.7998046875
152500700.0933800340 2540778.5908203125
154440350.5233190358 2790890.1455078125
157826309.4527027607 3060837.7998046875
157649688.1046313047 3049136.9560546875
175544220.6156120598 3654357.7685546875
151777463.0176695883 2381433.2939453125
173031919.3934405744 3618190.8583984375
164762022.2901384234 3396136.9267578125
164997830.0970002413 3404445.5126953125
169186955.8101494312 3532959.9443359375
175219494.1732716858 3649593.3349609375
152595636.7097942233 2565210.0244140625
157180474.2177174687 3007962.6123046875
157086093.6875897050 3005784.5732421875
165263076.4155175686 3414389.1220703125
152469260.4784783125 2531062.0673828125
164645493.3125766516 3389525.1044921875
172601735.0123587549 3611136.9638671875
169250905.7518072724 3533208.1435546875
165134618.4904896617 3410263.1123046875
157185887.7077077031 3010401.3876953125
164798856.0401608348 3399508.1005859375
169140737.4037403166 3531999.9404296875
152536412.1668925285 2554943.6416015625
164985022.0690743029 3403544.8056640625
169320228.6901787817 3535360.7646484375
172046774.8061822057 3601846.9130859375
152390551.0610123277 2514778.9052734375
164942307.5265185833 3403141.9150390625
171442187.6467015445 3587065.9873046875
172349328.8988532424 3607955.2294921875
152417069.2152404189 2523966.2177734375
154956417.7727424502 2833821.9423828125
173010657.3897101879 3617654.1748046875
152435327.5127275586 2529228.8388671875
157429682.1447157264 3031425.8349609375
164122684.3713243008 3372311.9716796875
164093537.6932563186 3368506.3291015625
175191454.5892431736 3649506.1240234375
163952282.7453877330 3363326.1728515625
156854884.5171707273 2982996.7041015625
152352026.1125060320 2508126.7861328125
152360074.4145209789 2512049.5029296875
157225812.5074722767 3015528.6025390625
163624883.1347602606 3349266.6650390625
174482164.2418352664 3638607.6162109375
151670319.7467453182 2311007.9912109375
157378787.3184362352 3027061.0400390625
157064341.9247676134 3003550.1513671875
172093300.7159588039 3602503.6943359375
152420971.2387212515 2524977.8857421875
152262410.0018606782 2490970.0458984375
163893351.0513318777 3360947.8994140625
151687447.9692554772 2314844.4111328125
156718762.6858500242 2970463.6357421875
156984590.0459010005 2993409.6708984375
157178227.1812617779 3007782.5654296875
152399504.1479521990 2519059.9755859375
172647814.9909640551 3611297.8701171875
154996655.7255591750 2836998.5693359375
156875736.8408141136 2986380.4599609375
157001538.4713299870 2995100.3291015625
152317602.4075148106 2503591.0244140625
152351679.0903689265 2506005.5791015625
152284044.6108522415 2498978.3583984375
152225955.6606321335 2478282.7373046875
168934601.0846027732 3524466.5537109375
152161610.7212520838 2460432.3857421875
171762406.1284172833 3593985.9482421875
171861639.2201678157 3598665.1787109375
168875829.2095855772 3513879.1396484375
153416934.6856916547 2652611.1923828125
174465315.2941980660 3637135.0302734375
153677467.7819837034 2685785.8662109375
168912701.6659936011 3519059.8896484375
174590910.2457123101 3640316.7646484375
169193187.0987219512 3533099.8232421875
163713980.9469642043 3351858.9287109375
153748261.7714879513 2690105.4501953125
152192926.8456186056 2468494.2841796875
153827811.8478088379 2700720.9677734375
156646260.8459530473 2952549.8134765625
171491730.8155530989 3590987.5966796875
156415035.3458911777 2940387.1669921875
169312756.3828457892 3534787.6708984375
169071862.3377260864 3528532.0888671875
171453715.9465333223 3587885.1005859375
156473260.2939716876 2944771.0595703125
156464764.7635821700 2942525.8115234375
153588566.9014344215 2677906.5302734375
153523641.4263924658 2664217.3154296875
169393025.3874796629 3538543.6748046875
153523426.3296150565 2662361.3408203125
153538066.2227618992 2669509.1357421875
168898076.4549821019 3516052.8642578125
153303457.3372903168 2633164.4013671875
153340508.1544991732 2638762.0888671875
168524132.3523744941 3470782.6220703125
168749679.2566458583 3477532.0615234375
168375589.2301103771 3469854.4794921875
168539574.5647981763 3471449.9619140625
168611572.2036808133 3473592.9970703125
