165299982.4672385752 3448178.4013671875
167644215.3160557449 3526089.3623046875
167855466.4729921818 3529864.9912109375
170947584.4386429489 3604518.2451171875
154712065.7829239666 2855063.4501953125
161731648.3826351464 3302933.0888671875
161517192.3409199417 3298984.5869140625
173996866.3536750376 3658569.7958984375
161785893.8320697844 3305321.9912109375
164173241.9452717006 3408503.7333984375
165107729.7735110521 3440209.1787109375
156397969.6604014337 2985220.9482421875
157060106.8189285100 3047147.1591796875
159000378.4980716407 3169333.1533203125
164220298.8672811985 3411305.1494140625
165007034.9458503723 3438527.8271484375
165084292.5894147754 3439693.5224609375
168159959.2953312099 3537929.8232421875
167875538.2293912470 3530305.1357421875
152887574.4634901881 2636281.3505859375
159125360.6304436028 3178247.4365234375
168085187.7913922071 3534655.2138671875
174222768.1555040479 3660182.2451171875
167577013.4579690397 3524311.4560546875
157160364.3867722452 3049257.6767578125
174392053.7823112309 3661074.1865234375
154946956.0434907377 2871431.4208984375
159972348.9972052276 3219967.0693359375
167917848.7719037533 3531461.0732421875
168109602.6939072013 3537273.0419921875
167700769.4506172836 3528639.7724609375
155822574.5999979973 2953727.8740234375
171511446.9275822639 3617313.0185546875
155093241.0116199553 2890074.0400390625
160032123.3063953519 3220091.6533203125
154663657.5821244121 2850731.5166015625
170664880.4150006473 3599841.6865234375
155149462.0045433939 2891218.5810546875
155782270.6442760229 2950074.5908203125
152885650.8086256385 2635984.4267578125
162545337.3821200728 3343052.3330078125
151692573.2914906442 2398395.1533203125
153024740.4503407180 2652189.6630859375
153566490.5265965760 2713753.7607421875
153454475.6514405608 2704111.3642578125
167267945.6423243880 3515775.2021484375
174083869.2988560200 3659148.0341796875
161129800.2097578347 3279555.0732421875
160843962.5190955698 3266207.6650390625
161005720.1078847945 3268860.7060546875
151741816.5881759226 2422404.0517578125
152065635.8319315612 2500998.1259765625
159117966.3889366090 3177844.5185546875
171070961.8726591170 3608474.9560546875
153521938.2662697434 2707972.6474609375
164449562.3221159577 3417253.2978515625
171736490.5128642619 3623668.5068359375
167247662.3848862648 3515118.4208984375
171530516.8196575940 3617400.4365234375
158416523.8456666768 3130615.1689453125
173549209.3485187292 3652756.2958984375
152926966.5607914031 2640475.6728515625
160784268.1993461549 3262524.4462890625
151719483.4776042998 2412005.0224609375
154966537.5990841091 2875281.2158203125
172165405.6784676015 3630024.4326171875
153622755.6761034727 2715151.1318359375
159280238.4419288039 3186407.1552734375
170516000.6496508718 3596605.1044921875
155257737.8879470825 2906113.4599609375
158537843.9040376842 3143198.9697265625
154806807.6460572779 2863881.5986328125
154972117.5877903998 2880422.4462890625
155753169.8527150154 2947756.4658203125
171403837.3112510145 3615793.5849609375
171292326.3521065712 3614901.6435546875
171020824.5018401444 3607749.5576171875
154827827.8841944635 2866767.4052734375
154743816.5402957201 2856116.6201171875
167467111.8036067486 3519722.2568359375
151436969.8507830203 2247634.2451171875
151442392.5208799541 2259955.4580078125
154753563.0414409041 2857044.0771484375
153551155.6693030596 2708269.5107421875
173650322.6135083735 3655036.7919921875
151487708.9841612279 2310245.0224609375
171535741.8403774202 3617770.0380859375
157170123.3876465559 3050325.7607421875
158538600.8189545870 3143452.7705078125
169525176.9620447457 3570648.9833984375
169282951.1641167700 3564564.5732421875
159247629.9433949888 3181793.5634765625
152127351.2325486839 2514262.8017578125
153171915.3288661838 2674151.4287109375
151475207.1057379544 2297290.1943359375
158751178.1693994403 3155452.4306640625
158650246.3483296931 3148997.9814453125
173413355.2134777009 3651089.7373046875
171417210.9102200866 3617176.4638671875
169904516.1047894955 3578675.2529296875
169660751.4074568152 3575987.3623046875
153286332.0359213948 2688344.9677734375
154868300.4303252995 2869078.8525390625
164517629.6594683528 3418225.1884765625
171153391.4210952520 3610766.4677734375
152021842.9294364154 2493035.8974609375
162283863.3320690393 3329804.1220703125
162351981.3262994885 3334367.6611328125
172272975.8249387443 3632236.4208984375
155000164.5348620117 2883528.8486328125
155206800.0327917337 2905648.5673828125
158904102.8553315103 3165625.7041015625
157182340.5363416374 3054191.0458984375
164312711.6108878553 3413611.5517578125
169277732.8019751310 3564219.3779296875
152758981.4189984500 2616969.1123046875
151463085.6676481664 2275934.7177734375
153650059.3841669858 2731608.7470703125
160731395.7374567091 3261509.7431640625
164762996.9995039105 3430783.9853515625
171579481.2480516434 3618657.6474609375
152870318.0351305008 2632380.1728515625
161597427.9049050808 3300388.7548828125
153810193.6955004930 2744714.0771484375
164597072.5879942775 3425602.1337890625
161315505.0228287280 3288629.0830078125
151697537.3409105241 2409507.4462890625
153939780.1831263304 2762179.2080078125
158530464.3554788530 3138703.8798828125
152582034.3472435176 2587336.1416015625
153720883.2384915948 2741870.0439453125
154782591.1074326634 2857972.1826171875
162491049.0703257620 3340783.9970703125
173834588.5506443083 3657535.5849609375
151444427.8504792750 2266012.6005859375
156029266.9010444582 2971762.5654296875
162115861.8832744956 3325577.4443359375
155057325.9625559747 2888094.7119140625
153843931.9742347002 2756954.2626953125
157275651.9243315160 3059530.7841796875
171886923.7061527669 3625809.7333984375
153363811.7679879665 2693764.6962890625
161799876.4892371297 3312247.2119140625
165473874.7259578109 3455458.6240234375
159339425.9872732162 3189137.7216796875
162714467.6761983037 3346541.8271484375
166481433.9014023840 3487302.7197265625
151712656.8714583218 2411531.4208984375
161151067.0328443944 3281905.8115234375
158597974.1008029878 3145166.1943359375
169477470.9691802561 3569975.1435546875
165160535.4123399258 3443643.5712890625
170000697.8705683947 3582414.0498046875
159614409.6963595152 3203755.2236328125
159260584.3782561123 3184741.7919921875
169640065.0366306007 3573926.3193359375
164861931.3764073253 3435383.6064453125
152108640.9467917681 2507766.6455078125
153098728.7593498230 2664670.3779296875
172359474.4821152389 3633780.4365234375
167033511.8333951831 3508744.2919921875
165538047.6934221387 3457749.1220703125
167151597.7009189129 3510361.5380859375
169428928.5352272987 3569912.1396484375
159391420.9779934287 3192028.9697265625
165206802.1825141609 3448050.5244140625
158600638.7761266828 3148277.6357421875
159439826.9218383133 3195040.4248046875
161581689.6852210462 3300357.5283203125
165419858.1775141060 3454477.2119140625
166524125.0660200715 3491408.6591796875
169610392.0407582819 3572705.6708984375
155199190.2366386056 2901312.7158203125
166833431.5532970726 3501175.3818359375
169732719.7474175692 3576809.5810546875
152198854.7005719244 2522905.3955078125
166158692.0729887784 3477833.2197265625
158855415.0803951919 3161172.5986328125
172682695.3701583445 3638816.0068359375
151464338.8930980265 2283213.1708984375
151494182.1515066326 2318209.6376953125
152562360.7059421837 2583748.1103515625
155832967.4833345413 2956966.1513671875
165907173.3474889696 3470977.8564453125
166531426.3396182656 3492542.1123046875
173133675.9113239646 3646493.5888671875
155402090.4198148847 2919889.3857421875
155712328.0905157924 2947007.9677734375
152077867.0880936682 2502233.3837890625
155481593.2189620733 2929611.6123046875
157818909.8720034063 3093821.7138671875
172577743.4298020601 3635028.3349609375
155664784.7443401515 2941547.6513671875
155566575.5002683997 2937185.3310546875
154174128.7661859989 2793893.4755859375
155378456.4047787189 2917904.5830078125
165737389.9473693073 3462344.5869140625
172839431.7115653753 3640266.2724609375
172923648.4739133716 3642180.4208984375
166207403.9197532535 3479611.1259765625
169607691.8715600967 3570910.4443359375
152039302.5209650099 2496913.4736328125
154029730.7786746621 2777644.9501953125
161981553.5576679707 3318082.9189453125
173352940.8109961748 3649858.0029296875
154279028.4379902482 2803036.9912109375
157355723.1812530756 3065774.7529296875
173538031.4338696003 3651470.4521484375
152844132.5340222120 2630922.0283203125
163739325.1878492236 3386203.5361328125
157459401.1894110143 3072216.7822265625
152663487.1959755719 2605785.8095703125
157946476.3898705542 3097957.6767578125
156916381.1356506050 3035097.2001953125
157190486.5209821761 3054847.0380859375
159354175.5524878502 3189920.6513671875
166806797.6885324419 3498331.3115234375
170163638.5708760321 3584620.6318359375
156127057.0564940572 2976858.1337890625
154328734.6108915806 2804171.0400390625
156916668.6457864940 3035641.1982421875
151616018.4341371953 2377778.0634765625
152991801.3361080289 2650429.7568359375
163643932.5783260763 3383621.6162109375
163224300.8923678398 3366582.7158203125
156617867.4739317596 3013955.0166015625
152900694.8845505118 2639834.9833984375
156452108.4428128004 2996322.3818359375
163546539.8820713162 3379428.0087890625
163261908.1047560573 3370794.7392578125
156735215.4330357313 3020354.7880859375
163156264.4269263446 3362533.8759765625
154272716.7118632197 2799859.2783203125
151572907.6903051138 2360470.8603515625
152598076.2526769936 2593248.5595703125
162808599.3090406358 3352046.0595703125
162922487.6597714424 3355950.1259765625
169770157.2501894236 3577212.5810546875
156581603.8799155653 3007109.5068359375
166402663.2634690106 3485322.4130859375
156525848.9405153692 3001229.9248046875
152952873.8735461235 2648099.3662109375
166339219.7834015787 3484263.7060546875
151879913.8367598653 2455186.6923828125
154338004.6082155108 2808108.2373046875
155808883.9420907199 2952446.6201171875
162603746.1223293245 3344521.0205078125
157656709.9181907177 3083844.0068359375
154419903.4700122178 2818732.3037109375
170473824.8690469265 3589251.7099609375
157983685.6678286791 3104996.4501953125
162095338.4237129092 3323788.0517578125
160275307.0033926368 3233342.3505859375
152383218.4380958974 2544394.1923828125
152714061.8876515925 2612823.3173828125
151466726.2125882804 2286857.6806640625
152299298.9715062678 2537342.1279296875
152474799.6686156690 2550495.3720703125
169197204.4610920846 3560150.0966796875
161955465.0675861239 3316921.1826171875
152211039.7783139646 2524868.7158203125
163191733.9968439043 3364027.3525390625
154383798.1153104901 2811751.0361328125
158175277.9260599911 3114476.8486328125
154305458.0965386629 2803898.1572265625
151915929.2972396910 2466384.6337890625
154354094.8062584996 2811663.6650390625
169352076.5946872234 3565449.3388671875
170441577.0085472465 3588090.0576171875
158214380.7890247405 3117368.0537109375
160299632.8023610115 3237852.9931640625
159956551.0632039309 3218478.6083984375
160483812.6203153729 3246476.1845703125
168833787.9250395596 3549627.2724609375
151859970.9171734750 2448569.5595703125
160035556.6046500206 3221406.7451171875
151927313.7470697463 2469038.0322265625
158452940.9984690547 3136185.6494140625
151563259.0704237819 2351798.3134765625
160276108.8176817596 3235745.1474609375
152830911.7516384423 2629988.4208984375
157990136.3856168985 3105206.6572265625
168478572.4328889847 3542280.4638671875
151512839.6650643647 2326656.4912109375
151502870.1043828428 2322500.8525390625
160371114.4265390038 3239534.1259765625
151891561.2017553747 2461514.5244140625
152894014.1594756544 2637886.6064453125
168591296.8972472847 3545656.9208984375
154126264.4530645013 2785106.3623046875
169115123.2290968597 3558065.8193359375
152647509.0624780059 2593508.8310546875
154236793.6455415189 2797438.3505859375
151544749.5776762962 2343080.8095703125
164171323.8086480200 3394908.2431640625
151877227.3099353015 2453671.8017578125
163885291.7472003102 3388447.6142578125
151615061.2938231826 2372780.3583984375
151648276.4194220304 2386983.6435546875
163969425.1774633229 3390479.2685546875
