167575393.4534181654 3518795.6552734375
169438471.3034445345 3567886.2099609375
156134724.0537088811 2965173.3271484375
155883545.7354958355 2952587.8857421875
155890481.7803372443 2952846.2138671875
157845462.8953557909 3087518.7412109375
158122001.8835439384 3112675.1904296875
167822192.6112754643 3525934.9208984375
155811424.5882723033 2951905.1396484375
152964039.2319322228 2647943.7802734375
161126828.8832172155 3276989.6943359375
167240918.8374844790 3509103.6787109375
169845396.8007536530 3576640.6552734375
168209333.4721717834 3536246.7099609375
173980882.8476308882 3651108.8974609375
162388286.8742552996 3332458.2978515625
167876654.5371611416 3529094.6240234375
173862368.7131075263 3649858.0029296875
174337686.6239619553 3657535.5849609375
154383798.1153104901 2811751.0361328125
161066028.8278971910 3272300.2646484375
173259586.1893511415 3638088.1943359375
153025759.3592502773 2656528.7763671875
155740067.4198431075 2944839.7880859375
157505749.0032899380 3064516.5673828125
158175277.9260599911 3114476.8486328125
161879636.0152939558 3310214.5458984375
173119665.4961775839 3635958.6982421875
155698661.6758530438 2943166.2666015625
157604828.6854021847 3073962.5126953125
169973262.2519933283 3577388.1474609375
157871875.9442320466 3091438.7158203125
162539960.1889575720 3337755.3896484375
162114480.1641867757 3321516.9345703125
169934653.7831545770 3576738.8466796875
175164946.7641593218 3661074.1865234375
173218289.1907125711 3636835.1435546875
162026919.1250649691 3316921.1826171875
155767537.5768872797 2947033.2685546875
156447593.1777789891 2994077.4833984375
161133438.9171393514 3279049.1103515625
170161751.1688015759 3583236.2685546875
151679164.2320907712 2396996.4228515625
158614384.0026734173 3137999.4912109375
158967635.2240046263 3164729.5185546875
158886478.9422429800 3161644.1494140625
173789008.3006356657 3648946.9677734375
155386770.6500771940 2912738.2626953125
160805200.6970220208 3263454.9833984375
166760572.5710301399 3492795.5146484375
167438125.8901190758 3516496.6240234375
162716187.3936445117 3346385.3701171875
169873167.0003318787 3576703.6591796875
173274697.4583291411 3638109.5654296875
155465447.7311217785 2918886.1552734375
166795678.8308541477 3493722.1083984375
167597828.7256875336 3521782.3701171875
156253618.3610229790 2980430.1787109375
161927225.9232517183 3313470.0869140625
167442977.9967473149 3517736.9482421875
156516243.8238062561 2998311.7470703125
162149944.4603809714 3324783.4111328125
161602702.4586036205 3298054.0732421875
162031744.2529417276 3318552.1083984375
162473446.1999853253 3334563.1650390625
159900394.5067074895 3212499.3837890625
162198743.3881341815 3325929.8955078125
151961305.9031482041 2477356.9248046875
161662541.5838469863 3298943.5615234375
161759137.2316479683 3308287.9130859375
166633765.2746985853 3483711.3818359375
174545108.5544005334 3658163.5966796875
156406157.6509082615 2987036.2822265625
161737535.5828687549 3303949.5810546875
166841785.9692752361 3496519.1708984375
151828647.6270437241 2415369.2939453125
155510983.4091944098 2920807.6767578125
156412295.4588513672 2987630.3623046875
169296010.4494548738 3561690.0654296875
169940624.5547080040 3577312.9404296875
172275076.1783688366 3620244.2763671875
154305458.0965386629 2803898.1572265625
155633005.1402495205 2935545.6982421875
172195158.3304430842 3619612.9755859375
154444436.2285878062 2816493.8857421875
161429505.7076557875 3293021.8662109375
166686456.3806170821 3485186.7373046875
169804142.2719359398 3575684.9677734375
156613347.6034097373 3001360.9287109375
156487708.6543894708 2994622.9736328125
169996039.9808245599 3579534.1435546875
155250884.1328495145 2893926.3505859375
161178654.8718113899 3280599.6181640625
174572687.1969131529 3659148.0341796875
174699244.3692715764 3660039.9755859375
151915929.2972396910 2466384.6337890625
160677224.2514851689 3254821.7138671875
151592971.1424233913 2365184.9443359375
166917486.0625129640 3498361.6435546875
152938157.9323277771 2644585.9501953125
172065261.3466859758 3618362.0810546875
162665764.4580641389 3343215.5341796875
173394508.8610790968 3641794.8818359375
174103710.0527143180 3651995.9482421875
166877509.9620978534 3496836.0498046875
174805742.8518542945 3660182.2451171875
174208773.6222980618 3654272.9287109375
159079594.7791515887 3170493.0263671875
159003264.0029071867 3166155.4501953125
158807319.1989890337 3157143.4677734375
158698566.3474017978 3148607.8974609375
152235303.3880976737 2524690.9189453125
154354094.8062584996 2811663.6650390625
154539568.5842995644 2827603.9580078125
169352076.5946872234 3565449.3388671875
154999282.6621904671 2871789.7724609375
162331781.7983931303 3330246.8447265625
170441577.0085472465 3588090.0576171875
151488666.3864640296 2309352.6103515625
152713719.2593593299 2603868.6943359375
158214380.7890247405 3117368.0537109375
163350757.0190731585 3368024.6259765625
166697787.2578732669 3488654.0576171875
167739737.8355042040 3524207.8896484375
166615122.3961004019 3480259.3388671875
156281952.0377257466 2983577.8486328125
160299632.8023610115 3237852.9931640625
166959062.7654310465 3500685.2255859375
155959819.7305348814 2960540.2958984375
159956551.0632039309 3218478.6083984375
167346911.7303306758 3512587.5458984375
160483812.6203153729 3246476.1845703125
168833787.9250395596 3549627.2724609375
157506398.0817019045 3064911.4208984375
156271496.5369580686 2980454.7763671875
170538764.8756965101 3589135.9443359375
157173528.6395899057 3041447.6337890625
172170203.7693636715 3619184.2998046875
156138582.6532488465 2971366.1318359375
156178418.1790136993 2974084.4794921875
157461438.1967204511 3063771.4111328125
151859970.9171734750 2448569.5595703125
160035556.6046500206 3221406.7451171875
151927313.7470697463 2469038.0322265625
170688262.7303475142 3591349.1474609375
162004766.5742516518 3316150.9052734375
155225307.7571504116 2888463.4130859375
170153635.2211981118 3582715.8779296875
152204957.9489016235 2520927.1806640625
152078227.0345750749 2500163.5908203125
154992178.5575728416 2870922.7236328125
169984365.9561330378 3578314.4326171875
151500621.4345777929 2316597.8330078125
153243299.7599931657 2678327.5771484375
155124845.9473141432 2883114.9638671875
168378000.9541788399 3537842.2685546875
168341461.7751335502 3537406.9716796875
168060109.0525098443 3530811.3583984375
174478812.3740291893 3657564.6708984375
158452940.9984690547 3136185.6494140625
153365455.8902020752 2685286.0791015625
154701413.8434909284 2846081.2958984375
151563259.0704237819 2351798.3134765625
160276108.8176817596 3235745.1474609375
172908657.4872247875 3633191.7490234375
152830911.7516384423 2629988.4208984375
158209172.6229783893 3114720.3056640625
172643641.5195829868 3627740.2138671875
173076976.4983427525 3633717.2451171875
159630584.9612366557 3201526.8291015625
159480250.4026308954 3193114.3232421875
157373360.6513985991 3060013.7646484375
159409922.7011594176 3185082.6005859375
159623370.1016842127 3200328.2119140625
155630979.4833511710 2933601.2333984375
159170084.3326028883 3176645.0107421875
157337027.3787898719 3054232.0830078125
159557439.8534042239 3198595.4033203125
172328820.6758108437 3620588.1279296875
157990136.3856168985 3105206.6572265625
157510900.4806466103 3072043.0263671875
152962057.5810826123 2646796.1591796875
151499423.2823832929 2316011.0927734375
158861198.3976578116 3157904.1533203125
157190534.1889611781 3048300.1123046875
160440882.5913829207 3242291.4462890625
168478572.4328889847 3542280.4638671875
151512839.6650643647 2326656.4912109375
152989645.5145427287 2649389.4111328125
151502870.1043828428 2322500.8525390625
157385521.6514996588 3063409.7568359375
160371114.4265390038 3239534.1259765625
168195268.7346164584 3533818.6201171875
168078604.8379273117 3530937.2412109375
155570359.3698351979 2926600.0166015625
154842164.9007899761 2857250.2177734375
165568819.0161819160 3444712.9482421875
151685980.1756042540 2398334.0146484375
152857844.2980442941 2633451.2529296875
165151007.5745579600 3433290.1591796875
172588757.5640629828 3626538.3544921875
151891561.2017553747 2461514.5244140625
152894014.1594756544 2637886.6064453125
155268828.2102814317 2897468.3623046875
167969865.9104443789 3529871.5654296875
168247335.0888182223 3537023.6513671875
168591296.8972472847 3545656.9208984375
155056696.3840891123 2880187.2822265625
165629845.2886617184 3445699.0576171875
169266254.4559676051 3560203.7841796875
152714245.2982363999 2609464.1787109375
165536657.6933237314 3444433.2841796875
154126264.4530645013 2785106.3623046875
157081515.9288375378 3032407.8232421875
154574246.2694385648 2833209.4599609375
153114571.2681675851 2663563.2470703125
153319528.9737485349 2682777.6552734375
152059591.6899830699 2495084.6142578125
169252925.4216773510 3559131.4951171875
152396544.0709696114 2543499.9326171875
152228564.2387443483 2521335.7470703125
152334549.3329929411 2534334.6181640625
157676656.8912810385 3081771.0107421875
155177035.6878623962 2888371.5009765625
165827734.9374189973 3453276.3544921875
169115123.2290968597 3558065.8193359375
154176600.0209370852 2790183.4501953125
152036543.3999496996 2491979.7392578125
152198367.5873472989 2520071.4033203125
152647509.0624780059 2593508.8310546875
154236793.6455415189 2797438.3505859375
163418350.5430254340 3369628.6806640625
161530324.2889528871 3293338.1787109375
152607718.7131689191 2586976.5771484375
165772580.7394844890 3449970.2255859375
164348562.4914915264 3401680.2021484375
172030257.6776322424 3613630.7646484375
172437344.6448420286 3624558.4794921875
151544749.5776762962 2343080.8095703125
165923818.0827547908 3456092.0029296875
152169933.0390011966 2514837.5966796875
152605414.3227875829 2586285.4365234375
165759558.0640906096 3448173.6787109375
165823488.0984818637 3452805.7998046875
154642024.2096044421 2839949.6357421875
154945855.0063731670 2867144.4716796875
152124237.7203531563 2506904.4501953125
165701898.7255195081 3447726.6240234375
165958958.3411230445 3458275.6240234375
154604034.1110538244 2836676.0439453125
165432772.1761772335 3441923.4287109375
152580139.4328622818 2571625.8349609375
164423870.0941977203 3404296.3369140625
165850675.9023028612 3453381.0693359375
164171323.8086480200 3394908.2431640625
165354806.0079112649 3437522.7958984375
152633357.5933420062 2592627.4189453125
151877227.3099353015 2453671.8017578125
163885291.7472003102 3388447.6142578125
151615061.2938231826 2372780.3583984375
163509657.2736897469 3371974.7314453125
151648276.4194220304 2386983.6435546875
164693080.4380930960 3413148.7236328125
163217250.0986859500 3362684.6806640625
164358316.6002770364 3403858.6728515625
164744121.1653082073 3416022.6826171875
164554938.8137075603 3406057.5908203125
163490816.0582264066 3371454.0869140625
164293128.5348556042 3400038.7275390625
164724376.8053130209 3414085.6337890625
151623844.6573777795 2373210.9345703125
151746525.1089774966 2414413.8818359375
153855574.4609327316 2745046.3564453125
164449670.6402071714 3406014.7236328125
153748676.2590556145 2734284.0634765625
163969425.1774633229 3390479.2685546875
151575408.4523718655 2357496.3466796875
163614855.5459237695 3377776.6982421875
151702869.3557266593 2401546.1025390625
151729095.9287239313 2409113.7158203125
153841887.6357320547 2738995.4755859375
163048960.7909917235 3355449.3564453125
153855271.0891352594 2742509.8017578125
153817646.9502427280 2737596.2099609375
162893420.3349756002 3349255.1943359375
163322291.2046673298 3364521.2412109375
171408493.3566886187 3593411.8466796875
166539445.5624613762 3463814.9111328125
171748674.8849077225 3602322.7294921875
171411218.2820259035 3596742.6357421875
171816153.3388915360 3605375.9052734375
166578713.7965193987 3466944.4599609375
171906139.3983750641 3606400.0927734375
171226611.6564376652 3592700.6982421875
152506420.2632997036 2548517.2978515625
152483610.1477380991 2547088.5634765625
153655698.6103271246 2708287.1455078125
153746353.9253995121 2721262.3740234375
152536412.1668925285 2554943.6416015625
157064341.9247676134 3003550.1513671875
