189782110.5202821791 2270491.3554687500
190426996.7538442612 2281939.9101562500
190377926.5975937843 2279874.9121093750
191551164.9505718648 2288437.1992187500
192496731.9344420731 2292383.4707031250
177517785.2500941455 1193334.2910156250
177498820.3678024709 1192404.3261718750
177700793.3858450353 1256202.7124023438
178737035.8450608253 1495917.3959960938
180789527.4554594457 1796680.1362304688
185936025.4470134377 2166321.5244140625
187755897.4854521155 2225777.5058593750
189234870.5751736164 2258245.7343750000
191878275.9074732363 2290857.3476562500
191093134.2353840768 2286017.0937500000
183846093.6375734806 2038796.1826171875
185538803.2971569598 2140427.7441406250
185798069.1076488793 2155357.7958984375
189287466.5138524473 2258839.1835937500
189127159.8527343869 2257784.1191406250
190793889.7016906440 2284930.1914062500
181022750.3937532604 1821285.9516601562
177665659.0066462457 1243913.6044921875
178658901.9475964904 1490192.6069335938
180925082.0170182586 1813827.5615234375
181840138.5187304616 1874216.0185546875
181551868.0570497513 1865516.2177734375
181862509.4435964227 1874225.5878906250
187813196.9195162356 2226143.8652343750
189505777.2749847472 2262375.0566406250
190719029.6671561897 2283981.7011718750
177561145.3410302699 1202878.7421875000
181589919.2939963043 1866750.7314453125
192365144.8275357783 2291526.4121093750
178936147.1640918255 1535775.2275390625
177686349.3748380244 1246973.4169921875
178825795.9079816937 1522537.7011718750
183453637.5339941084 2015127.0566406250
183298782.6041733921 2003836.0917968750
189067385.1148344576 2256531.3515625000
177625188.9435263574 1237931.3173828125
178801030.3004574776 1514566.1132812500
178801323.5667176247 1517543.2719726562
178838011.5903183818 1524250.9833984375
181479391.8187347054 1860211.6904296875
183252827.7659065425 2001136.5751953125
183883116.8972736895 2045275.0478515625
185641110.4406486154 2144505.1484375000
187180015.6809086800 2209365.0468750000
187621178.6017540991 2222859.8535156250
177567642.2882160842 1204662.6328125000
177861482.1867860258 1310047.3154296875
181424203.4012249112 1859264.4873046875
181224399.3507632315 1837385.9780273438
186676193.1072045267 2194895.9248046875
187676158.7324962616 2222860.8437500000
189323853.1327645779 2261207.0000000000
195865241.1478298604 2297837.0859375000
183982504.0532638133 2049394.2197265625
183940239.3212714195 2046038.2646484375
177610104.7311457694 1218550.7729492188
177572899.2626251876 1217994.8974609375
185848849.7920528650 2157345.9228515625
187578399.5218046308 2219831.0976562500
189629157.4887441099 2265982.1835937500
180909782.7779480219 1811573.6904296875
186451038.9401887655 2184272.8603515625
195285640.4286198616 2297772.8085937500
177521709.9624682963 1196837.4882812500
181626369.0943905413 1874075.8144531250
185797542.3933502138 2154356.6083984375
186314208.1011265516 2183414.0712890625
190405988.7072822750 2281855.5820312500
191983088.3075455129 2290998.8593750000
181536586.0936155021 1860330.2250976562
181605571.4857644737 1866764.9282226562
178096622.1273581684 1358082.1523437500
178780143.0242844820 1508495.7407226562
181377203.4314174652 1854969.6997070312
181342560.9236865640 1849617.0346679688
189898249.8747977316 2271775.2421875000
178113515.8346611559 1365127.5834960938
181314916.6052343249 1849441.7045898438
187259923.6275960803 2211970.8349609375
187401844.6694242656 2217895.8984375000
187011497.8092088997 2207295.1865234375
190341207.4154545367 2279112.6328125000
190728748.5852070153 2284226.3710937500
190521493.3687670529 2283139.4687500000
183686517.9358916581 2031078.8173828125
185659620.7551940084 2146164.1328125000
186818245.4841646850 2200699.5341796875
195765173.9423511028 2297779.9902343750
177869314.4308730066 1315034.7456054688
178083377.8188131154 1354030.3081054688
191628272.3252820671 2288849.1621093750
180786313.8177224398 1794894.8520507812
186512929.8156530559 2188698.7236328125
194195683.1146050096 2296030.7519531250
177883366.9724424183 1320601.8989257812
177976296.9763297737 1341133.3994140625
180772076.8398030400 1794044.7563476562
185703872.0683854818 2153915.1787109375
191731379.9044980109 2290083.3281250000
177541384.8490858972 1197105.0634765625
185897395.8974582255 2162394.6367187500
192395328.5449845791 2292005.0117187500
177877565.3236847818 1317192.0727539062
178656312.7576003671 1480876.7197265625
180242293.3287878633 1723790.0273437500
180218863.5058508813 1718421.2792968750
183585290.2518477440 2026833.1835937500
185906701.1897299290 2164206.6582031250
191933257.0269651711 2290862.9316406250
192309136.7498301566 2291363.9609375000
192252192.4734786451 2291302.5507812500
183223348.8804319799 1998048.5458984375
185921556.8841322958 2165513.9042968750
191835020.0241959989 2290463.0195312500
178700822.3274439573 1494478.4248046875
180266296.4635174274 1725041.1840820312
177839060.5345648229 1306859.2744140625
180104232.6795684993 1700303.4082031250
180136197.5715828538 1706703.1523437500
190647833.0753416717 2283422.0800781250
181407870.4720735550 1856505.7275390625
185980592.1014085412 2167931.2773437500
186077285.8876745105 2172953.5058593750
181277651.7121910751 1845825.7885742188
183226526.1085776389 2000401.7148437500
183327876.3667099774 2008794.6816406250
183570872.3710173666 2023971.9941406250
183645293.7499036193 2028173.5429687500
179124532.7889432311 1550211.5083007812
186185571.7497425675 2177609.1972656250
186064553.8095062673 2172895.3222656250
188704390.6697975993 2246839.4687500000
177912043.0726351440 1324928.0200195312
177799938.2403347790 1299599.5981445312
188658942.5734430254 2245150.3359375000
189838511.3645270765 2271406.8867187500
180110965.3919126987 1705313.5732421875
183300524.8594006002 2005722.0117187500
183505790.1081238985 2020315.2851562500
186150455.4721828401 2174620.2490234375
180157844.4159782231 1714528.2968750000
188645556.3942360580 2245000.8593750000
178696628.2977976203 1493100.7451171875
179325581.8228699565 1558811.7436523438
180395732.2899981737 1737433.2368164062
194209000.3340283632 2296045.8066406250
179100406.5547546148 1550197.7636718750
180830469.1699344814 1803117.0112304688
183386543.7144584954 2013210.4775390625
186960434.1682642698 2202937.8085937500
186767201.9004977942 2197457.5048828125
179002968.2140827775 1543405.7548828125
181126522.1642965376 1828801.3891601562
181251373.0020613968 1842109.5512695312
186456993.9650947452 2187749.0361328125
191455143.2452572882 2288083.8750000000
177740770.7019422948 1272343.3325195312
179362155.3757479787 1558993.8256835938
183747938.4814752042 2034428.0644531250
179133836.1634173393 1558787.0908203125
178922820.5477378368 1531454.2031250000
186909469.8426252902 2201647.5966796875
186710139.9933971465 2197012.7451171875
194766922.6049297452 2297166.3593750000
178997341.9754880071 1542096.0952148438
188527184.2819421291 2239895.2871093750
195157924.6161937714 2297665.6074218750
194551097.6389538050 2296298.8398437500
186230776.0982340276 2178450.0263671875
178626142.0847187042 1472923.3984375000
177829315.2619218528 1301330.0444335938
183842736.9103301167 2038751.0351562500
193969212.4480486512 2295348.8554687500
184309445.4829489589 2065537.5507812500
184207487.8138281405 2056968.1582031250
189517003.2585424483 2263950.0976562500
184187482.7309985161 2056434.5068359375
178629381.7752525806 1478843.6367187500
181000905.3687947989 1819055.3452148438
181044475.7079619765 1823794.2167968750
184102571.2450204492 2053757.3398437500
184031014.2116237283 2052004.2031250000
184211183.7402096093 2057083.6787109375
184241226.7081731260 2063180.5136718750
184049208.9209868908 2052530.7773437500
189714286.7037126720 2268305.7578125000
190190196.7870011032 2277093.2890625000
180976105.5450099409 1818108.1420898438
191539600.0551088154 2288175.3574218750
178019743.6104589403 1342858.9858398438
180866344.4486479461 1806636.7348632812
191157741.1079405844 2286508.8769531250
191224079.5099723637 2286925.1484375000
194639940.0459001064 2296673.2832031250
178608788.8449519277 1470562.3574218750
194466479.1251379251 2296274.8808593750
178571040.4402007461 1462140.2290039062
177954944.3729799688 1331044.1821289062
177778761.6001079381 1286107.2817382812
178055043.6231482327 1345497.1137695312
194157426.2575257421 2295586.2656250000
177947172.5314059556 1329395.0151367188
183667165.3138384819 2029051.7119140625
191326953.3467154205 2287129.9433593750
182213433.9384708107 1913706.8349609375
193852422.8491592407 2294911.1777343750
190206250.3798101246 2278245.3007812500
189805078.9921835363 2270554.2636718750
178594903.7964665592 1463978.9267578125
178543589.5442998111 1453169.4672851562
180311504.5703388453 1730855.9321289062
189978218.7793217003 2273099.9824218750
180419681.1756187975 1742758.5405273438
189299933.8465756178 2259201.0722656250
190349729.5634558499 2279730.5097656250
194244431.5254413486 2296122.8417968750
178535415.9566628039 1446018.5415039062
178496980.1807892025 1438893.9453125000
190067804.1647702754 2275783.8203125000
178500773.6064915359 1445729.5200195312
193643456.7546948195 2294025.9746093750
178375395.3681090176 1417972.5961914062
178339329.6565032303 1414642.0395507812
193899894.3557025194 2294952.2070312500
178272818.6064604223 1401728.1372070312
178247046.2030783594 1390970.4414062500
178310086.1592181027 1408545.1918945312
178303078.4490301907 1406965.1425781250
191005766.1981407702 2285554.9589843750
193340581.5724893212 2292743.8281250000
178260803.6914593279 1396357.0947265625
182278613.9234711826 1917071.6552734375
178038866.2494483888 1344322.5874023438
178198149.5712045133 1382472.7011718750
178214890.7794997990 1388146.0957031250
193813310.0676187873 2294442.1582031250
193740464.8809493184 2294299.7226562500
193604647.9268182516 2293790.4843750000
180622561.8402905762 1767251.7202148438
180618815.8481577039 1765230.1240234375
188921730.8960652351 2251775.6015625000
178161877.8767714798 1368117.7924804688
178182489.5397525728 1375942.9370117188
182230404.5029183328 1915357.3251953125
182318845.6829739213 1925141.8359375000
193155968.9547594190 2292738.9433593750
193457354.2047487795 2293566.1074218750
193384861.0246757567 2293330.6484375000
180530240.6657764912 1753598.1904296875
180599066.6203791201 1765227.7197265625
183070509.2497165799 1977871.7695312500
180673683.9963306785 1773710.3525390625
187947566.5152644813 2227221.5371093750
180535359.2910666168 1754218.1699218750
180697874.2960632443 1774779.4189453125
182398630.4082207978 1927361.1806640625
188610740.1526711583 2243474.2207031250
188308635.9414722025 2235704.0839843750
182435083.9980199337 1933851.6884765625
182422825.3229151666 1933287.0244140625
188038867.0563519299 2229956.1660156250
188002387.5266064405 2228797.4960937500
188250766.5447165370 2235211.5898437500
188329264.1533425748 2236288.1738281250
188517709.9716086090 2239887.7304687500
185078874.7644454241 2099051.6337890625
185371677.8211852014 2116029.5595703125
185278307.9027455747 2113349.7333984375
188220271.5159071088 2234285.3632812500
184800034.2192366123 2080435.0585937500
182950181.2265455127 1970229.3251953125
179826561.2585082650 1614711.0107421875
182410505.2621543705 1928597.9140625000
179815717.9314256310 1607877.8002929688
184974581.3925177455 2091539.1621093750
184821809.5327191949 2085090.0253906250
180068929.1470656395 1621943.1699218750
179740658.1786909103 1605024.1440429688
179670105.1496816576 1600241.1655273438
179599708.5346504748 1587262.9809570312
185259397.1711970866 2110434.8867187500
179590444.4612967074 1583910.8422851562
185114558.4927564561 2101755.8916015625
179522699.5783895850 1571956.6909179688
184936557.3531467617 2090752.2539062500
179728748.6479395628 1600462.8115234375
185037511.9800375998 2097812.3769531250
179547475.6217479110 1579446.9204101562
179462106.1881038845 1563349.2626953125
182719492.9889953434 1953930.6376953125
182824586.5131641626 1961260.6806640625
182727450.2858821452 1954568.7353515625
182830672.5800599754 1961317.0400390625
182844658.7586320043 1962374.4599609375
182102979.0231062174 1881191.8291015625
