190234572.1565522552 2281494.8066406250
190227354.9089212418 2280221.7812500000
194556105.7903736830 2299270.4667968750
177737041.8060048521 1257147.3007812500
177573978.8869898021 1235299.0834960938
178983356.6259730458 1563267.9526367188
180727960.9722880125 1794270.4501953125
181144001.2219318151 1835678.4794921875
181869919.3601609468 1901091.0673828125
186978198.2188152373 2202911.8291015625
186940832.4347850382 2202759.3095703125
188319355.2951935530 2246255.7636718750
190074469.5024736524 2275816.8183593750
194411328.2884428501 2298909.2363281250
177492658.7268910110 1184809.8071289062
177891224.2072979212 1327803.2231445312
177819873.0797741711 1316228.6123046875
177771952.0046426356 1307908.0400390625
179135555.6147686243 1583894.4409179688
179434406.3925971389 1620711.4047851562
189295972.4308838248 2265523.8007812500
190085563.2447880507 2276894.4550781250
192161868.1437013745 2292630.9140625000
179052987.8986445665 1571009.9838867188
185973420.1030418575 2167073.7558593750
189553415.2013906837 2268354.2597656250
191315095.4655408263 2287622.7949218750
191836832.6788143516 2291615.5175781250
179118964.8827139139 1582577.3393554688
187597424.5093463063 2228044.8203125000
190510156.7568750978 2282665.4414062500
177453077.4903917015 1175887.1040039062
177892531.2485946119 1328273.9096679688
181898531.6550509930 1902634.6083984375
178036175.1811771095 1358467.3784179688
186345838.6686140001 2183784.8769531250
186334184.7743244767 2181942.6269531250
189467151.1408707500 2268252.8437500000
193916068.0161289871 2297587.6093750000
177919817.7999978364 1337044.7885742188
183613267.9699854851 2029230.4433593750
183445506.6127018929 2019931.1162109375
187548431.6630089283 2225868.6367187500
187208744.2760472894 2215496.0351562500
187417530.5819838345 2220681.6562500000
189124628.1145802140 2261598.6621093750
189615573.1334803104 2269158.2617187500
189156805.3024783731 2264194.3066406250
189803718.9615116119 2270621.2578125000
190417811.2060624361 2281956.1484375000
179122862.9604539871 1583220.6513671875
179283992.9994085431 1606594.4916992188
179449196.6529741287 1626130.2807617188
183442576.8828418255 2016355.5439453125
187431392.3304051161 2220926.9902343750
191116978.3994155228 2286820.1621093750
177902004.6504932046 1335810.2485351562
181691286.0844022036 1884196.8867187500
186319317.4355835319 2180096.9003906250
187544538.7725584507 2225182.1308593750
189385492.9450334907 2267858.6953125000
194022835.9979809523 2297686.1894531250
179649648.6413465142 1628628.9570312500
183371031.4744554460 2012323.8339843750
189154212.9677257538 2264105.8222656250
194094008.3119622469 2298579.9335937500
179031555.0790074468 1567299.5522460938
179617015.3075368404 1626291.2724609375
186324519.2543424964 2180428.4589843750
180688074.3333317935 1793185.8994140625
180767415.6718759537 1798738.7851562500
183816927.8230740130 2039892.1142578125
187837844.6176894307 2231836.6171875000
188034666.9720102549 2237830.3203125000
177431799.0497405231 1156252.7241210938
179082977.1960206628 1579124.1499023438
183632388.9316581190 2030568.9775390625
188083199.6913176179 2238301.0605468750
188276619.5614942312 2243632.5898437500
177922073.7790780365 1338028.9208984375
177939465.4415471554 1340870.1171875000
180683668.4606349766 1789947.2080078125
181998934.4686421752 1909272.6347656250
181640662.7643681169 1882427.6191406250
191824860.6310842037 2290711.0664062500
177947688.2067569792 1344005.2675781250
177965254.5411275923 1344006.7841796875
188961612.1142571568 2259693.3183593750
189077955.4413198829 2260961.6093750000
192394870.8650274277 2293633.6035156250
193262080.9446629882 2295143.0722656250
189013608.7216215730 2259753.8515625000
178071420.8980728090 1364467.3696289062
181709751.1079930961 1888836.9287109375
188904476.7141525745 2259430.1738281250
177463928.9195159376 1179673.6069335938
187132336.8193757534 2213256.5097656250
193310715.4570943117 2296092.5214843750
180739493.1576350927 1797192.1835937500
182005234.3033597171 1909578.2451171875
193393520.9945044518 2296351.5820312500
192385629.0527729988 2293398.1894531250
191997665.7121529579 2292298.6894531250
193822583.8373957872 2297518.8066406250
181809564.4718048275 1895292.0312500000
190363925.4250639677 2281784.6718750000
177546627.3796804249 1222396.9838867188
178098370.3794799149 1372455.6728515625
179141913.0847703815 1587571.4975585938
188130384.4018335342 2242571.2539062500
188764425.4248465300 2255403.9667968750
178106387.2722278535 1379808.8491210938
184043379.9571932852 2054055.2431640625
184000391.8297136128 2050854.4765625000
193765200.3004395366 2297305.3417968750
177987482.0137542188 1355875.3764648438
183527462.2512703240 2021649.5478515625
177465454.8597504795 1180713.9931640625
188751860.0481121242 2253060.6855468750
179348751.2397670150 1613237.4916992188
184120620.7819644213 2059104.3085937500
185833282.7821034789 2160540.8007812500
177971553.9045087397 1345242.6264648438
180639492.1550941169 1783231.9746093750
190806444.6831847131 2285518.6132812500
179220049.5728254914 1599014.9936523438
179150597.2003385425 1589092.7407226562
179014629.7049278021 1564845.8491210938
181589494.0653973818 1877923.7705078125
191161686.2375653684 2287225.6035156250
187690418.9816818833 2229430.2011718750
187445335.2314567566 2223344.6406250000
183850428.1183776557 2040751.1689453125
183987717.8164631128 2048514.5986328125
177862285.3633749783 1321980.9794921875
179182073.7335654497 1591710.0600585938
192833565.1487408876 2294262.7910156250
180823818.2504170239 1804679.6718750000
180609972.4708717465 1779386.7514648438
193630732.8076112866 2296472.7695312500
177511995.5884095728 1204274.5810546875
187118692.3580551744 2212207.6318359375
187255363.8134115338 2218380.6855468750
191284209.3552837074 2287585.9257812500
184198050.1338986754 2060544.8349609375
185759229.3886768818 2155807.8398437500
191390231.3899361193 2288414.8496093750
190872826.0656490028 2286138.7011718750
177529951.1527471840 1208725.9648437500
186569966.3754938245 2189494.3095703125
188621499.8840539455 2251395.3886718750
184002078.5999125540 2053292.0263671875
188621324.5779343545 2251107.9667968750
183888307.5001036823 2046761.4619140625
185917859.2327874601 2166346.7597656250
191075380.7930723727 2286665.8984375000
185908782.8527484536 2164317.1855468750
188513701.5980899632 2248788.9941406250
177869965.9528008401 1324966.0332031250
187888780.2727132440 2234155.8671875000
177929953.6024654806 1339591.9643554688
177833468.0583052337 1319099.9560546875
186156307.5761715472 2177535.7558593750
177753455.2377671897 1289169.2763671875
192609325.6209694743 2294145.6484375000
181686034.9473644793 1883622.4130859375
180752581.8559709787 1797986.5273437500
180840445.4632435441 1805788.1142578125
190631320.4222535193 2284347.9785156250
192285224.9718462229 2292823.5859375000
193010139.2315893173 2295003.5957031250
185365639.8460007608 2133380.7753906250
192194406.7788476944 2292692.0683593750
181528519.5001380742 1867344.1425781250
186675431.2658768892 2197723.3115234375
183549342.6466898918 2025418.9833984375
192910347.7685281038 2294878.5605468750
181429745.7346218824 1861965.8125000000
181574515.1182933450 1873170.1357421875
185833487.1778043211 2161296.5966796875
181081611.3888670802 1832547.4213867188
185533851.9201869965 2143338.8066406250
177516557.5459666550 1204898.6303710938
183743020.4803817570 2036856.4589843750
187819262.3386275768 2230755.1699218750
178912626.1960383654 1548740.2358398438
181538142.0640836358 1868567.5341796875
192514485.1233345866 2293746.8691406250
178948621.3229673505 1553422.7958984375
178900910.4135547280 1543529.7143554688
178958794.2086660266 1557544.9331054688
178973434.6874041557 1559845.0395507812
181012466.6449448466 1823609.7773437500
181267180.0754466057 1846269.4951171875
181380747.9229808152 1859848.9882812500
183201242.9562748969 1999225.9355468750
190517175.9824881256 2283139.4687500000
181269740.6662900746 1846525.7670898438
181171150.5262120664 1841263.5190429688
181018044.3690462112 1827085.0063476562
183808881.6530147791 2038744.4833984375
185577869.6781623065 2147598.0898437500
192884426.8103440404 2294645.9453125000
190741907.4384962022 2284739.7480468750
180929571.0034641027 1817103.3583984375
178734867.8355913758 1509463.5952148438
178710722.6178122759 1504178.5180664062
178688774.9281138182 1498757.4272460938
178765288.2704571486 1514722.2050781250
178822504.8634446859 1524538.9340820312
180900260.7188697159 1814253.8447265625
189991813.2971600592 2274499.9335937500
180157495.6630585492 1711582.0820312500
187198234.0098209381 2214194.3408203125
178852667.3189160824 1529999.3930664062
186815270.4240696132 2201116.2197265625
190606379.2397960126 2283410.8574218750
183061558.2374829352 1988067.3095703125
186640034.5386412442 2194181.6357421875
178799207.9103897214 1520668.3398437500
185286125.2074946463 2122817.4316406250
185325762.2979901433 2128177.7666015625
185459700.1987090707 2140272.2500000000
178701080.7021776438 1499788.6040039062
191551164.9505718648 2288437.1992187500
177498820.3678024709 1192404.3261718750
177700793.3858450353 1256202.7124023438
177665659.0066462457 1243913.6044921875
178658901.9475964904 1490192.6069335938
177686349.3748380244 1246973.4169921875
183298782.6041733921 2003836.0917968750
183252827.7659065425 2001136.5751953125
183883116.8972736895 2045275.0478515625
190405988.7072822750 2281855.5820312500
189898249.8747977316 2271775.2421875000
191628272.3252820671 2288849.1621093750
185703872.0683854818 2153915.1787109375
191731379.9044980109 2290083.3281250000
178656312.7576003671 1480876.7197265625
180242293.3287878633 1723790.0273437500
180218863.5058508813 1718421.2792968750
180266296.4635174274 1725041.1840820312
180104232.6795684993 1700303.4082031250
186077285.8876745105 2172953.5058593750
183226526.1085776389 2000401.7148437500
183327876.3667099774 2008794.6816406250
189838511.3645270765 2271406.8867187500
180110965.3919126987 1705313.5732421875
183300524.8594006002 2005722.0117187500
180157844.4159782231 1714528.2968750000
180395732.2899981737 1737433.2368164062
183386543.7144584954 2013210.4775390625
186456993.9650947452 2187749.0361328125
177740770.7019422948 1272343.3325195312
178626142.0847187042 1472923.3984375000
184309445.4829489589 2065537.5507812500
178629381.7752525806 1478843.6367187500
184241226.7081731260 2063180.5136718750
180866344.4486479461 1806636.7348632812
178608788.8449519277 1470562.3574218750
178571040.4402007461 1462140.2290039062
178594903.7964665592 1463978.9267578125
178543589.5442998111 1453169.4672851562
180311504.5703388453 1730855.9321289062
180419681.1756187975 1742758.5405273438
178535415.9566628039 1446018.5415039062
178496980.1807892025 1438893.9453125000
190067804.1647702754 2275783.8203125000
178500773.6064915359 1445729.5200195312
178339329.6565032303 1414642.0395507812
178247046.2030783594 1390970.4414062500
178310086.1592181027 1408545.1918945312
178303078.4490301907 1406965.1425781250
178260803.6914593279 1396357.0947265625
182278613.9234711826 1917071.6552734375
178198149.5712045133 1382472.7011718750
178214890.7794997990 1388146.0957031250
182230404.5029183328 1915357.3251953125
182318845.6829739213 1925141.8359375000
180530240.6657764912 1753598.1904296875
180535359.2910666168 1754218.1699218750
182398630.4082207978 1927361.1806640625
182435083.9980199337 1933851.6884765625
182422825.3229151666 1933287.0244140625
185278307.9027455747 2113349.7333984375
184800034.2192366123 2080435.0585937500
182950181.2265455127 1970229.3251953125
182410505.2621543705 1928597.9140625000
184974581.3925177455 2091539.1621093750
184821809.5327191949 2085090.0253906250
185259397.1711970866 2110434.8867187500
185114558.4927564561 2101755.8916015625
184936557.3531467617 2090752.2539062500
185037511.9800375998 2097812.3769531250
182719492.9889953434 1953930.6376953125
182824586.5131641626 1961260.6806640625
182727450.2858821452 1954568.7353515625
182830672.5800599754 1961317.0400390625
182844658.7586320043 1962374.4599609375
