189768091.6708231568 2282193.0605468750
182091535.1044824421 1927640.0869140625
183335490.6794482768 2028961.6220703125
183379047.0593331158 2037073.3837890625
189605760.5372618437 2279186.0703125000
189777980.6346719265 2283447.0117187500
184029623.5085324645 2075974.0878906250
177698933.4914451241 1289602.3896484375
178308695.3911722004 1447318.0742187500
187472700.8107517064 2229662.5488281250
189924268.5491188765 2284307.0078125000
191352355.6576451063 2292570.7695312500
177345946.4786081612 1142109.4604492188
178477339.3485046923 1460701.0878906250
183457832.2319516540 2038193.0224609375
190283481.1234883070 2287062.5410156250
187412957.7026602626 2226715.3115234375
187329127.2390644252 2223989.4560546875
180135707.5051101446 1737331.5800781250
180127716.5411881208 1735777.7709960938
189965488.1923875809 2285463.0332031250
180210131.2387710810 1744078.0839843750
190579347.7352718115 2288482.7578125000
190670626.0952141881 2289191.5410156250
188870010.1414466202 2266545.6289062500
178361442.5679611266 1453889.4824218750
187264469.2015695274 2222510.1669921875
188903375.9383877814 2267290.6738281250
180124886.7951854467 1734083.0512695312
191034070.1331252456 2290421.4824218750
180042147.1531440616 1728582.6840820312
178412064.4961540997 1457095.9311523438
183343399.9259792566 2031715.0253906250
177672105.1989662647 1283484.5004882812
183461691.1418097913 2039246.2851562500
190233762.8074160218 2286915.3925781250
191926646.7509192526 2294814.6855468750
177625127.8856468797 1269475.8916015625
182018857.6639651060 1922165.0742187500
183256267.5833559036 2024018.3652343750
191287419.5654447675 2292281.1484375000
178393574.0102613866 1455254.8930664062
183259745.2660027742 2026829.4414062500
179122225.6326827109 1596928.3593750000
179156271.0487053692 1602637.2587890625
180337850.3958885074 1745958.9257812500
180828489.1378780007 1811144.6240234375
183310621.1115001142 2027518.9423828125
183483441.6273574233 2043998.1914062500
184336058.3047243953 2086983.9550781250
191398289.8749747872 2293289.1015625000
179924692.2593518496 1712584.1918945312
180841679.4503048658 1816296.0419921875
177843209.0613334179 1335408.8759765625
179955568.6103397012 1716245.7631835938
180145295.1348704100 1739353.5874023438
178236530.3943885267 1429281.3798828125
180090173.6645902395 1733752.3818359375
184692894.5291158557 2112002.1601562500
191293798.4196488857 2292344.8925781250
178295451.6522825062 1442665.7431640625
177312068.5589791238 1109878.9399414062
177673018.3059394360 1283931.3583984375
178360961.6218858063 1448621.4287109375
180002353.8971213698 1724764.8833007812
190520891.9523195028 2288172.8144531250
185573597.4204903543 2160933.2705078125
188977838.6877691448 2268345.0039062500
182120527.8283127546 1929851.4052734375
182224749.7224345505 1933308.8876953125
185671576.9265606105 2163324.1894531250
193708707.8319091797 2300054.7558593750
177772390.7840384841 1317608.4951171875
179199245.4268081486 1609228.0029296875
184041390.2173692286 2078159.9941406250
184147461.5052370429 2085039.9091796875
193402349.9051797986 2298963.9667968750
185787889.8158449233 2167873.2675781250
195025449.2261394262 2302363.4414062500
179813450.5569899082 1699210.0405273438
179854501.5059686303 1707448.0825195312
184868789.7704136968 2125593.1064453125
185546449.4829652309 2157925.3359375000
190497509.7855681181 2288040.3339843750
177298322.9714777172 1102600.0371093750
179423637.6403623223 1642939.0849609375
180710007.1816436052 1803282.0625000000
188690899.6621076167 2261198.0156250000
191171954.0440244079 2291204.1503906250
191621836.8127755523 2293760.5175781250
177393571.1885972321 1151892.1533203125
184728659.3485755324 2115748.7470703125
184922491.3889394701 2128975.1992187500
177404265.1096522510 1156006.6391601562
187227114.2837827802 2220889.4990234375
177328936.1601555645 1124923.8359375000
184089854.8732408583 2083008.8154296875
184752488.9567945302 2119176.5361328125
185232170.5936211944 2143551.3378906250
188613270.6615854204 2260106.4941406250
189118562.6813633144 2270149.1093750000
178186911.8868217766 1422974.4638671875
183878108.0897079408 2069926.9902343750
185191241.3887523711 2141696.9980468750
177365210.4142622650 1146656.9023437500
178014771.3695624769 1378837.0380859375
178235234.2915315926 1426941.1533203125
181967887.9593541026 1919296.2460937500
179576478.7912839651 1664436.3652343750
193137322.9849346876 2297598.8906250000
180703088.8489826620 1801280.1240234375
191058840.0348942876 2291104.5605468750
183736714.5987440944 2061067.5683593750
189333283.5589382946 2273215.5878906250
183979193.9097553194 2075758.8320312500
185675226.5595114529 2163953.1796875000
194154586.9885628223 2301019.2167968750
180679692.5161543787 1796742.3291015625
190851241.0973289609 2289985.9609375000
193016685.8490452766 2297154.5976562500
188800171.4083230793 2264359.5371093750
193618879.5205806494 2299116.3222656250
185876771.5969388783 2171733.5673828125
185436696.3637091517 2152862.7656250000
179379619.7056050301 1636680.1103515625
189171212.6120024621 2271011.8593750000
184615115.0415112972 2110533.3593750000
177676317.4286081791 1288807.9316406250
185718970.5126338303 2164044.4033203125
179250270.3630560637 1619546.3837890625
183793320.8592838943 2064507.7968750000
188138025.9662335515 2248126.6640625000
189258914.4325989187 2272443.6484375000
185042967.8431982100 2136268.9804687500
193205059.3381512165 2297743.9335937500
179879647.5603868961 1708544.6333007812
179017045.2361167669 1573312.2739257812
193225747.2779073119 2298591.2148437500
177343292.7485310733 1135444.7758789062
187584094.9217849374 2231533.4277343750
178218261.5286520422 1425717.4946289062
189009293.0929867327 2269480.1699218750
194699870.6655080318 2301686.9003906250
183694931.3136154115 2057858.6708984375
185230767.4857800007 2143502.5195312500
187401052.7029016614 2225196.5224609375
185333411.4526380599 2149864.1230468750
183675060.4701016843 2053898.2626953125
189590198.0918441415 2276700.1015625000
184945264.9977041483 2129405.4707031250
185508829.8160545230 2156852.0312500000
178172089.9298317134 1416751.5913085938
187993902.4441873729 2244218.1953125000
177782792.2868899703 1318177.1704101562
194719861.8127084970 2301779.3476562500
186987500.5684819221 2213012.0302734375
185482626.6469894946 2154539.8632812500
193656989.7539791465 2299863.5546875000
186903334.3131622076 2209311.2236328125
182338121.1437837481 1946848.5341796875
177802508.8958559036 1324136.0585937500
191006350.6315554380 2290122.2148437500
177322695.9312434494 1117029.1875000000
185366791.7780666649 2150389.5019531250
177715088.9310835004 1294629.3496093750
179039134.4636648893 1583339.4047851562
188080092.5268673003 2245732.9238281250
185262899.9875490963 2145476.5761718750
177604294.7092305124 1246679.2465820312
195109411.1390028596 2302651.3613281250
182401414.1577318609 1950828.7363281250
193367092.5227178931 2298859.0625000000
187151343.9148971736 2220305.8115234375
188846365.3748780191 2266034.2460937500
192224111.6351688504 2294846.0136718750
179835155.1732620597 1700890.4897460938
177568833.7432464659 1231922.3232421875
187866606.2825905681 2240960.0371093750
187676380.4693877399 2236281.2402343750
184573201.3244282007 2105510.9208984375
187439972.1545982659 2229391.5859375000
188694711.1596644223 2262362.9238281250
194973310.6791439652 2302354.3359375000
178097127.1498502195 1401036.8061523438
179319312.9966505766 1628565.8613281250
188902159.0619819760 2266602.6132812500
179604985.7263314128 1671588.7597656250
177715300.0707869530 1302741.1113281250
187654463.2467406392 2235586.3691406250
179590350.7125200629 1666172.1699218750
177850360.7364409864 1336350.0468750000
188435378.9488453567 2254008.3320312500
177456210.8397012949 1184573.5771484375
178078970.0526265204 1389498.6552734375
192454770.2332926691 2295111.5996093750
184658385.9621850848 2111782.9970703125
193816601.4509912133 2300094.5117187500
178873817.8014785647 1546389.4028320312
181793550.0321218967 1901401.0795898438
179510796.9731206894 1656715.8051757812
182274124.0822872519 1942421.4755859375
182270750.7489451170 1941250.1435546875
177550752.5217824876 1226447.5493164062
187348083.9027140439 2224987.1767578125
188834423.4480021596 2264432.9453125000
177503846.3655858338 1213332.3989257812
179646999.0381970406 1674471.2451171875
194057689.7478182912 2300278.6816406250
187330479.5829271376 2224781.8623046875
193846484.6666707993 2300098.6621093750
178841938.2216961384 1540286.6196289062
178964126.1213741899 1568730.5014648438
182597681.6805858910 1965961.4267578125
181776682.3326089084 1899307.6962890625
182458989.7478044331 1953998.4072265625
182264507.3603479862 1940452.0888671875
177409484.5262462199 1161563.8266601562
181773566.0200771987 1897081.8271484375
189334384.8642152548 2273525.2871093750
178860414.7083032727 1541393.9321289062
188353258.4728894830 2250335.8945312500
178897425.7047033310 1555703.6469726562
177907056.2318663299 1351595.2807617188
177942828.5891489089 1362113.1293945312
177967079.5661531985 1363881.8881835938
182484153.2758435309 1958648.2949218750
188348476.5016732216 2250311.2265625000
182577293.9654122293 1962752.7314453125
194192027.0779953599 2301020.7597656250
178002568.4776068926 1373908.0581054688
194607569.1434864402 2301409.4062500000
182566690.8767319322 1962118.5595703125
178059088.4492998421 1386543.1625976562
194447660.2121370435 2301241.7343750000
177497883.5441371500 1210041.0053710938
186430172.5464490056 2185372.8925781250
177865313.2469935119 1343193.6694335938
178977010.7177767158 1570868.9575195312
177501342.9431464374 1211036.8227539062
181271217.0606650710 1849304.2836914062
184368821.7229839563 2092468.2753906250
186525034.1618695259 2192759.1064453125
186554382.9288019538 2194120.4775390625
179530107.5737060905 1659689.5551757812
184464298.4134467244 2098986.1738281250
177754252.2532146871 1311246.9296875000
180658011.0964549184 1792210.0527343750
177584213.7095476687 1241664.2006835938
181231427.6740270853 1847116.9897460938
177876019.6992788613 1344283.1767578125
180387021.3675853312 1756452.9907226562
180448429.1714814007 1767056.4414062500
178979830.1972130537 1571196.3408203125
178920644.0380225182 1556564.4565429688
179106708.7660655975 1592990.3515625000
180625390.2332143784 1788384.0107421875
179489393.3845511675 1653542.2963867188
186432320.9044769406 2186328.9052734375
177858096.3239540160 1337262.9165039062
180475401.7987546623 1768191.1816406250
178998721.2096590698 1573011.3579101562
181291564.0297506452 1852266.9204101562
180615434.8108326495 1787257.5322265625
181668309.0458464622 1885077.0390625000
179080121.0619783401 1587827.4980468750
179561249.6202545166 1660708.1499023438
179443632.3363301158 1646981.8266601562
186451760.7801746726 2189639.5751953125
177482624.0311279595 1201623.3266601562
181355187.2554328442 1858310.0297851562
186600237.6879900098 2194161.5224609375
177467334.8005525768 1187985.5063476562
186628834.3270487189 2197446.7333984375
186646236.3395650983 2199002.6513671875
181155143.4555114508 1839593.5102539062
180558458.6132240891 1781866.1123046875
181148586.5453324914 1838848.4077148438
181171122.5313553810 1842030.7895507812
181189235.8579249680 1842434.0483398438
186319682.0360228419 2183604.0830078125
181764548.7897109091 1894879.8632812500
181737635.2417999208 1890136.3105468750
177573978.8869898021 1235299.0834960938
177453077.4903917015 1175887.1040039062
186345838.6686140001 2183784.8769531250
181640662.7643681169 1882427.6191406250
186156307.5761715472 2177535.7558593750
181081611.3888670802 1832547.4213867188
181380747.9229808152 1859848.9882812500
178688774.9281138182 1498757.4272460938
178765288.2704571486 1514722.2050781250
178822504.8634446859 1524538.9340820312
183061558.2374829352 1988067.3095703125
178799207.9103897214 1520668.3398437500
178701080.7021776438 1499788.6040039062
178658901.9475964904 1490192.6069335938
178608788.8449519277 1470562.3574218750
178571040.4402007461 1462140.2290039062
178594903.7964665592 1463978.9267578125
182950181.2265455127 1970229.3251953125
