188604436.8802002370 2255417.8066406250
193959655.1681733727 2300041.4101562500
179769737.7029343843 1683477.2548828125
194971878.8993295431 2301564.1914062500
179655912.6322491169 1672310.2626953125
179910405.9077525139 1689964.9326171875
190139429.2076748013 2282580.3476562500
177538293.8234228194 1213518.2871093750
177942828.5891489089 1362113.1293945312
177408311.0665830672 1152683.3525390625
177385264.8829669654 1148830.9541015625
189336242.1382161975 2271065.7031250000
189525421.9517523050 2273525.2871093750
183840760.4300406277 2051939.6630859375
184161679.8214993775 2078242.9912109375
189106962.2338472605 2269516.7089843750
184019123.3991475105 2068895.1318359375
185157575.5439270735 2131025.2187500000
189041160.1309267282 2268066.2968750000
191684928.1486703455 2292652.6054687500
177967079.5661531985 1363881.8881835938
184341039.5896701515 2088297.9931640625
182484153.2758435309 1958648.2949218750
182378593.6292379200 1942189.6767578125
188607822.1721977592 2258540.8320312500
185350181.4476795197 2141185.4296875000
190393389.2993477881 2285155.4394531250
194055186.1747526526 2300100.1035156250
188348476.5016732216 2250311.2265625000
189965066.0998430848 2281247.7812500000
194169419.3927501440 2301019.2167968750
177429688.3076817095 1160792.0297851562
184084884.7679959536 2073031.8505859375
184170993.6891304255 2078615.0878906250
177383815.7561317384 1130792.1635742188
177735118.1573556960 1294153.7880859375
182577293.9654122293 1962752.7314453125
192425520.3654918969 2294167.3398437500
177968301.4908828437 1364083.3906250000
177929830.3803378046 1355902.2890625000
194192027.0779953599 2301020.7597656250
178002568.4776068926 1373908.0581054688
179632491.2278637290 1670441.3613281250
182089350.9556597471 1925178.2441406250
189015909.7434626818 2267140.0703125000
188951462.9290606380 2265113.0722656250
181327551.3844000697 1857342.3784179688
184581255.5445002317 2101354.0712890625
187368206.7740902603 2223755.6523437500
190828670.6659630239 2287502.6132812500
190920408.4270648062 2288246.2089843750
189245405.0740419030 2270317.6914062500
179604407.4994102120 1667830.6938476562
188960658.3374780416 2266582.2734375000
190192082.3465824127 2282842.2988281250
177734655.0837236941 1292552.6577148438
183882082.9960153401 2058781.3642578125
188261787.2508863211 2246416.5751953125
177378934.3746351302 1128344.0390625000
183933482.3647106290 2065326.3134765625
194607569.1434864402 2301409.4062500000
178115229.4739415348 1390530.1357421875
182420259.4594638348 1951101.2773437500
183990442.3715242743 2066021.6025390625
182566690.8767319322 1962118.5595703125
185388234.1283855736 2143804.7011718750
184738080.8739350736 2111130.2998046875
179622305.6835653186 1668524.5639648438
184132280.8593202829 2077440.9951171875
185219334.0296019018 2138955.2265625000
178059088.4492998421 1386543.1625976562
185604764.6885107756 2155295.4843750000
180764759.2308499813 1802203.6347656250
181298442.9413666427 1853519.2050781250
185681272.8415322006 2156611.0976562500
194447660.2121370435 2301241.7343750000
177497883.5441371500 1210041.0053710938
184040559.2400273383 2072274.9716796875
187542758.7202756703 2227088.9453125000
190817010.2441996336 2287338.7070312500
177507533.9423994124 1212841.0815429688
187146894.4358696043 2216130.5673828125
179756695.5795037746 1683125.8984375000
190527795.1344283521 2285925.2578125000
177372505.1557384431 1117217.0869140625
190598269.0910148025 2285977.0039062500
190613849.8819788992 2286710.5585937500
182277530.0887163281 1940452.0888671875
187986351.7391036451 2239987.0039062500
181284910.1799257100 1850108.3901367188
186430172.5464490056 2185372.8925781250
177865313.2469935119 1343193.6694335938
179025010.2780787945 1577355.1430664062
187687015.0929683745 2233469.1054687500
178977010.7177767158 1570868.9575195312
180514415.4593082070 1773880.1318359375
190375462.9228444397 2285062.5585937500
177501342.9431464374 1211036.8227539062
181271217.0606650710 1849304.2836914062
184400568.6994336843 2092477.4003906250
184368821.7229839563 2092468.2753906250
187352266.9231199622 2222920.1835937500
188464040.8916817307 2253202.1562500000
195135238.3150857091 2301794.4492187500
182045134.9700627923 1923477.2636718750
182220931.4268931746 1935298.3857421875
190028087.8075543046 2281752.5781250000
189846631.6189917326 2279961.8554687500
186525034.1618695259 2192759.1064453125
187618204.2256752253 2230486.2949218750
182100225.0261990726 1927904.8603515625
191948943.2358742356 2292967.4492187500
182273330.2105235159 1940330.6357421875
179329029.3631195426 1627686.0576171875
185665203.1148295105 2155636.7880859375
186554382.9288019538 2194120.4775390625
187107636.6981975734 2214290.3857421875
193824455.1106765270 2299383.2714843750
184556418.8438457847 2100578.3867187500
187587043.6365511417 2228641.2011718750
188774012.8046242595 2262076.4804687500
190745831.6732949317 2286741.6640625000
179530107.5737060905 1659689.5551757812
184464298.4134467244 2098986.1738281250
191227312.6137413681 2289909.4121093750
191783083.6633133292 2292753.1660156250
193927054.7624855936 2300017.7441406250
177754252.2532146871 1311246.9296875000
180541437.4507988989 1778165.4565429688
180658011.0964549184 1792210.0527343750
188920316.7009934783 2265010.9160156250
188747713.7265654802 2261466.6894531250
188666458.1372594833 2259138.5253906250
177584213.7095476687 1241664.2006835938
181231427.6740270853 1847116.9897460938
187416320.5686400533 2224570.3867187500
179636988.5990703106 1671009.9047851562
177719275.0865996778 1287791.5424804688
192319136.4310395122 2293869.1191406250
179226907.4297775030 1614685.5263671875
177876019.6992788613 1344283.1767578125
192083879.8149010539 2293634.0273437500
179719771.5416234732 1678381.3686523438
194000280.0500440896 2300094.5117187500
184953551.1211415827 2124358.8251953125
184810725.8490337431 2118575.8056640625
193488837.1961434782 2298182.6484375000
188865828.1290643811 2264122.7832031250
184767814.9643062651 2114183.2539062500
177919820.2674960792 1351308.5986328125
184779996.2292936146 2114907.0136718750
180387021.3675853312 1756452.9907226562
182188686.1378278434 1933223.1533203125
185710269.6222723424 2159191.4453125000
185200947.3180494606 2137452.0097656250
182266537.3357516825 1939763.9746093750
191971139.1793217659 2293300.2968750000
185713650.1940438747 2160572.3183593750
187889685.6712628007 2236541.2089843750
187604222.9727228880 2230414.0917968750
192382509.7249208689 2294144.2695312500
187426406.5960973501 2225735.2949218750
180448429.1714814007 1767056.4414062500
178970654.0806161165 1568668.4541015625
177911606.3768945634 1351249.3564453125
178979830.1972130537 1571196.3408203125
178907356.4736275673 1554417.5419921875
177926551.1076098979 1351590.7734375000
180681091.1118702292 1793560.7509765625
192162510.6625365615 2293745.4902343750
178920644.0380225182 1556564.4565429688
179106708.7660655975 1592990.3515625000
180650164.8222781420 1790030.9047851562
180625390.2332143784 1788384.0107421875
179489393.3845511675 1653542.2963867188
189627221.9051455855 2275379.1015625000
184804224.9460246265 2116243.6562500000
186432320.9044769406 2186328.9052734375
177813748.9209776223 1323453.7519531250
177858096.3239540160 1337262.9165039062
184639560.9054312110 2106934.1191406250
180475401.7987546623 1768191.1816406250
191349298.3612067103 2290396.3339843750
178998721.2096590698 1573011.3579101562
182010471.2310874462 1919747.6103515625
181291564.0297506452 1852266.9204101562
177728155.8422524035 1290138.5747070312
181660901.2939050198 1883285.7529296875
179059151.4957267046 1580926.2519531250
180615434.8108326495 1787257.5322265625
181668309.0458464622 1885077.0390625000
179080121.0619783401 1587827.4980468750
184928239.2421215475 2122154.4990234375
177410675.9027542174 1155926.3544921875
183585085.7683038116 2028377.1474609375
177740941.3392591178 1303507.9467773438
179369141.1916614175 1634089.4819335938
183657737.1894043386 2034342.4160156250
179561249.6202545166 1660708.1499023438
187522514.2511691749 2226658.1777343750
177460031.4376734197 1180210.9736328125
177735541.9189526737 1302695.4711914062
179443632.3363301158 1646981.8266601562
179094231.6140308976 1589669.5517578125
191521144.1983500123 2291637.2109375000
186451760.7801746726 2189639.5751953125
177482624.0311279595 1201623.3266601562
181355187.2554328442 1858310.0297851562
187817305.5132085085 2234562.7187500000
186600237.6879900098 2194161.5224609375
179285895.0177488923 1621856.8530273438
184886241.1473001540 2120962.7304687500
181885381.2699765265 1906544.2695312500
177753377.4582676589 1306181.4643554688
177467334.8005525768 1187985.5063476562
188124332.0880083442 2243834.9902343750
183361003.1790314019 2014508.8427734375
180687124.6248093545 1794829.5507812500
191435708.2168820798 2291077.7929687500
186628834.3270487189 2197446.7333984375
185053300.1302952766 2129339.3886718750
186864604.3974631429 2205088.2119140625
186646236.3395650983 2199002.6513671875
179427441.3077495694 1641719.6635742188
181155143.4555114508 1839593.5102539062
177572644.8829495013 1231314.4624023438
183428259.7468809187 2018507.6582031250
177611395.0648013055 1242993.7480468750
180558458.6132240891 1781866.1123046875
181148586.5453324914 1838848.4077148438
183447021.3615750670 2021474.9931640625
186927094.7930391431 2209059.3134765625
183435867.0202928483 2019963.3349609375
181171122.5313553810 1842030.7895507812
183298988.6945402622 2009587.6669921875
185840646.5183290243 2163073.0507812500
179180891.8537449241 1603388.9248046875
177634517.4807662070 1252870.4291992188
181189235.8579249680 1842434.0483398438
186319682.0360228419 2183604.0830078125
180961407.9175355434 1817923.1235351562
177677540.6252662241 1256854.1411132812
183328894.6179296076 2010625.8349609375
179048254.8840337396 1580026.6010742188
181764548.7897109091 1894879.8632812500
185845892.5412498415 2163663.5019531250
181737635.2417999208 1890136.3105468750
177573978.8869898021 1235299.0834960938
177453077.4903917015 1175887.1040039062
186345838.6686140001 2183784.8769531250
181640662.7643681169 1882427.6191406250
193262080.9446629882 2295143.0722656250
193310715.4570943117 2296092.5214843750
193393520.9945044518 2296351.5820312500
177465454.8597504795 1180713.9931640625
192833565.1487408876 2294262.7910156250
186156307.5761715472 2177535.7558593750
193010139.2315893173 2295003.5957031250
192910347.7685281038 2294878.5605468750
181081611.3888670802 1832547.4213867188
178900910.4135547280 1543529.7143554688
181380747.9229808152 1859848.9882812500
183201242.9562748969 1999225.9355468750
192884426.8103440404 2294645.9453125000
180929571.0034641027 1817103.3583984375
178688774.9281138182 1498757.4272460938
178765288.2704571486 1514722.2050781250
178822504.8634446859 1524538.9340820312
180900260.7188697159 1814253.8447265625
180157495.6630585492 1711582.0820312500
178852667.3189160824 1529999.3930664062
183061558.2374829352 1988067.3095703125
178799207.9103897214 1520668.3398437500
178701080.7021776438 1499788.6040039062
178658901.9475964904 1490192.6069335938
183252827.7659065425 2001136.5751953125
180242293.3287878633 1723790.0273437500
180218863.5058508813 1718421.2792968750
180266296.4635174274 1725041.1840820312
180104232.6795684993 1700303.4082031250
186077285.8876745105 2172953.5058593750
183226526.1085776389 2000401.7148437500
180110965.3919126987 1705313.5732421875
180157844.4159782231 1714528.2968750000
178626142.0847187042 1472923.3984375000
178629381.7752525806 1478843.6367187500
180866344.4486479461 1806636.7348632812
178608788.8449519277 1470562.3574218750
178571040.4402007461 1462140.2290039062
178594903.7964665592 1463978.9267578125
178543589.5442998111 1453169.4672851562
180311504.5703388453 1730855.9321289062
178535415.9566628039 1446018.5415039062
178496980.1807892025 1438893.9453125000
178500773.6064915359 1445729.5200195312
178339329.6565032303 1414642.0395507812
178310086.1592181027 1408545.1918945312
178303078.4490301907 1406965.1425781250
178260803.6914593279 1396357.0947265625
182950181.2265455127 1970229.3251953125
