46482145.2231810763 171804.2031250000
42088281.1404897124 102425.2369022369
44548027.4345999435 148285.3373718262
45503378.2081084028 164825.1491699219
44553681.9470634237 149344.2140808105
44667885.0925006792 149900.3912048340
44106412.4785043597 146049.3893432617
45889134.9292072579 170628.9868164062
45892451.4037135541 170716.0122070312
42158826.8288462013 103168.2306486368
44204299.2729279920 146115.9978332520
45831034.7862410843 167367.2055664062
40906060.2001061291 56924.3331761956
40998364.1827903390 64613.7472274303
43613366.4239902869 134368.5802459717
41970251.5639898852 99192.3333988190
41367584.4471410215 79941.5896418736
41133756.2769033909 72182.1523177624
43831273.6353018656 139005.9764862061
43708555.5238594040 134847.7906951904
40800782.3740337417 49415.0444583893
41116552.9996845126 69280.5258529186
44081107.3596451283 141595.1862182617
40838089.8811534718 56684.4826672673
40825536.2683305666 50006.5704358220
40954023.4491747394 57746.6893050671
41075963.1763478816 65684.1681869030
41392345.7788324654 79980.2809162140
43549959.6854844838 133701.9988784790
43794598.0715779588 138742.0349578857
41357067.9663258344 79939.7030990124
41275260.8169556856 73142.1231429577
43740827.4688247219 138306.0878143311
41655178.0738254562 88708.0522903204
41820245.0615595877 94667.6861209869
40817299.0323928222 49989.1385238171
44092560.9515343085 143971.7719116211
45758605.5496442094 167228.7167968750
44242069.1811817363 147163.1669311523
40740921.4016588777 49116.0775769353
40728013.7568620294 42241.5572528839
43445887.0621386841 131747.1306451559
41533013.3968503922 81805.0562381744
41734852.9908983707 89257.8929080963
40875173.7635579780 56884.0219154358
40926685.4475642815 57627.0215804577
43990814.1461899802 141345.7748260498
44226649.6140470803 147043.4992065430
41753107.5438101217 92375.3363285065
44091430.7025962323 142634.4488525391
43941510.7760054097 140324.0313110352
41872423.1765851453 95755.8770389557
43844496.1525323540 139732.8223876953
41395491.0796775445 80128.8487899303
41609653.9027045369 87998.3262577057
40800088.2905832008 49355.6332256794
41000470.7456049472 64641.5726966858
44244507.7682653666 147334.6262817383
43978257.2865846381 140628.7454223633
44350726.8831436709 147429.1365356445
43832200.5569795221 139594.7618408203
40908340.3581916913 57594.5527299084
41482423.4371124282 81693.4952554703
41466318.7078887150 80387.3731327057
43278014.6076271981 125890.7058029175
41041879.3841238096 64658.6681730747
43226122.6960455030 125784.2289886475
41059449.3914495409 65380.0932967663
41112506.6579343602 66036.8147933483
40963953.0572910383 64424.6015365124
40835035.3374613002 50238.7952620983
41060108.1527071148 65435.3999465704
41467677.1229813620 81441.2348346710
40743964.4755355194 49225.0407581329
41238642.1385992989 72538.8301270641
41165945.6494497359 72483.2246952057
40962560.2233940512 57926.6174056530
40606332.8090356365 34578.9070892334
43443238.1546663046 130737.6827239990
40769201.8540350497 49315.6168251038
45362113.6584168375 157437.1834716797
45491679.2978970185 158493.3903808594
45397868.4663290605 157886.2692871094
43148475.4893725887 123967.9144868851
40561700.3491569236 28401.2942973450
40605327.3424611539 33692.9563916326
40646571.2848671973 35483.6961039342
41549559.1762168333 84765.4227542877
40734740.3661889210 48926.9318860173
41399552.6737865359 80240.7754764557
42972239.5314254910 119054.6958056688
40670622.1629184783 41433.0752608776
42864184.4619013742 115838.4343901873
43051834.7036864012 119544.7662402391
40661945.5081349835 41358.5267956853
43108445.3459258974 120125.1167651415
40598218.0374708325 28790.4030073918
43402829.0016807094 126623.1008960009
40604779.8878980428 33623.2691224217
43205453.6338715181 124218.6139354706
43139519.2789323777 123583.4138842821
40872826.6168823391 56856.1964461803
43065195.8100976422 119951.1819720268
40553435.4308794588 27835.4136287048
40677457.7214153484 42150.8512802720
41352399.8833268210 73683.7145367451
43309991.0280823112 126596.0046714544
42932712.2640773654 118865.5501147509
41304879.1264678240 73623.3742923737
40552869.2367888615 27651.1484075226
42609950.9835254475 111107.9993335009
42441830.2460552976 103568.1600695848
40544211.3215328604 27559.1680303253
42649117.1985541284 111236.0411788225
40601395.5974020585 33600.9760144353
42486473.2872945592 104914.7293139696
43021868.1823619306 119143.7581140995
42803961.1903624758 112671.0511515141
42543952.8083570600 108206.3728686571
42455147.0201147422 104632.1215564013
42354319.3459059075 103372.5549060106
40609487.4024626911 35316.7188115753
40561134.1550663263 27838.8451129831
40552321.7822257578 27581.4611383118
