43931913.6117649600 148365.1316833496
45602560.8365018070 170934.0458984375
43180264.4183509871 131272.3313293457
43704104.7687379643 143167.9488086700
45373448.4645044431 170446.0068359375
44025088.1095189825 148897.4573669434
45262611.7190632522 166139.3496093750
41617803.4087827504 88518.7169685364
43501313.7650933638 139923.8755664825
43756382.7736242414 143738.0274219513
43451985.4272794649 134404.5370655060
43302472.6346309111 132998.4178638458
43731276.8635699674 143298.9981250763
43641639.4447752684 142829.1104297638
41346730.8010884374 80478.4378494024
40777859.7692910582 49701.5337810516
41548449.8321032450 88166.2599929571
43169614.4548314959 126371.0915628113
43496390.6506765261 138969.8529365063
45202414.5058636814 165664.8242187500
43906006.3383747712 147221.6855926514
43516232.5034682527 140832.7925586700
45440362.4963934794 170623.2680664062
41481970.3828300089 87205.4624160528
43612175.2982825637 141236.3668518066
41703425.6830586791 95267.1637483835
41600968.0691696703 88470.9741042852
41670916.1473764852 94664.2441238165
44932294.9786599502 163005.4860534668
43876811.6635381207 146191.3299121857
41456121.8580278009 86970.9499877691
43322950.9674577191 133535.7892017365
41464883.5664331689 87095.8390334845
43424563.5584684014 134334.8084278107
41574221.7958748341 88235.9886306524
43369168.8648493960 134177.5661926270
43292628.7066432685 132380.3610782623
41233473.5376243815 73858.3597660065
41476163.8762475476 87124.9405002594
41019592.5873589963 65352.1035111584
43472392.7514173165 137930.3275032043
41410977.8772772327 86906.6933425665
41069205.7641052604 65684.1681869030
43218660.7712785974 131313.7312469482
40786124.6875685155 50379.8745098114
41410892.5804203749 81239.8475666046
41620486.0533733144 89477.7284870148
41246230.2422277182 74042.9879187420
45552315.7964024544 170716.0122070312
41030938.0710610822 65384.5723617077
41247953.4913647175 74048.8400619030
40708261.2035457119 43074.2695928253
40901415.4163875282 57616.4322274327
40682282.2605166361 43052.0799794830
41177791.2234992981 73683.6840534210
41331562.2697944120 80193.4458664656
40847637.2365421727 56873.6283581853
41734825.5728466436 95308.8595470361
41233423.1752775460 73746.4330794811
41155154.0024513379 72426.5058968663
41101184.2294874191 72371.2980086803
41111722.9747722521 72399.1234779358
40890386.2227965891 57073.1676063538
44210769.2408734486 152908.4061527252
44273869.3342165276 153213.2272949219
41159136.6556236818 72623.9734878540
41253070.0530632287 79939.7030990124
40670603.4233909920 41450.5071728826
41295209.6077585146 80146.8252633214
40988778.6050272584 65306.0229892731
40732117.9716305509 49116.0775769353
45270251.4043589979 166750.2932128906
44165441.4253600687 150110.3063964844
45117651.5859221742 165406.5490722656
41459557.0983802229 87009.2155475616
41812808.2452878281 95842.1048343778
41075205.2864583433 72182.1523177624
41788100.5787157863 95566.7313480377
41545476.5015293956 87812.9929628372
45034900.6958782449 164850.2041015625
40970661.8405430689 65201.7084445953
45530132.8105795309 170628.9868164062
41359939.0978181735 81086.0740679502
45314420.2807629332 167254.6118164062
45092502.8072644472 165134.6606445312
41497404.5587083176 87809.1805667877
45282105.3559997678 167097.2001953125
44290628.1096810997 153301.7014160156
44264449.4881384075 153085.1854496002
43841755.4955712333 145572.1718997955
41072773.6899625808 65753.8968245983
40679434.5357590467 42222.5163364410
40671169.6174815819 41656.6356678009
40955149.6272627041 64424.6015365124
41036639.1876657307 65570.9725054502
46028815.4691896886 171145.7167968750
40911494.9516187459 58527.8863562420
40794435.2055095211 50809.6307607330
44577681.5065208301 153598.2221374512
44541074.7112560719 153408.8459777832
44589823.3707123026 154390.4205322266
46233980.7380779609 171804.2031250000
46060896.4551276192 171321.7783203125
41938719.8677684963 96057.2911701202
42088281.1404897124 102425.2369022369
42158826.8288462013 103168.2306486368
41970251.5639898852 99192.3333988190
40838089.8811534718 56684.4826672673
40875173.7635579780 56884.0219154358
40743964.4755355194 49225.0407581329
40606332.8090356365 34578.9070892334
40769201.8540350497 49315.6168251038
43148475.4893725887 123967.9144868851
40561700.3491569236 28401.2942973450
40605327.3424611539 33692.9563916326
40646571.2848671973 35483.6961039342
42972239.5314254910 119054.6958056688
42864184.4619013742 115838.4343901873
43051834.7036864012 119544.7662402391
40661945.5081349835 41358.5267956853
43108445.3459258974 120125.1167651415
40598218.0374708325 28790.4030073918
40604779.8878980428 33623.2691224217
43139519.2789323777 123583.4138842821
43065195.8100976422 119951.1819720268
40553435.4308794588 27835.4136287048
40677457.7214153484 42150.8512802720
42932712.2640773654 118865.5501147509
40552869.2367888615 27651.1484075226
42609950.9835254475 111107.9993335009
42441830.2460552976 103568.1600695848
40544211.3215328604 27559.1680303253
42649117.1985541284 111236.0411788225
40601395.5974020585 33600.9760144353
42486473.2872945592 104914.7293139696
43021868.1823619306 119143.7581140995
42803961.1903624758 112671.0511515141
42543952.8083570600 108206.3728686571
42455147.0201147422 104632.1215564013
42354319.3459059075 103372.5549060106
40609487.4024626911 35316.7188115753
40561134.1550663263 27838.8451129831
40552321.7822257578 27581.4611383118
