44442206.0563648343 150376.3699340820
45770037.1240991354 170556.5083007812
45501875.8154739887 164411.1707763672
41566583.3134057522 85002.0059061050
41462282.1484298483 81438.0352033079
44023792.4031348675 144869.6365966797
41833341.4048948437 95526.8219405413
43933847.4116058722 141447.6967697144
44445434.3542489931 152527.7290649414
44026278.4279330000 144905.9938888550
43732602.9478254244 138152.6864624023
45475796.3185703382 164219.1781005859
40798065.9014229774 49858.8814461827
45665205.2515838146 169023.0502929688
45872052.3452873006 170716.0122070312
44577681.5065208301 153598.2221374512
41773759.9942399561 92621.5870772600
41569847.8026537299 87777.2061014175
44541074.7112560719 153408.8459777832
45830443.9868017733 170634.2822265625
44524172.6180120930 153275.4397277832
44094025.6949273646 145869.0067138672
45335079.2645394206 164058.5241699219
45607525.7294723243 166466.4533691406
43891128.3576720282 140349.1529693604
40807426.4965636134 49949.8493900299
45632195.5381160900 166625.9572753906
41310789.7232822999 77034.4682357311
41412132.3878445998 80285.8862992525
41306942.0082877800 73953.5552437901
41250270.8665938750 73261.7908675671
41146067.7729497701 72294.0790042877
41593657.3651628569 87809.1805667877
44254321.2917051390 148776.2230834961
45588918.7395441309 165517.0505371094
41307420.7830247506 76002.1955306530
40719315.7805743143 43052.0799794830
41272230.2746998593 73511.4476058483
44332202.3070586026 149089.0763549805
41070517.0011933744 65504.2400863171
44289866.5300900042 148973.2018432617
44236627.1962381154 147247.5885620117
41132589.3790471554 72222.7301349640
45636421.6019333676 167207.7016601562
41334206.0610118285 80051.6297855377
41316191.8777734041 77164.5029036999
41365979.4897825047 80146.8252633214
40925133.7826948687 57622.5425155163
44589823.3707123026 154390.4205322266
43942297.7904940024 141560.8805694580
41112180.2338013723 65753.8968245983
41117787.3205735981 72182.1523177624
46233980.7380779609 171804.2031250000
40947188.2824541777 57996.3460433483
44162887.9099411592 146964.9455261230
43979711.2774107531 141736.9648742676
44104935.4838048965 146049.3893432617
46060896.4551276192 171321.7783203125
41938719.8677684963 96057.2911701202
44489516.6913942173 153248.8855895996
42088281.1404897124 102425.2369022369
45503378.2081084028 164825.1491699219
42158826.8288462013 103168.2306486368
40906060.2001061291 56924.3331761956
40998364.1827903390 64613.7472274303
43613366.4239902869 134368.5802459717
41970251.5639898852 99192.3333988190
43831273.6353018656 139005.9764862061
43708555.5238594040 134847.7906951904
41116552.9996845126 69280.5258529186
40838089.8811534718 56684.4826672673
40825536.2683305666 50006.5704358220
41075963.1763478816 65684.1681869030
43549959.6854844838 133701.9988784790
43794598.0715779588 138742.0349578857
43740827.4688247219 138306.0878143311
41655178.0738254562 88708.0522903204
41820245.0615595877 94667.6861209869
40817299.0323928222 49989.1385238171
40740921.4016588777 49116.0775769353
43445887.0621386841 131747.1306451559
41533013.3968503922 81805.0562381744
41734852.9908983707 89257.8929080963
40875173.7635579780 56884.0219154358
40926685.4475642815 57627.0215804577
44226649.6140470803 147043.4992065430
41753107.5438101217 92375.3363285065
41872423.1765851453 95755.8770389557
43844496.1525323540 139732.8223876953
41609653.9027045369 87998.3262577057
41000470.7456049472 64641.5726966858
44244507.7682653666 147334.6262817383
43832200.5569795221 139594.7618408203
40908340.3581916913 57594.5527299084
41482423.4371124282 81693.4952554703
43278014.6076271981 125890.7058029175
41041879.3841238096 64658.6681730747
43226122.6960455030 125784.2289886475
41059449.3914495409 65380.0932967663
41112506.6579343602 66036.8147933483
40963953.0572910383 64424.6015365124
40835035.3374613002 50238.7952620983
41060108.1527071148 65435.3999465704
41467677.1229813620 81441.2348346710
40743964.4755355194 49225.0407581329
41238642.1385992989 72538.8301270641
41165945.6494497359 72483.2246952057
40606332.8090356365 34578.9070892334
43443238.1546663046 130737.6827239990
40769201.8540350497 49315.6168251038
43148475.4893725887 123967.9144868851
40561700.3491569236 28401.2942973450
40605327.3424611539 33692.9563916326
40646571.2848671973 35483.6961039342
41549559.1762168333 84765.4227542877
40734740.3661889210 48926.9318860173
41399552.6737865359 80240.7754764557
42972239.5314254910 119054.6958056688
40670622.1629184783 41433.0752608776
42864184.4619013742 115838.4343901873
43051834.7036864012 119544.7662402391
40661945.5081349835 41358.5267956853
43108445.3459258974 120125.1167651415
40598218.0374708325 28790.4030073918
43402829.0016807094 126623.1008960009
40604779.8878980428 33623.2691224217
43205453.6338715181 124218.6139354706
43139519.2789323777 123583.4138842821
40872826.6168823391 56856.1964461803
43065195.8100976422 119951.1819720268
40553435.4308794588 27835.4136287048
40677457.7214153484 42150.8512802720
43309991.0280823112 126596.0046714544
42932712.2640773654 118865.5501147509
41304879.1264678240 73623.3742923737
40552869.2367888615 27651.1484075226
42609950.9835254475 111107.9993335009
42441830.2460552976 103568.1600695848
40544211.3215328604 27559.1680303253
42649117.1985541284 111236.0411788225
40601395.5974020585 33600.9760144353
42486473.2872945592 104914.7293139696
43021868.1823619306 119143.7581140995
42803961.1903624758 112671.0511515141
42543952.8083570600 108206.3728686571
42455147.0201147422 104632.1215564013
42354319.3459059075 103372.5549060106
40609487.4024626911 35316.7188115753
40561134.1550663263 27838.8451129831
40552321.7822257578 27581.4611383118
