41259673.2767347693 80051.6297855377
44415548.1733198464 156459.9121093750
45322476.0242500156 170716.0122070312
45115624.0098184273 167020.2985839844
44416190.1773476452 157608.5217285156
45005871.5892374441 165618.0688476562
43906725.8169143572 149751.9153747559
41109666.7743044719 72483.2246952057
44152154.2500794157 155066.4653320312
45097696.9126277864 166882.5727539062
41310668.5655626655 80478.4378494024
45298420.6446769461 170517.3720703125
41881921.4427381009 101280.5175613165
41149389.8272188380 73107.6294373907
45495498.5530416593 170855.1459960938
45187504.4621466473 170399.2514648438
41539399.9288864136 88809.0856765509
44500038.6145466790 157913.2358398438
41429677.3397818953 87698.7586580515
44231523.3756824583 155361.5256347656
41882344.3650534078 102421.7949050665
41429191.8518442437 87124.9405002594
41274074.2695125118 80109.1133865118
41409326.7672507614 87095.8390334845
41618914.6803359389 94664.2441238165
44526299.9539960325 161262.0424804688
41518664.9966924340 88235.9886306524
41302286.3676594645 80408.7092117071
44272510.0870498568 155645.9821777344
41491175.1041010246 87866.6641677618
40670055.9688278884 41380.8199036717
41923097.5645371154 103028.3672480583
44838405.3618216738 163648.4268798828
41894183.1548023671 103024.7145296335
45060679.8212371394 166355.9519042969
41858492.4356315657 97735.6766878366
44510540.6715027615 160957.3283691406
44135135.4468802959 153755.0266418457
41676611.8450720534 95270.8164668083
41709949.7463415414 96513.7968463898
40969750.1572031006 64424.6030924025
44286472.1492040977 156249.8995056152
42037518.0061406568 103033.7685965300
43841774.6683015674 148610.5507354736
43960249.4745104685 150654.0967712402
41785119.4055962935 96596.4590364695
41064391.4920593798 65684.1681869030
44504169.4597765729 160657.7325439453
41869316.9450620115 99980.9567171335
41507399.1877717376 87986.3318923712
41639265.2528670803 95267.1637483835
41579284.4943320379 89073.8937288523
41374915.6417514607 86906.6933425665
44871946.3157937750 164252.7368164062
44126332.0168519616 153683.0951995850
41284006.8519582078 80146.8252633214
41345866.3718375415 81051.5348953009
41585385.6647317857 89096.2634109259
44395549.9261449277 156351.0753173828
40749606.9992546067 49980.0671176910
41176032.9606671780 73142.1231429577
43752033.9667823166 145967.4080657959
45537118.6934467927 170934.0458984375
40875917.6889183521 57073.1676063538
41239521.3088945001 74048.8400619030
44048581.6831565797 153344.6646423340
43449396.8829431757 137828.5755927563
43700947.7320205048 145900.0426654816
43612459.9314848185 141690.0331592560
43788005.9791224152 147453.7730407715
43421166.7929138318 137824.8287684844
43737762.5968289524 145932.1436195374
43480261.2376204804 140753.4836425781
41242636.3386138082 79149.1425613165
43761939.1046234146 146732.5973148346
43839269.4953701943 148208.8089160919
40840640.3691417873 56856.1964461803
44085331.3364249542 153524.5254821777
44078555.9605697319 153389.6963806152
43471291.3283146992 138166.4094104767
43588239.3165997863 141041.1634998322
43680618.0970648527 145582.3782520294
40743722.5884845406 49120.9387729168
43375029.2323385477 134639.5225391388
41610430.4353965744 91759.0092605352
41246020.6291097999 79213.3992065191
43180264.4183509871 131272.3313293457
43302472.6346309111 132998.4178638458
43641639.4447752684 142829.1104297638
43169614.4548314959 126371.0915628113
43516232.5034682527 140832.7925586700
43612175.2982825637 141236.3668518066
43322950.9674577191 133535.7892017365
43369168.8648493960 134177.5661926270
43292628.7066432685 132380.3610782623
41233473.5376243815 73858.3597660065
41019592.5873589963 65352.1035111584
43218660.7712785974 131313.7312469482
40786124.6875685155 50379.8745098114
41030938.0710610822 65384.5723617077
40708261.2035457119 43074.2695928253
40901415.4163875282 57616.4322274327
40682282.2605166361 43052.0799794830
41177791.2234992981 73683.6840534210
40847637.2365421727 56873.6283581853
41233423.1752775460 73746.4330794811
41101184.2294874191 72371.2980086803
41253070.0530632287 79939.7030990124
40670603.4233909920 41450.5071728826
40988778.6050272584 65306.0229892731
40732117.9716305509 49116.0775769353
41075205.2864583433 72182.1523177624
40970661.8405430689 65201.7084445953
41359939.0978181735 81086.0740679502
41072773.6899625808 65753.8968245983
40679434.5357590467 42222.5163364410
40671169.6174815819 41656.6356678009
40955149.6272627041 64424.6015365124
41036639.1876657307 65570.9725054502
46028815.4691896886 171145.7167968750
40911494.9516187459 58527.8863562420
40794435.2055095211 50809.6307607330
46233980.7380779609 171804.2031250000
46060896.4551276192 171321.7783203125
42158826.8288462013 103168.2306486368
40838089.8811534718 56684.4826672673
40875173.7635579780 56884.0219154358
40743964.4755355194 49225.0407581329
40606332.8090356365 34578.9070892334
43148475.4893725887 123967.9144868851
40561700.3491569236 28401.2942973450
40605327.3424611539 33692.9563916326
40646571.2848671973 35483.6961039342
42972239.5314254910 119054.6958056688
42864184.4619013742 115838.4343901873
43051834.7036864012 119544.7662402391
40661945.5081349835 41358.5267956853
43108445.3459258974 120125.1167651415
40598218.0374708325 28790.4030073918
40604779.8878980428 33623.2691224217
43139519.2789323777 123583.4138842821
43065195.8100976422 119951.1819720268
40553435.4308794588 27835.4136287048
40677457.7214153484 42150.8512802720
42932712.2640773654 118865.5501147509
40552869.2367888615 27651.1484075226
42609950.9835254475 111107.9993335009
42441830.2460552976 103568.1600695848
40544211.3215328604 27559.1680303253
42649117.1985541284 111236.0411788225
40601395.5974020585 33600.9760144353
42486473.2872945592 104914.7293139696
43021868.1823619306 119143.7581140995
42803961.1903624758 112671.0511515141
42543952.8083570600 108206.3728686571
42455147.0201147422 104632.1215564013
42354319.3459059075 103372.5549060106
40609487.4024626911 35316.7188115753
40561134.1550663263 27838.8451129831
40552321.7822257578 27581.4611383118
