41562188.8049229383 87904.3760445714
41815030.8506199718 95454.8046615124
41644179.0219449103 88657.2247054577
43327892.5657520071 131294.3871935606
41678863.1283022985 88776.9230006002
41519334.7848162502 87697.2538802624
41832639.6299718469 95495.3824787140
43766281.0883665457 139014.7065600157
41081362.4913596213 65753.8968245983
45175679.2136852518 164252.7368164062
43816975.3970386237 140721.7422045469
43547387.9685217217 133664.3742235899
43372321.1401060149 132998.8481043577
45346420.5038144514 164850.2041015625
45811726.3494993523 170716.0122070312
44033270.0407515243 145572.1718997955
43299440.0999012440 130058.9581548292
43988536.6446194425 145438.7656497955
45132196.5850065574 163648.4268798828
43635997.6428040490 138014.3273391724
41315533.4198196530 80051.6297855377
43422665.6051397026 133022.4110659361
43364966.6833703443 132964.9522632957
40671169.6174815819 41656.6356678009
43565323.5428147092 137816.5073412657
45250891.5912971124 164522.7421875000
41476407.6551576629 81711.1060250401
40991667.3155766129 64641.5726966858
41724457.1892310902 89261.5346419811
44406505.0508169308 152987.4171752930
41287252.9674434811 79939.7030990124
41719140.2086980492 88956.8205306530
44072551.1627560109 145871.8170166016
44406368.6558116898 152888.0986938477
43743787.8914329186 138673.7943115234
44213705.2309015468 148077.0133056641
45864557.7136678547 170934.0458984375
44313613.4342912063 149848.4116821289
45398650.4308096915 166355.9519042969
40955149.6272627041 64424.6015365124
41803515.1166808009 94313.5273177624
40691085.6905449703 43052.0799794830
43665228.9685213044 138570.8412933350
41111337.1651629582 72182.1523177624
44340415.7397169694 152871.5426635742
41036639.1876657307 65570.9725054502
43935702.5003568679 145171.7784423828
45635854.2765820101 170446.0068359375
44131131.4158633426 147832.3551025391
45585492.0532980785 167254.6118164062
43839482.6738441810 140759.3560791016
44051427.0961882249 145846.3062744141
43899811.3679669425 140939.6441040039
40977943.4479082301 64442.0334485173
40857981.1477681100 56856.1964461803
41582534.5856232643 87950.9966477156
45619813.1871000528 167651.2734375000
46028815.4691896886 171145.7167968750
45708118.6730024517 170556.5083007812
41426471.4837037846 80899.6739242077
41470569.8996794969 81551.9163558483
41394651.4492687955 80381.5242691040
44105454.8170637563 146067.8358154297
40911494.9516187459 58527.8863562420
40794435.2055095211 50809.6307607330
41462282.1484298483 81438.0352033079
41833341.4048948437 95526.8219405413
43933847.4116058722 141447.6967697144
44577681.5065208301 153598.2221374512
41773759.9942399561 92621.5870772600
44541074.7112560719 153408.8459777832
44524172.6180120930 153275.4397277832
41250270.8665938750 73261.7908675671
41146067.7729497701 72294.0790042877
44254321.2917051390 148776.2230834961
41272230.2746998593 73511.4476058483
44289866.5300900042 148973.2018432617
41132589.3790471554 72222.7301349640
41365979.4897825047 80146.8252633214
44589823.3707123026 154390.4205322266
46233980.7380779609 171804.2031250000
44104935.4838048965 146049.3893432617
46060896.4551276192 171321.7783203125
41938719.8677684963 96057.2911701202
44489516.6913942173 153248.8855895996
42088281.1404897124 102425.2369022369
42158826.8288462013 103168.2306486368
40906060.2001061291 56924.3331761956
41970251.5639898852 99192.3333988190
40838089.8811534718 56684.4826672673
41075963.1763478816 65684.1681869030
43549959.6854844838 133701.9988784790
41655178.0738254562 88708.0522903204
40740921.4016588777 49116.0775769353
40875173.7635579780 56884.0219154358
41753107.5438101217 92375.3363285065
41872423.1765851453 95755.8770389557
41609653.9027045369 87998.3262577057
40908340.3581916913 57594.5527299084
43278014.6076271981 125890.7058029175
43226122.6960455030 125784.2289886475
41467677.1229813620 81441.2348346710
40743964.4755355194 49225.0407581329
41238642.1385992989 72538.8301270641
41165945.6494497359 72483.2246952057
40606332.8090356365 34578.9070892334
40769201.8540350497 49315.6168251038
43148475.4893725887 123967.9144868851
40561700.3491569236 28401.2942973450
40605327.3424611539 33692.9563916326
40646571.2848671973 35483.6961039342
40734740.3661889210 48926.9318860173
42972239.5314254910 119054.6958056688
40670622.1629184783 41433.0752608776
42864184.4619013742 115838.4343901873
43051834.7036864012 119544.7662402391
40661945.5081349835 41358.5267956853
43108445.3459258974 120125.1167651415
40598218.0374708325 28790.4030073918
40604779.8878980428 33623.2691224217
43205453.6338715181 124218.6139354706
43139519.2789323777 123583.4138842821
43065195.8100976422 119951.1819720268
40553435.4308794588 27835.4136287048
40677457.7214153484 42150.8512802720
42932712.2640773654 118865.5501147509
40552869.2367888615 27651.1484075226
42609950.9835254475 111107.9993335009
42441830.2460552976 103568.1600695848
40544211.3215328604 27559.1680303253
42649117.1985541284 111236.0411788225
40601395.5974020585 33600.9760144353
42486473.2872945592 104914.7293139696
43021868.1823619306 119143.7581140995
42803961.1903624758 112671.0511515141
42543952.8083570600 108206.3728686571
42455147.0201147422 104632.1215564013
42354319.3459059075 103372.5549060106
40609487.4024626911 35316.7188115753
40561134.1550663263 27838.8451129831
40552321.7822257578 27581.4611383118
