41817086.2220487297 88741.3200041056
43522833.3269272223 131227.7531585693
40835035.3374613002 50238.7952620983
41060108.1527071148 65435.3999465704
45922436.2950761989 164493.9210205078
41467677.1229813620 81441.2348346710
40838656.0752440691 56667.0507552624
40743964.4755355194 49225.0407581329
41238642.1385992989 72538.8301270641
41165945.6494497359 72483.2246952057
43805260.0939422101 136096.5009002686
46200190.0728215724 170577.5234375000
45938766.3699131981 164981.7207031250
40962560.2233940512 57926.6174056530
40948715.0178104118 57627.0215804577
43304322.8102288097 125138.3019866943
43873512.5798645243 139048.3471221924
46123180.8633017391 168749.3886718750
46012737.3401656151 165538.0656738281
41357099.3209999055 74265.8112220764
43547358.7381281108 131468.6036224365
46357163.5519081280 170716.0122070312
46508470.7469191253 171192.2724609375
43480322.0370708182 130968.3431243896
40833351.9971491918 49989.1385238171
40980539.7719936967 57944.0493176579
45521297.6970327273 159072.9072265625
43733117.7824528590 133837.4015502930
40606332.8090356365 34578.9070892334
43679478.5730394945 133623.1368255615
45543567.6396143213 160294.1984863281
43703967.6401343942 133777.3697357178
44120082.2987154573 139594.7618408203
43443238.1546663046 130737.6827239990
45709979.3002452403 164384.2534179688
40769201.8540350497 49315.6168251038
45362113.6584168375 157437.1834716797
45491679.2978970185 158493.3903808594
43606284.7798883244 133212.8692598343
41005077.4340610430 64641.5726966858
40987780.8785771951 58828.7988021374
43839849.2186182141 138306.0878143311
41004100.1960760057 64424.6015365124
41690255.9303097054 88269.5698116422
45397868.4663290605 157886.2692871094
49014627.0925189629 171804.2031250000
41650789.1838904396 87998.3262577057
41638926.5876429453 86877.5049934089
43148475.4893725887 123967.9144868851
40561700.3491569236 28401.2942973450
40851499.9996379018 56684.4826672673
40974155.8001270220 57935.8349959850
44060194.1608567387 139059.4371109009
40605327.3424611539 33692.9563916326
40646571.2848671973 35483.6961039342
40910666.8885622174 56924.3331761956
41549559.1762168333 84765.4227542877
40734740.3661889210 48926.9318860173
41399552.6737865359 80240.7754764557
42972239.5314254910 119054.6958056688
40670622.1629184783 41433.0752608776
42864184.4619013742 115838.4343901873
43051834.7036864012 119544.7662402391
40661945.5081349835 41358.5267956853
43108445.3459258974 120125.1167651415
40598218.0374708325 28790.4030073918
41149749.2630759925 65805.3124637604
43402829.0016807094 126623.1008960009
40604779.8878980428 33623.2691224217
43250413.6546989903 124542.5736637115
43205453.6338715181 124218.6139354706
43139519.2789323777 123583.4138842821
40872826.6168823391 56856.1964461803
43065195.8100976422 119951.1819720268
40553435.4308794588 27835.4136287048
40677457.7214153484 42150.8512802720
41352399.8833268210 73683.7145367451
43309991.0280823112 126596.0046714544
42932712.2640773654 118865.5501147509
40938208.3525841758 57616.4322274327
41304879.1264678240 73623.3742923737
40552869.2367888615 27651.1484075226
42609950.9835254475 111107.9993335009
42441830.2460552976 103568.1600695848
40544211.3215328604 27559.1680303253
42649117.1985541284 111236.0411788225
40601395.5974020585 33600.9760144353
42486473.2872945592 104914.7293139696
40824841.8292872682 49908.4020615220
43021868.1823619306 119143.7581140995
42803961.1903624758 112671.0511515141
42543952.8083570600 108206.3728686571
42455147.0201147422 104632.1215564013
42354319.3459059075 103372.5549060106
42162498.7378544658 95594.7855885345
42104791.7383419499 95592.1172957681
40609487.4024626911 35316.7188115753
40561134.1550663263 27838.8451129831
40552321.7822257578 27581.4611383118
48800681.0198649988 171233.9238281250
45282049.7297998965 147314.0731811523
